human	PR10T1cell1	14262259	2744040	283915	112124	11122180	1326596	12734	1313862	38	13423	29.3166
human	PR10T1cell2	1926152	358625	18906	569831	978790	99670	29657	70013	29	3420	7.2000
human	PR10T1cell3	1110892	221909	10171	368064	510748	67067	23898	43169	31	2863	5.6666
human	PR10T1cell4	964121	321820	23669	195710	422922	43135	10757	32378	27	2396	5.3666
human	PR10T1cell5	1848665	218688	21535	533191	1075251	106382	29658	76724	34	3212	7.1833
human	PR10T1cell6	2645267	793702	38499	532188	1280878	129401	31128	98273	33	3780	8.9500
human	PR10T1cell7	2228986	402747	37870	675774	1112595	119222	38166	81056	36	3309	7.9666
human	PR10T1cell8	478083	33723	81	437859	6420	29811	27378	2433	38	1096	4.7166
human	PR10T1cell9	1471043	185573	25639	398534	861297	111495	25856	85639	35	5259	6.3666
human	PR10T1cell10	1292919	233604	9451	494055	555809	78661	30835	47826	25	2592	6.1000
human	PR10T1cell11	976043	189410	7404	303698	475531	68512	21539	46973	32	2842	5.4500
human	PR10T1cell12	694902	274098	13999	139897	266908	32823	9618	23205	23	1752	4.9666
human	PR10T1cell13	1377611	194180	18697	447146	717588	85645	28662	56983	35	2815	6.2500
human	PR10T1cell14	1912586	521056	16671	442462	932397	108767	29314	79453	34	3344	7.4000
human	PR10T1cell15	1671968	259258	18687	584209	809814	100712	35451	65261	33	2930	6.9000
human	PR10T1cell16	1143065	214063	8212	334656	586134	73997	24035	49962	32	2673	5.9333
human	PR10T1cell17	1371006	199652	15614	466730	689010	82879	26696	56183	29	2906	6.2333
human	PR10T1cell18	1356661	177700	20162	526717	632082	76268	27108	49160	29	2620	6.3333
human	PR10T1cell19	1124580	231290	11508	279861	601921	73263	18852	54411	31	2633	5.8500
human	PR10T1cell20	678448	222884	7300	186310	261954	32818	10556	22262	26	1721	4.9166
human	PR10T1cell21	1671225	205041	34610	412457	1019117	101929	25524	76405	35	2817	6.7833
human	PR10T1cell22	2167643	554567	32006	538644	1042426	114445	30519	83926	32	3220	7.8833
human	PR10T1cell23	1505614	255155	29962	391113	829384	92742	23973	68769	36	2966	6.5000
human	PR10T1cell24	1076238	392894	12957	224825	445562	58895	16211	42684	29	2868	5.7833
human	PR10T1cell25	1419830	219302	10181	391412	798935	88543	24510	64033	38	3343	6.3166
human	PR10T1cell26	1529846	284700	44737	461509	738900	87978	27729	60249	35	2764	6.5333
human	PR10T1cell27	1024130	174264	11900	309227	528739	70526	22298	48228	33	2808	5.5666
human	PR10T1cell28	635541	253810	6025	172665	203041	29718	10969	18749	26	1697	4.8833
human	PR10T1cell29	1646459	256090	21818	445806	922745	99203	28239	70964	35	3104	6.6666
human	PR10T1cell30	1801106	587484	17365	464879	731378	89564	30037	59527	29	2779	7.1833
human	PR10T1cell31	1504334	250188	21874	426898	805374	94166	26948	67218	45	3177	6.5166
human	PR10T1cell32	2584736	1184961	25677	321636	1052462	112950	23832	89118	34	3622	8.9000
human	PR10T1cell33	895955	132591	9204	350012	404148	73168	28751	44417	29	2423	5.3666
human	PR10T1cell34	1511513	247574	18065	488950	756924	111390	34526	76864	31	2804	6.5833
human	PR10T1cell35	945094	192328	18105	228191	506470	82252	21429	60823	30	2722	5.4166
human	PR10T1cell36	486386	166584	2845	119618	197339	33769	10767	23002	33	1671	4.5000
human	PR10T1cell37	1480584	221250	19595	365671	874068	123184	32204	90980	29	2848	6.3333
human	PR10T1cell38	1319924	381802	22054	319526	596542	100764	29828	70936	34	2809	6.1333
human	PR10T1cell39	382589	191282	2326	47004	141977	30925	7743	23182	29	2646	4.3333
human	PR10T1cell40	986380	126601	14462	306190	539127	88674	27277	61397	34	2410	5.4666
human	PR10T1cell41	1654606	260381	29856	417743	946626	221611	57089	164522	36	3753	6.7333
human	PR10T1cell42	1838513	323199	27292	623264	864758	228808	79704	149104	32	2907	7.1333
human	PR10T1cell43	1079798	222459	17446	354684	485209	132591	49541	83050	31	2657	5.7000
human	PR10T1cell44	542091	207320	4192	159499	171080	52993	22433	30560	31	1705	4.6833
human	PR10T1cell45	2002887	370966	32476	472389	1127056	250726	67066	183660	34	3095	7.5666
human	PR10T1cell46	1930170	606021	24118	516357	783674	193586	67028	126558	36	2969	7.4833
human	PR10T1cell47	2100446	477507	35274	604685	982980	225483	73216	152267	34	3232	7.7833
human	PR10T1cell48	1377563	128776	19921	330855	898011	193949	47429	146520	35	2895	6.2500
human	PR10T1cell49	1513390	222704	22658	489962	778066	117962	37676	80286	32	3069	6.7000
human	PR10T1cell50	1642799	252103	17099	539735	833862	119975	39598	80377	32	2640	6.7333
human	PR10T1cell51	942606	174486	8411	302380	457329	76922	26043	50879	30	2712	5.4166
human	PR10T1cell52	795311	241471	5133	260902	287805	44579	16440	28139	27	1782	5.2166
human	PR10T1cell53	1179683	151521	16954	429493	581715	93342	33637	59705	32	2386	5.8333
human	PR10T1cell54	2630122	1116476	23875	459943	1029828	136459	36780	99679	37	3609	8.9666
human	PR10T1cell55	2541401	974988	30210	515064	1021139	135670	38855	96815	36	3364	8.7666
human	PR10T1cell56	1223318	177353	21712	326094	698159	99398	28967	70431	35	2794	6.0000
human	PR10T1cell57	1369100	247340	11597	457912	652251	187370	65534	121836	33	3481	6.3666
human	PR10T1cell58	1364524	187407	20011	512968	644138	198107	74188	123919	33	2507	6.3166
human	PR10T1cell59	779872	165610	7511	296322	310429	111246	46510	64736	32	2481	5.2000
human	PR10T1cell60	702662	245159	6473	163661	287369	74068	24025	50043	26	1941	4.9833
human	PR10T1cell61	1522188	211158	23152	453158	834720	236086	72140	163946	36	3131	6.5000
human	PR10T1cell62	155342	90884	1138	41614	21706	21210	11913	9297	31	1937	3.8833
human	PR10T1cell63	1604321	354152	27384	544725	678060	184420	72778	111642	34	2689	6.7333
human	PR10T1cell64	1006294	170101	9979	330802	495412	143637	52424	91213	37	2575	5.5666
human	PR10T1cell65	2280773	373793	45184	493146	1368650	158047	33828	124219	31	4105	8.0166
human	PR10T1cell66	1790990	490576	18235	502008	780171	107819	34189	73630	32	2755	7.1166
human	PR10T1cell67	1099132	222249	9098	344796	522989	77084	25127	51957	29	2644	5.7500
human	PR10T1cell68	237916	82434	4509	56020	94953	18169	5355	12814	25	1520	4.0333
human	PR10T1cell69	1200341	509427	8430	235589	446895	64765	19349	45416	34	2756	5.9666
human	PR10T1cell70	2391476	671647	39081	526274	1154474	137548	35502	102046	32	3407	8.1833
human	PR10T1cell71	2372409	316080	32864	581121	1442344	157371	38639	118732	37	3433	8.0666
human	PR10T1cell72	1097757	322551	13085	321908	440213	69986	26601	43385	34	2202	5.8833
human	PR10T1cell73	620249	129750	6513	187966	296020	55209	18025	37184	31	2866	4.8166
human	PR10T1cell74	1371397	225671	28693	447585	669448	96664	32558	64106	33	2772	6.2666
human	PR10T1cell75	781013	159846	9371	286915	324881	57794	24660	33134	30	2060	5.1833
human	PR10T1cell76	555937	233995	1975	146449	173518	27936	11281	16655	27	1438	4.7333
human	PR10T1cell77	228059	124688	2174	21666	79531	22564	4726	17838	27	2820	4.0666
human	PR10T1cell78	2056923	540534	31520	457583	1027286	133578	34840	98738	34	3393	7.6166
human	PR10T1cell79	1693441	244806	26070	621081	801484	114104	41866	72238	35	2701	6.8500
human	PR10T1cell80	1468079	619759	14673	229445	604202	84613	20328	64285	33	3400	6.4666
human	PR10T1cell81	1255936	136757	15424	408568	695187	204144	61436	142708	35	3510	6.0666
human	PR10T1cell82	1326126	295701	7798	473533	549094	190856	74018	116838	34	3026	6.2333
human	PR10T1cell83	850605	120804	11282	313752	404767	129897	47048	82849	30	2667	5.2833
human	PR10T1cell84	524198	147123	5834	145503	225738	62723	21356	41367	29	1804	4.6500
human	PR10T1cell85	686677	178361	5141	235132	268043	105675	44707	60968	36	2362	4.9166
human	PR10T1cell86	1406321	523913	15622	343595	523191	155444	53344	102100	35	2860	6.3833
human	PR10T1cell87	1773227	265895	30615	537136	939581	229281	72133	157148	39	3293	7.1500
human	PR10T1cell88	1017894	205314	12719	267289	532572	150959	44618	106341	33	3084	5.5500
human	PR10T1cell89	694383	103815	3927	291351	295290	64791	26221	38570	31	2434	4.9000
human	PR10T1cell90	988941	154321	8858	371255	454507	83751	31172	52579	32	2488	5.5000
human	PR10T1cell91	725555	142025	6238	194148	383144	69653	20230	49423	32	2559	5.0166
human	PR10T1cell92	367031	128779	3318	99987	134947	25147	8311	16836	25	1398	4.3166
human	PR10T1cell93	924664	148893	14091	298404	463276	82478	26667	55811	36	2508	5.3333
human	PR10T1cell94	705431	303887	4825	183682	213037	49524	19405	30119	34	2255	5.0000
human	PR10T1cell95	1578724	596584	13941	307193	661006	103631	26480	77151	37	3222	6.3166
human	PR10T1cell96	1447584	627436	18631	211297	590220	94702	20970	73732	33	3407	6.1000
