cluster	gene	size	boundary	avgExpr	cvExpr	avgCor	cvCor	protein_coding	lncRNA	sncRNA	pseudogene	Ig/TcR	tf
M35	C3orf38	10	1:10	42.3243680224804	3.13899747524552	0.0474342504770476	0.702366392386255	0.9	0.1	0	0	0	0.1
M35	TCP11L2	10	1:10	42.3243680224804	3.13899747524552	0.0474342504770476	0.702366392386255	0.9	0.1	0	0	0	0.1
M35	FGF13	10	1:10	42.3243680224804	3.13899747524552	0.0474342504770476	0.702366392386255	0.9	0.1	0	0	0	0.1
M35	ALDH1A1	10	1:10	42.3243680224804	3.13899747524552	0.0474342504770476	0.702366392386255	0.9	0.1	0	0	0	0.1
M35	SEMA4F	10	1:10	42.3243680224804	3.13899747524552	0.0474342504770476	0.702366392386255	0.9	0.1	0	0	0	0.1
M35	ZNF324	10	1:10	42.3243680224804	3.13899747524552	0.0474342504770476	0.702366392386255	0.9	0.1	0	0	0	0.1
M35	ORC2	10	1:10	42.3243680224804	3.13899747524552	0.0474342504770476	0.702366392386255	0.9	0.1	0	0	0	0.1
M35	RP11-692C24.1	10	1:10	42.3243680224804	3.13899747524552	0.0474342504770476	0.702366392386255	0.9	0.1	0	0	0	0.1
M35	PPP1R3B	10	1:10	42.3243680224804	3.13899747524552	0.0474342504770476	0.702366392386255	0.9	0.1	0	0	0	0.1
M35	DHTKD1	10	1:10	42.3243680224804	3.13899747524552	0.0474342504770476	0.702366392386255	0.9	0.1	0	0	0	0.1
M36	EHD2	10	8726:8735	68.3461316492089	2.46220334313413	0.0818699896705898	0.542290665204882	1	0	0	0	0	0
M36	GUCY1B3	10	8726:8735	68.3461316492089	2.46220334313413	0.0818699896705898	0.542290665204882	1	0	0	0	0	0
M36	PI4KB	10	8726:8735	68.3461316492089	2.46220334313413	0.0818699896705898	0.542290665204882	1	0	0	0	0	0
M36	CDC42SE2	10	8726:8735	68.3461316492089	2.46220334313413	0.0818699896705898	0.542290665204882	1	0	0	0	0	0
M36	CDK16	10	8726:8735	68.3461316492089	2.46220334313413	0.0818699896705898	0.542290665204882	1	0	0	0	0	0
M36	FUCA2	10	8726:8735	68.3461316492089	2.46220334313413	0.0818699896705898	0.542290665204882	1	0	0	0	0	0
M36	DPP4	10	8726:8735	68.3461316492089	2.46220334313413	0.0818699896705898	0.542290665204882	1	0	0	0	0	0
M36	PDE1C	10	8726:8735	68.3461316492089	2.46220334313413	0.0818699896705898	0.542290665204882	1	0	0	0	0	0
M36	LOX	10	8726:8735	68.3461316492089	2.46220334313413	0.0818699896705898	0.542290665204882	1	0	0	0	0	0
M36	GUCY1A3	10	8726:8735	68.3461316492089	2.46220334313413	0.0818699896705898	0.542290665204882	1	0	0	0	0	0
M12	KLHL15	15	8736:8750	559.032178348068	1.91331343771159	0.108690306201237	0.441761124254087	0.933333333333333	0	0	0.0666666666666667	0	0.266666666666667
M12	POLG2	15	8736:8750	559.032178348068	1.91331343771159	0.108690306201237	0.441761124254087	0.933333333333333	0	0	0.0666666666666667	0	0.266666666666667
M12	HSP90AB1	15	8736:8750	559.032178348068	1.91331343771159	0.108690306201237	0.441761124254087	0.933333333333333	0	0	0.0666666666666667	0	0.266666666666667
M12	HSPA8P1	15	8736:8750	559.032178348068	1.91331343771159	0.108690306201237	0.441761124254087	0.933333333333333	0	0	0.0666666666666667	0	0.266666666666667
M12	TSC22D1	15	8736:8750	559.032178348068	1.91331343771159	0.108690306201237	0.441761124254087	0.933333333333333	0	0	0.0666666666666667	0	0.266666666666667
M12	ZNF844	15	8736:8750	559.032178348068	1.91331343771159	0.108690306201237	0.441761124254087	0.933333333333333	0	0	0.0666666666666667	0	0.266666666666667
M12	EIF4A3	15	8736:8750	559.032178348068	1.91331343771159	0.108690306201237	0.441761124254087	0.933333333333333	0	0	0.0666666666666667	0	0.266666666666667
M12	RGS2	15	8736:8750	559.032178348068	1.91331343771159	0.108690306201237	0.441761124254087	0.933333333333333	0	0	0.0666666666666667	0	0.266666666666667
M12	NFIL3	15	8736:8750	559.032178348068	1.91331343771159	0.108690306201237	0.441761124254087	0.933333333333333	0	0	0.0666666666666667	0	0.266666666666667
M12	UBALD2	15	8736:8750	559.032178348068	1.91331343771159	0.108690306201237	0.441761124254087	0.933333333333333	0	0	0.0666666666666667	0	0.266666666666667
M12	HSPA8	15	8736:8750	559.032178348068	1.91331343771159	0.108690306201237	0.441761124254087	0.933333333333333	0	0	0.0666666666666667	0	0.266666666666667
M12	EIF4A2	15	8736:8750	559.032178348068	1.91331343771159	0.108690306201237	0.441761124254087	0.933333333333333	0	0	0.0666666666666667	0	0.266666666666667
M12	C3orf58	15	8736:8750	559.032178348068	1.91331343771159	0.108690306201237	0.441761124254087	0.933333333333333	0	0	0.0666666666666667	0	0.266666666666667
M12	NEU1	15	8736:8750	559.032178348068	1.91331343771159	0.108690306201237	0.441761124254087	0.933333333333333	0	0	0.0666666666666667	0	0.266666666666667
M12	EGR2	15	8736:8750	559.032178348068	1.91331343771159	0.108690306201237	0.441761124254087	0.933333333333333	0	0	0.0666666666666667	0	0.266666666666667
M1	XBP1	42	8751:8792	635.108749772276	1.6107555171616	0.251415458674107	0.421567211122101	1	0	0	0	0	0.261904761904762
M1	DNAJA1	42	8751:8792	635.108749772276	1.6107555171616	0.251415458674107	0.421567211122101	1	0	0	0	0	0.261904761904762
M1	SRSF7	42	8751:8792	635.108749772276	1.6107555171616	0.251415458674107	0.421567211122101	1	0	0	0	0	0.261904761904762
M1	KLF2	42	8751:8792	635.108749772276	1.6107555171616	0.251415458674107	0.421567211122101	1	0	0	0	0	0.261904761904762
M1	MORF4L2	42	8751:8792	635.108749772276	1.6107555171616	0.251415458674107	0.421567211122101	1	0	0	0	0	0.261904761904762
M1	DDX3X	42	8751:8792	635.108749772276	1.6107555171616	0.251415458674107	0.421567211122101	1	0	0	0	0	0.261904761904762
M1	HSPA5	42	8751:8792	635.108749772276	1.6107555171616	0.251415458674107	0.421567211122101	1	0	0	0	0	0.261904761904762
M1	FOSB	42	8751:8792	635.108749772276	1.6107555171616	0.251415458674107	0.421567211122101	1	0	0	0	0	0.261904761904762
M1	ING1	42	8751:8792	635.108749772276	1.6107555171616	0.251415458674107	0.421567211122101	1	0	0	0	0	0.261904761904762
M1	NFKBIZ	42	8751:8792	635.108749772276	1.6107555171616	0.251415458674107	0.421567211122101	1	0	0	0	0	0.261904761904762
M1	ADAMTS1	42	8751:8792	635.108749772276	1.6107555171616	0.251415458674107	0.421567211122101	1	0	0	0	0	0.261904761904762
M1	BAG3	42	8751:8792	635.108749772276	1.6107555171616	0.251415458674107	0.421567211122101	1	0	0	0	0	0.261904761904762
M1	HLA-E	42	8751:8792	635.108749772276	1.6107555171616	0.251415458674107	0.421567211122101	1	0	0	0	0	0.261904761904762
M1	SOCS3	42	8751:8792	635.108749772276	1.6107555171616	0.251415458674107	0.421567211122101	1	0	0	0	0	0.261904761904762
M1	PTP4A1	42	8751:8792	635.108749772276	1.6107555171616	0.251415458674107	0.421567211122101	1	0	0	0	0	0.261904761904762
M1	EGR1	42	8751:8792	635.108749772276	1.6107555171616	0.251415458674107	0.421567211122101	1	0	0	0	0	0.261904761904762
M1	RHOB	42	8751:8792	635.108749772276	1.6107555171616	0.251415458674107	0.421567211122101	1	0	0	0	0	0.261904761904762
M1	DDX5	42	8751:8792	635.108749772276	1.6107555171616	0.251415458674107	0.421567211122101	1	0	0	0	0	0.261904761904762
M1	TUBA1A	42	8751:8792	635.108749772276	1.6107555171616	0.251415458674107	0.421567211122101	1	0	0	0	0	0.261904761904762
M1	SLC2A3	42	8751:8792	635.108749772276	1.6107555171616	0.251415458674107	0.421567211122101	1	0	0	0	0	0.261904761904762
M1	SLC38A2	42	8751:8792	635.108749772276	1.6107555171616	0.251415458674107	0.421567211122101	1	0	0	0	0	0.261904761904762
M1	SAT1	42	8751:8792	635.108749772276	1.6107555171616	0.251415458674107	0.421567211122101	1	0	0	0	0	0.261904761904762
M1	CALM1	42	8751:8792	635.108749772276	1.6107555171616	0.251415458674107	0.421567211122101	1	0	0	0	0	0.261904761904762
M1	MCL1	42	8751:8792	635.108749772276	1.6107555171616	0.251415458674107	0.421567211122101	1	0	0	0	0	0.261904761904762
M1	MAFF	42	8751:8792	635.108749772276	1.6107555171616	0.251415458674107	0.421567211122101	1	0	0	0	0	0.261904761904762
M1	DUSP1	42	8751:8792	635.108749772276	1.6107555171616	0.251415458674107	0.421567211122101	1	0	0	0	0	0.261904761904762
M1	JUN	42	8751:8792	635.108749772276	1.6107555171616	0.251415458674107	0.421567211122101	1	0	0	0	0	0.261904761904762
M1	ATF4	42	8751:8792	635.108749772276	1.6107555171616	0.251415458674107	0.421567211122101	1	0	0	0	0	0.261904761904762
M1	FOS	42	8751:8792	635.108749772276	1.6107555171616	0.251415458674107	0.421567211122101	1	0	0	0	0	0.261904761904762
M1	UBB	42	8751:8792	635.108749772276	1.6107555171616	0.251415458674107	0.421567211122101	1	0	0	0	0	0.261904761904762
M1	UBC	42	8751:8792	635.108749772276	1.6107555171616	0.251415458674107	0.421567211122101	1	0	0	0	0	0.261904761904762
M1	IER2	42	8751:8792	635.108749772276	1.6107555171616	0.251415458674107	0.421567211122101	1	0	0	0	0	0.261904761904762
M1	DNAJB4	42	8751:8792	635.108749772276	1.6107555171616	0.251415458674107	0.421567211122101	1	0	0	0	0	0.261904761904762
M1	IER3	42	8751:8792	635.108749772276	1.6107555171616	0.251415458674107	0.421567211122101	1	0	0	0	0	0.261904761904762
M1	PPP1R15A	42	8751:8792	635.108749772276	1.6107555171616	0.251415458674107	0.421567211122101	1	0	0	0	0	0.261904761904762
M1	ZFP36	42	8751:8792	635.108749772276	1.6107555171616	0.251415458674107	0.421567211122101	1	0	0	0	0	0.261904761904762
M1	DNAJB1	42	8751:8792	635.108749772276	1.6107555171616	0.251415458674107	0.421567211122101	1	0	0	0	0	0.261904761904762
M1	BTG2	42	8751:8792	635.108749772276	1.6107555171616	0.251415458674107	0.421567211122101	1	0	0	0	0	0.261904761904762
M1	CYR61	42	8751:8792	635.108749772276	1.6107555171616	0.251415458674107	0.421567211122101	1	0	0	0	0	0.261904761904762
M1	KLF4	42	8751:8792	635.108749772276	1.6107555171616	0.251415458674107	0.421567211122101	1	0	0	0	0	0.261904761904762
M1	ATF3	42	8751:8792	635.108749772276	1.6107555171616	0.251415458674107	0.421567211122101	1	0	0	0	0	0.261904761904762
M1	JUNB	42	8751:8792	635.108749772276	1.6107555171616	0.251415458674107	0.421567211122101	1	0	0	0	0	0.261904761904762
M3	PCF11	23	8793:8815	157.931873336958	1.75562411225461	0.149134149869096	0.312328136192142	0.956521739130435	0.0434782608695652	0	0	0	0.0869565217391304
M3	IFRD1	23	8793:8815	157.931873336958	1.75562411225461	0.149134149869096	0.312328136192142	0.956521739130435	0.0434782608695652	0	0	0	0.0869565217391304
M3	EIF5	23	8793:8815	157.931873336958	1.75562411225461	0.149134149869096	0.312328136192142	0.956521739130435	0.0434782608695652	0	0	0	0.0869565217391304
M3	RSRP1	23	8793:8815	157.931873336958	1.75562411225461	0.149134149869096	0.312328136192142	0.956521739130435	0.0434782608695652	0	0	0	0.0869565217391304
M3	CHORDC1	23	8793:8815	157.931873336958	1.75562411225461	0.149134149869096	0.312328136192142	0.956521739130435	0.0434782608695652	0	0	0	0.0869565217391304
M3	ZBTB11	23	8793:8815	157.931873336958	1.75562411225461	0.149134149869096	0.312328136192142	0.956521739130435	0.0434782608695652	0	0	0	0.0869565217391304
M3	IRF1	23	8793:8815	157.931873336958	1.75562411225461	0.149134149869096	0.312328136192142	0.956521739130435	0.0434782608695652	0	0	0	0.0869565217391304
M3	TOB1	23	8793:8815	157.931873336958	1.75562411225461	0.149134149869096	0.312328136192142	0.956521739130435	0.0434782608695652	0	0	0	0.0869565217391304
M3	IER5	23	8793:8815	157.931873336958	1.75562411225461	0.149134149869096	0.312328136192142	0.956521739130435	0.0434782608695652	0	0	0	0.0869565217391304
M3	INTS6	23	8793:8815	157.931873336958	1.75562411225461	0.149134149869096	0.312328136192142	0.956521739130435	0.0434782608695652	0	0	0	0.0869565217391304
M3	HERPUD1	23	8793:8815	157.931873336958	1.75562411225461	0.149134149869096	0.312328136192142	0.956521739130435	0.0434782608695652	0	0	0	0.0869565217391304
M3	SRSF3	23	8793:8815	157.931873336958	1.75562411225461	0.149134149869096	0.312328136192142	0.956521739130435	0.0434782608695652	0	0	0	0.0869565217391304
M3	CCNL1	23	8793:8815	157.931873336958	1.75562411225461	0.149134149869096	0.312328136192142	0.956521739130435	0.0434782608695652	0	0	0	0.0869565217391304
M3	NABP1	23	8793:8815	157.931873336958	1.75562411225461	0.149134149869096	0.312328136192142	0.956521739130435	0.0434782608695652	0	0	0	0.0869565217391304
M3	BRD2	23	8793:8815	157.931873336958	1.75562411225461	0.149134149869096	0.312328136192142	0.956521739130435	0.0434782608695652	0	0	0	0.0869565217391304
M3	THUMPD3-AS1	23	8793:8815	157.931873336958	1.75562411225461	0.149134149869096	0.312328136192142	0.956521739130435	0.0434782608695652	0	0	0	0.0869565217391304
M3	PLK2	23	8793:8815	157.931873336958	1.75562411225461	0.149134149869096	0.312328136192142	0.956521739130435	0.0434782608695652	0	0	0	0.0869565217391304
M3	SPTY2D1	23	8793:8815	157.931873336958	1.75562411225461	0.149134149869096	0.312328136192142	0.956521739130435	0.0434782608695652	0	0	0	0.0869565217391304
M3	UBE2S	23	8793:8815	157.931873336958	1.75562411225461	0.149134149869096	0.312328136192142	0.956521739130435	0.0434782608695652	0	0	0	0.0869565217391304
M3	ATP1A1	23	8793:8815	157.931873336958	1.75562411225461	0.149134149869096	0.312328136192142	0.956521739130435	0.0434782608695652	0	0	0	0.0869565217391304
M3	TRA2B	23	8793:8815	157.931873336958	1.75562411225461	0.149134149869096	0.312328136192142	0.956521739130435	0.0434782608695652	0	0	0	0.0869565217391304
M3	HEXIM1	23	8793:8815	157.931873336958	1.75562411225461	0.149134149869096	0.312328136192142	0.956521739130435	0.0434782608695652	0	0	0	0.0869565217391304
M3	BTG1	23	8793:8815	157.931873336958	1.75562411225461	0.149134149869096	0.312328136192142	0.956521739130435	0.0434782608695652	0	0	0	0.0869565217391304
M2	EGR3	24	8816:8839	241.944242742394	2.15675208364703	0.186720307577846	0.379287974537442	0.916666666666667	0.0416666666666667	0	0.0416666666666667	0	0.166666666666667
M2	KLF10	24	8816:8839	241.944242742394	2.15675208364703	0.186720307577846	0.379287974537442	0.916666666666667	0.0416666666666667	0	0.0416666666666667	0	0.166666666666667
M2	HSPD1	24	8816:8839	241.944242742394	2.15675208364703	0.186720307577846	0.379287974537442	0.916666666666667	0.0416666666666667	0	0.0416666666666667	0	0.166666666666667
M2	H2AFZ	24	8816:8839	241.944242742394	2.15675208364703	0.186720307577846	0.379287974537442	0.916666666666667	0.0416666666666667	0	0.0416666666666667	0	0.166666666666667
M2	HSP90AA1	24	8816:8839	241.944242742394	2.15675208364703	0.186720307577846	0.379287974537442	0.916666666666667	0.0416666666666667	0	0.0416666666666667	0	0.166666666666667
M2	ARL4D	24	8816:8839	241.944242742394	2.15675208364703	0.186720307577846	0.379287974537442	0.916666666666667	0.0416666666666667	0	0.0416666666666667	0	0.166666666666667
M2	PHLDA1	24	8816:8839	241.944242742394	2.15675208364703	0.186720307577846	0.379287974537442	0.916666666666667	0.0416666666666667	0	0.0416666666666667	0	0.166666666666667
M2	GADD45B	24	8816:8839	241.944242742394	2.15675208364703	0.186720307577846	0.379287974537442	0.916666666666667	0.0416666666666667	0	0.0416666666666667	0	0.166666666666667
M2	CDKN1A	24	8816:8839	241.944242742394	2.15675208364703	0.186720307577846	0.379287974537442	0.916666666666667	0.0416666666666667	0	0.0416666666666667	0	0.166666666666667
M2	RASD1	24	8816:8839	241.944242742394	2.15675208364703	0.186720307577846	0.379287974537442	0.916666666666667	0.0416666666666667	0	0.0416666666666667	0	0.166666666666667
M2	CSRNP1	24	8816:8839	241.944242742394	2.15675208364703	0.186720307577846	0.379287974537442	0.916666666666667	0.0416666666666667	0	0.0416666666666667	0	0.166666666666667
M2	TCP1	24	8816:8839	241.944242742394	2.15675208364703	0.186720307577846	0.379287974537442	0.916666666666667	0.0416666666666667	0	0.0416666666666667	0	0.166666666666667
M2	EIF1	24	8816:8839	241.944242742394	2.15675208364703	0.186720307577846	0.379287974537442	0.916666666666667	0.0416666666666667	0	0.0416666666666667	0	0.166666666666667
M2	HSPA1B	24	8816:8839	241.944242742394	2.15675208364703	0.186720307577846	0.379287974537442	0.916666666666667	0.0416666666666667	0	0.0416666666666667	0	0.166666666666667
M2	HSPH1	24	8816:8839	241.944242742394	2.15675208364703	0.186720307577846	0.379287974537442	0.916666666666667	0.0416666666666667	0	0.0416666666666667	0	0.166666666666667
M2	HSP90AA2P	24	8816:8839	241.944242742394	2.15675208364703	0.186720307577846	0.379287974537442	0.916666666666667	0.0416666666666667	0	0.0416666666666667	0	0.166666666666667
M2	DUSP5	24	8816:8839	241.944242742394	2.15675208364703	0.186720307577846	0.379287974537442	0.916666666666667	0.0416666666666667	0	0.0416666666666667	0	0.166666666666667
M2	TIPARP	24	8816:8839	241.944242742394	2.15675208364703	0.186720307577846	0.379287974537442	0.916666666666667	0.0416666666666667	0	0.0416666666666667	0	0.166666666666667
M2	JUND	24	8816:8839	241.944242742394	2.15675208364703	0.186720307577846	0.379287974537442	0.916666666666667	0.0416666666666667	0	0.0416666666666667	0	0.166666666666667
M2	HSPE1	24	8816:8839	241.944242742394	2.15675208364703	0.186720307577846	0.379287974537442	0.916666666666667	0.0416666666666667	0	0.0416666666666667	0	0.166666666666667
M2	HSPA1A	24	8816:8839	241.944242742394	2.15675208364703	0.186720307577846	0.379287974537442	0.916666666666667	0.0416666666666667	0	0.0416666666666667	0	0.166666666666667
M2	CTD-3252C9.4	24	8816:8839	241.944242742394	2.15675208364703	0.186720307577846	0.379287974537442	0.916666666666667	0.0416666666666667	0	0.0416666666666667	0	0.166666666666667
M2	TUBB4B	24	8816:8839	241.944242742394	2.15675208364703	0.186720307577846	0.379287974537442	0.916666666666667	0.0416666666666667	0	0.0416666666666667	0	0.166666666666667
M2	SERTAD1	24	8816:8839	241.944242742394	2.15675208364703	0.186720307577846	0.379287974537442	0.916666666666667	0.0416666666666667	0	0.0416666666666667	0	0.166666666666667
M37	MYADM	10	8840:8849	59.6989674169092	1.94302375026446	0.0869322218867515	0.389988935035162	1	0	0	0	0	0
M37	PITHD1	10	8840:8849	59.6989674169092	1.94302375026446	0.0869322218867515	0.389988935035162	1	0	0	0	0	0
M37	TFRC	10	8840:8849	59.6989674169092	1.94302375026446	0.0869322218867515	0.389988935035162	1	0	0	0	0	0
M37	CACYBP	10	8840:8849	59.6989674169092	1.94302375026446	0.0869322218867515	0.389988935035162	1	0	0	0	0	0
M37	TOB2	10	8840:8849	59.6989674169092	1.94302375026446	0.0869322218867515	0.389988935035162	1	0	0	0	0	0
M37	AMD1	10	8840:8849	59.6989674169092	1.94302375026446	0.0869322218867515	0.389988935035162	1	0	0	0	0	0
M37	YWHAZ	10	8840:8849	59.6989674169092	1.94302375026446	0.0869322218867515	0.389988935035162	1	0	0	0	0	0
M37	ZC3HAV1	10	8840:8849	59.6989674169092	1.94302375026446	0.0869322218867515	0.389988935035162	1	0	0	0	0	0
M37	TUBA1C	10	8840:8849	59.6989674169092	1.94302375026446	0.0869322218867515	0.389988935035162	1	0	0	0	0	0
M37	GEM	10	8840:8849	59.6989674169092	1.94302375026446	0.0869322218867515	0.389988935035162	1	0	0	0	0	0
M38	ARPC5L	10	8850:8859	79.9913219773495	2.93617925654188	0.0652557790296958	0.455736027462914	1	0	0	0	0	0.1
M38	DTX4	10	8850:8859	79.9913219773495	2.93617925654188	0.0652557790296958	0.455736027462914	1	0	0	0	0	0.1
M38	ACAD10	10	8850:8859	79.9913219773495	2.93617925654188	0.0652557790296958	0.455736027462914	1	0	0	0	0	0.1
M38	RUNX2	10	8850:8859	79.9913219773495	2.93617925654188	0.0652557790296958	0.455736027462914	1	0	0	0	0	0.1
M38	UPF1	10	8850:8859	79.9913219773495	2.93617925654188	0.0652557790296958	0.455736027462914	1	0	0	0	0	0.1
M38	YAF2	10	8850:8859	79.9913219773495	2.93617925654188	0.0652557790296958	0.455736027462914	1	0	0	0	0	0.1
M38	SUGT1	10	8850:8859	79.9913219773495	2.93617925654188	0.0652557790296958	0.455736027462914	1	0	0	0	0	0.1
M38	KIF1BP	10	8850:8859	79.9913219773495	2.93617925654188	0.0652557790296958	0.455736027462914	1	0	0	0	0	0.1
M38	OBSCN	10	8850:8859	79.9913219773495	2.93617925654188	0.0652557790296958	0.455736027462914	1	0	0	0	0	0.1
M38	ERC1	10	8850:8859	79.9913219773495	2.93617925654188	0.0652557790296958	0.455736027462914	1	0	0	0	0	0.1
M20	PLAU	13	8860:8872	123.854497402527	2.55545964199265	0.120807211864465	0.580833510956034	1	0	0	0	0	0
M20	LMNA	13	8860:8872	123.854497402527	2.55545964199265	0.120807211864465	0.580833510956034	1	0	0	0	0	0
M20	PAMR1	13	8860:8872	123.854497402527	2.55545964199265	0.120807211864465	0.580833510956034	1	0	0	0	0	0
M20	EFEMP1	13	8860:8872	123.854497402527	2.55545964199265	0.120807211864465	0.580833510956034	1	0	0	0	0	0
M20	FILIP1L	13	8860:8872	123.854497402527	2.55545964199265	0.120807211864465	0.580833510956034	1	0	0	0	0	0
M20	UACA	13	8860:8872	123.854497402527	2.55545964199265	0.120807211864465	0.580833510956034	1	0	0	0	0	0
M20	WARS	13	8860:8872	123.854497402527	2.55545964199265	0.120807211864465	0.580833510956034	1	0	0	0	0	0
M20	PTGS1	13	8860:8872	123.854497402527	2.55545964199265	0.120807211864465	0.580833510956034	1	0	0	0	0	0
M20	IGFBP3	13	8860:8872	123.854497402527	2.55545964199265	0.120807211864465	0.580833510956034	1	0	0	0	0	0
M20	CTSC	13	8860:8872	123.854497402527	2.55545964199265	0.120807211864465	0.580833510956034	1	0	0	0	0	0
M20	CSMD3	13	8860:8872	123.854497402527	2.55545964199265	0.120807211864465	0.580833510956034	1	0	0	0	0	0
M20	SGK1	13	8860:8872	123.854497402527	2.55545964199265	0.120807211864465	0.580833510956034	1	0	0	0	0	0
M20	PPFIA2	13	8860:8872	123.854497402527	2.55545964199265	0.120807211864465	0.580833510956034	1	0	0	0	0	0
M25	SCN7A	11	8873:8883	179.285850832147	2.07096401858591	0.107391719772123	0.44578040739109	1	0	0	0	0	0
M25	PIK3R1	11	8873:8883	179.285850832147	2.07096401858591	0.107391719772123	0.44578040739109	1	0	0	0	0	0
M25	ITPR1	11	8873:8883	179.285850832147	2.07096401858591	0.107391719772123	0.44578040739109	1	0	0	0	0	0
M25	NDST4	11	8873:8883	179.285850832147	2.07096401858591	0.107391719772123	0.44578040739109	1	0	0	0	0	0
M25	PMEPA1	11	8873:8883	179.285850832147	2.07096401858591	0.107391719772123	0.44578040739109	1	0	0	0	0	0
M25	BMP7	11	8873:8883	179.285850832147	2.07096401858591	0.107391719772123	0.44578040739109	1	0	0	0	0	0
M25	HTRA1	11	8873:8883	179.285850832147	2.07096401858591	0.107391719772123	0.44578040739109	1	0	0	0	0	0
M25	SERTAD4	11	8873:8883	179.285850832147	2.07096401858591	0.107391719772123	0.44578040739109	1	0	0	0	0	0
M25	CPED1	11	8873:8883	179.285850832147	2.07096401858591	0.107391719772123	0.44578040739109	1	0	0	0	0	0
M25	LRRN1	11	8873:8883	179.285850832147	2.07096401858591	0.107391719772123	0.44578040739109	1	0	0	0	0	0
M25	MATN2	11	8873:8883	179.285850832147	2.07096401858591	0.107391719772123	0.44578040739109	1	0	0	0	0	0
M8	PID1	16	8884:8899	202.09413069735	2.43101069212925	0.172959460199736	0.509887188517163	1	0	0	0	0	0.125
M8	ACVR2A	16	8884:8899	202.09413069735	2.43101069212925	0.172959460199736	0.509887188517163	1	0	0	0	0	0.125
M8	C1QTNF3	16	8884:8899	202.09413069735	2.43101069212925	0.172959460199736	0.509887188517163	1	0	0	0	0	0.125
M8	ADAMTSL3	16	8884:8899	202.09413069735	2.43101069212925	0.172959460199736	0.509887188517163	1	0	0	0	0	0.125
M8	SH3BP4	16	8884:8899	202.09413069735	2.43101069212925	0.172959460199736	0.509887188517163	1	0	0	0	0	0.125
M8	TNC	16	8884:8899	202.09413069735	2.43101069212925	0.172959460199736	0.509887188517163	1	0	0	0	0	0.125
M8	WNT2B	16	8884:8899	202.09413069735	2.43101069212925	0.172959460199736	0.509887188517163	1	0	0	0	0	0.125
M8	ASPA	16	8884:8899	202.09413069735	2.43101069212925	0.172959460199736	0.509887188517163	1	0	0	0	0	0.125
M8	NR2F1	16	8884:8899	202.09413069735	2.43101069212925	0.172959460199736	0.509887188517163	1	0	0	0	0	0.125
M8	FLNB	16	8884:8899	202.09413069735	2.43101069212925	0.172959460199736	0.509887188517163	1	0	0	0	0	0.125
M8	IGF1	16	8884:8899	202.09413069735	2.43101069212925	0.172959460199736	0.509887188517163	1	0	0	0	0	0.125
M8	FOXP2	16	8884:8899	202.09413069735	2.43101069212925	0.172959460199736	0.509887188517163	1	0	0	0	0	0.125
M8	TMCC3	16	8884:8899	202.09413069735	2.43101069212925	0.172959460199736	0.509887188517163	1	0	0	0	0	0.125
M8	TACC1	16	8884:8899	202.09413069735	2.43101069212925	0.172959460199736	0.509887188517163	1	0	0	0	0	0.125
M8	VCAM1	16	8884:8899	202.09413069735	2.43101069212925	0.172959460199736	0.509887188517163	1	0	0	0	0	0.125
M8	COL21A1	16	8884:8899	202.09413069735	2.43101069212925	0.172959460199736	0.509887188517163	1	0	0	0	0	0.125
M39	ANKIB1	10	8900:8909	130.461564925963	1.66482633276745	0.0730637314375662	1.01422220839617	0.9	0	0	0.1	0	0
M39	CNTN4	10	8900:8909	130.461564925963	1.66482633276745	0.0730637314375662	1.01422220839617	0.9	0	0	0.1	0	0
M39	SLC40A1	10	8900:8909	130.461564925963	1.66482633276745	0.0730637314375662	1.01422220839617	0.9	0	0	0.1	0	0
M39	MYO6	10	8900:8909	130.461564925963	1.66482633276745	0.0730637314375662	1.01422220839617	0.9	0	0	0.1	0	0
M39	STAU2	10	8900:8909	130.461564925963	1.66482633276745	0.0730637314375662	1.01422220839617	0.9	0	0	0.1	0	0
M39	PHLDB2	10	8900:8909	130.461564925963	1.66482633276745	0.0730637314375662	1.01422220839617	0.9	0	0	0.1	0	0
M39	CEP170	10	8900:8909	130.461564925963	1.66482633276745	0.0730637314375662	1.01422220839617	0.9	0	0	0.1	0	0
M39	NEO1	10	8900:8909	130.461564925963	1.66482633276745	0.0730637314375662	1.01422220839617	0.9	0	0	0.1	0	0
M39	CEP170P1	10	8900:8909	130.461564925963	1.66482633276745	0.0730637314375662	1.01422220839617	0.9	0	0	0.1	0	0
M39	SLC8A1	10	8900:8909	130.461564925963	1.66482633276745	0.0730637314375662	1.01422220839617	0.9	0	0	0.1	0	0
M40	IVNS1ABP	10	8910:8919	110.872177450847	1.8698987504911	0.0568027351325091	0.676303624931094	1	0	0	0	0	0
M40	CEP57L1	10	8910:8919	110.872177450847	1.8698987504911	0.0568027351325091	0.676303624931094	1	0	0	0	0	0
M40	PIP5K1A	10	8910:8919	110.872177450847	1.8698987504911	0.0568027351325091	0.676303624931094	1	0	0	0	0	0
M40	EIF4H	10	8910:8919	110.872177450847	1.8698987504911	0.0568027351325091	0.676303624931094	1	0	0	0	0	0
M40	HECTD1	10	8910:8919	110.872177450847	1.8698987504911	0.0568027351325091	0.676303624931094	1	0	0	0	0	0
M40	DNAJB6	10	8910:8919	110.872177450847	1.8698987504911	0.0568027351325091	0.676303624931094	1	0	0	0	0	0
M40	SMARCA5	10	8910:8919	110.872177450847	1.8698987504911	0.0568027351325091	0.676303624931094	1	0	0	0	0	0
M40	MYCBP2	10	8910:8919	110.872177450847	1.8698987504911	0.0568027351325091	0.676303624931094	1	0	0	0	0	0
M40	PELI1	10	8910:8919	110.872177450847	1.8698987504911	0.0568027351325091	0.676303624931094	1	0	0	0	0	0
M40	CDAN1	10	8910:8919	110.872177450847	1.8698987504911	0.0568027351325091	0.676303624931094	1	0	0	0	0	0
M6	MT-RNR1	18	8920:8937	1812.87774102405	1.01673308159803	0.221433981241318	0.62692657325978	0.666666666666667	0	0.111111111111111	0.222222222222222	0	0
M6	MT-ND2	18	8920:8937	1812.87774102405	1.01673308159803	0.221433981241318	0.62692657325978	0.666666666666667	0	0.111111111111111	0.222222222222222	0	0
M6	MT-CO1	18	8920:8937	1812.87774102405	1.01673308159803	0.221433981241318	0.62692657325978	0.666666666666667	0	0.111111111111111	0.222222222222222	0	0
M6	MT-ND1	18	8920:8937	1812.87774102405	1.01673308159803	0.221433981241318	0.62692657325978	0.666666666666667	0	0.111111111111111	0.222222222222222	0	0
M6	MTND1P23	18	8920:8937	1812.87774102405	1.01673308159803	0.221433981241318	0.62692657325978	0.666666666666667	0	0.111111111111111	0.222222222222222	0	0
M6	MT-RNR2	18	8920:8937	1812.87774102405	1.01673308159803	0.221433981241318	0.62692657325978	0.666666666666667	0	0.111111111111111	0.222222222222222	0	0
M6	MT-ATP8	18	8920:8937	1812.87774102405	1.01673308159803	0.221433981241318	0.62692657325978	0.666666666666667	0	0.111111111111111	0.222222222222222	0	0
M6	MTND2P28	18	8920:8937	1812.87774102405	1.01673308159803	0.221433981241318	0.62692657325978	0.666666666666667	0	0.111111111111111	0.222222222222222	0	0
M6	MTCO1P12	18	8920:8937	1812.87774102405	1.01673308159803	0.221433981241318	0.62692657325978	0.666666666666667	0	0.111111111111111	0.222222222222222	0	0
M6	MT-ND5	18	8920:8937	1812.87774102405	1.01673308159803	0.221433981241318	0.62692657325978	0.666666666666667	0	0.111111111111111	0.222222222222222	0	0
M6	MT-CO2	18	8920:8937	1812.87774102405	1.01673308159803	0.221433981241318	0.62692657325978	0.666666666666667	0	0.111111111111111	0.222222222222222	0	0
M6	MT-ND4	18	8920:8937	1812.87774102405	1.01673308159803	0.221433981241318	0.62692657325978	0.666666666666667	0	0.111111111111111	0.222222222222222	0	0
M6	MT-ATP6	18	8920:8937	1812.87774102405	1.01673308159803	0.221433981241318	0.62692657325978	0.666666666666667	0	0.111111111111111	0.222222222222222	0	0
M6	MTATP6P1	18	8920:8937	1812.87774102405	1.01673308159803	0.221433981241318	0.62692657325978	0.666666666666667	0	0.111111111111111	0.222222222222222	0	0
M6	MTRNR2L12	18	8920:8937	1812.87774102405	1.01673308159803	0.221433981241318	0.62692657325978	0.666666666666667	0	0.111111111111111	0.222222222222222	0	0
M6	MT-CYB	18	8920:8937	1812.87774102405	1.01673308159803	0.221433981241318	0.62692657325978	0.666666666666667	0	0.111111111111111	0.222222222222222	0	0
M6	MT-ND3	18	8920:8937	1812.87774102405	1.01673308159803	0.221433981241318	0.62692657325978	0.666666666666667	0	0.111111111111111	0.222222222222222	0	0
M6	MT-CO3	18	8920:8937	1812.87774102405	1.01673308159803	0.221433981241318	0.62692657325978	0.666666666666667	0	0.111111111111111	0.222222222222222	0	0
M9	SPARCL1	16	8938:8953	669.910047265373	1.5540978608624	0.145921598135489	0.477112966451448	1	0	0	0	0	0
M9	ROBO2	16	8938:8953	669.910047265373	1.5540978608624	0.145921598135489	0.477112966451448	1	0	0	0	0	0
M9	SRPX	16	8938:8953	669.910047265373	1.5540978608624	0.145921598135489	0.477112966451448	1	0	0	0	0	0
M9	FBLN1	16	8938:8953	669.910047265373	1.5540978608624	0.145921598135489	0.477112966451448	1	0	0	0	0	0
M9	SLIT3	16	8938:8953	669.910047265373	1.5540978608624	0.145921598135489	0.477112966451448	1	0	0	0	0	0
M9	FN1	16	8938:8953	669.910047265373	1.5540978608624	0.145921598135489	0.477112966451448	1	0	0	0	0	0
M9	GPC3	16	8938:8953	669.910047265373	1.5540978608624	0.145921598135489	0.477112966451448	1	0	0	0	0	0
M9	FREM1	16	8938:8953	669.910047265373	1.5540978608624	0.145921598135489	0.477112966451448	1	0	0	0	0	0
M9	NREP	16	8938:8953	669.910047265373	1.5540978608624	0.145921598135489	0.477112966451448	1	0	0	0	0	0
M9	LRRC17	16	8938:8953	669.910047265373	1.5540978608624	0.145921598135489	0.477112966451448	1	0	0	0	0	0
M9	ABI3BP	16	8938:8953	669.910047265373	1.5540978608624	0.145921598135489	0.477112966451448	1	0	0	0	0	0
M9	C1QTNF7	16	8938:8953	669.910047265373	1.5540978608624	0.145921598135489	0.477112966451448	1	0	0	0	0	0
M9	COL11A1	16	8938:8953	669.910047265373	1.5540978608624	0.145921598135489	0.477112966451448	1	0	0	0	0	0
M9	COL6A5	16	8938:8953	669.910047265373	1.5540978608624	0.145921598135489	0.477112966451448	1	0	0	0	0	0
M9	FLRT2	16	8938:8953	669.910047265373	1.5540978608624	0.145921598135489	0.477112966451448	1	0	0	0	0	0
M9	RERG	16	8938:8953	669.910047265373	1.5540978608624	0.145921598135489	0.477112966451448	1	0	0	0	0	0
M13	AC004069.2	15	8954:8968	744.711147331315	1.33125679505125	0.172253971977009	0.661440601064224	0.266666666666667	0.0666666666666667	0.133333333333333	0.533333333333333	0	0
M13	EEF1A1P6	15	8954:8968	744.711147331315	1.33125679505125	0.172253971977009	0.661440601064224	0.266666666666667	0.0666666666666667	0.133333333333333	0.533333333333333	0	0
M13	HNRNPA1L2	15	8954:8968	744.711147331315	1.33125679505125	0.172253971977009	0.661440601064224	0.266666666666667	0.0666666666666667	0.133333333333333	0.533333333333333	0	0
M13	MIR1244-3	15	8954:8968	744.711147331315	1.33125679505125	0.172253971977009	0.661440601064224	0.266666666666667	0.0666666666666667	0.133333333333333	0.533333333333333	0	0
M13	MIR1244-2	15	8954:8968	744.711147331315	1.33125679505125	0.172253971977009	0.661440601064224	0.266666666666667	0.0666666666666667	0.133333333333333	0.533333333333333	0	0
M13	RP11-69L16.5	15	8954:8968	744.711147331315	1.33125679505125	0.172253971977009	0.661440601064224	0.266666666666667	0.0666666666666667	0.133333333333333	0.533333333333333	0	0
M13	HNRNPA1P10	15	8954:8968	744.711147331315	1.33125679505125	0.172253971977009	0.661440601064224	0.266666666666667	0.0666666666666667	0.133333333333333	0.533333333333333	0	0
M13	EEF1A1P11	15	8954:8968	744.711147331315	1.33125679505125	0.172253971977009	0.661440601064224	0.266666666666667	0.0666666666666667	0.133333333333333	0.533333333333333	0	0
M13	HMGN2	15	8954:8968	744.711147331315	1.33125679505125	0.172253971977009	0.661440601064224	0.266666666666667	0.0666666666666667	0.133333333333333	0.533333333333333	0	0
M13	EEF1A1	15	8954:8968	744.711147331315	1.33125679505125	0.172253971977009	0.661440601064224	0.266666666666667	0.0666666666666667	0.133333333333333	0.533333333333333	0	0
M13	HNRNPA1	15	8954:8968	744.711147331315	1.33125679505125	0.172253971977009	0.661440601064224	0.266666666666667	0.0666666666666667	0.133333333333333	0.533333333333333	0	0
M13	EEF1A1P13	15	8954:8968	744.711147331315	1.33125679505125	0.172253971977009	0.661440601064224	0.266666666666667	0.0666666666666667	0.133333333333333	0.533333333333333	0	0
M13	RP11-778D9.4	15	8954:8968	744.711147331315	1.33125679505125	0.172253971977009	0.661440601064224	0.266666666666667	0.0666666666666667	0.133333333333333	0.533333333333333	0	0
M13	HNRNPA1P48	15	8954:8968	744.711147331315	1.33125679505125	0.172253971977009	0.661440601064224	0.266666666666667	0.0666666666666667	0.133333333333333	0.533333333333333	0	0
M13	EEF1A1P5	15	8954:8968	744.711147331315	1.33125679505125	0.172253971977009	0.661440601064224	0.266666666666667	0.0666666666666667	0.133333333333333	0.533333333333333	0	0
M41	CAMK2D	10	8969:8978	232.407936493641	1.2122375630801	0.0863900167359831	0.449287975701361	1	0	0	0	0	0.5
M41	NSD3	10	8969:8978	232.407936493641	1.2122375630801	0.0863900167359831	0.449287975701361	1	0	0	0	0	0.5
M41	PBRM1	10	8969:8978	232.407936493641	1.2122375630801	0.0863900167359831	0.449287975701361	1	0	0	0	0	0.5
M41	PLEKHH2	10	8969:8978	232.407936493641	1.2122375630801	0.0863900167359831	0.449287975701361	1	0	0	0	0	0.5
M41	PLAGL1	10	8969:8978	232.407936493641	1.2122375630801	0.0863900167359831	0.449287975701361	1	0	0	0	0	0.5
M41	UBR5	10	8969:8978	232.407936493641	1.2122375630801	0.0863900167359831	0.449287975701361	1	0	0	0	0	0.5
M41	CCDC88A	10	8969:8978	232.407936493641	1.2122375630801	0.0863900167359831	0.449287975701361	1	0	0	0	0	0.5
M41	GATAD2B	10	8969:8978	232.407936493641	1.2122375630801	0.0863900167359831	0.449287975701361	1	0	0	0	0	0.5
M41	ZNF638	10	8969:8978	232.407936493641	1.2122375630801	0.0863900167359831	0.449287975701361	1	0	0	0	0	0.5
M41	TEAD1	10	8969:8978	232.407936493641	1.2122375630801	0.0863900167359831	0.449287975701361	1	0	0	0	0	0.5
M26	LUC7L2	11	8979:8989	289.785738881931	1.06872706236297	0.117351261426116	0.782119380402157	1	0	0	0	0	0
M26	SMC5	11	8979:8989	289.785738881931	1.06872706236297	0.117351261426116	0.782119380402157	1	0	0	0	0	0
M26	HUWE1	11	8979:8989	289.785738881931	1.06872706236297	0.117351261426116	0.782119380402157	1	0	0	0	0	0
M26	ANKRD36	11	8979:8989	289.785738881931	1.06872706236297	0.117351261426116	0.782119380402157	1	0	0	0	0	0
M26	GPATCH8	11	8979:8989	289.785738881931	1.06872706236297	0.117351261426116	0.782119380402157	1	0	0	0	0	0
M26	SRRM1	11	8979:8989	289.785738881931	1.06872706236297	0.117351261426116	0.782119380402157	1	0	0	0	0	0
M26	ANKRD36C	11	8979:8989	289.785738881931	1.06872706236297	0.117351261426116	0.782119380402157	1	0	0	0	0	0
M26	BPTF	11	8979:8989	289.785738881931	1.06872706236297	0.117351261426116	0.782119380402157	1	0	0	0	0	0
M26	CREBBP	11	8979:8989	289.785738881931	1.06872706236297	0.117351261426116	0.782119380402157	1	0	0	0	0	0
M26	SRSF11	11	8979:8989	289.785738881931	1.06872706236297	0.117351261426116	0.782119380402157	1	0	0	0	0	0
M26	ANKRD36B	11	8979:8989	289.785738881931	1.06872706236297	0.117351261426116	0.782119380402157	1	0	0	0	0	0
M21	KMT2E	12	8990:9001	392.555296315254	1.02120807260584	0.084760092848549	0.503499938270456	1	0	0	0	0	0.25
M21	OSBPL8	12	8990:9001	392.555296315254	1.02120807260584	0.084760092848549	0.503499938270456	1	0	0	0	0	0.25
M21	TTC3	12	8990:9001	392.555296315254	1.02120807260584	0.084760092848549	0.503499938270456	1	0	0	0	0	0.25
M21	KLHL24	12	8990:9001	392.555296315254	1.02120807260584	0.084760092848549	0.503499938270456	1	0	0	0	0	0.25
M21	BAZ2B	12	8990:9001	392.555296315254	1.02120807260584	0.084760092848549	0.503499938270456	1	0	0	0	0	0.25
M21	TROVE2	12	8990:9001	392.555296315254	1.02120807260584	0.084760092848549	0.503499938270456	1	0	0	0	0	0.25
M21	WSB1	12	8990:9001	392.555296315254	1.02120807260584	0.084760092848549	0.503499938270456	1	0	0	0	0	0.25
M21	NFIX	12	8990:9001	392.555296315254	1.02120807260584	0.084760092848549	0.503499938270456	1	0	0	0	0	0.25
M21	ARHGAP5	12	8990:9001	392.555296315254	1.02120807260584	0.084760092848549	0.503499938270456	1	0	0	0	0	0.25
M21	NFAT5	12	8990:9001	392.555296315254	1.02120807260584	0.084760092848549	0.503499938270456	1	0	0	0	0	0.25
M21	CADM1	12	8990:9001	392.555296315254	1.02120807260584	0.084760092848549	0.503499938270456	1	0	0	0	0	0.25
M21	CHD9	12	8990:9001	392.555296315254	1.02120807260584	0.084760092848549	0.503499938270456	1	0	0	0	0	0.25
M27	NBPF26	11	9002:9012	123.305817851192	1.3112051006801	0.317752984693323	0.51485087969921	0.818181818181818	0	0	0.181818181818182	0	0
M27	NBPF12	11	9002:9012	123.305817851192	1.3112051006801	0.317752984693323	0.51485087969921	0.818181818181818	0	0	0.181818181818182	0	0
M27	NBPF9	11	9002:9012	123.305817851192	1.3112051006801	0.317752984693323	0.51485087969921	0.818181818181818	0	0	0.181818181818182	0	0
M27	NBPF11	11	9002:9012	123.305817851192	1.3112051006801	0.317752984693323	0.51485087969921	0.818181818181818	0	0	0.181818181818182	0	0
M27	NBPF10	11	9002:9012	123.305817851192	1.3112051006801	0.317752984693323	0.51485087969921	0.818181818181818	0	0	0.181818181818182	0	0
M27	NBPF19	11	9002:9012	123.305817851192	1.3112051006801	0.317752984693323	0.51485087969921	0.818181818181818	0	0	0.181818181818182	0	0
M27	NBPF20	11	9002:9012	123.305817851192	1.3112051006801	0.317752984693323	0.51485087969921	0.818181818181818	0	0	0.181818181818182	0	0
M27	NBPF25P	11	9002:9012	123.305817851192	1.3112051006801	0.317752984693323	0.51485087969921	0.818181818181818	0	0	0.181818181818182	0	0
M27	NBPF14	11	9002:9012	123.305817851192	1.3112051006801	0.317752984693323	0.51485087969921	0.818181818181818	0	0	0.181818181818182	0	0
M27	NBPF8	11	9002:9012	123.305817851192	1.3112051006801	0.317752984693323	0.51485087969921	0.818181818181818	0	0	0.181818181818182	0	0
M27	NBPF15	11	9002:9012	123.305817851192	1.3112051006801	0.317752984693323	0.51485087969921	0.818181818181818	0	0	0.181818181818182	0	0
M10	MYLK	16	9013:9028	243.289051412579	1.60309276306161	0.158976691504559	0.408506299449256	1	0	0	0	0	0
M10	TPM1	16	9013:9028	243.289051412579	1.60309276306161	0.158976691504559	0.408506299449256	1	0	0	0	0	0
M10	NEXN	16	9013:9028	243.289051412579	1.60309276306161	0.158976691504559	0.408506299449256	1	0	0	0	0	0
M10	LMOD1	16	9013:9028	243.289051412579	1.60309276306161	0.158976691504559	0.408506299449256	1	0	0	0	0	0
M10	MYOCD	16	9013:9028	243.289051412579	1.60309276306161	0.158976691504559	0.408506299449256	1	0	0	0	0	0
M10	PLS3	16	9013:9028	243.289051412579	1.60309276306161	0.158976691504559	0.408506299449256	1	0	0	0	0	0
M10	CLIC4	16	9013:9028	243.289051412579	1.60309276306161	0.158976691504559	0.408506299449256	1	0	0	0	0	0
M10	PDLIM3	16	9013:9028	243.289051412579	1.60309276306161	0.158976691504559	0.408506299449256	1	0	0	0	0	0
M10	CORO1C	16	9013:9028	243.289051412579	1.60309276306161	0.158976691504559	0.408506299449256	1	0	0	0	0	0
M10	CNN2	16	9013:9028	243.289051412579	1.60309276306161	0.158976691504559	0.408506299449256	1	0	0	0	0	0
M10	ACTA2	16	9013:9028	243.289051412579	1.60309276306161	0.158976691504559	0.408506299449256	1	0	0	0	0	0
M10	TPM4	16	9013:9028	243.289051412579	1.60309276306161	0.158976691504559	0.408506299449256	1	0	0	0	0	0
M10	VCL	16	9013:9028	243.289051412579	1.60309276306161	0.158976691504559	0.408506299449256	1	0	0	0	0	0
M10	MYH10	16	9013:9028	243.289051412579	1.60309276306161	0.158976691504559	0.408506299449256	1	0	0	0	0	0
M10	SYTL2	16	9013:9028	243.289051412579	1.60309276306161	0.158976691504559	0.408506299449256	1	0	0	0	0	0
M10	RALGPS2	16	9013:9028	243.289051412579	1.60309276306161	0.158976691504559	0.408506299449256	1	0	0	0	0	0
M28	ATP5SL	11	9029:9039	43.417643341656	2.65252383231504	0.0645848127388637	0.920594283672015	0.818181818181818	0.0909090909090909	0	0.0909090909090909	0	0
M28	RP11-296E7.1	11	9029:9039	43.417643341656	2.65252383231504	0.0645848127388637	0.920594283672015	0.818181818181818	0.0909090909090909	0	0.0909090909090909	0	0
M28	DEF8	11	9029:9039	43.417643341656	2.65252383231504	0.0645848127388637	0.920594283672015	0.818181818181818	0.0909090909090909	0	0.0909090909090909	0	0
M28	ALKBH2	11	9029:9039	43.417643341656	2.65252383231504	0.0645848127388637	0.920594283672015	0.818181818181818	0.0909090909090909	0	0.0909090909090909	0	0
M28	SNF8	11	9029:9039	43.417643341656	2.65252383231504	0.0645848127388637	0.920594283672015	0.818181818181818	0.0909090909090909	0	0.0909090909090909	0	0
M28	ARHGAP21	11	9029:9039	43.417643341656	2.65252383231504	0.0645848127388637	0.920594283672015	0.818181818181818	0.0909090909090909	0	0.0909090909090909	0	0
M28	LETM1	11	9029:9039	43.417643341656	2.65252383231504	0.0645848127388637	0.920594283672015	0.818181818181818	0.0909090909090909	0	0.0909090909090909	0	0
M28	PLD2	11	9029:9039	43.417643341656	2.65252383231504	0.0645848127388637	0.920594283672015	0.818181818181818	0.0909090909090909	0	0.0909090909090909	0	0
M28	PRKAG1	11	9029:9039	43.417643341656	2.65252383231504	0.0645848127388637	0.920594283672015	0.818181818181818	0.0909090909090909	0	0.0909090909090909	0	0
M28	C9orf64	11	9029:9039	43.417643341656	2.65252383231504	0.0645848127388637	0.920594283672015	0.818181818181818	0.0909090909090909	0	0.0909090909090909	0	0
M28	ASAP1-IT2	11	9029:9039	43.417643341656	2.65252383231504	0.0645848127388637	0.920594283672015	0.818181818181818	0.0909090909090909	0	0.0909090909090909	0	0
M42	GOLGA8R	10	9040:9049	49.7100006950466	2.61508917278117	0.106113059524571	1.23896367262462	1	0	0	0	0	0.1
M42	EXTL2	10	9040:9049	49.7100006950466	2.61508917278117	0.106113059524571	1.23896367262462	1	0	0	0	0	0.1
M42	GOLGA8Q	10	9040:9049	49.7100006950466	2.61508917278117	0.106113059524571	1.23896367262462	1	0	0	0	0	0.1
M42	ZNF618	10	9040:9049	49.7100006950466	2.61508917278117	0.106113059524571	1.23896367262462	1	0	0	0	0	0.1
M42	GOLGA8N	10	9040:9049	49.7100006950466	2.61508917278117	0.106113059524571	1.23896367262462	1	0	0	0	0	0.1
M42	CEP112	10	9040:9049	49.7100006950466	2.61508917278117	0.106113059524571	1.23896367262462	1	0	0	0	0	0.1
M42	GOLGA8O	10	9040:9049	49.7100006950466	2.61508917278117	0.106113059524571	1.23896367262462	1	0	0	0	0	0.1
M42	RUNX1T1	10	9040:9049	49.7100006950466	2.61508917278117	0.106113059524571	1.23896367262462	1	0	0	0	0	0.1
M42	TOR1B	10	9040:9049	49.7100006950466	2.61508917278117	0.106113059524571	1.23896367262462	1	0	0	0	0	0.1
M42	STK4	10	9040:9049	49.7100006950466	2.61508917278117	0.106113059524571	1.23896367262462	1	0	0	0	0	0.1
M29	CLMP	11	9050:9060	184.822981408257	2.21696922542364	0.092269574842386	0.509244832458362	1	0	0	0	0	0.0909090909090909
M29	DDR2	11	9050:9060	184.822981408257	2.21696922542364	0.092269574842386	0.509244832458362	1	0	0	0	0	0.0909090909090909
M29	MDGA2	11	9050:9060	184.822981408257	2.21696922542364	0.092269574842386	0.509244832458362	1	0	0	0	0	0.0909090909090909
M29	CNTNAP3	11	9050:9060	184.822981408257	2.21696922542364	0.092269574842386	0.509244832458362	1	0	0	0	0	0.0909090909090909
M29	PCDH7	11	9050:9060	184.822981408257	2.21696922542364	0.092269574842386	0.509244832458362	1	0	0	0	0	0.0909090909090909
M29	CNTNAP3B	11	9050:9060	184.822981408257	2.21696922542364	0.092269574842386	0.509244832458362	1	0	0	0	0	0.0909090909090909
M29	COL24A1	11	9050:9060	184.822981408257	2.21696922542364	0.092269574842386	0.509244832458362	1	0	0	0	0	0.0909090909090909
M29	GPRIN3	11	9050:9060	184.822981408257	2.21696922542364	0.092269574842386	0.509244832458362	1	0	0	0	0	0.0909090909090909
M29	ERG	11	9050:9060	184.822981408257	2.21696922542364	0.092269574842386	0.509244832458362	1	0	0	0	0	0.0909090909090909
M29	VAT1L	11	9050:9060	184.822981408257	2.21696922542364	0.092269574842386	0.509244832458362	1	0	0	0	0	0.0909090909090909
M29	DPYSL3	11	9050:9060	184.822981408257	2.21696922542364	0.092269574842386	0.509244832458362	1	0	0	0	0	0.0909090909090909
M43	NFASC	10	9061:9070	21.9886822535646	3.2299517876749	0.0919100558845256	0.388196141212891	0.7	0.2	0	0.1	0	0
M43	RP11-277I20.3	10	9061:9070	21.9886822535646	3.2299517876749	0.0919100558845256	0.388196141212891	0.7	0.2	0	0.1	0	0
M43	MVK	10	9061:9070	21.9886822535646	3.2299517876749	0.0919100558845256	0.388196141212891	0.7	0.2	0	0.1	0	0
M43	PTRH1	10	9061:9070	21.9886822535646	3.2299517876749	0.0919100558845256	0.388196141212891	0.7	0.2	0	0.1	0	0
M43	RP4-671O14.7	10	9061:9070	21.9886822535646	3.2299517876749	0.0919100558845256	0.388196141212891	0.7	0.2	0	0.1	0	0
M43	LINC01655	10	9061:9070	21.9886822535646	3.2299517876749	0.0919100558845256	0.388196141212891	0.7	0.2	0	0.1	0	0
M43	RECQL5	10	9061:9070	21.9886822535646	3.2299517876749	0.0919100558845256	0.388196141212891	0.7	0.2	0	0.1	0	0
M43	DNAH2	10	9061:9070	21.9886822535646	3.2299517876749	0.0919100558845256	0.388196141212891	0.7	0.2	0	0.1	0	0
M43	KCNB1	10	9061:9070	21.9886822535646	3.2299517876749	0.0919100558845256	0.388196141212891	0.7	0.2	0	0.1	0	0
M43	NOS1	10	9061:9070	21.9886822535646	3.2299517876749	0.0919100558845256	0.388196141212891	0.7	0.2	0	0.1	0	0
M22	RP11-18H21.1	12	9071:9082	18.3921911330966	3.12440069935997	0.0934774495626093	0.383647371436476	0.416666666666667	0.5	0	0.0833333333333333	0	0.166666666666667
M22	ZNF366	12	9071:9082	18.3921911330966	3.12440069935997	0.0934774495626093	0.383647371436476	0.416666666666667	0.5	0	0.0833333333333333	0	0.166666666666667
M22	POU2F2	12	9071:9082	18.3921911330966	3.12440069935997	0.0934774495626093	0.383647371436476	0.416666666666667	0.5	0	0.0833333333333333	0	0.166666666666667
M22	KIAA2012	12	9071:9082	18.3921911330966	3.12440069935997	0.0934774495626093	0.383647371436476	0.416666666666667	0.5	0	0.0833333333333333	0	0.166666666666667
M22	CTD-2206N4.4	12	9071:9082	18.3921911330966	3.12440069935997	0.0934774495626093	0.383647371436476	0.416666666666667	0.5	0	0.0833333333333333	0	0.166666666666667
M22	RP11-626G3.1	12	9071:9082	18.3921911330966	3.12440069935997	0.0934774495626093	0.383647371436476	0.416666666666667	0.5	0	0.0833333333333333	0	0.166666666666667
M22	CTD-2014B16.3	12	9071:9082	18.3921911330966	3.12440069935997	0.0934774495626093	0.383647371436476	0.416666666666667	0.5	0	0.0833333333333333	0	0.166666666666667
M22	RP3-323A16.1	12	9071:9082	18.3921911330966	3.12440069935997	0.0934774495626093	0.383647371436476	0.416666666666667	0.5	0	0.0833333333333333	0	0.166666666666667
M22	CA12	12	9071:9082	18.3921911330966	3.12440069935997	0.0934774495626093	0.383647371436476	0.416666666666667	0.5	0	0.0833333333333333	0	0.166666666666667
M22	RP11-539L10.2	12	9071:9082	18.3921911330966	3.12440069935997	0.0934774495626093	0.383647371436476	0.416666666666667	0.5	0	0.0833333333333333	0	0.166666666666667
M22	HCK	12	9071:9082	18.3921911330966	3.12440069935997	0.0934774495626093	0.383647371436476	0.416666666666667	0.5	0	0.0833333333333333	0	0.166666666666667
M22	AC004951.6	12	9071:9082	18.3921911330966	3.12440069935997	0.0934774495626093	0.383647371436476	0.416666666666667	0.5	0	0.0833333333333333	0	0.166666666666667
M44	KANK1	10	9083:9092	22.4929621998684	3.17938546233025	0.0755997435274138	0.4677172962896	0.5	0.3	0	0.2	0	0
M44	ALKBH4	10	9083:9092	22.4929621998684	3.17938546233025	0.0755997435274138	0.4677172962896	0.5	0.3	0	0.2	0	0
M44	RAB8A	10	9083:9092	22.4929621998684	3.17938546233025	0.0755997435274138	0.4677172962896	0.5	0.3	0	0.2	0	0
M44	RP5-1039K5.19	10	9083:9092	22.4929621998684	3.17938546233025	0.0755997435274138	0.4677172962896	0.5	0.3	0	0.2	0	0
M44	AC008155.1	10	9083:9092	22.4929621998684	3.17938546233025	0.0755997435274138	0.4677172962896	0.5	0.3	0	0.2	0	0
M44	PAPPA2	10	9083:9092	22.4929621998684	3.17938546233025	0.0755997435274138	0.4677172962896	0.5	0.3	0	0.2	0	0
M44	ANKS3	10	9083:9092	22.4929621998684	3.17938546233025	0.0755997435274138	0.4677172962896	0.5	0.3	0	0.2	0	0
M44	CTC-277H1.6	10	9083:9092	22.4929621998684	3.17938546233025	0.0755997435274138	0.4677172962896	0.5	0.3	0	0.2	0	0
M44	BACH1-AS1	10	9083:9092	22.4929621998684	3.17938546233025	0.0755997435274138	0.4677172962896	0.5	0.3	0	0.2	0	0
M44	ABCC13	10	9083:9092	22.4929621998684	3.17938546233025	0.0755997435274138	0.4677172962896	0.5	0.3	0	0.2	0	0
M45	DPF3	10	9093:9102	20.1427522771954	3.29526468362821	0.080921194842088	0.487771811944012	0.6	0.2	0	0.2	0	0
M45	FAM32BP	10	9093:9102	20.1427522771954	3.29526468362821	0.080921194842088	0.487771811944012	0.6	0.2	0	0.2	0	0
M45	SEMA6A-AS1	10	9093:9102	20.1427522771954	3.29526468362821	0.080921194842088	0.487771811944012	0.6	0.2	0	0.2	0	0
M45	EMCN	10	9093:9102	20.1427522771954	3.29526468362821	0.080921194842088	0.487771811944012	0.6	0.2	0	0.2	0	0
M45	PAK3	10	9093:9102	20.1427522771954	3.29526468362821	0.080921194842088	0.487771811944012	0.6	0.2	0	0.2	0	0
M45	RP11-106D4.2	10	9093:9102	20.1427522771954	3.29526468362821	0.080921194842088	0.487771811944012	0.6	0.2	0	0.2	0	0
M45	SLC47A2	10	9093:9102	20.1427522771954	3.29526468362821	0.080921194842088	0.487771811944012	0.6	0.2	0	0.2	0	0
M45	MYH16	10	9093:9102	20.1427522771954	3.29526468362821	0.080921194842088	0.487771811944012	0.6	0.2	0	0.2	0	0
M45	LAMA1	10	9093:9102	20.1427522771954	3.29526468362821	0.080921194842088	0.487771811944012	0.6	0.2	0	0.2	0	0
M45	SFXN5	10	9093:9102	20.1427522771954	3.29526468362821	0.080921194842088	0.487771811944012	0.6	0.2	0	0.2	0	0
M15	RP3-412A9.17	14	9103:9116	23.2482941196953	3.0858843397209	0.0800039280850537	0.464983923414621	0.428571428571429	0.285714285714286	0.0714285714285714	0.214285714285714	0	0
M15	HELLPAR	14	9103:9116	23.2482941196953	3.0858843397209	0.0800039280850537	0.464983923414621	0.428571428571429	0.285714285714286	0.0714285714285714	0.214285714285714	0	0
M15	LEP	14	9103:9116	23.2482941196953	3.0858843397209	0.0800039280850537	0.464983923414621	0.428571428571429	0.285714285714286	0.0714285714285714	0.214285714285714	0	0
M15	LSM8	14	9103:9116	23.2482941196953	3.0858843397209	0.0800039280850537	0.464983923414621	0.428571428571429	0.285714285714286	0.0714285714285714	0.214285714285714	0	0
M15	LRRC69	14	9103:9116	23.2482941196953	3.0858843397209	0.0800039280850537	0.464983923414621	0.428571428571429	0.285714285714286	0.0714285714285714	0.214285714285714	0	0
M15	RP6-91H8.3	14	9103:9116	23.2482941196953	3.0858843397209	0.0800039280850537	0.464983923414621	0.428571428571429	0.285714285714286	0.0714285714285714	0.214285714285714	0	0
M15	HRH2	14	9103:9116	23.2482941196953	3.0858843397209	0.0800039280850537	0.464983923414621	0.428571428571429	0.285714285714286	0.0714285714285714	0.214285714285714	0	0
M15	CACNB4	14	9103:9116	23.2482941196953	3.0858843397209	0.0800039280850537	0.464983923414621	0.428571428571429	0.285714285714286	0.0714285714285714	0.214285714285714	0	0
M15	AC106870.2	14	9103:9116	23.2482941196953	3.0858843397209	0.0800039280850537	0.464983923414621	0.428571428571429	0.285714285714286	0.0714285714285714	0.214285714285714	0	0
M15	HMGB1P8	14	9103:9116	23.2482941196953	3.0858843397209	0.0800039280850537	0.464983923414621	0.428571428571429	0.285714285714286	0.0714285714285714	0.214285714285714	0	0
M15	RN7SL483P	14	9103:9116	23.2482941196953	3.0858843397209	0.0800039280850537	0.464983923414621	0.428571428571429	0.285714285714286	0.0714285714285714	0.214285714285714	0	0
M15	MYH14	14	9103:9116	23.2482941196953	3.0858843397209	0.0800039280850537	0.464983923414621	0.428571428571429	0.285714285714286	0.0714285714285714	0.214285714285714	0	0
M15	RP13-228J13.8	14	9103:9116	23.2482941196953	3.0858843397209	0.0800039280850537	0.464983923414621	0.428571428571429	0.285714285714286	0.0714285714285714	0.214285714285714	0	0
M15	RP11-624D20.1	14	9103:9116	23.2482941196953	3.0858843397209	0.0800039280850537	0.464983923414621	0.428571428571429	0.285714285714286	0.0714285714285714	0.214285714285714	0	0
M46	IFI6	10	9117:9126	397.616312535488	2.05818592094972	0.156094996084531	0.426045522534264	1	0	0	0	0	0
M46	C1R	10	9117:9126	397.616312535488	2.05818592094972	0.156094996084531	0.426045522534264	1	0	0	0	0	0
M46	HLA-B	10	9117:9126	397.616312535488	2.05818592094972	0.156094996084531	0.426045522534264	1	0	0	0	0	0
M46	C1S	10	9117:9126	397.616312535488	2.05818592094972	0.156094996084531	0.426045522534264	1	0	0	0	0	0
M46	CSF1	10	9117:9126	397.616312535488	2.05818592094972	0.156094996084531	0.426045522534264	1	0	0	0	0	0
M46	AK5	10	9117:9126	397.616312535488	2.05818592094972	0.156094996084531	0.426045522534264	1	0	0	0	0	0
M46	HLA-A	10	9117:9126	397.616312535488	2.05818592094972	0.156094996084531	0.426045522534264	1	0	0	0	0	0
M46	COL9A1	10	9117:9126	397.616312535488	2.05818592094972	0.156094996084531	0.426045522534264	1	0	0	0	0	0
M46	HLA-C	10	9117:9126	397.616312535488	2.05818592094972	0.156094996084531	0.426045522534264	1	0	0	0	0	0
M46	B2M	10	9117:9126	397.616312535488	2.05818592094972	0.156094996084531	0.426045522534264	1	0	0	0	0	0
M30	ZC3H4	11	9127:9137	587.218460305491	1.55252423127163	0.0892124431555452	0.505419704347061	1	0	0	0	0	0
M30	POP5	11	9127:9137	587.218460305491	1.55252423127163	0.0892124431555452	0.505419704347061	1	0	0	0	0	0
M30	SLC25A38	11	9127:9137	587.218460305491	1.55252423127163	0.0892124431555452	0.505419704347061	1	0	0	0	0	0
M30	RAB13	11	9127:9137	587.218460305491	1.55252423127163	0.0892124431555452	0.505419704347061	1	0	0	0	0	0
M30	CKAP4	11	9127:9137	587.218460305491	1.55252423127163	0.0892124431555452	0.505419704347061	1	0	0	0	0	0
M30	ANP32B	11	9127:9137	587.218460305491	1.55252423127163	0.0892124431555452	0.505419704347061	1	0	0	0	0	0
M30	RNF181	11	9127:9137	587.218460305491	1.55252423127163	0.0892124431555452	0.505419704347061	1	0	0	0	0	0
M30	BLMH	11	9127:9137	587.218460305491	1.55252423127163	0.0892124431555452	0.505419704347061	1	0	0	0	0	0
M30	TSPAN3	11	9127:9137	587.218460305491	1.55252423127163	0.0892124431555452	0.505419704347061	1	0	0	0	0	0
M30	COA5	11	9127:9137	587.218460305491	1.55252423127163	0.0892124431555452	0.505419704347061	1	0	0	0	0	0
M30	ILF2	11	9127:9137	587.218460305491	1.55252423127163	0.0892124431555452	0.505419704347061	1	0	0	0	0	0
M47	BTN3A1	10	9138:9147	618.051190532495	1.41138520058778	0.0859438894567386	0.407946239899263	1	0	0	0	0	0.1
M47	CDK5RAP3	10	9138:9147	618.051190532495	1.41138520058778	0.0859438894567386	0.407946239899263	1	0	0	0	0	0.1
M47	ZNF621	10	9138:9147	618.051190532495	1.41138520058778	0.0859438894567386	0.407946239899263	1	0	0	0	0	0.1
M47	NDFIP1	10	9138:9147	618.051190532495	1.41138520058778	0.0859438894567386	0.407946239899263	1	0	0	0	0	0.1
M47	C3orf18	10	9138:9147	618.051190532495	1.41138520058778	0.0859438894567386	0.407946239899263	1	0	0	0	0	0.1
M47	HNRNPDL	10	9138:9147	618.051190532495	1.41138520058778	0.0859438894567386	0.407946239899263	1	0	0	0	0	0.1
M47	SGSM2	10	9138:9147	618.051190532495	1.41138520058778	0.0859438894567386	0.407946239899263	1	0	0	0	0	0.1
M47	NPR2	10	9138:9147	618.051190532495	1.41138520058778	0.0859438894567386	0.407946239899263	1	0	0	0	0	0.1
M47	RBM5	10	9138:9147	618.051190532495	1.41138520058778	0.0859438894567386	0.407946239899263	1	0	0	0	0	0.1
M47	CLK1	10	9138:9147	618.051190532495	1.41138520058778	0.0859438894567386	0.407946239899263	1	0	0	0	0	0.1
M31	RGS16	11	9148:9158	133.27230102492	2.61751749660399	0.0750126295167709	0.52119852220868	1	0	0	0	0	0.0909090909090909
M31	CSRP1	11	9148:9158	133.27230102492	2.61751749660399	0.0750126295167709	0.52119852220868	1	0	0	0	0	0.0909090909090909
M31	KLF9	11	9148:9158	133.27230102492	2.61751749660399	0.0750126295167709	0.52119852220868	1	0	0	0	0	0.0909090909090909
M31	S100A10	11	9148:9158	133.27230102492	2.61751749660399	0.0750126295167709	0.52119852220868	1	0	0	0	0	0.0909090909090909
M31	CNPPD1	11	9148:9158	133.27230102492	2.61751749660399	0.0750126295167709	0.52119852220868	1	0	0	0	0	0.0909090909090909
M31	UBA1	11	9148:9158	133.27230102492	2.61751749660399	0.0750126295167709	0.52119852220868	1	0	0	0	0	0.0909090909090909
M31	YIPF3	11	9148:9158	133.27230102492	2.61751749660399	0.0750126295167709	0.52119852220868	1	0	0	0	0	0.0909090909090909
M31	SFRP2	11	9148:9158	133.27230102492	2.61751749660399	0.0750126295167709	0.52119852220868	1	0	0	0	0	0.0909090909090909
M31	NCALD	11	9148:9158	133.27230102492	2.61751749660399	0.0750126295167709	0.52119852220868	1	0	0	0	0	0.0909090909090909
M31	BMF	11	9148:9158	133.27230102492	2.61751749660399	0.0750126295167709	0.52119852220868	1	0	0	0	0	0.0909090909090909
M31	PRR13	11	9148:9158	133.27230102492	2.61751749660399	0.0750126295167709	0.52119852220868	1	0	0	0	0	0.0909090909090909
M48	CIB2	10	9159:9168	24.5442376340175	3.19085589721935	0.0912915339269335	0.305907141362832	0.9	0.1	0	0	0	0
M48	SPRY4	10	9159:9168	24.5442376340175	3.19085589721935	0.0912915339269335	0.305907141362832	0.9	0.1	0	0	0	0
M48	P2RY1	10	9159:9168	24.5442376340175	3.19085589721935	0.0912915339269335	0.305907141362832	0.9	0.1	0	0	0	0
M48	DUSP6	10	9159:9168	24.5442376340175	3.19085589721935	0.0912915339269335	0.305907141362832	0.9	0.1	0	0	0	0
M48	GMFG	10	9159:9168	24.5442376340175	3.19085589721935	0.0912915339269335	0.305907141362832	0.9	0.1	0	0	0	0
M48	ITGA1	10	9159:9168	24.5442376340175	3.19085589721935	0.0912915339269335	0.305907141362832	0.9	0.1	0	0	0	0
M48	HHIP-AS1	10	9159:9168	24.5442376340175	3.19085589721935	0.0912915339269335	0.305907141362832	0.9	0.1	0	0	0	0
M48	CHST2	10	9159:9168	24.5442376340175	3.19085589721935	0.0912915339269335	0.305907141362832	0.9	0.1	0	0	0	0
M48	ACKR3	10	9159:9168	24.5442376340175	3.19085589721935	0.0912915339269335	0.305907141362832	0.9	0.1	0	0	0	0
M48	ABCC4	10	9159:9168	24.5442376340175	3.19085589721935	0.0912915339269335	0.305907141362832	0.9	0.1	0	0	0	0
M32	SSRP1	11	9169:9179	318.969881883346	2.09435857240193	0.0764078156406502	0.670493692161447	1	0	0	0	0	0.181818181818182
M32	TEPSIN	11	9169:9179	318.969881883346	2.09435857240193	0.0764078156406502	0.670493692161447	1	0	0	0	0	0.181818181818182
M32	ZNF577	11	9169:9179	318.969881883346	2.09435857240193	0.0764078156406502	0.670493692161447	1	0	0	0	0	0.181818181818182
M32	TRIM16L	11	9169:9179	318.969881883346	2.09435857240193	0.0764078156406502	0.670493692161447	1	0	0	0	0	0.181818181818182
M32	POLR3GL	11	9169:9179	318.969881883346	2.09435857240193	0.0764078156406502	0.670493692161447	1	0	0	0	0	0.181818181818182
M32	TXNL1	11	9169:9179	318.969881883346	2.09435857240193	0.0764078156406502	0.670493692161447	1	0	0	0	0	0.181818181818182
M32	MRPS18C	11	9169:9179	318.969881883346	2.09435857240193	0.0764078156406502	0.670493692161447	1	0	0	0	0	0.181818181818182
M32	TRIM16	11	9169:9179	318.969881883346	2.09435857240193	0.0764078156406502	0.670493692161447	1	0	0	0	0	0.181818181818182
M32	POFUT2	11	9169:9179	318.969881883346	2.09435857240193	0.0764078156406502	0.670493692161447	1	0	0	0	0	0.181818181818182
M32	CUTA	11	9169:9179	318.969881883346	2.09435857240193	0.0764078156406502	0.670493692161447	1	0	0	0	0	0.181818181818182
M32	MEA1	11	9169:9179	318.969881883346	2.09435857240193	0.0764078156406502	0.670493692161447	1	0	0	0	0	0.181818181818182
M16	IGFBP7	14	9180:9193	1350.73127814495	0.941713100876338	0.20926148892054	0.420700597616166	1	0	0	0	0	0
M16	COL5A2	14	9180:9193	1350.73127814495	0.941713100876338	0.20926148892054	0.420700597616166	1	0	0	0	0	0
M16	COL6A3	14	9180:9193	1350.73127814495	0.941713100876338	0.20926148892054	0.420700597616166	1	0	0	0	0	0
M16	LUM	14	9180:9193	1350.73127814495	0.941713100876338	0.20926148892054	0.420700597616166	1	0	0	0	0	0
M16	COL4A1	14	9180:9193	1350.73127814495	0.941713100876338	0.20926148892054	0.420700597616166	1	0	0	0	0	0
M16	COL1A1	14	9180:9193	1350.73127814495	0.941713100876338	0.20926148892054	0.420700597616166	1	0	0	0	0	0
M16	TIMP2	14	9180:9193	1350.73127814495	0.941713100876338	0.20926148892054	0.420700597616166	1	0	0	0	0	0
M16	COL3A1	14	9180:9193	1350.73127814495	0.941713100876338	0.20926148892054	0.420700597616166	1	0	0	0	0	0
M16	SERPINH1	14	9180:9193	1350.73127814495	0.941713100876338	0.20926148892054	0.420700597616166	1	0	0	0	0	0
M16	SPARC	14	9180:9193	1350.73127814495	0.941713100876338	0.20926148892054	0.420700597616166	1	0	0	0	0	0
M16	GPC4	14	9180:9193	1350.73127814495	0.941713100876338	0.20926148892054	0.420700597616166	1	0	0	0	0	0
M16	DCN	14	9180:9193	1350.73127814495	0.941713100876338	0.20926148892054	0.420700597616166	1	0	0	0	0	0
M16	COL1A2	14	9180:9193	1350.73127814495	0.941713100876338	0.20926148892054	0.420700597616166	1	0	0	0	0	0
M16	PMP22	14	9180:9193	1350.73127814495	0.941713100876338	0.20926148892054	0.420700597616166	1	0	0	0	0	0
M17	MCTP1	14	9194:9207	160.221969347845	1.96188890688402	0.116203102141015	0.450607819180764	1	0	0	0	0	0
M17	ST6GALNAC5	14	9194:9207	160.221969347845	1.96188890688402	0.116203102141015	0.450607819180764	1	0	0	0	0	0
M17	FHL1	14	9194:9207	160.221969347845	1.96188890688402	0.116203102141015	0.450607819180764	1	0	0	0	0	0
M17	CD302	14	9194:9207	160.221969347845	1.96188890688402	0.116203102141015	0.450607819180764	1	0	0	0	0	0
M17	NCKAP5	14	9194:9207	160.221969347845	1.96188890688402	0.116203102141015	0.450607819180764	1	0	0	0	0	0
M17	COL28A1	14	9194:9207	160.221969347845	1.96188890688402	0.116203102141015	0.450607819180764	1	0	0	0	0	0
M17	FBLN5	14	9194:9207	160.221969347845	1.96188890688402	0.116203102141015	0.450607819180764	1	0	0	0	0	0
M17	NT5E	14	9194:9207	160.221969347845	1.96188890688402	0.116203102141015	0.450607819180764	1	0	0	0	0	0
M17	ZNF106	14	9194:9207	160.221969347845	1.96188890688402	0.116203102141015	0.450607819180764	1	0	0	0	0	0
M17	ERRFI1	14	9194:9207	160.221969347845	1.96188890688402	0.116203102141015	0.450607819180764	1	0	0	0	0	0
M17	PTRF	14	9194:9207	160.221969347845	1.96188890688402	0.116203102141015	0.450607819180764	1	0	0	0	0	0
M17	SVEP1	14	9194:9207	160.221969347845	1.96188890688402	0.116203102141015	0.450607819180764	1	0	0	0	0	0
M17	FSTL1	14	9194:9207	160.221969347845	1.96188890688402	0.116203102141015	0.450607819180764	1	0	0	0	0	0
M17	THBS1	14	9194:9207	160.221969347845	1.96188890688402	0.116203102141015	0.450607819180764	1	0	0	0	0	0
M49	FTH1P7	10	9208:9217	278.769755180058	1.55570370159656	0.246997003226963	0.376915178080235	0.1	0	0	0.9	0	0
M49	FTH1	10	9208:9217	278.769755180058	1.55570370159656	0.246997003226963	0.376915178080235	0.1	0	0	0.9	0	0
M49	FTH1P16	10	9208:9217	278.769755180058	1.55570370159656	0.246997003226963	0.376915178080235	0.1	0	0	0.9	0	0
M49	FTH1P10	10	9208:9217	278.769755180058	1.55570370159656	0.246997003226963	0.376915178080235	0.1	0	0	0.9	0	0
M49	FTH1P8	10	9208:9217	278.769755180058	1.55570370159656	0.246997003226963	0.376915178080235	0.1	0	0	0.9	0	0
M49	FTH1P12	10	9208:9217	278.769755180058	1.55570370159656	0.246997003226963	0.376915178080235	0.1	0	0	0.9	0	0
M49	FTH1P2	10	9208:9217	278.769755180058	1.55570370159656	0.246997003226963	0.376915178080235	0.1	0	0	0.9	0	0
M49	FTH1P5	10	9208:9217	278.769755180058	1.55570370159656	0.246997003226963	0.376915178080235	0.1	0	0	0.9	0	0
M49	FTH1P20	10	9208:9217	278.769755180058	1.55570370159656	0.246997003226963	0.376915178080235	0.1	0	0	0.9	0	0
M49	FTH1P11	10	9208:9217	278.769755180058	1.55570370159656	0.246997003226963	0.376915178080235	0.1	0	0	0.9	0	0
M7	CHEK1	18	9218:9235	119.058936717303	2.72653447289261	0.146803857337083	0.481666855346932	0.944444444444444	0	0	0.0555555555555556	0	0
M7	FEM1C	18	9218:9235	119.058936717303	2.72653447289261	0.146803857337083	0.481666855346932	0.944444444444444	0	0	0.0555555555555556	0	0
M7	DSN1	18	9218:9235	119.058936717303	2.72653447289261	0.146803857337083	0.481666855346932	0.944444444444444	0	0	0.0555555555555556	0	0
M7	MAPRE1	18	9218:9235	119.058936717303	2.72653447289261	0.146803857337083	0.481666855346932	0.944444444444444	0	0	0.0555555555555556	0	0
M7	TYMS	18	9218:9235	119.058936717303	2.72653447289261	0.146803857337083	0.481666855346932	0.944444444444444	0	0	0.0555555555555556	0	0
M7	AC022182.2	18	9218:9235	119.058936717303	2.72653447289261	0.146803857337083	0.481666855346932	0.944444444444444	0	0	0.0555555555555556	0	0
M7	MCM4	18	9218:9235	119.058936717303	2.72653447289261	0.146803857337083	0.481666855346932	0.944444444444444	0	0	0.0555555555555556	0	0
M7	MCM3	18	9218:9235	119.058936717303	2.72653447289261	0.146803857337083	0.481666855346932	0.944444444444444	0	0	0.0555555555555556	0	0
M7	KNTC1	18	9218:9235	119.058936717303	2.72653447289261	0.146803857337083	0.481666855346932	0.944444444444444	0	0	0.0555555555555556	0	0
M7	NASP	18	9218:9235	119.058936717303	2.72653447289261	0.146803857337083	0.481666855346932	0.944444444444444	0	0	0.0555555555555556	0	0
M7	GINS2	18	9218:9235	119.058936717303	2.72653447289261	0.146803857337083	0.481666855346932	0.944444444444444	0	0	0.0555555555555556	0	0
M7	MCM6	18	9218:9235	119.058936717303	2.72653447289261	0.146803857337083	0.481666855346932	0.944444444444444	0	0	0.0555555555555556	0	0
M7	TUBA1B	18	9218:9235	119.058936717303	2.72653447289261	0.146803857337083	0.481666855346932	0.944444444444444	0	0	0.0555555555555556	0	0
M7	CDC7	18	9218:9235	119.058936717303	2.72653447289261	0.146803857337083	0.481666855346932	0.944444444444444	0	0	0.0555555555555556	0	0
M7	CDCA7	18	9218:9235	119.058936717303	2.72653447289261	0.146803857337083	0.481666855346932	0.944444444444444	0	0	0.0555555555555556	0	0
M7	TIMELESS	18	9218:9235	119.058936717303	2.72653447289261	0.146803857337083	0.481666855346932	0.944444444444444	0	0	0.0555555555555556	0	0
M7	MCM5	18	9218:9235	119.058936717303	2.72653447289261	0.146803857337083	0.481666855346932	0.944444444444444	0	0	0.0555555555555556	0	0
M7	MCM2	18	9218:9235	119.058936717303	2.72653447289261	0.146803857337083	0.481666855346932	0.944444444444444	0	0	0.0555555555555556	0	0
M14	CALM2	15	9236:9250	678.745206521055	1.25142354398708	0.126048669563384	0.542165870427217	1	0	0	0	0	0
M14	MYL6	15	9236:9250	678.745206521055	1.25142354398708	0.126048669563384	0.542165870427217	1	0	0	0	0	0
M14	PARK7	15	9236:9250	678.745206521055	1.25142354398708	0.126048669563384	0.542165870427217	1	0	0	0	0	0
M14	FIS1	15	9236:9250	678.745206521055	1.25142354398708	0.126048669563384	0.542165870427217	1	0	0	0	0	0
M14	CHCHD10	15	9236:9250	678.745206521055	1.25142354398708	0.126048669563384	0.542165870427217	1	0	0	0	0	0
M14	MAP4	15	9236:9250	678.745206521055	1.25142354398708	0.126048669563384	0.542165870427217	1	0	0	0	0	0
M14	ATP5G3	15	9236:9250	678.745206521055	1.25142354398708	0.126048669563384	0.542165870427217	1	0	0	0	0	0
M14	NEDD8	15	9236:9250	678.745206521055	1.25142354398708	0.126048669563384	0.542165870427217	1	0	0	0	0	0
M14	TMSB10	15	9236:9250	678.745206521055	1.25142354398708	0.126048669563384	0.542165870427217	1	0	0	0	0	0
M14	COX6B1	15	9236:9250	678.745206521055	1.25142354398708	0.126048669563384	0.542165870427217	1	0	0	0	0	0
M14	ATP5I	15	9236:9250	678.745206521055	1.25142354398708	0.126048669563384	0.542165870427217	1	0	0	0	0	0
M14	UBL5	15	9236:9250	678.745206521055	1.25142354398708	0.126048669563384	0.542165870427217	1	0	0	0	0	0
M14	FKBP9	15	9236:9250	678.745206521055	1.25142354398708	0.126048669563384	0.542165870427217	1	0	0	0	0	0
M14	PSMA4	15	9236:9250	678.745206521055	1.25142354398708	0.126048669563384	0.542165870427217	1	0	0	0	0	0
M14	TXN	15	9236:9250	678.745206521055	1.25142354398708	0.126048669563384	0.542165870427217	1	0	0	0	0	0
M18	PEAK1	14	9251:9264	67.6141175363689	3.04912444577817	0.0661021465785386	0.62499666794086	0.785714285714286	0.0714285714285714	0	0.142857142857143	0	0
M18	KANSL3	14	9251:9264	67.6141175363689	3.04912444577817	0.0661021465785386	0.62499666794086	0.785714285714286	0.0714285714285714	0	0.142857142857143	0	0
M18	PIPOX	14	9251:9264	67.6141175363689	3.04912444577817	0.0661021465785386	0.62499666794086	0.785714285714286	0.0714285714285714	0	0.142857142857143	0	0
M18	DNM1	14	9251:9264	67.6141175363689	3.04912444577817	0.0661021465785386	0.62499666794086	0.785714285714286	0.0714285714285714	0	0.142857142857143	0	0
M18	PHKG1	14	9251:9264	67.6141175363689	3.04912444577817	0.0661021465785386	0.62499666794086	0.785714285714286	0.0714285714285714	0	0.142857142857143	0	0
M18	INGX	14	9251:9264	67.6141175363689	3.04912444577817	0.0661021465785386	0.62499666794086	0.785714285714286	0.0714285714285714	0	0.142857142857143	0	0
M18	MKLN1-AS	14	9251:9264	67.6141175363689	3.04912444577817	0.0661021465785386	0.62499666794086	0.785714285714286	0.0714285714285714	0	0.142857142857143	0	0
M18	FANCA	14	9251:9264	67.6141175363689	3.04912444577817	0.0661021465785386	0.62499666794086	0.785714285714286	0.0714285714285714	0	0.142857142857143	0	0
M18	MASP1	14	9251:9264	67.6141175363689	3.04912444577817	0.0661021465785386	0.62499666794086	0.785714285714286	0.0714285714285714	0	0.142857142857143	0	0
M18	B4GAT1	14	9251:9264	67.6141175363689	3.04912444577817	0.0661021465785386	0.62499666794086	0.785714285714286	0.0714285714285714	0	0.142857142857143	0	0
M18	MAPK13	14	9251:9264	67.6141175363689	3.04912444577817	0.0661021465785386	0.62499666794086	0.785714285714286	0.0714285714285714	0	0.142857142857143	0	0
M18	MAPT	14	9251:9264	67.6141175363689	3.04912444577817	0.0661021465785386	0.62499666794086	0.785714285714286	0.0714285714285714	0	0.142857142857143	0	0
M18	POLN	14	9251:9264	67.6141175363689	3.04912444577817	0.0661021465785386	0.62499666794086	0.785714285714286	0.0714285714285714	0	0.142857142857143	0	0
M18	RP11-15G8.1	14	9251:9264	67.6141175363689	3.04912444577817	0.0661021465785386	0.62499666794086	0.785714285714286	0.0714285714285714	0	0.142857142857143	0	0
M50	AHSA2	10	9265:9274	39.6125825785047	2.66565448430681	0.07973521400458	0.557891473993511	0.8	0.1	0	0.1	0	0
M50	SAMD8	10	9265:9274	39.6125825785047	2.66565448430681	0.07973521400458	0.557891473993511	0.8	0.1	0	0.1	0	0
M50	KALRN	10	9265:9274	39.6125825785047	2.66565448430681	0.07973521400458	0.557891473993511	0.8	0.1	0	0.1	0	0
M50	RPS20P22	10	9265:9274	39.6125825785047	2.66565448430681	0.07973521400458	0.557891473993511	0.8	0.1	0	0.1	0	0
M50	AC006547.15	10	9265:9274	39.6125825785047	2.66565448430681	0.07973521400458	0.557891473993511	0.8	0.1	0	0.1	0	0
M50	SCN10A	10	9265:9274	39.6125825785047	2.66565448430681	0.07973521400458	0.557891473993511	0.8	0.1	0	0.1	0	0
M50	CARD14	10	9265:9274	39.6125825785047	2.66565448430681	0.07973521400458	0.557891473993511	0.8	0.1	0	0.1	0	0
M50	RUBCN	10	9265:9274	39.6125825785047	2.66565448430681	0.07973521400458	0.557891473993511	0.8	0.1	0	0.1	0	0
M50	MICAL1	10	9265:9274	39.6125825785047	2.66565448430681	0.07973521400458	0.557891473993511	0.8	0.1	0	0.1	0	0
M50	TMEM19	10	9265:9274	39.6125825785047	2.66565448430681	0.07973521400458	0.557891473993511	0.8	0.1	0	0.1	0	0
M51	CTD-2013N17.4	10	9275:9284	38.1298230999897	3.10571281435924	0.080893723805394	0.481333395318364	0.5	0.4	0	0.1	0	0
M51	RP5-1198O20.4	10	9275:9284	38.1298230999897	3.10571281435924	0.080893723805394	0.481333395318364	0.5	0.4	0	0.1	0	0
M51	CD40LG	10	9275:9284	38.1298230999897	3.10571281435924	0.080893723805394	0.481333395318364	0.5	0.4	0	0.1	0	0
M51	CTA-212A2.3	10	9275:9284	38.1298230999897	3.10571281435924	0.080893723805394	0.481333395318364	0.5	0.4	0	0.1	0	0
M51	RP11-247I13.6	10	9275:9284	38.1298230999897	3.10571281435924	0.080893723805394	0.481333395318364	0.5	0.4	0	0.1	0	0
M51	ARHGAP26	10	9275:9284	38.1298230999897	3.10571281435924	0.080893723805394	0.481333395318364	0.5	0.4	0	0.1	0	0
M51	RP11-360N9.2	10	9275:9284	38.1298230999897	3.10571281435924	0.080893723805394	0.481333395318364	0.5	0.4	0	0.1	0	0
M51	MAGI2	10	9275:9284	38.1298230999897	3.10571281435924	0.080893723805394	0.481333395318364	0.5	0.4	0	0.1	0	0
M51	FAM156A	10	9275:9284	38.1298230999897	3.10571281435924	0.080893723805394	0.481333395318364	0.5	0.4	0	0.1	0	0
M51	MRPS21	10	9275:9284	38.1298230999897	3.10571281435924	0.080893723805394	0.481333395318364	0.5	0.4	0	0.1	0	0
M23	NCF2	12	9285:9296	147.127801219263	3.28703483727989	0.158546850312501	0.483894572258532	0.833333333333333	0	0	0	0.166666666666667	0
M23	IGLC2	12	9285:9296	147.127801219263	3.28703483727989	0.158546850312501	0.483894572258532	0.833333333333333	0	0	0	0.166666666666667	0
M23	MKI67	12	9285:9296	147.127801219263	3.28703483727989	0.158546850312501	0.483894572258532	0.833333333333333	0	0	0	0.166666666666667	0
M23	TPX2	12	9285:9296	147.127801219263	3.28703483727989	0.158546850312501	0.483894572258532	0.833333333333333	0	0	0	0.166666666666667	0
M23	CLSPN	12	9285:9296	147.127801219263	3.28703483727989	0.158546850312501	0.483894572258532	0.833333333333333	0	0	0	0.166666666666667	0
M23	HLA-DPB1	12	9285:9296	147.127801219263	3.28703483727989	0.158546850312501	0.483894572258532	0.833333333333333	0	0	0	0.166666666666667	0
M23	KPNB1	12	9285:9296	147.127801219263	3.28703483727989	0.158546850312501	0.483894572258532	0.833333333333333	0	0	0	0.166666666666667	0
M23	IGHM	12	9285:9296	147.127801219263	3.28703483727989	0.158546850312501	0.483894572258532	0.833333333333333	0	0	0	0.166666666666667	0
M23	PRC1	12	9285:9296	147.127801219263	3.28703483727989	0.158546850312501	0.483894572258532	0.833333333333333	0	0	0	0.166666666666667	0
M23	CENPE	12	9285:9296	147.127801219263	3.28703483727989	0.158546850312501	0.483894572258532	0.833333333333333	0	0	0	0.166666666666667	0
M23	ITGAL	12	9285:9296	147.127801219263	3.28703483727989	0.158546850312501	0.483894572258532	0.833333333333333	0	0	0	0.166666666666667	0
M23	BIRC5	12	9285:9296	147.127801219263	3.28703483727989	0.158546850312501	0.483894572258532	0.833333333333333	0	0	0	0.166666666666667	0
M24	RPS6	12	9297:9308	1412.57629366092	0.514533646348198	0.246886917788908	0.458346614343206	0.666666666666667	0	0	0.333333333333333	0	0
M24	RP11-234A1.1	12	9297:9308	1412.57629366092	0.514533646348198	0.246886917788908	0.458346614343206	0.666666666666667	0	0	0.333333333333333	0	0
M24	RPL9	12	9297:9308	1412.57629366092	0.514533646348198	0.246886917788908	0.458346614343206	0.666666666666667	0	0	0.333333333333333	0	0
M24	RPL3	12	9297:9308	1412.57629366092	0.514533646348198	0.246886917788908	0.458346614343206	0.666666666666667	0	0	0.333333333333333	0	0
M24	RPS18	12	9297:9308	1412.57629366092	0.514533646348198	0.246886917788908	0.458346614343206	0.666666666666667	0	0	0.333333333333333	0	0
M24	RPS23	12	9297:9308	1412.57629366092	0.514533646348198	0.246886917788908	0.458346614343206	0.666666666666667	0	0	0.333333333333333	0	0
M24	RPS23P8	12	9297:9308	1412.57629366092	0.514533646348198	0.246886917788908	0.458346614343206	0.666666666666667	0	0	0.333333333333333	0	0
M24	RPL9P9	12	9297:9308	1412.57629366092	0.514533646348198	0.246886917788908	0.458346614343206	0.666666666666667	0	0	0.333333333333333	0	0
M24	RPL3P4	12	9297:9308	1412.57629366092	0.514533646348198	0.246886917788908	0.458346614343206	0.666666666666667	0	0	0.333333333333333	0	0
M24	TPT1	12	9297:9308	1412.57629366092	0.514533646348198	0.246886917788908	0.458346614343206	0.666666666666667	0	0	0.333333333333333	0	0
M24	RPL26	12	9297:9308	1412.57629366092	0.514533646348198	0.246886917788908	0.458346614343206	0.666666666666667	0	0	0.333333333333333	0	0
M24	RPL4	12	9297:9308	1412.57629366092	0.514533646348198	0.246886917788908	0.458346614343206	0.666666666666667	0	0	0.333333333333333	0	0
M5	RPL38	20	9309:9328	1118.61988232221	0.652514952017602	0.207570765999979	0.433369374576968	1	0	0	0	0	0
M5	RPL22	20	9309:9328	1118.61988232221	0.652514952017602	0.207570765999979	0.433369374576968	1	0	0	0	0	0
M5	RPL11	20	9309:9328	1118.61988232221	0.652514952017602	0.207570765999979	0.433369374576968	1	0	0	0	0	0
M5	RPL34	20	9309:9328	1118.61988232221	0.652514952017602	0.207570765999979	0.433369374576968	1	0	0	0	0	0
M5	RPL37A	20	9309:9328	1118.61988232221	0.652514952017602	0.207570765999979	0.433369374576968	1	0	0	0	0	0
M5	RPL12	20	9309:9328	1118.61988232221	0.652514952017602	0.207570765999979	0.433369374576968	1	0	0	0	0	0
M5	RPS3	20	9309:9328	1118.61988232221	0.652514952017602	0.207570765999979	0.433369374576968	1	0	0	0	0	0
M5	RPL19	20	9309:9328	1118.61988232221	0.652514952017602	0.207570765999979	0.433369374576968	1	0	0	0	0	0
M5	RPS17	20	9309:9328	1118.61988232221	0.652514952017602	0.207570765999979	0.433369374576968	1	0	0	0	0	0
M5	RPS16	20	9309:9328	1118.61988232221	0.652514952017602	0.207570765999979	0.433369374576968	1	0	0	0	0	0
M5	RPS20	20	9309:9328	1118.61988232221	0.652514952017602	0.207570765999979	0.433369374576968	1	0	0	0	0	0
M5	RPL23	20	9309:9328	1118.61988232221	0.652514952017602	0.207570765999979	0.433369374576968	1	0	0	0	0	0
M5	RPL31	20	9309:9328	1118.61988232221	0.652514952017602	0.207570765999979	0.433369374576968	1	0	0	0	0	0
M5	RPS21	20	9309:9328	1118.61988232221	0.652514952017602	0.207570765999979	0.433369374576968	1	0	0	0	0	0
M5	RPL37	20	9309:9328	1118.61988232221	0.652514952017602	0.207570765999979	0.433369374576968	1	0	0	0	0	0
M5	RPL8	20	9309:9328	1118.61988232221	0.652514952017602	0.207570765999979	0.433369374576968	1	0	0	0	0	0
M5	EEF2	20	9309:9328	1118.61988232221	0.652514952017602	0.207570765999979	0.433369374576968	1	0	0	0	0	0
M5	RPS28	20	9309:9328	1118.61988232221	0.652514952017602	0.207570765999979	0.433369374576968	1	0	0	0	0	0
M5	RPS11	20	9309:9328	1118.61988232221	0.652514952017602	0.207570765999979	0.433369374576968	1	0	0	0	0	0
M5	NACA	20	9309:9328	1118.61988232221	0.652514952017602	0.207570765999979	0.433369374576968	1	0	0	0	0	0
M19	RPS27A	14	9329:9342	705.809841483781	0.73103049994226	0.158796812412716	0.353275773760174	0.928571428571429	0	0	0.0714285714285714	0	0
M19	RPL32	14	9329:9342	705.809841483781	0.73103049994226	0.158796812412716	0.353275773760174	0.928571428571429	0	0	0.0714285714285714	0	0
M19	RPL27A	14	9329:9342	705.809841483781	0.73103049994226	0.158796812412716	0.353275773760174	0.928571428571429	0	0	0.0714285714285714	0	0
M19	RPS24	14	9329:9342	705.809841483781	0.73103049994226	0.158796812412716	0.353275773760174	0.928571428571429	0	0	0.0714285714285714	0	0
M19	RPLP1	14	9329:9342	705.809841483781	0.73103049994226	0.158796812412716	0.353275773760174	0.928571428571429	0	0	0.0714285714285714	0	0
M19	RPLP2	14	9329:9342	705.809841483781	0.73103049994226	0.158796812412716	0.353275773760174	0.928571428571429	0	0	0.0714285714285714	0	0
M19	NAP1L1	14	9329:9342	705.809841483781	0.73103049994226	0.158796812412716	0.353275773760174	0.928571428571429	0	0	0.0714285714285714	0	0
M19	UQCRB	14	9329:9342	705.809841483781	0.73103049994226	0.158796812412716	0.353275773760174	0.928571428571429	0	0	0.0714285714285714	0	0
M19	RPL14	14	9329:9342	705.809841483781	0.73103049994226	0.158796812412716	0.353275773760174	0.928571428571429	0	0	0.0714285714285714	0	0
M19	RPL27	14	9329:9342	705.809841483781	0.73103049994226	0.158796812412716	0.353275773760174	0.928571428571429	0	0	0.0714285714285714	0	0
M19	RPS8	14	9329:9342	705.809841483781	0.73103049994226	0.158796812412716	0.353275773760174	0.928571428571429	0	0	0.0714285714285714	0	0
M19	RPL36	14	9329:9342	705.809841483781	0.73103049994226	0.158796812412716	0.353275773760174	0.928571428571429	0	0	0.0714285714285714	0	0
M19	RPL14P1	14	9329:9342	705.809841483781	0.73103049994226	0.158796812412716	0.353275773760174	0.928571428571429	0	0	0.0714285714285714	0	0
M19	GLTSCR2	14	9329:9342	705.809841483781	0.73103049994226	0.158796812412716	0.353275773760174	0.928571428571429	0	0	0.0714285714285714	0	0
M33	CTD-2287O16.1	11	9343:9353	285.670526027811	1.29339949308997	0.144821357983764	0.801344169901	0.363636363636364	0	0	0.636363636363636	0	0
M33	RPL34P26	11	9343:9353	285.670526027811	1.29339949308997	0.144821357983764	0.801344169901	0.363636363636364	0	0	0.636363636363636	0	0
M33	RPS25	11	9343:9353	285.670526027811	1.29339949308997	0.144821357983764	0.801344169901	0.363636363636364	0	0	0.636363636363636	0	0
M33	RPL34P1	11	9343:9353	285.670526027811	1.29339949308997	0.144821357983764	0.801344169901	0.363636363636364	0	0	0.636363636363636	0	0
M33	RPL39	11	9343:9353	285.670526027811	1.29339949308997	0.144821357983764	0.801344169901	0.363636363636364	0	0	0.636363636363636	0	0
M33	RPS5	11	9343:9353	285.670526027811	1.29339949308997	0.144821357983764	0.801344169901	0.363636363636364	0	0	0.636363636363636	0	0
M33	RPL13AP7	11	9343:9353	285.670526027811	1.29339949308997	0.144821357983764	0.801344169901	0.363636363636364	0	0	0.636363636363636	0	0
M33	RPL13AP5	11	9343:9353	285.670526027811	1.29339949308997	0.144821357983764	0.801344169901	0.363636363636364	0	0	0.636363636363636	0	0
M33	RPL34P27	11	9343:9353	285.670526027811	1.29339949308997	0.144821357983764	0.801344169901	0.363636363636364	0	0	0.636363636363636	0	0
M33	RPL13AP25	11	9343:9353	285.670526027811	1.29339949308997	0.144821357983764	0.801344169901	0.363636363636364	0	0	0.636363636363636	0	0
M33	RPL13A	11	9343:9353	285.670526027811	1.29339949308997	0.144821357983764	0.801344169901	0.363636363636364	0	0	0.636363636363636	0	0
M4	EHD3	21	9354:9374	310.94890499881	1.64403266934208	0.137172897959868	0.459362913143399	1	0	0	0	0	0
M4	SCUBE2	21	9354:9374	310.94890499881	1.64403266934208	0.137172897959868	0.459362913143399	1	0	0	0	0	0
M4	AKAP12	21	9354:9374	310.94890499881	1.64403266934208	0.137172897959868	0.459362913143399	1	0	0	0	0	0
M4	CRISPLD2	21	9354:9374	310.94890499881	1.64403266934208	0.137172897959868	0.459362913143399	1	0	0	0	0	0
M4	SEMA4D	21	9354:9374	310.94890499881	1.64403266934208	0.137172897959868	0.459362913143399	1	0	0	0	0	0
M4	HSD17B2	21	9354:9374	310.94890499881	1.64403266934208	0.137172897959868	0.459362913143399	1	0	0	0	0	0
M4	NRG1	21	9354:9374	310.94890499881	1.64403266934208	0.137172897959868	0.459362913143399	1	0	0	0	0	0
M4	OLFML2A	21	9354:9374	310.94890499881	1.64403266934208	0.137172897959868	0.459362913143399	1	0	0	0	0	0
M4	DLL1	21	9354:9374	310.94890499881	1.64403266934208	0.137172897959868	0.459362913143399	1	0	0	0	0	0
M4	ENPP2	21	9354:9374	310.94890499881	1.64403266934208	0.137172897959868	0.459362913143399	1	0	0	0	0	0
M4	SEMA5A	21	9354:9374	310.94890499881	1.64403266934208	0.137172897959868	0.459362913143399	1	0	0	0	0	0
M4	CXCR4	21	9354:9374	310.94890499881	1.64403266934208	0.137172897959868	0.459362913143399	1	0	0	0	0	0
M4	HHIP	21	9354:9374	310.94890499881	1.64403266934208	0.137172897959868	0.459362913143399	1	0	0	0	0	0
M4	GFRA1	21	9354:9374	310.94890499881	1.64403266934208	0.137172897959868	0.459362913143399	1	0	0	0	0	0
M4	LAMB1	21	9354:9374	310.94890499881	1.64403266934208	0.137172897959868	0.459362913143399	1	0	0	0	0	0
M4	CXCL14	21	9354:9374	310.94890499881	1.64403266934208	0.137172897959868	0.459362913143399	1	0	0	0	0	0
M4	SHANK2	21	9354:9374	310.94890499881	1.64403266934208	0.137172897959868	0.459362913143399	1	0	0	0	0	0
M4	NELL1	21	9354:9374	310.94890499881	1.64403266934208	0.137172897959868	0.459362913143399	1	0	0	0	0	0
M4	SEMA3A	21	9354:9374	310.94890499881	1.64403266934208	0.137172897959868	0.459362913143399	1	0	0	0	0	0
M4	A2M	21	9354:9374	310.94890499881	1.64403266934208	0.137172897959868	0.459362913143399	1	0	0	0	0	0
M4	PXDN	21	9354:9374	310.94890499881	1.64403266934208	0.137172897959868	0.459362913143399	1	0	0	0	0	0
M34	CCDC102B	11	9375:9385	133.153356927415	1.72587038036616	0.0957208601031948	0.434870009991031	1	0	0	0	0	0.0909090909090909
M34	SOBP	11	9375:9385	133.153356927415	1.72587038036616	0.0957208601031948	0.434870009991031	1	0	0	0	0	0.0909090909090909
M34	ALDH2	11	9375:9385	133.153356927415	1.72587038036616	0.0957208601031948	0.434870009991031	1	0	0	0	0	0.0909090909090909
M34	SYK	11	9375:9385	133.153356927415	1.72587038036616	0.0957208601031948	0.434870009991031	1	0	0	0	0	0.0909090909090909
M34	PLAT	11	9375:9385	133.153356927415	1.72587038036616	0.0957208601031948	0.434870009991031	1	0	0	0	0	0.0909090909090909
M34	MGLL	11	9375:9385	133.153356927415	1.72587038036616	0.0957208601031948	0.434870009991031	1	0	0	0	0	0.0909090909090909
M34	KIAA1217	11	9375:9385	133.153356927415	1.72587038036616	0.0957208601031948	0.434870009991031	1	0	0	0	0	0.0909090909090909
M34	ETV1	11	9375:9385	133.153356927415	1.72587038036616	0.0957208601031948	0.434870009991031	1	0	0	0	0	0.0909090909090909
M34	RND3	11	9375:9385	133.153356927415	1.72587038036616	0.0957208601031948	0.434870009991031	1	0	0	0	0	0.0909090909090909
M34	SPRY2	11	9375:9385	133.153356927415	1.72587038036616	0.0957208601031948	0.434870009991031	1	0	0	0	0	0.0909090909090909
M34	ENC1	11	9375:9385	133.153356927415	1.72587038036616	0.0957208601031948	0.434870009991031	1	0	0	0	0	0.0909090909090909
M11	MMP1	16	9386:9401	298.700388069104	1.83916254454433	0.144462607987614	0.38935568826157	0.9375	0.0625	0	0	0	0
M11	ALS2CL	16	9386:9401	298.700388069104	1.83916254454433	0.144462607987614	0.38935568826157	0.9375	0.0625	0	0	0	0
M11	THSD4	16	9386:9401	298.700388069104	1.83916254454433	0.144462607987614	0.38935568826157	0.9375	0.0625	0	0	0	0
M11	SYNPO2	16	9386:9401	298.700388069104	1.83916254454433	0.144462607987614	0.38935568826157	0.9375	0.0625	0	0	0	0
M11	VNN2	16	9386:9401	298.700388069104	1.83916254454433	0.144462607987614	0.38935568826157	0.9375	0.0625	0	0	0	0
M11	NSG1	16	9386:9401	298.700388069104	1.83916254454433	0.144462607987614	0.38935568826157	0.9375	0.0625	0	0	0	0
M11	OLFM1	16	9386:9401	298.700388069104	1.83916254454433	0.144462607987614	0.38935568826157	0.9375	0.0625	0	0	0	0
M11	MMP10	16	9386:9401	298.700388069104	1.83916254454433	0.144462607987614	0.38935568826157	0.9375	0.0625	0	0	0	0
M11	CDH13	16	9386:9401	298.700388069104	1.83916254454433	0.144462607987614	0.38935568826157	0.9375	0.0625	0	0	0	0
M11	PPARGC1B	16	9386:9401	298.700388069104	1.83916254454433	0.144462607987614	0.38935568826157	0.9375	0.0625	0	0	0	0
M11	CMIP	16	9386:9401	298.700388069104	1.83916254454433	0.144462607987614	0.38935568826157	0.9375	0.0625	0	0	0	0
M11	FENDRR	16	9386:9401	298.700388069104	1.83916254454433	0.144462607987614	0.38935568826157	0.9375	0.0625	0	0	0	0
M11	SLC26A2	16	9386:9401	298.700388069104	1.83916254454433	0.144462607987614	0.38935568826157	0.9375	0.0625	0	0	0	0
M11	PTCH1	16	9386:9401	298.700388069104	1.83916254454433	0.144462607987614	0.38935568826157	0.9375	0.0625	0	0	0	0
M11	MAMDC2	16	9386:9401	298.700388069104	1.83916254454433	0.144462607987614	0.38935568826157	0.9375	0.0625	0	0	0	0
M11	LTBP1	16	9386:9401	298.700388069104	1.83916254454433	0.144462607987614	0.38935568826157	0.9375	0.0625	0	0	0	0
