cluster	myAUC	avg_diff	power	avg_logFC	pct.1	pct.2	p_val_adj	gene	ident	spec
0	0.921	1.28120225806626	0.842	1.28120225806626	0.958	0.311	NA	HLA-DPA1	B-CD83	FALSE
0	0.92	1.949981495078	0.84	1.949981495078	0.964	0.645	NA	CD83	B-CD83	TRUE
0	0.92	1.46789251043155	0.84	1.46789251043155	0.99	0.39	NA	HLA-DRB1	B-CD83	FALSE
0	0.9	1.30370586766512	0.8	1.30370586766512	0.992	0.57	NA	HLA-DRA	B-CD83	FALSE
0	0.899	1.27043204852934	0.798	1.27043204852934	0.995	0.762	NA	CD74	B-CD83	FALSE
0	0.896	1.35220223722878	0.792	1.35220223722878	0.995	0.338	NA	IGHM	B-CD83	FALSE
0	0.879	1.20072902407804	0.758	1.20072902407804	0.99	0.518	NA	HLA-DPB1	B-CD83	FALSE
0	0.867	1.08102091937536	0.734	1.08102091937536	0.974	0.591	NA	SWAP70	B-CD83	FALSE
0	0.866	1.23894151449496	0.732	1.23894151449496	0.971	0.624	NA	CXCR4	B-CD83	FALSE
0	0.866	1.20874817450131	0.732	1.20874817450131	0.964	0.258	NA	MS4A1	B-CD83	FALSE
0	0.859	1.07302827902271	0.718	1.07302827902271	0.966	0.495	NA	RALGPS2	B-CD83	FALSE
0	0.852	1.08367305288289	0.704	1.08367305288289	0.958	0.713	NA	HERPUD1	B-CD83	FALSE
0	0.852	0.921316210826119	0.704	0.921316210826119	0.951	0.277	NA	FAM129C	B-CD83	FALSE
0	0.849	1.00820950741266	0.698	1.00820950741266	0.911	0.321	NA	RUBCNL	B-CD83	FALSE
0	0.846	1.04900532921021	0.692	1.04900532921021	0.878	0.397	NA	GM2A	B-CD83	TRUE
0	0.846	0.918419504937923	0.692	0.918419504937923	0.867	0.235	NA	CD22	B-CD83	FALSE
0	0.841	0.748491237794749	0.682	0.748491237794749	0.938	0.563	NA	CD37	B-CD83	FALSE
0	0.838	1.05811596398446	0.676	1.05811596398446	0.956	0.718	NA	CD55	B-CD83	FALSE
0	0.837	0.946502664945539	0.674	0.946502664945539	0.922	0.329	NA	BANK1	B-CD83	FALSE
0	0.832	0.822751828401937	0.664	0.822751828401937	0.812	0.175	NA	CD24	B-CD83	FALSE
0	0.821	0.813420356715983	0.642	0.813420356715983	0.841	0.213	NA	FCRLA	B-CD83	FALSE
0	0.819	1.003090646689	0.638	1.003090646689	0.784	0.268	NA	EIF2AK3	B-CD83	FALSE
0	0.819	0.705721222215822	0.638	0.705721222215822	0.794	0.208	NA	CD79A	B-CD83	FALSE
0	0.814	0.790033062433057	0.628	0.790033062433057	0.839	0.27	NA	HLA-DMA	B-CD83	FALSE
0	0.812	0.915753647308738	0.624	0.915753647308738	0.87	0.415	NA	PHACTR1	B-CD83	FALSE
0	0.812	0.860990121587583	0.624	0.860990121587583	0.854	0.329	NA	SPIB	B-CD83	FALSE
0	0.809	0.785800717107609	0.618	0.785800717107609	0.781	0.179	NA	TCL1A	B-CD83	FALSE
0	0.808	0.76165395366908	0.616	0.76165395366908	0.878	0.41	NA	IRF8	B-CD83	FALSE
0	0.801	0.716860163640198	0.602	0.716860163640198	0.904	0.533	NA	PARP15	B-CD83	FALSE
0	0.8	0.742984259681218	0.6	0.742984259681218	0.771	0.217	NA	POU2AF1	B-CD83	FALSE
0	0.799	1.12009971912958	0.598	1.12009971912958	0.729	0.228	NA	CXCR5	B-CD83	FALSE
0	0.799	0.734088481853365	0.598	0.734088481853365	0.88	0.339	NA	HLA-DMB	B-CD83	FALSE
0	0.789	0.943691195208904	0.578	0.943691195208904	0.951	0.646	NA	YBX3	B-CD83	FALSE
0	0.787	0.819457366057668	0.574	0.819457366057668	0.94	0.591	NA	SH3BP5	B-CD83	FALSE
0	0.787	0.725114199227598	0.574	0.725114199227598	0.971	0.802	NA	EZR	B-CD83	FALSE
0	0.783	0.937288791639041	0.566	0.937288791639041	0.781	0.347	NA	RASGEF1B	B-CD83	FALSE
0	0.779	0.800808581538818	0.558	0.800808581538818	0.831	0.445	NA	IRS2	B-CD83	FALSE
0	0.774	0.698401077026204	0.548	0.698401077026204	0.766	0.269	NA	HLA-DOA	B-CD83	FALSE
0	0.768	0.787818111597316	0.536	0.787818111597316	0.68	0.215	NA	OTUD1	B-CD83	FALSE
0	0.764	0.753375934910908	0.528	0.753375934910908	0.831	0.448	NA	PDE4B	B-CD83	FALSE
0	0.764	0.736152258271031	0.528	0.736152258271031	0.927	0.683	NA	ODC1	B-CD83	FALSE
0	0.743	1.05135834401529	0.486	1.05135834401529	0.846	0.543	NA	RGS2	B-CD83	FALSE
0	0.735	0.730532749855389	0.47	0.730532749855389	0.914	0.731	NA	PARP14	B-CD83	FALSE
0	0.735	0.710143522485152	0.47	0.710143522485152	0.984	0.85	NA	KLF6	B-CD83	FALSE
0	0.734	0.735334421386476	0.468	0.735334421386476	0.87	0.688	NA	PRDM2	B-CD83	FALSE
0	0.733	1.59543059150546	0.466	1.59543059150546	0.599	0.178	NA	IGLC2	B-CD83	FALSE
0	0.721	0.710404114694447	0.442	0.710404114694447	0.669	0.304	NA	GPR183	B-CD83	FALSE
0	0.72	1.35507700778811	0.44	1.35507700778811	0.646	0.308	NA	IGKC	B-CD83	FALSE
0	0.712	0.70079888620391	0.424	0.70079888620391	0.703	0.349	NA	DUSP5	B-CD83	FALSE
0	0.707	1.22904522933172	0.414	1.22904522933172	0.51	0.115	NA	IGLC3	B-CD83	FALSE
0	0.706	0.69721014069728	0.412	0.69721014069728	0.716	0.466	NA	LY9	B-CD83	FALSE
1	0.969	1.98676913445698	0.938	1.98676913445698	0.947	0.084	NA	NKG7	NKT	TRUE
1	0.956	2.75303881660223	0.912	2.75303881660223	0.931	0.125	NA	KLRD1	NKT	TRUE
1	0.938	1.45270746073211	0.876	1.45270746073211	0.889	0.037	NA	CST7	NKT	TRUE
1	0.926	1.25200702838204	0.852	1.25200702838204	0.952	0.367	NA	APMAP	NKT	TRUE
1	0.906	1.64502375281289	0.812	1.64502375281289	0.836	0.094	NA	IL2RB	NKT	TRUE
1	0.906	1.579261040831	0.812	1.579261040831	0.847	0.125	NA	PRF1	NKT	TRUE
1	0.905	1.29436254272504	0.81	1.29436254272504	0.958	0.352	NA	PRKCH	NKT	TRUE
1	0.904	1.28678041583293	0.808	1.28678041583293	0.995	0.755	NA	ITGAL	NKT	TRUE
1	0.902	1.97172255427999	0.804	1.97172255427999	0.852	0.153	NA	GZMA	NKT	TRUE
1	0.901	1.21230195082672	0.802	1.21230195082672	0.989	0.414	NA	SRGN	NKT	FALSE
1	0.897	1.57791131646864	0.794	1.57791131646864	0.825	0.071	NA	KLRB1	NKT	TRUE
1	0.894	1.24608462741901	0.788	1.24608462741901	0.91	0.24	NA	PYHIN1	NKT	TRUE
1	0.891	1.15147265341576	0.782	1.15147265341576	0.862	0.161	NA	AOAH	NKT	TRUE
1	0.888	1.05575902782467	0.776	1.05575902782467	0.974	0.626	NA	RUNX3	NKT	TRUE
1	0.882	1.90937210685667	0.764	1.90937210685667	0.831	0.208	NA	TGFBR3	NKT	TRUE
1	0.881	2.61963677330691	0.762	2.61963677330691	0.804	0.15	NA	CCL5	NKT	TRUE
1	0.88	1.22426428840255	0.76	1.22426428840255	0.831	0.128	NA	RORA	NKT	TRUE
1	0.879	1.32089321366858	0.758	1.32089321366858	0.778	0.03	NA	EOMES	NKT	TRUE
1	0.878	1.02944007273271	0.756	1.02944007273271	0.979	0.657	NA	FYN	NKT	FALSE
1	0.875	1.03584264484103	0.75	1.03584264484103	0.958	0.658	NA	STK17A	NKT	TRUE
1	0.873	1.18839127513463	0.746	1.18839127513463	0.836	0.173	NA	SYTL2	NKT	TRUE
1	0.867	0.864792345718353	0.734	0.864792345718353	0.995	0.856	NA	WIPF1	NKT	TRUE
1	0.855	0.828700800278993	0.71	0.828700800278993	0.974	0.755	NA	ITGB2	NKT	FALSE
1	0.854	1.01719882767141	0.708	1.01719882767141	0.762	0.098	NA	CD244	NKT	TRUE
1	0.854	0.958882472252835	0.708	0.958882472252835	0.995	0.955	NA	HLA-C	NKT	FALSE
1	0.852	1.12584226499452	0.704	1.12584226499452	0.878	0.243	NA	SH2D1A	NKT	FALSE
1	0.852	1.08063845178296	0.704	1.08063845178296	0.767	0.093	NA	GBP5	NKT	TRUE
1	0.851	1.0192460102521	0.702	1.0192460102521	0.725	0.04	NA	MYBL1	NKT	TRUE
1	0.85	1.14544989394652	0.7	1.14544989394652	0.81	0.222	NA	HEG1	NKT	TRUE
1	0.849	1.03183681822004	0.698	1.03183681822004	0.725	0.033	NA	TRDC	NKT	TRUE
1	0.849	0.976605082989071	0.698	0.976605082989071	0.947	0.34	NA	SLFN5	NKT	FALSE
1	0.848	1.15277596247684	0.696	1.15277596247684	0.73	0.068	NA	CD160	NKT	TRUE
1	0.843	0.905691305763337	0.686	0.905691305763337	0.783	0.166	NA	CD247	NKT	TRUE
1	0.841	0.927817702223857	0.682	0.927817702223857	0.989	0.701	NA	BIN2	NKT	FALSE
1	0.837	0.830614976131207	0.674	0.830614976131207	0.751	0.142	NA	STAT4	NKT	TRUE
1	0.835	0.945503156718267	0.67	0.945503156718267	0.899	0.285	NA	CD96	NKT	FALSE
1	0.833	1.10917025664383	0.666	1.10917025664383	0.683	0.035	NA	NCR1	NKT	TRUE
1	0.83	0.900913915103365	0.66	0.900913915103365	0.926	0.57	NA	CD63	NKT	FALSE
1	0.826	1.39735887719762	0.652	1.39735887719762	0.958	0.834	NA	IER2	NKT	FALSE
1	0.826	1.04289143792858	0.652	1.04289143792858	0.847	0.334	NA	RARRES3	NKT	FALSE
1	0.824	0.919174526746458	0.648	0.919174526746458	0.73	0.114	NA	SLFN12L	NKT	FALSE
1	0.821	1.49189641517812	0.642	1.49189641517812	0.815	0.31	NA	CCL3L3	NKT	FALSE
1	0.82	1.75853018543629	0.64	1.75853018543629	0.651	0.024	NA	KLRC1	NKT	TRUE
1	0.819	1.90496902017948	0.638	1.90496902017948	0.778	0.303	NA	CCL3	NKT	FALSE
1	0.819	0.94365655404888	0.638	0.94365655404888	0.661	0.039	NA	IL18RAP	NKT	TRUE
1	0.813	1.06744779227711	0.626	1.06744779227711	0.831	0.375	NA	ID2	NKT	FALSE
1	0.813	0.926948283444884	0.626	0.926948283444884	0.683	0.093	NA	ABCB1	NKT	TRUE
1	0.812	0.707039400531938	0.624	0.707039400531938	0.757	0.168	NA	SAMD3	NKT	FALSE
1	0.811	0.726405500747173	0.622	0.726405500747173	0.683	0.111	NA	CMC1	NKT	TRUE
1	0.81	1.51522538893598	0.62	1.51522538893598	0.963	0.805	NA	NFKBIA	NKT	FALSE
1	0.81	0.881922614494514	0.62	0.881922614494514	0.868	0.291	NA	GIMAP4	NKT	FALSE
1	0.808	0.993602094976517	0.616	0.993602094976517	0.624	0.014	NA	SH2D1B	NKT	TRUE
1	0.8	0.693820596148123	0.6	0.693820596148123	0.995	0.921	NA	MACF1	NKT	FALSE
1	0.799	1.2851502331895	0.598	1.2851502331895	0.915	0.757	NA	DUSP1	NKT	TRUE
1	0.798	0.777360167599477	0.596	0.777360167599477	0.772	0.337	NA	APOBEC3G	NKT	TRUE
1	0.798	0.732937341481349	0.596	0.732937341481349	0.757	0.209	NA	GIMAP6	NKT	FALSE
1	0.796	1.29241077716778	0.592	1.29241077716778	0.624	0.063	NA	NCAM1	NKT	TRUE
1	0.796	0.695772096402154	0.592	0.695772096402154	0.656	0.074	NA	TRGC1	NKT	FALSE
1	0.795	1.81953914705307	0.59	1.81953914705307	0.598	0.018	NA	IFNG	NKT	TRUE
1	0.792	0.856212196072718	0.584	0.856212196072718	0.603	0.03	NA	CTSW	NKT	TRUE
1	0.792	0.758339050705684	0.584	0.758339050705684	0.878	0.563	NA	PLEK	NKT	FALSE
1	0.791	0.76811511426356	0.582	0.76811511426356	0.635	0.082	NA	IL12RB2	NKT	TRUE
1	0.789	0.753332554096941	0.578	0.753332554096941	0.915	0.69	NA	HELZ	NKT	TRUE
1	0.789	0.708479071035815	0.578	0.708479071035815	0.767	0.224	NA	GPRIN3	NKT	FALSE
1	0.788	0.948113335455538	0.576	0.948113335455538	0.587	0.021	NA	FASLG	NKT	TRUE
1	0.788	0.750017694638142	0.576	0.750017694638142	0.593	0.021	NA	PTGDR	NKT	TRUE
1	0.786	0.76454566504865	0.572	0.76454566504865	0.709	0.203	NA	TXK	NKT	FALSE
1	0.785	0.930631465952449	0.57	0.930631465952449	1	0.985	NA	UBC	NKT	FALSE
1	0.785	0.80554155551596	0.57	0.80554155551596	0.815	0.381	NA	STK39	NKT	FALSE
1	0.783	0.881002544979052	0.566	0.881002544979052	0.926	0.734	NA	PIK3R1	NKT	FALSE
1	0.783	0.71343537482187	0.566	0.71343537482187	0.788	0.329	NA	APOL6	NKT	FALSE
1	0.779	0.705569933739964	0.558	0.705569933739964	0.714	0.197	NA	IPCEF1	NKT	FALSE
1	0.772	1.15560994286321	0.544	1.15560994286321	0.847	0.584	NA	SYNE1	NKT	FALSE
1	0.769	0.865619120979893	0.538	0.865619120979893	0.894	0.638	NA	MBP	NKT	FALSE
1	0.768	0.831754153173729	0.536	0.831754153173729	0.603	0.104	NA	CD300A	NKT	FALSE
1	0.765	1.1902384574271	0.53	1.1902384574271	0.868	0.634	NA	HSPA1B	NKT	FALSE
1	0.765	1.17832665670831	0.53	1.17832665670831	0.582	0.072	NA	CCL4	NKT	TRUE
1	0.765	0.77408229772229	0.53	0.77408229772229	0.566	0.06	NA	TTC38	NKT	FALSE
1	0.764	1.12441860743767	0.528	1.12441860743767	0.799	0.53	NA	DUSP2	NKT	FALSE
1	0.763	0.796446648861377	0.526	0.796446648861377	0.804	0.546	NA	ZFP36	NKT	FALSE
1	0.763	0.726156372129013	0.526	0.726156372129013	0.646	0.163	NA	ITGAM	NKT	FALSE
1	0.762	0.982221068060132	0.524	0.982221068060132	0.571	0.056	NA	TIGIT	NKT	TRUE
1	0.762	0.788962515797209	0.524	0.788962515797209	0.598	0.086	NA	SLAMF7	NKT	FALSE
1	0.761	0.701216387236271	0.522	0.701216387236271	0.577	0.082	NA	C1orf21	NKT	FALSE
1	0.76	0.809684211876526	0.52	0.809684211876526	0.836	0.479	NA	SKAP1	NKT	FALSE
1	0.759	0.769576970743899	0.518	0.769576970743899	0.55	0.035	NA	GZMK	NKT	TRUE
1	0.755	0.699805993187927	0.51	0.699805993187927	0.63	0.152	NA	ZBTB16	NKT	FALSE
1	0.751	1.01431189526773	0.502	1.01431189526773	0.852	0.695	NA	PPP1R15A	NKT	FALSE
1	0.751	0.76247704702547	0.502	0.76247704702547	0.635	0.195	NA	RHOC	NKT	FALSE
1	0.749	1.14369785792368	0.498	1.14369785792368	0.926	0.786	NA	JUN	NKT	FALSE
1	0.748	1.68818755628976	0.496	1.68818755628976	0.524	0.045	NA	FCGR3A	NKT	FALSE
1	0.748	0.695150687324499	0.496	0.695150687324499	0.947	0.713	NA	IKZF3	NKT	FALSE
1	0.746	1.22539476346561	0.492	1.22539476346561	0.762	0.453	NA	CTD-3252C9.4	NKT	FALSE
1	0.739	0.727328176422265	0.478	0.727328176422265	0.905	0.692	NA	IRF1	NKT	FALSE
1	0.737	0.937646217214572	0.474	0.937646217214572	0.921	0.783	NA	DNAJB1	NKT	FALSE
1	0.736	0.701007903242094	0.472	0.701007903242094	0.82	0.574	NA	LYST	NKT	FALSE
1	0.735	0.875061252569476	0.47	0.875061252569476	0.603	0.185	NA	NCALD	NKT	FALSE
1	0.732	0.908418354512	0.464	0.908418354512	0.772	0.499	NA	IER5	NKT	FALSE
1	0.724	0.965193970671303	0.448	0.965193970671303	0.847	0.71	NA	IFRD1	NKT	FALSE
1	0.724	0.848767228455048	0.448	0.848767228455048	0.762	0.523	NA	NFKBIZ	NKT	FALSE
1	0.721	0.874804648888172	0.442	0.874804648888172	0.794	0.599	NA	CCNH	NKT	FALSE
1	0.719	0.70187548851148	0.438	0.70187548851148	0.476	0.05	NA	PRR5L	NKT	FALSE
1	0.717	0.937053925911616	0.434	0.937053925911616	0.889	0.739	NA	CD69	NKT	FALSE
1	0.71	1.06492803601766	0.42	1.06492803601766	0.429	0.014	NA	S1PR5	NKT	FALSE
1	0.71	0.70505373671382	0.42	0.70505373671382	0.508	0.116	NA	TNFSF14	NKT	FALSE
1	0.709	0.755076639081676	0.418	0.755076639081676	0.878	0.827	NA	FOS	NKT	FALSE
1	0.706	0.778488775404633	0.412	0.778488775404633	0.418	0.008	NA	KLRF1	NKT	FALSE
2	0.908	1.5813968765904	0.816	1.5813968765904	1	0.802	NA	TNFAIP3	T-TNFAIP3	TRUE
2	0.908	1.11256665676099	0.816	1.11256665676099	0.993	0.924	NA	SARAF	T-TNFAIP3	TRUE
2	0.9	1.16066466761626	0.8	1.16066466761626	0.951	0.23	NA	BCL11B	T-TNFAIP3	FALSE
2	0.884	1.1322346733191	0.768	1.1322346733191	0.944	0.309	NA	TRAC	T-TNFAIP3	FALSE
2	0.871	1.21206547712084	0.742	1.21206547712084	0.924	0.273	NA	TCF7	T-TNFAIP3	FALSE
2	0.869	0.939190132249329	0.738	0.939190132249329	0.931	0.263	NA	LEF1	T-TNFAIP3	FALSE
2	0.862	1.06397915269933	0.724	1.06397915269933	0.882	0.198	NA	CAMK4	T-TNFAIP3	FALSE
2	0.854	0.970864443863699	0.708	0.970864443863699	0.91	0.419	NA	IL6ST	T-TNFAIP3	FALSE
2	0.854	0.940848431195819	0.708	0.940848431195819	0.958	0.323	NA	CD3D	T-TNFAIP3	FALSE
2	0.849	0.806343878335595	0.698	0.806343878335595	0.986	0.869	NA	LDHB	T-TNFAIP3	FALSE
2	0.847	1.21190180509064	0.694	1.21190180509064	0.91	0.35	NA	ITM2A	T-TNFAIP3	FALSE
2	0.842	1.28372297171509	0.684	1.28372297171509	0.896	0.415	NA	PELI1	T-TNFAIP3	TRUE
2	0.842	0.900795759606979	0.684	0.900795759606979	0.861	0.201	NA	CD2	T-TNFAIP3	FALSE
2	0.84	0.913344194674744	0.68	0.913344194674744	0.778	0.14	NA	AQP3	T-TNFAIP3	FALSE
2	0.839	0.834248712589753	0.678	0.834248712589753	0.889	0.343	NA	SPOCK2	T-TNFAIP3	FALSE
2	0.837	0.696503107831732	0.674	0.696503107831732	1	0.969	NA	HSPA8	T-TNFAIP3	FALSE
2	0.829	1.02385650848579	0.658	1.02385650848579	0.819	0.161	NA	IL32	T-TNFAIP3	FALSE
2	0.828	0.693672264061543	0.656	0.693672264061543	0.903	0.376	NA	LCK	T-TNFAIP3	FALSE
2	0.827	1.05794115482635	0.654	1.05794115482635	0.944	0.537	NA	TRBC2	T-TNFAIP3	FALSE
2	0.827	0.832832383907417	0.654	0.832832383907417	0.917	0.509	NA	SATB1	T-TNFAIP3	FALSE
2	0.826	0.832946479339058	0.652	0.832946479339058	0.806	0.264	NA	TOB1	T-TNFAIP3	TRUE
2	0.818	0.862212594289587	0.636	0.862212594289587	0.958	0.418	NA	FYB	T-TNFAIP3	FALSE
2	0.813	0.806645114018946	0.626	0.806645114018946	0.882	0.455	NA	LEPROTL1	T-TNFAIP3	FALSE
2	0.813	0.732446928143149	0.626	0.732446928143149	0.812	0.175	NA	IL7R	T-TNFAIP3	FALSE
2	0.808	0.852076312879591	0.616	0.852076312879591	0.847	0.373	NA	PDE4D	T-TNFAIP3	FALSE
2	0.802	0.727498403301557	0.604	0.727498403301557	0.75	0.142	NA	CD28	T-TNFAIP3	FALSE
2	0.8	0.810607268265059	0.6	0.810607268265059	0.868	0.366	NA	RCAN3	T-TNFAIP3	FALSE
2	0.798	0.888136012071178	0.596	0.888136012071178	0.75	0.236	NA	RGCC	T-TNFAIP3	TRUE
2	0.794	0.71533109609661	0.588	0.71533109609661	0.833	0.273	NA	ITK	T-TNFAIP3	FALSE
2	0.792	0.726989980587373	0.584	0.726989980587373	0.826	0.365	NA	PIK3IP1	T-TNFAIP3	FALSE
2	0.788	1.23786875317196	0.576	1.23786875317196	0.938	0.621	NA	RGS1	T-TNFAIP3	FALSE
2	0.787	0.741365961239762	0.574	0.741365961239762	0.75	0.255	NA	ITPRIP	T-TNFAIP3	FALSE
2	0.787	0.695305694514636	0.574	0.695305694514636	0.944	0.669	NA	CNOT6L	T-TNFAIP3	FALSE
2	0.784	0.746375346404412	0.568	0.746375346404412	0.799	0.319	NA	PTGER4	T-TNFAIP3	FALSE
2	0.782	0.874889433206715	0.564	0.874889433206715	0.944	0.642	NA	SMC4	T-TNFAIP3	FALSE
2	0.778	0.748753777438456	0.556	0.748753777438456	0.993	0.778	NA	DNAJB1	T-TNFAIP3	FALSE
2	0.774	0.856614984555293	0.548	0.856614984555293	0.792	0.289	NA	GBP2	T-TNFAIP3	FALSE
2	0.772	0.694594848312243	0.544	0.694594848312243	0.861	0.429	NA	CREM	T-TNFAIP3	FALSE
2	0.769	0.944666046202297	0.538	0.944666046202297	0.75	0.323	NA	GADD45A	T-TNFAIP3	FALSE
2	0.767	0.696715942234482	0.534	0.696715942234482	0.562	0.036	NA	ICOS	T-TNFAIP3	TRUE
2	0.765	0.778677245988873	0.53	0.778677245988873	0.972	0.728	NA	ARL4C	T-TNFAIP3	FALSE
2	0.762	0.830720304754244	0.524	0.830720304754244	0.743	0.295	NA	SGK1	T-TNFAIP3	FALSE
2	0.76	0.796018362385983	0.52	0.796018362385983	0.924	0.811	NA	ZFP36L2	T-TNFAIP3	TRUE
2	0.759	0.770943184633005	0.518	0.770943184633005	0.896	0.618	NA	SELL	T-TNFAIP3	FALSE
2	0.758	0.718634657360933	0.516	0.718634657360933	0.896	0.647	NA	PTP4A1	T-TNFAIP3	FALSE
2	0.754	0.729044718605327	0.508	0.729044718605327	0.806	0.434	NA	CDC25B	T-TNFAIP3	FALSE
2	0.746	0.702729129674211	0.492	0.702729129674211	0.917	0.627	NA	ZBTB10	T-TNFAIP3	FALSE
2	0.739	0.788039845159721	0.478	0.788039845159721	0.819	0.463	NA	TSPYL2	T-TNFAIP3	FALSE
2	0.734	1.31057597262826	0.468	1.31057597262826	0.729	0.369	NA	ANXA1	T-TNFAIP3	FALSE
2	0.731	0.710830480191412	0.462	0.710830480191412	0.826	0.474	NA	SOX4	T-TNFAIP3	FALSE
2	0.703	0.777478153250319	0.406	0.777478153250319	0.917	0.788	NA	SLC2A3	T-TNFAIP3	FALSE
2	0.701	0.708591954292281	0.402	0.708591954292281	0.896	0.684	NA	ATP1B3	T-TNFAIP3	FALSE
3	0.904	1.68811576872148	0.808	1.68811576872148	0.824	0.052	NA	HLA-DRB5	B-HLA-DRB5	TRUE
3	0.866	1.06202443320937	0.732	1.06202443320937	0.859	0.306	NA	TLR10	B-HLA-DRB5	TRUE
3	0.859	0.975234539319797	0.718	0.975234539319797	0.796	0.154	NA	HLA-DQA1	B-HLA-DRB5	TRUE
3	0.85	1.09228587284872	0.7	1.09228587284872	0.944	0.536	NA	SP140	B-HLA-DRB5	TRUE
3	0.843	0.991780832861476	0.686	0.991780832861476	0.915	0.43	NA	HLA-DQB1	B-HLA-DRB5	FALSE
3	0.833	0.971966045128	0.666	0.971966045128	0.866	0.285	NA	HLA-DOB	B-HLA-DRB5	FALSE
3	0.83	0.910256260855186	0.66	0.910256260855186	0.93	0.581	NA	SYK	B-HLA-DRB5	FALSE
3	0.827	0.997929383668486	0.654	0.997929383668486	0.951	0.43	NA	MS4A1	B-HLA-DRB5	FALSE
3	0.816	0.96226951911993	0.632	0.96226951911993	0.817	0.277	NA	IGHD	B-HLA-DRB5	FALSE
3	0.807	0.948686495049755	0.614	0.948686495049755	0.944	0.611	NA	RALGPS2	B-HLA-DRB5	FALSE
3	0.807	0.846102298153478	0.614	0.846102298153478	0.951	0.819	NA	PTPN6	B-HLA-DRB5	TRUE
3	0.805	0.85688239615199	0.61	0.85688239615199	0.852	0.314	NA	FCRL1	B-HLA-DRB5	FALSE
3	0.804	0.790291820323451	0.608	0.790291820323451	0.845	0.326	NA	TNFRSF13C	B-HLA-DRB5	FALSE
3	0.803	0.902456104656149	0.606	0.902456104656149	0.88	0.492	NA	BCL11A	B-HLA-DRB5	FALSE
3	0.799	0.867639250225094	0.598	0.867639250225094	0.915	0.472	NA	BANK1	B-HLA-DRB5	FALSE
3	0.798	0.776306110145178	0.596	0.776306110145178	0.915	0.443	NA	FAM129C	B-HLA-DRB5	FALSE
3	0.793	0.738172963678975	0.586	0.738172963678975	0.887	0.505	NA	STX7	B-HLA-DRB5	FALSE
3	0.79	0.884842368370757	0.58	0.884842368370757	0.901	0.466	NA	HLA-DMB	B-HLA-DRB5	FALSE
3	0.789	0.723373019673287	0.578	0.723373019673287	0.958	0.58	NA	TCF4	B-HLA-DRB5	FALSE
3	0.784	0.797215292308338	0.568	0.797215292308338	0.88	0.493	NA	SMIM14	B-HLA-DRB5	FALSE
3	0.784	0.77304180516631	0.568	0.77304180516631	0.831	0.313	NA	FCRL2	B-HLA-DRB5	FALSE
3	0.782	1.25877399111767	0.564	1.25877399111767	0.782	0.337	NA	CD1C	B-HLA-DRB5	FALSE
3	0.781	0.714477155890276	0.562	0.714477155890276	0.965	0.685	NA	SWAP70	B-HLA-DRB5	FALSE
3	0.774	0.797899768580707	0.548	0.797899768580707	0.944	0.503	NA	IGHM	B-HLA-DRB5	FALSE
3	0.774	0.698748585310841	0.548	0.698748585310841	0.852	0.393	NA	CYBB	B-HLA-DRB5	FALSE
3	0.77	0.874597401694598	0.54	0.874597401694598	0.901	0.658	NA	BIRC3	B-HLA-DRB5	FALSE
3	0.766	0.79652633053599	0.532	0.79652633053599	0.789	0.329	NA	CD19	B-HLA-DRB5	FALSE
3	0.765	0.698694405879267	0.53	0.698694405879267	0.979	0.891	NA	RBM5	B-HLA-DRB5	FALSE
3	0.764	0.702402684756787	0.528	0.702402684756787	0.944	0.638	NA	HLA-DPB1	B-HLA-DRB5	FALSE
3	0.763	0.888621384735309	0.526	0.888621384735309	0.754	0.285	NA	LL22NC03-2H8.5	B-HLA-DRB5	FALSE
3	0.76	0.735941097580184	0.52	0.735941097580184	0.887	0.567	NA	CCDC50	B-HLA-DRB5	FALSE
3	0.758	1.02317889965719	0.516	1.02317889965719	0.697	0.23	NA	FCRL5	B-HLA-DRB5	FALSE
3	0.754	0.705080917603938	0.508	0.705080917603938	0.901	0.596	NA	POU2F2	B-HLA-DRB5	FALSE
3	0.744	0.890040955121408	0.488	0.890040955121408	0.88	0.683	NA	SMC6	B-HLA-DRB5	FALSE
3	0.744	0.716379097813786	0.488	0.716379097813786	0.655	0.226	NA	CR2	B-HLA-DRB5	FALSE
3	0.732	0.743073433918585	0.464	0.743073433918585	0.585	0.164	NA	RP11-693J15.5	B-HLA-DRB5	FALSE
3	0.725	0.839626706257203	0.45	0.839626706257203	0.669	0.292	NA	SAMD9L	B-HLA-DRB5	FALSE
3	0.704	0.816773316503455	0.408	0.816773316503455	0.542	0.166	NA	ARHGAP24	B-HLA-DRB5	FALSE
4	0.912	1.39239591165528	0.824	1.39239591165528	0.95	0.25	NA	GIMAP7	T-GIMAP7	TRUE
4	0.911	1.38121927413183	0.822	1.38121927413183	0.975	0.283	NA	TCF7	T-GIMAP7	FALSE
4	0.903	1.33124569360291	0.806	1.33124569360291	0.95	0.324	NA	TRAC	T-GIMAP7	FALSE
4	0.901	1.27028121450355	0.802	1.27028121450355	0.975	0.337	NA	CD3D	T-GIMAP7	FALSE
4	0.901	1.16365752118843	0.802	1.16365752118843	0.958	0.276	NA	LEF1	T-GIMAP7	FALSE
4	0.896	1.37959206862652	0.792	1.37959206862652	0.924	0.21	NA	CAMK4	T-GIMAP7	FALSE
4	0.894	1.12817303253013	0.788	1.12817303253013	0.966	0.595	NA	DGKA	T-GIMAP7	TRUE
4	0.89	1.40504094830955	0.78	1.40504094830955	0.975	0.378	NA	SLFN5	T-GIMAP7	FALSE
4	0.888	0.984117794919284	0.776	0.984117794919284	0.975	0.643	NA	TRAF3IP3	T-GIMAP7	TRUE
4	0.883	1.37997549917085	0.766	1.37997549917085	0.924	0.324	NA	GIMAP4	T-GIMAP7	FALSE
4	0.881	1.29943238038141	0.762	1.29943238038141	0.95	0.573	NA	NDFIP1	T-GIMAP7	FALSE
4	0.878	1.00620780545844	0.756	1.00620780545844	0.916	0.27	NA	CD3G	T-GIMAP7	FALSE
4	0.876	1.05866424180054	0.752	1.05866424180054	0.924	0.25	NA	BCL11B	T-GIMAP7	FALSE
4	0.868	1.22527931724902	0.736	1.22527931724902	0.958	0.432	NA	FYB	T-GIMAP7	FALSE
4	0.868	1.06015628198281	0.736	1.06015628198281	0.966	0.623	NA	RBL2	T-GIMAP7	TRUE
4	0.865	1.80134108597532	0.73	1.80134108597532	0.849	0.186	NA	IL7R	T-GIMAP7	FALSE
4	0.864	1.13318239652725	0.728	1.13318239652725	0.908	0.337	NA	TESPA1	T-GIMAP7	FALSE
4	0.86	1.19955455636488	0.72	1.19955455636488	0.882	0.376	NA	RCAN3	T-GIMAP7	FALSE
4	0.857	1.00709395050846	0.714	1.00709395050846	0.832	0.147	NA	CD28	T-GIMAP7	FALSE
4	0.853	1.09185053632229	0.706	1.09185053632229	0.933	0.361	NA	ITM2A	T-GIMAP7	FALSE
4	0.843	0.960582393423524	0.686	0.960582393423524	0.975	0.564	NA	DIP2A	T-GIMAP7	TRUE
4	0.84	0.854489838518276	0.68	0.854489838518276	0.992	0.816	NA	ETS1	T-GIMAP7	FALSE
4	0.839	0.821757318263318	0.678	0.821757318263318	0.782	0.145	NA	FAM134B	T-GIMAP7	FALSE
4	0.837	0.927328275115092	0.674	0.927328275115092	0.916	0.325	NA	CD96	T-GIMAP7	FALSE
4	0.837	0.905379930524004	0.674	0.905379930524004	0.857	0.173	NA	IL32	T-GIMAP7	FALSE
4	0.836	0.894088077318535	0.672	0.894088077318535	0.933	0.484	NA	PRMT2	T-GIMAP7	TRUE
4	0.832	0.804130124068391	0.664	0.804130124068391	0.983	0.872	NA	LDHB	T-GIMAP7	FALSE
4	0.83	0.96861479849955	0.66	0.96861479849955	0.84	0.219	NA	CD2	T-GIMAP7	FALSE
4	0.83	0.925846750465954	0.66	0.925846750465954	0.966	0.733	NA	ABLIM1	T-GIMAP7	FALSE
4	0.825	0.765147891158407	0.65	0.765147891158407	0.983	0.758	NA	IL16	T-GIMAP7	FALSE
4	0.822	0.964343886034438	0.644	0.964343886034438	0.958	0.703	NA	CHD3	T-GIMAP7	FALSE
4	0.821	0.98085268813446	0.642	0.98085268813446	0.916	0.497	NA	AAK1	T-GIMAP7	FALSE
4	0.82	0.821327059901144	0.64	0.821327059901144	0.908	0.52	NA	SATB1	T-GIMAP7	FALSE
4	0.819	0.806990331428405	0.638	0.806990331428405	1	0.897	NA	ATM	T-GIMAP7	FALSE
4	0.818	0.916268402623033	0.636	0.916268402623033	0.756	0.196	NA	CCR7	T-GIMAP7	FALSE
4	0.818	0.895766679490688	0.636	0.895766679490688	0.958	0.748	NA	CYLD	T-GIMAP7	FALSE
4	0.817	1.19014513286267	0.634	1.19014513286267	0.899	0.552	NA	TRBC2	T-GIMAP7	FALSE
4	0.808	1.30942291104005	0.616	1.30942291104005	0.681	0.094	NA	LRRN3	T-GIMAP7	FALSE
4	0.808	0.870589691469405	0.616	0.870589691469405	0.857	0.381	NA	SPATA13--1	T-GIMAP7	FALSE
4	0.806	0.78060613159394	0.612	0.78060613159394	0.723	0.152	NA	LINC00861	T-GIMAP7	FALSE
4	0.804	0.814833379178326	0.608	0.814833379178326	0.807	0.241	NA	GIMAP6	T-GIMAP7	FALSE
4	0.804	0.72468717377903	0.608	0.72468717377903	0.832	0.287	NA	ITK	T-GIMAP7	FALSE
4	0.803	0.895715996266513	0.606	0.895715996266513	0.773	0.253	NA	OXNAD1	T-GIMAP7	FALSE
4	0.799	0.848194445696306	0.598	0.848194445696306	0.681	0.095	NA	THEMIS	T-GIMAP7	FALSE
4	0.798	1.0721135731681	0.596	1.0721135731681	0.916	0.623	NA	SELL	T-GIMAP7	FALSE
4	0.798	0.849607936783106	0.596	0.849607936783106	0.958	0.793	NA	TXNIP	T-GIMAP7	FALSE
4	0.793	0.740350287438637	0.586	0.740350287438637	0.84	0.435	NA	ERAP2	T-GIMAP7	FALSE
4	0.793	0.695778792520434	0.586	0.695778792520434	0.697	0.14	NA	UBASH3A	T-GIMAP7	FALSE
4	0.792	0.901220987926527	0.584	0.901220987926527	0.899	0.496	NA	SKAP1	T-GIMAP7	FALSE
4	0.791	0.842362041929774	0.582	0.842362041929774	0.866	0.436	NA	IL6ST	T-GIMAP7	FALSE
4	0.789	0.90554933521355	0.578	0.90554933521355	0.681	0.145	NA	INPP4B	T-GIMAP7	FALSE
4	0.788	1.00556700875743	0.576	1.00556700875743	0.655	0.093	NA	MAL	T-GIMAP7	FALSE
4	0.786	1.56270418725248	0.572	1.56270418725248	0.79	0.354	NA	TRBC1	T-GIMAP7	FALSE
4	0.783	0.705248732132845	0.566	0.705248732132845	0.899	0.55	NA	SAMHD1	T-GIMAP7	FALSE
4	0.782	0.816146096950029	0.564	0.816146096950029	0.723	0.208	NA	ITGA6	T-GIMAP7	FALSE
4	0.781	0.786275239725565	0.562	0.786275239725565	0.832	0.336	NA	TNIK	T-GIMAP7	FALSE
4	0.781	0.715898692424068	0.562	0.715898692424068	0.874	0.397	NA	GVINP1	T-GIMAP7	FALSE
4	0.774	0.957585335245591	0.548	0.957585335245591	0.739	0.276	NA	TC2N	T-GIMAP7	FALSE
4	0.762	0.803647111797024	0.524	0.803647111797024	0.731	0.278	NA	GRAP2	T-GIMAP7	FALSE
4	0.757	0.825917320315214	0.514	0.825917320315214	0.613	0.139	NA	MAN1C1	T-GIMAP7	FALSE
4	0.757	0.726599093550589	0.514	0.726599093550589	0.773	0.304	NA	GBP2	T-GIMAP7	FALSE
4	0.755	0.715470292477876	0.51	0.715470292477876	0.857	0.608	NA	IL27RA	T-GIMAP7	FALSE
4	0.749	0.993929699143818	0.498	0.993929699143818	0.899	0.802	NA	PCED1B-AS1	T-GIMAP7	FALSE
4	0.73	0.792760960048736	0.46	0.792760960048736	0.538	0.103	NA	CD40LG	T-GIMAP7	FALSE
4	0.729	0.723879609623838	0.458	0.723879609623838	0.899	0.655	NA	SMC4	T-GIMAP7	FALSE
4	0.726	0.842115205130258	0.452	0.842115205130258	0.555	0.117	NA	GBP1	T-GIMAP7	FALSE
5	0.885	1.40390794317943	0.77	1.40390794317943	0.848	0.13	NA	MYB	MPP	FALSE
5	0.885	1.18768088992592	0.77	1.18768088992592	0.864	0.229	NA	SERPINB6	MPP	TRUE
5	0.883	1.24055392335411	0.766	1.24055392335411	0.894	0.251	NA	FADS1	MPP	TRUE
5	0.88	0.878128321460569	0.76	0.878128321460569	0.97	0.352	NA	CCDC88A	MPP	FALSE
5	0.87	0.729909774593889	0.74	0.729909774593889	0.833	0.118	NA	IGF2BP2	MPP	FALSE
5	0.86	1.19723777174618	0.72	1.19723777174618	0.924	0.488	NA	CDK6	MPP	FALSE
5	0.857	1.34859765550562	0.714	1.34859765550562	0.939	0.61	NA	CD63	MPP	FALSE
5	0.853	0.857288775424623	0.706	0.857288775424623	0.848	0.191	NA	ETS2	MPP	FALSE
5	0.85	2.05071642771123	0.7	2.05071642771123	0.712	0.036	NA	GATA2	MPP	TRUE
5	0.85	1.75399795007916	0.7	1.75399795007916	0.727	0.078	NA	TIMP3	MPP	TRUE
5	0.842	1.19557984313298	0.684	1.19557984313298	0.758	0.128	NA	BCAT1	MPP	FALSE
5	0.839	1.06186159885853	0.678	1.06186159885853	0.727	0.065	NA	RAB13	MPP	FALSE
5	0.836	1.03598455025881	0.672	1.03598455025881	0.924	0.621	NA	STMN1	MPP	FALSE
5	0.833	0.875070965523398	0.666	0.875070965523398	0.758	0.149	NA	BEX3	MPP	TRUE
5	0.832	1.08497886615509	0.664	1.08497886615509	0.939	0.558	NA	ANKRD28	MPP	TRUE
5	0.83	1.19895232864681	0.66	1.19895232864681	0.939	0.637	NA	CTNNBL1	MPP	TRUE
5	0.827	0.711040430238121	0.654	0.711040430238121	0.773	0.179	NA	IGF2BP1	MPP	FALSE
5	0.825	1.05228233530664	0.65	1.05228233530664	0.697	0.076	NA	LMO2	MPP	FALSE
5	0.823	2.18330630070681	0.646	2.18330630070681	0.667	0.041	NA	CPA3	MPP	TRUE
5	0.822	1.3483320560971	0.644	1.3483320560971	0.682	0.056	NA	MEG3	MPP	TRUE
5	0.819	0.866898334890676	0.638	0.866898334890676	0.758	0.147	NA	TCEAL4	MPP	TRUE
5	0.817	0.950038531717184	0.634	0.950038531717184	0.894	0.457	NA	GLUL	MPP	FALSE
5	0.816	0.788557856782958	0.632	0.788557856782958	0.879	0.432	NA	SPN	MPP	FALSE
5	0.815	0.971852099592759	0.63	0.971852099592759	0.848	0.433	NA	NREP	MPP	FALSE
5	0.813	1.10329244137767	0.626	1.10329244137767	0.833	0.331	NA	STXBP5	MPP	TRUE
5	0.81	0.730806373434178	0.62	0.730806373434178	1	0.983	NA	HMGB1	MPP	FALSE
5	0.809	0.70388159328403	0.618	0.70388159328403	0.682	0.092	NA	LAPTM4B	MPP	TRUE
5	0.808	0.793027527203684	0.616	0.793027527203684	0.636	0.024	NA	MEIS1	MPP	TRUE
5	0.807	0.779358261242006	0.614	0.779358261242006	0.833	0.317	NA	CTNNA1	MPP	FALSE
5	0.805	0.975001571428525	0.61	0.975001571428525	0.833	0.399	NA	ATP6V0A2	MPP	FALSE
5	0.798	1.15238079006236	0.596	1.15238079006236	0.636	0.057	NA	DLC1	MPP	FALSE
5	0.797	1.14065124664349	0.594	1.14065124664349	0.606	0.018	NA	CNRIP1	MPP	FALSE
5	0.797	1.07050538656696	0.594	1.07050538656696	0.606	0.015	NA	HPGDS	MPP	TRUE
5	0.796	1.10408528622268	0.592	1.10408528622268	0.788	0.387	NA	SERPINB1	MPP	FALSE
5	0.786	0.880947331199761	0.572	0.880947331199761	0.636	0.087	NA	PBX1	MPP	FALSE
5	0.785	0.7000598160179	0.57	0.7000598160179	0.833	0.306	NA	TSC22D1	MPP	FALSE
5	0.784	1.00958118527014	0.568	1.00958118527014	0.606	0.064	NA	DEPTOR	MPP	TRUE
5	0.781	0.743824735031118	0.562	0.743824735031118	0.879	0.435	NA	TUBA1C	MPP	FALSE
5	0.78	0.788755310187023	0.56	0.788755310187023	0.97	0.777	NA	TUBB	MPP	FALSE
5	0.779	0.831149896536719	0.558	0.831149896536719	0.803	0.324	NA	NET1	MPP	FALSE
5	0.778	0.755584653113283	0.556	0.755584653113283	0.758	0.261	NA	NLK	MPP	TRUE
5	0.774	0.84191957491237	0.548	0.84191957491237	0.636	0.102	NA	F2R	MPP	FALSE
5	0.772	0.727490580477832	0.544	0.727490580477832	0.985	0.991	NA	HNRNPA1	MPP	FALSE
5	0.771	0.738167359109977	0.542	0.738167359109977	0.864	0.516	NA	STAT5A	MPP	FALSE
5	0.77	1.37893749775808	0.54	1.37893749775808	0.758	0.31	NA	TYMS	MPP	FALSE
5	0.769	0.800515719268858	0.538	0.800515719268858	0.545	0.009	NA	SDPR	MPP	TRUE
5	0.768	0.79783083445405	0.536	0.79783083445405	0.621	0.122	NA	CSF2RB	MPP	FALSE
5	0.767	1.1813379952035	0.534	1.1813379952035	0.561	0.031	NA	KIT	MPP	FALSE
5	0.766	0.69368058784959	0.532	0.69368058784959	0.848	0.494	NA	ATP2C1	MPP	FALSE
5	0.765	0.9630260001053	0.53	0.9630260001053	0.788	0.372	NA	TESPA1	MPP	FALSE
5	0.762	0.859473908741631	0.524	0.859473908741631	0.803	0.398	NA	TMEM164	MPP	FALSE
5	0.762	0.778548457963294	0.524	0.778548457963294	0.924	0.805	NA	LRRC75A-AS1	MPP	FALSE
5	0.76	0.786433794077127	0.52	0.786433794077127	0.879	0.549	NA	GALNT1	MPP	FALSE
5	0.759	0.712648546926688	0.518	0.712648546926688	0.742	0.306	NA	PDZD8	MPP	FALSE
5	0.756	0.951358235673325	0.512	0.951358235673325	0.727	0.226	NA	PDLIM5	MPP	FALSE
5	0.755	1.06509681149607	0.51	1.06509681149607	0.864	0.435	NA	LIMS1	MPP	FALSE
5	0.754	1.36486481315699	0.508	1.36486481315699	0.545	0.054	NA	NPR3	MPP	FALSE
5	0.751	0.819776123781949	0.502	0.819776123781949	0.621	0.137	NA	PTGS1	MPP	FALSE
5	0.748	0.77131512112731	0.496	0.77131512112731	0.848	0.476	NA	VMP1	MPP	FALSE
5	0.745	0.807363494453419	0.49	0.807363494453419	0.848	0.613	NA	SNHG16	MPP	FALSE
5	0.743	1.32720409010042	0.486	1.32720409010042	0.515	0.042	NA	IL1RL1	MPP	TRUE
5	0.741	0.809103639111946	0.482	0.809103639111946	0.53	0.061	NA	SMIM24	MPP	FALSE
5	0.729	0.77098326866224	0.458	0.77098326866224	0.545	0.116	NA	MYH10	MPP	FALSE
5	0.716	0.940299025095505	0.432	0.940299025095505	0.924	0.895	NA	TUBA1B	MPP	FALSE
5	0.709	1.56006758816188	0.418	1.56006758816188	0.455	0.04	NA	CXCL8	MPP	FALSE
5	0.705	0.816204311435625	0.41	0.816204311435625	0.424	0.019	NA	MED12L	MPP	FALSE
5	0.702	0.942630441576587	0.404	0.942630441576587	0.742	0.375	NA	GDF11	MPP	FALSE
6	0.98	1.95028199939947	0.96	1.95028199939947	1	0.223	NA	JAML	DC/Macro	TRUE
6	0.963	1.8171971783283	0.926	1.8171971783283	1	0.815	NA	PSAP	DC/Macro	TRUE
6	0.958	1.78254949356148	0.916	1.78254949356148	0.98	0.325	NA	MPEG1	DC/Macro	TRUE
6	0.946	1.97763439723452	0.892	1.97763439723452	0.959	0.383	NA	AIF1	DC/Macro	TRUE
6	0.911	1.21931282383873	0.822	1.21931282383873	0.837	0.046	NA	TGFBI	DC/Macro	TRUE
6	0.91	1.3202725448701	0.82	1.3202725448701	0.98	0.658	NA	FTL	DC/Macro	TRUE
6	0.906	1.56502972922503	0.812	1.56502972922503	0.939	0.417	NA	PTPRE	DC/Macro	TRUE
6	0.906	1.08230749520338	0.812	1.08230749520338	0.857	0.1	NA	SULF2	DC/Macro	TRUE
6	0.899	1.53552330354398	0.798	1.53552330354398	0.939	0.57	NA	SAMHD1	DC/Macro	TRUE
6	0.891	1.57604396620095	0.782	1.57604396620095	0.898	0.365	NA	CCDC88A	DC/Macro	TRUE
6	0.882	1.13297219345164	0.764	1.13297219345164	0.98	0.776	NA	VIM	DC/Macro	FALSE
6	0.88	1.37604622301539	0.76	1.37604622301539	0.98	0.733	NA	CTSS	DC/Macro	TRUE
6	0.877	1.98412480937871	0.754	1.98412480937871	0.959	0.893	NA	SAT1	DC/Macro	TRUE
6	0.87	1.18364895673036	0.74	1.18364895673036	1	0.988	NA	FTH1	DC/Macro	FALSE
6	0.862	2.43624795382889	0.724	2.43624795382889	0.735	0.034	NA	LYZ	DC/Macro	TRUE
6	0.862	1.53632717978358	0.724	1.53632717978358	0.98	0.881	NA	NEAT1	DC/Macro	FALSE
6	0.859	2.53414129174331	0.718	2.53414129174331	0.776	0.174	NA	NCF2	DC/Macro	TRUE
6	0.859	2.29396694034942	0.718	2.29396694034942	0.735	0.055	NA	MNDA	DC/Macro	TRUE
6	0.859	1.30472960208804	0.718	1.30472960208804	0.735	0.047	NA	CST3	DC/Macro	TRUE
6	0.858	1.02395635078277	0.716	1.02395635078277	0.816	0.196	NA	FCGRT	DC/Macro	TRUE
6	0.856	1.6259015886056	0.712	1.6259015886056	0.755	0.096	NA	PLAUR	DC/Macro	TRUE
6	0.856	1.27131700861013	0.712	1.27131700861013	0.796	0.141	NA	CD93	DC/Macro	TRUE
6	0.856	1.03469243032812	0.712	1.03469243032812	0.816	0.283	NA	ANXA5	DC/Macro	TRUE
6	0.854	1.09950110342465	0.708	1.09950110342465	0.816	0.2	NA	ALDH2	DC/Macro	TRUE
6	0.854	1.04717795392376	0.708	1.04717795392376	1	0.487	NA	SRGN	DC/Macro	FALSE
6	0.849	1.11004749780157	0.698	1.11004749780157	0.714	0.038	NA	SLC8A1	DC/Macro	TRUE
6	0.848	0.875486564530336	0.696	0.875486564530336	0.878	0.497	NA	CTSB	DC/Macro	FALSE
6	0.848	0.795782331973878	0.696	0.795782331973878	0.735	0.068	NA	CD86	DC/Macro	TRUE
6	0.847	0.918876087799495	0.694	0.918876087799495	0.796	0.192	NA	RAB31	DC/Macro	TRUE
6	0.846	0.92013497472563	0.692	0.92013497472563	0.714	0.049	NA	CD68	DC/Macro	TRUE
6	0.845	2.17824022358809	0.69	2.17824022358809	0.755	0.188	NA	CFP	DC/Macro	TRUE
6	0.844	1.19966350257798	0.688	1.19966350257798	0.694	0.016	NA	SHTN1	DC/Macro	TRUE
6	0.844	0.997105308365058	0.688	0.997105308365058	0.776	0.137	NA	TRIB1	DC/Macro	TRUE
6	0.842	1.65584778490884	0.684	1.65584778490884	0.694	0.025	NA	FGL2	DC/Macro	TRUE
6	0.839	1.22841601009142	0.678	1.22841601009142	0.796	0.194	NA	LST1	DC/Macro	TRUE
6	0.838	1.23257118118025	0.676	1.23257118118025	0.694	0.035	NA	LILRB2	DC/Macro	TRUE
6	0.835	0.703583536559047	0.67	0.703583536559047	0.735	0.124	NA	NAGA	DC/Macro	TRUE
6	0.833	0.845046494249699	0.666	0.845046494249699	0.673	0.014	NA	IGSF6	DC/Macro	TRUE
6	0.829	0.749842634764683	0.658	0.749842634764683	0.694	0.058	NA	CD302	DC/Macro	TRUE
6	0.827	1.81481739452929	0.654	1.81481739452929	0.898	0.523	NA	NAMPT	DC/Macro	TRUE
6	0.827	1.41576847977537	0.654	1.41576847977537	0.673	0.035	NA	LILRB3	DC/Macro	TRUE
6	0.824	0.839966340638408	0.648	0.839966340638408	0.776	0.181	NA	IL6R	DC/Macro	FALSE
6	0.821	1.3481177778126	0.642	1.3481177778126	0.918	0.575	NA	SOD2	DC/Macro	TRUE
6	0.82	0.722886734464365	0.64	0.722886734464365	0.837	0.31	NA	NPC2	DC/Macro	TRUE
6	0.819	0.978402976344792	0.638	0.978402976344792	0.694	0.121	NA	KCTD12	DC/Macro	TRUE
6	0.816	0.898399470299649	0.632	0.898399470299649	0.653	0.029	NA	CSF1R	DC/Macro	TRUE
6	0.816	0.851845087834701	0.632	0.851845087834701	0.714	0.135	NA	CPPED1	DC/Macro	FALSE
6	0.815	0.819136247910437	0.63	0.819136247910437	0.939	0.619	NA	FTH1P20	DC/Macro	FALSE
6	0.809	1.24910882800371	0.618	1.24910882800371	0.755	0.205	NA	ETS2	DC/Macro	FALSE
6	0.809	0.833826160073242	0.618	0.833826160073242	0.755	0.227	NA	WARS	DC/Macro	TRUE
6	0.806	1.68628825493829	0.612	1.68628825493829	0.796	0.414	NA	PPIF	DC/Macro	TRUE
6	0.805	0.887368942894244	0.61	0.887368942894244	0.694	0.115	NA	LGALS1	DC/Macro	TRUE
6	0.803	1.03879141762619	0.606	1.03879141762619	0.837	0.409	NA	TNFRSF1B	DC/Macro	FALSE
6	0.803	0.970117986621456	0.606	0.970117986621456	0.837	0.346	NA	KLF4	DC/Macro	FALSE
6	0.802	0.831756692774896	0.604	0.831756692774896	0.612	0.013	NA	CLEC7A	DC/Macro	TRUE
6	0.801	1.20646160562365	0.602	1.20646160562365	0.755	0.362	NA	ANXA2	DC/Macro	TRUE
6	0.8	1.68910750837921	0.6	1.68910750837921	0.633	0.038	NA	CXCL8	DC/Macro	FALSE
6	0.799	1.23636615758999	0.598	1.23636615758999	0.612	0.021	NA	MAFB	DC/Macro	TRUE
6	0.796	0.734335584490148	0.592	0.734335584490148	0.918	0.653	NA	FTH1P7	DC/Macro	FALSE
6	0.795	1.24189361822676	0.59	1.24189361822676	0.673	0.138	NA	DMXL2	DC/Macro	FALSE
6	0.795	0.884152276960576	0.59	0.884152276960576	0.918	0.766	NA	FTH1P10	DC/Macro	FALSE
6	0.794	1.2527063346078	0.588	1.2527063346078	0.653	0.101	NA	NLRP3	DC/Macro	FALSE
6	0.79	1.04446787591728	0.58	1.04446787591728	0.857	0.465	NA	GLUL	DC/Macro	FALSE
6	0.789	0.750159475592967	0.578	0.750159475592967	0.776	0.302	NA	NDRG1	DC/Macro	TRUE
6	0.788	0.901369066022637	0.576	0.901369066022637	0.653	0.13	NA	S100A6	DC/Macro	FALSE
6	0.787	1.24682133507922	0.574	1.24682133507922	0.98	0.695	NA	RAB11FIP1	DC/Macro	FALSE
6	0.786	0.843943522149186	0.572	0.843943522149186	0.857	0.431	NA	CYBB	DC/Macro	FALSE
6	0.785	1.26251930119983	0.57	1.26251930119983	0.592	0.039	NA	CPVL	DC/Macro	FALSE
6	0.785	1.07531778089144	0.57	1.07531778089144	0.694	0.292	NA	S100A4	DC/Macro	FALSE
6	0.783	0.710274549958888	0.566	0.710274549958888	0.571	0.005	NA	PLBD1	DC/Macro	TRUE
6	0.78	0.921738577942497	0.56	0.921738577942497	0.735	0.318	NA	PAK1	DC/Macro	FALSE
6	0.78	0.738062824319572	0.56	0.738062824319572	0.755	0.314	NA	FTLP2	DC/Macro	FALSE
6	0.776	1.01058558054477	0.552	1.01058558054477	0.796	0.434	NA	MARCKS	DC/Macro	FALSE
6	0.775	0.86455714039585	0.55	0.86455714039585	0.918	0.601	NA	PLEK	DC/Macro	FALSE
6	0.773	1.82684213698804	0.546	1.82684213698804	0.551	0.009	NA	FCN1	DC/Macro	TRUE
6	0.772	1.28736481076479	0.544	1.28736481076479	0.735	0.334	NA	SGK1	DC/Macro	FALSE
6	0.77	0.773919880748486	0.54	0.773919880748486	0.673	0.187	NA	DSE	DC/Macro	FALSE
6	0.769	0.852051124876013	0.538	0.852051124876013	0.592	0.068	NA	TYMP	DC/Macro	TRUE
6	0.768	1.1184556503465	0.536	1.1184556503465	0.653	0.143	NA	KYNU	DC/Macro	FALSE
6	0.768	0.807020471534421	0.536	0.807020471534421	0.714	0.224	NA	CXorf21	DC/Macro	FALSE
6	0.768	0.755212868191142	0.536	0.755212868191142	0.592	0.08	NA	EMILIN2	DC/Macro	TRUE
6	0.767	1.05201010010082	0.534	1.05201010010082	0.653	0.183	NA	ATF3	DC/Macro	FALSE
6	0.767	0.773045628040999	0.534	0.773045628040999	0.939	0.546	NA	NFKBIZ	DC/Macro	FALSE
6	0.764	1.14253246835756	0.528	1.14253246835756	0.755	0.349	NA	MXD1	DC/Macro	TRUE
6	0.762	0.82416947986813	0.524	0.82416947986813	0.755	0.265	NA	LRRK2	DC/Macro	FALSE
6	0.761	0.817261558104207	0.522	0.817261558104207	0.612	0.14	NA	NAMPTP1	DC/Macro	TRUE
6	0.76	1.63939266240464	0.52	1.63939266240464	0.592	0.123	NA	CSF3R	DC/Macro	TRUE
6	0.76	0.723708059465597	0.52	0.723708059465597	0.694	0.259	NA	THEMIS2	DC/Macro	FALSE
6	0.76	0.69368448349399	0.52	0.69368448349399	0.837	0.526	NA	FTH1P8	DC/Macro	FALSE
6	0.759	0.715289928234921	0.518	0.71528992823492	0.653	0.189	NA	SLC43A2	DC/Macro	FALSE
6	0.756	1.02846268617152	0.512	1.02846268617152	0.531	0.031	NA	IL1B	DC/Macro	FALSE
6	0.755	1.54370476042304	0.51	1.54370476042304	0.571	0.102	NA	MS4A6A	DC/Macro	TRUE
6	0.755	0.700779029063306	0.51	0.700779029063306	0.653	0.25	NA	BID	DC/Macro	FALSE
6	0.754	0.97682742925878	0.508	0.97682742925878	0.857	0.584	NA	ZEB2	DC/Macro	FALSE
6	0.75	1.17312009563127	0.5	1.17312009563127	0.531	0.045	NA	FPR1	DC/Macro	TRUE
6	0.747	0.817994190609233	0.494	0.817994190609233	0.959	0.63	NA	RGS2	DC/Macro	FALSE
6	0.746	1.13331935774057	0.492	1.13331935774057	0.755	0.399	NA	ANXA1	DC/Macro	FALSE
6	0.746	0.907328742670928	0.492	0.907328742670928	0.816	0.556	NA	PHACTR1	DC/Macro	FALSE
6	0.745	2.17905852837939	0.49	2.17905852837939	0.51	0.035	NA	VCAN	DC/Macro	TRUE
6	0.745	0.719657308684685	0.49	0.719657308684685	0.653	0.218	NA	KCNK6	DC/Macro	FALSE
6	0.744	0.804904776820446	0.488	0.804904776820446	0.898	0.89	NA	COTL1	DC/Macro	FALSE
6	0.743	0.756570300997413	0.486	0.756570300997413	0.653	0.213	NA	LGMN	DC/Macro	FALSE
6	0.737	0.76337385838477	0.474	0.76337385838477	0.796	0.484	NA	VMP1	DC/Macro	FALSE
6	0.736	0.777951924091061	0.472	0.777951924091061	0.51	0.056	NA	TLR2	DC/Macro	TRUE
6	0.733	1.31431070133657	0.466	1.31431070133657	0.469	0.005	NA	CD300E	DC/Macro	TRUE
6	0.733	1.17416942247338	0.466	1.17416942247338	0.755	0.444	NA	HSPA1A	DC/Macro	FALSE
6	0.731	0.775313035685439	0.462	0.775313035685439	0.49	0.037	NA	PTGS2	DC/Macro	FALSE
6	0.73	2.21515120655428	0.46	2.21515120655428	0.673	0.381	NA	CCL3L3	DC/Macro	FALSE
6	0.73	1.08483024751762	0.46	1.08483024751762	0.612	0.203	NA	IER3	DC/Macro	FALSE
6	0.73	0.707074786673528	0.46	0.707074786673528	0.673	0.321	NA	ATP6V1B2	DC/Macro	FALSE
6	0.729	1.11007845540373	0.458	1.11007845540373	0.592	0.207	NA	BCL2A1	DC/Macro	FALSE
6	0.729	0.894652463258856	0.458	0.894652463258856	0.531	0.092	NA	PRDM1	DC/Macro	FALSE
6	0.725	0.77443866131935	0.45	0.77443866131935	0.51	0.082	NA	IL1RN	DC/Macro	TRUE
6	0.723	0.842699691810627	0.446	0.842699691810627	0.449	0.005	NA	TREM1	DC/Macro	TRUE
6	0.722	2.20929428234845	0.444	2.20929428234845	0.449	0.007	NA	S100A8	DC/Macro	TRUE
6	0.721	0.694709688873185	0.442	0.694709688873185	0.469	0.038	NA	NDRG2	DC/Macro	FALSE
6	0.719	1.14708136745021	0.438	1.14708136745021	0.51	0.097	NA	RN7SL368P	DC/Macro	TRUE
6	0.718	0.812497640937911	0.436	0.812497640937911	0.735	0.431	NA	ARHGAP26	DC/Macro	FALSE
6	0.717	0.903358111270013	0.434	0.903358111270013	0.735	0.465	NA	NABP1	DC/Macro	FALSE
6	0.717	0.778408467757115	0.434	0.778408467757115	0.612	0.249	NA	S100A10	DC/Macro	FALSE
6	0.715	0.809022497250321	0.43	0.809022497250321	0.673	0.298	NA	RAP1GAP2	DC/Macro	FALSE
6	0.715	0.705594136852011	0.43	0.705594136852011	0.633	0.285	NA	ZFYVE16	DC/Macro	FALSE
6	0.707	0.848542071087376	0.414	0.848542071087376	0.612	0.252	NA	RNF144B	DC/Macro	FALSE
7	1	3.29021634572363	1	3.29021634572363	1	0.019	NA	TMCC2	Erythrocyte	TRUE
7	0.999	5.20972190867808	0.998	5.20972190867808	1	0.758	NA	HBG2	Erythrocyte	TRUE
7	0.999	2.81022316639509	0.998	2.81022316639509	1	0.413	NA	CPEB4	Erythrocyte	TRUE
7	0.998	4.93827186193702	0.996	4.93827186193702	1	0.318	NA	HBG1	Erythrocyte	TRUE
7	0.998	2.81405131329787	0.996	2.81405131329787	1	0.246	NA	SLC2A1	Erythrocyte	TRUE
7	0.996	4.08330464019443	0.992	4.08330464019443	1	0.216	NA	SLC4A1	Erythrocyte	TRUE
7	0.994	2.50274701893627	0.988	2.50274701893627	1	0.165	NA	HMBS	Erythrocyte	FALSE
7	0.992	2.13782430416204	0.984	2.13782430416204	1	0.75	NA	RNF10	Erythrocyte	TRUE
7	0.989	2.07678045378513	0.978	2.07678045378513	1	0.736	NA	EPB41	Erythrocyte	TRUE
7	0.987	1.94550578429499	0.974	1.94550578429499	1	0.243	NA	ARHGEF12	Erythrocyte	TRUE
7	0.984	1.84616510496507	0.968	1.84616510496507	1	0.452	NA	NUDT4	Erythrocyte	TRUE
7	0.978	2.88379675103514	0.956	2.88379675103514	1	0.711	NA	NCOA4	Erythrocyte	TRUE
7	0.971	2.23088591111971	0.942	2.23088591111971	1	0.481	NA	ARL4A	Erythrocyte	TRUE
7	0.969	2.97147390076039	0.938	2.97147390076039	0.944	0.11	NA	TRIM58	Erythrocyte	TRUE
7	0.968	2.77867446896395	0.936	2.77867446896395	0.944	0.098	NA	SNCA	Erythrocyte	TRUE
7	0.964	2.51766168990577	0.928	2.51766168990577	0.944	0.18	NA	FECH	Erythrocyte	TRUE
7	0.964	1.07518785586242	0.928	1.07518785586242	1	0.317	NA	GDE1	Erythrocyte	TRUE
7	0.962	3.5617369033165	0.924	3.5617369033165	0.944	0.142	NA	SPTA1	Erythrocyte	FALSE
7	0.959	2.2321505326726	0.918	2.2321505326726	0.944	0.187	NA	MPP1	Erythrocyte	TRUE
7	0.956	3.37012172898983	0.912	3.37012172898983	0.944	0.478	NA	XPO7	Erythrocyte	TRUE
7	0.956	2.02846921636784	0.912	2.02846921636784	0.944	0.196	NA	GCLC	Erythrocyte	TRUE
7	0.956	1.62189752209853	0.912	1.62189752209853	1	0.815	NA	TOP1	Erythrocyte	TRUE
7	0.955	1.82709326662316	0.91	1.82709326662316	1	0.827	NA	WDR26	Erythrocyte	TRUE
7	0.953	1.77286316034943	0.906	1.77286316034943	0.944	0.208	NA	MXI1	Erythrocyte	TRUE
7	0.951	2.44965593583296	0.902	2.44965593583296	0.944	0.383	NA	TRAK2	Erythrocyte	TRUE
7	0.95	3.06282545074305	0.9	3.06282545074305	0.944	0.631	NA	SLC25A37	Erythrocyte	TRUE
7	0.948	2.02179254895464	0.896	2.02179254895464	0.944	0.428	NA	LPIN2	Erythrocyte	TRUE
7	0.948	1.1967662861734	0.896	1.1967662861734	0.944	0.33	NA	RNF11	Erythrocyte	TRUE
7	0.946	1.4000317334658	0.892	1.4000317334658	1	0.786	NA	USP7	Erythrocyte	TRUE
7	0.945	2.12639890362895	0.89	2.12639890362895	0.944	0.706	NA	UBE2H	Erythrocyte	TRUE
7	0.943	2.70260576932837	0.886	2.70260576932837	0.944	0.492	NA	FAM46C	Erythrocyte	TRUE
7	0.942	2.19272031758021	0.884	2.19272031758021	0.889	0.033	NA	FHDC1	Erythrocyte	TRUE
7	0.942	1.86239721093731	0.884	1.86239721093731	0.944	0.409	NA	PIM1	Erythrocyte	TRUE
7	0.942	1.20759714595446	0.884	1.20759714595446	1	0.602	NA	FBXO7	Erythrocyte	FALSE
7	0.941	2.73327126114506	0.882	2.73327126114506	0.889	0.036	NA	HBA2	Erythrocyte	TRUE
7	0.94	3.37305372113235	0.88	3.37305372113235	0.889	0.066	NA	ALAS2	Erythrocyte	TRUE
7	0.939	3.27456106422846	0.878	3.27456106422846	0.889	0.089	NA	EPB42	Erythrocyte	TRUE
7	0.939	1.81921863260613	0.878	1.81921863260613	0.944	0.456	NA	FOXO3	Erythrocyte	TRUE
7	0.939	1.60498195264105	0.878	1.60498195264105	0.944	0.223	NA	STOM	Erythrocyte	TRUE
7	0.937	4.50283399388208	0.874	4.50283399388208	0.889	0.127	NA	HBB	Erythrocyte	TRUE
7	0.937	1.44194776215172	0.874	1.44194776215172	1	0.637	NA	UBR2	Erythrocyte	TRUE
7	0.936	2.58164051069723	0.872	2.58164051069723	0.889	0.136	NA	ERMAP	Erythrocyte	TRUE
7	0.936	2.28162254691963	0.872	2.28162254691963	0.944	0.557	NA	BNIP3L	Erythrocyte	TRUE
7	0.934	1.77647242348477	0.868	1.77647242348477	1	0.51	NA	TMEM245	Erythrocyte	TRUE
7	0.933	2.14724760745307	0.866	2.14724760745307	0.889	0.177	NA	YOD1	Erythrocyte	TRUE
7	0.933	2.12274476861064	0.866	2.12274476861064	0.889	0.065	NA	TAL1	Erythrocyte	FALSE
7	0.933	1.98078690779084	0.866	1.98078690779084	0.889	0.086	NA	SLC40A1	Erythrocyte	TRUE
7	0.932	1.566872483529	0.864	1.566872483529	0.944	0.572	NA	EIF2AK1	Erythrocyte	FALSE
7	0.932	1.48061470961624	0.864	1.48061470961624	1	0.942	NA	EIF5	Erythrocyte	TRUE
7	0.931	2.97690449157557	0.862	2.97690449157557	0.889	0.234	NA	BPGM	Erythrocyte	TRUE
7	0.931	1.28513301483177	0.862	1.28513301483177	0.889	0.069	NA	NFE2	Erythrocyte	TRUE
7	0.929	2.74467590729089	0.858	2.74467590729089	0.889	0.261	NA	DCAF12	Erythrocyte	TRUE
7	0.926	1.35879729601434	0.852	1.35879729601434	1	0.888	NA	USP15	Erythrocyte	TRUE
7	0.924	1.97420590119935	0.848	1.97420590119935	0.944	0.67	NA	HECTD4	Erythrocyte	TRUE
7	0.924	1.30176910287738	0.848	1.30176910287738	0.889	0.248	NA	FAM104A	Erythrocyte	TRUE
7	0.923	1.51272804216857	0.846	1.51272804216857	0.944	0.474	NA	GLUL	Erythrocyte	TRUE
7	0.922	1.55176454751069	0.844	1.55176454751069	0.944	0.557	NA	PNP	Erythrocyte	TRUE
7	0.921	1.822863370788	0.842	1.822863370788	0.889	0.305	NA	MARCH8	Erythrocyte	TRUE
7	0.919	1.27298366915404	0.838	1.27298366915404	0.944	0.238	NA	MAN1A1	Erythrocyte	TRUE
7	0.917	1.57451447330858	0.834	1.57451447330858	0.944	0.916	NA	WNK1	Erythrocyte	TRUE
7	0.915	1.3629807543675	0.83	1.3629807543675	0.833	0.012	NA	HBA1	Erythrocyte	TRUE
7	0.914	1.7740754402486	0.828	1.7740754402486	0.944	0.434	NA	UROD	Erythrocyte	FALSE
7	0.912	1.37116833910696	0.824	1.37116833910696	0.944	0.882	NA	SEC62	Erythrocyte	TRUE
7	0.911	2.34233681091779	0.822	2.34233681091779	0.833	0.032	NA	SELENBP1	Erythrocyte	FALSE
7	0.911	2.18777520001736	0.822	2.18777520001736	0.833	0.023	NA	GYPA	Erythrocyte	FALSE
7	0.911	1.99660509770541	0.822	1.99660509770541	0.833	0.037	NA	TNS1	Erythrocyte	TRUE
7	0.911	1.77129738658742	0.822	1.77129738658742	0.889	0.33	NA	GLRX5	Erythrocyte	TRUE
7	0.91	1.59074491945894	0.82	1.59074491945894	0.889	0.367	NA	SLC1A5	Erythrocyte	FALSE
7	0.907	1.63641393490418	0.814	1.63641393490418	0.833	0.058	NA	GMPR	Erythrocyte	TRUE
7	0.906	2.17410680052621	0.812	2.17410680052621	0.833	0.041	NA	AHSP	Erythrocyte	FALSE
7	0.903	2.66590570703224	0.806	2.66590570703224	0.833	0.076	NA	HEMGN	Erythrocyte	FALSE
7	0.902	2.30922636774124	0.804	2.30922636774124	0.833	0.126	NA	BLVRB	Erythrocyte	FALSE
7	0.902	2.26027976926252	0.804	2.26027976926252	0.833	0.138	NA	ANK1	Erythrocyte	FALSE
7	0.898	1.62816434823411	0.796	1.62816434823411	0.833	0.105	NA	SOX6	Erythrocyte	FALSE
7	0.897	1.09637137178564	0.794	1.09637137178564	0.889	0.38	NA	UBE2O	Erythrocyte	TRUE
7	0.896	1.59924511072816	0.792	1.59924511072816	0.889	0.299	NA	TMEM57	Erythrocyte	TRUE
7	0.894	2.27334516833691	0.788	2.27334516833691	0.833	0.15	NA	FAM210B	Erythrocyte	FALSE
7	0.892	1.82211782811336	0.784	1.82211782811336	0.889	0.544	NA	CAT	Erythrocyte	FALSE
7	0.89	1.69929061667325	0.78	1.69929061667325	0.944	0.604	NA	NARF	Erythrocyte	FALSE
7	0.89	1.43967658928116	0.78	1.43967658928116	0.889	0.262	NA	SPECC1	Erythrocyte	FALSE
7	0.889	2.42323017624674	0.778	2.42323017624674	0.889	0.633	NA	TFRC	Erythrocyte	FALSE
7	0.889	1.87534988851499	0.778	1.87534988851499	0.889	0.674	NA	MKRN1	Erythrocyte	TRUE
7	0.888	1.57105122518172	0.776	1.57105122518172	0.833	0.226	NA	ATG14	Erythrocyte	TRUE
7	0.888	1.16771801002998	0.776	1.16771801002998	0.889	0.406	NA	CLCN3	Erythrocyte	TRUE
7	0.886	1.96618936168922	0.772	1.96618936168922	0.778	0.016	NA	CTD-3154N5.2	Erythrocyte	TRUE
7	0.884	1.79246133051784	0.768	1.79246133051784	0.833	0.284	NA	RAPGEF2	Erythrocyte	TRUE
7	0.884	1.20270474386551	0.768	1.20270474386551	0.889	0.408	NA	DCUN1D1	Erythrocyte	TRUE
7	0.883	1.43140659115349	0.766	1.43140659115349	0.778	0.028	NA	NFIX	Erythrocyte	TRUE
7	0.881	1.52570261628892	0.762	1.52570261628892	0.889	0.607	NA	RIOK3	Erythrocyte	TRUE
7	0.88	1.20481741200791	0.76	1.20481741200791	0.889	0.42	NA	KLF3	Erythrocyte	TRUE
7	0.88	0.785651086468742	0.76	0.785651086468742	0.944	0.576	NA	NARS	Erythrocyte	TRUE
7	0.879	1.65841541189643	0.758	1.65841541189643	0.778	0.071	NA	ACSL6	Erythrocyte	TRUE
7	0.878	1.51196314322778	0.756	1.51196314322778	0.889	0.29	NA	TCP11L2	Erythrocyte	TRUE
7	0.876	1.73918632069855	0.752	1.73918632069855	0.889	0.592	NA	ZNF451	Erythrocyte	TRUE
7	0.875	1.50576529691959	0.75	1.50576529691959	0.833	0.325	NA	ADIPOR1	Erythrocyte	TRUE
7	0.875	1.38832918647911	0.75	1.38832918647911	0.944	0.807	NA	HERC1	Erythrocyte	TRUE
7	0.874	1.33370072712883	0.748	1.33370072712883	0.944	0.407	NA	FAM117A	Erythrocyte	FALSE
7	0.873	1.44357105669908	0.746	1.44357105669908	0.778	0.048	NA	RHAG	Erythrocyte	FALSE
7	0.873	1.1966201598268	0.746	1.1966201598268	0.778	0.072	NA	SERPINI1	Erythrocyte	TRUE
7	0.872	1.93213558737395	0.744	1.93213558737395	1	0.993	NA	UBB	Erythrocyte	TRUE
7	0.868	1.39020119964674	0.736	1.39020119964674	0.833	0.33	NA	FRMD4A	Erythrocyte	TRUE
7	0.867	1.50142150530348	0.734	1.50142150530348	0.944	0.712	NA	DENND4A	Erythrocyte	TRUE
7	0.865	1.73106859837413	0.73	1.73106859837413	0.778	0.098	NA	E2F2	Erythrocyte	FALSE
7	0.861	2.09369619545685	0.722	2.09369619545685	0.833	0.618	NA	CCNDBP1	Erythrocyte	TRUE
7	0.859	1.33206431962432	0.718	1.33206431962432	0.833	0.311	NA	SLC16A1	Erythrocyte	TRUE
7	0.855	1.37454443995746	0.71	1.37454443995746	0.778	0.203	NA	SLC14A1	Erythrocyte	TRUE
7	0.854	1.59143369386631	0.708	1.59143369386631	0.722	0.027	NA	TRIM10	Erythrocyte	FALSE
7	0.854	1.17818515285333	0.708	1.17818515285333	0.722	0.035	NA	XK	Erythrocyte	FALSE
7	0.853	1.48430559385791	0.706	1.48430559385791	0.722	0.029	NA	ALS2CR12	Erythrocyte	TRUE
7	0.853	1.14568652851509	0.706	1.14568652851509	0.722	0.029	NA	TMEM56	Erythrocyte	FALSE
7	0.851	1.37564328534492	0.702	1.37564328534492	0.722	0.042	NA	TMOD1	Erythrocyte	FALSE
7	0.851	1.34851220384374	0.702	1.34851220384374	0.833	0.253	NA	ALAD	Erythrocyte	FALSE
7	0.851	1.34313431570643	0.702	1.34313431570643	0.778	0.168	NA	TBCEL	Erythrocyte	TRUE
7	0.851	1.26679517518614	0.702	1.26679517518614	0.889	0.609	NA	R3HDM4	Erythrocyte	TRUE
7	0.851	1.0983088989118	0.702	1.0983088989118	0.833	0.248	NA	RNF123	Erythrocyte	FALSE
7	0.848	1.59372031224017	0.696	1.59372031224017	0.889	0.824	NA	TERF2IP	Erythrocyte	TRUE
7	0.846	1.23020689673186	0.692	1.23020689673186	0.778	0.24	NA	PRDX2	Erythrocyte	FALSE
7	0.842	1.56887835932143	0.684	1.56887835932143	0.722	0.108	NA	FAXDC2	Erythrocyte	FALSE
7	0.84	1.19248437199274	0.68	1.19248437199274	0.889	0.471	NA	DCAF6	Erythrocyte	FALSE
7	0.84	0.844455154870208	0.68	0.844455154870208	0.944	0.726	NA	MARK3	Erythrocyte	TRUE
7	0.839	1.13149479588424	0.678	1.13149479588424	0.833	0.492	NA	BMP2K	Erythrocyte	TRUE
7	0.837	1.7923200534042	0.674	1.7923200534042	0.778	0.272	NA	PPOX	Erythrocyte	FALSE
7	0.836	1.37449205837535	0.672	1.37449205837535	0.833	0.492	NA	DDI2	Erythrocyte	FALSE
7	0.832	1.3541365275719	0.664	1.3541365275719	0.889	0.741	NA	GSPT1	Erythrocyte	TRUE
7	0.831	1.34623707369349	0.662	1.34623707369349	0.778	0.457	NA	FBXO9	Erythrocyte	TRUE
7	0.83	1.45424633340489	0.66	1.45424633340489	0.722	0.155	NA	MICAL2	Erythrocyte	TRUE
7	0.828	1.02784006450636	0.656	1.02784006450636	0.833	0.423	NA	ATG2B	Erythrocyte	TRUE
7	0.828	0.975162981585199	0.656	0.975162981585199	0.667	0.018	NA	YPEL4	Erythrocyte	FALSE
7	0.827	1.24557270791594	0.654	1.24557270791594	0.944	0.76	NA	ZFAND5	Erythrocyte	TRUE
7	0.826	1.92369362969642	0.652	1.92369362969642	0.722	0.157	NA	FBXO30	Erythrocyte	TRUE
7	0.825	0.938262382910363	0.65	0.938262382910363	0.667	0.022	NA	GYPB	Erythrocyte	FALSE
7	0.825	0.917892623820089	0.65	0.917892623820089	0.667	0.035	NA	DNAJC6	Erythrocyte	FALSE
7	0.823	1.59419019587663	0.646	1.59419019587663	0.667	0.057	NA	NATD1	Erythrocyte	TRUE
7	0.823	1.22524408666701	0.646	1.22524408666701	0.722	0.092	NA	CD36	Erythrocyte	FALSE
7	0.82	0.793370026842315	0.64	0.793370026842315	0.778	0.322	NA	EMC3	Erythrocyte	TRUE
7	0.819	1.19730899279284	0.638	1.19730899279284	0.833	0.508	NA	CTSB	Erythrocyte	FALSE
7	0.819	1.11671334208247	0.638	1.11671334208247	0.889	0.689	NA	GAPVD1	Erythrocyte	TRUE
7	0.819	1.01489008032526	0.638	1.01489008032526	0.944	0.7	NA	UBBP4	Erythrocyte	TRUE
7	0.818	1.13173395140984	0.636	1.13173395140984	0.667	0.079	NA	STRADB	Erythrocyte	FALSE
7	0.818	1.04334250153984	0.636	1.04334250153984	0.667	0.044	NA	MYL4	Erythrocyte	FALSE
7	0.815	0.920851586789208	0.63	0.920851586789208	0.722	0.234	NA	MARCH3	Erythrocyte	TRUE
7	0.808	1.43394808935443	0.616	1.43394808935443	0.667	0.13	NA	BCL2L1	Erythrocyte	TRUE
7	0.807	0.852780243303215	0.614	0.852780243303215	0.833	0.436	NA	SRSF8	Erythrocyte	TRUE
7	0.806	1.07608619836369	0.612	1.07608619836369	0.833	0.369	NA	GADD45A	Erythrocyte	FALSE
7	0.806	0.963634604714705	0.612	0.963634604714705	0.722	0.239	NA	CHST2	Erythrocyte	TRUE
7	0.804	0.914211889620688	0.608	0.914211889620688	0.889	0.82	NA	SOD1	Erythrocyte	FALSE
7	0.802	1.3857854087552	0.604	1.3857854087552	0.833	0.569	NA	MAN2A2	Erythrocyte	FALSE
7	0.801	1.26690785035413	0.602	1.26690785035413	0.611	0.013	NA	HBM	Erythrocyte	FALSE
7	0.8	0.985301846804683	0.6	0.985301846804683	0.667	0.14	NA	CREG1	Erythrocyte	FALSE
7	0.799	1.58335977359801	0.598	1.58335977359801	0.833	0.532	NA	EIF1AY	Erythrocyte	FALSE
7	0.799	0.859441874143978	0.598	0.859441874143978	0.667	0.133	NA	TBC1D22B	Erythrocyte	TRUE
7	0.798	1.08034788691375	0.596	1.08034788691375	0.889	0.841	NA	EP300	Erythrocyte	TRUE
7	0.797	1.15274733211687	0.594	1.15274733211687	0.778	0.547	NA	PDCD10	Erythrocyte	TRUE
7	0.797	1.05229955131773	0.594	1.05229955131773	0.611	0.024	NA	RHCE	Erythrocyte	FALSE
7	0.797	1.01252704491537	0.594	1.01252704491537	0.722	0.273	NA	KIAA0232	Erythrocyte	TRUE
7	0.797	0.714337921953257	0.594	0.714337921953257	0.722	0.231	NA	FBXO34	Erythrocyte	TRUE
7	0.796	1.36854354422098	0.592	1.36854354422098	0.611	0.045	NA	FAM65C	Erythrocyte	FALSE
7	0.796	0.826207075354305	0.592	0.826207075354305	0.833	0.552	NA	PPM1A	Erythrocyte	TRUE
7	0.795	1.54235610019875	0.59	1.54235610019875	0.611	0.038	NA	TUBB1	Erythrocyte	FALSE
7	0.793	0.897923012963147	0.586	0.897923012963147	0.833	0.487	NA	CDKN2D	Erythrocyte	FALSE
7	0.792	0.934582659885798	0.584	0.934582659885798	0.667	0.151	NA	RAB2B	Erythrocyte	TRUE
7	0.79	1.90414196431754	0.58	1.90414196431754	0.778	0.611	NA	HERC2P2	Erythrocyte	TRUE
7	0.789	0.967520613157961	0.578	0.967520613157961	0.833	0.695	NA	RB1CC1	Erythrocyte	TRUE
7	0.788	1.37062577845413	0.576	1.37062577845413	0.944	0.752	NA	CNPPD1	Erythrocyte	TRUE
7	0.788	0.919440108437299	0.576	0.919440108437299	0.889	0.588	NA	FGFR1OP2	Erythrocyte	FALSE
7	0.787	1.41045148216171	0.574	1.41045148216171	0.667	0.215	NA	TSPAN5	Erythrocyte	FALSE
7	0.787	0.950064200595706	0.574	0.950064200595706	0.611	0.063	NA	NPL	Erythrocyte	FALSE
7	0.786	1.5618212473278	0.572	1.5618212473278	0.889	0.885	NA	NEAT1	Erythrocyte	FALSE
7	0.784	1.02318181156008	0.568	1.02318181156008	0.833	0.525	NA	HBP1	Erythrocyte	FALSE
7	0.784	0.840345850424151	0.568	0.840345850424151	0.722	0.331	NA	SESN3	Erythrocyte	TRUE
7	0.783	1.36525926968986	0.566	1.36525926968986	0.722	0.401	NA	MOB1B	Erythrocyte	FALSE
7	0.78	0.787334050818541	0.56	0.787334050818541	0.722	0.335	NA	CISD2	Erythrocyte	FALSE
7	0.776	1.61526525148817	0.552	1.61526525148817	0.611	0.105	NA	CTSL	Erythrocyte	FALSE
7	0.776	1.37666457853121	0.552	1.37666457853121	0.611	0.117	NA	ITSN1	Erythrocyte	FALSE
7	0.776	0.972820859653265	0.552	0.972820859653265	0.778	0.603	NA	WBP2	Erythrocyte	TRUE
7	0.773	1.08984142844595	0.546	1.08984142844595	0.722	0.458	NA	MTMR3	Erythrocyte	TRUE
7	0.771	0.950047484987995	0.542	0.950047484987995	0.722	0.339	NA	SDE2	Erythrocyte	TRUE
7	0.771	0.947571558529307	0.542	0.947571558529307	0.833	0.451	NA	SEC14L1	Erythrocyte	FALSE
7	0.77	1.27766950936703	0.54	1.27766950936703	0.778	0.599	NA	PIP4K2A	Erythrocyte	FALSE
7	0.768	0.896598099531816	0.536	0.896598099531816	0.556	0.035	NA	DPCD	Erythrocyte	FALSE
7	0.767	1.00791407260175	0.534	1.00791407260175	0.556	0.034	NA	RHD	Erythrocyte	FALSE
7	0.767	0.852166361968041	0.534	0.852166361968041	0.556	0.03	NA	SPTB	Erythrocyte	FALSE
7	0.766	1.14206189067105	0.532	1.14206189067105	0.556	0.037	NA	ART4	Erythrocyte	FALSE
7	0.765	1.64996701211124	0.53	1.64996701211124	0.722	0.331	NA	REXO2	Erythrocyte	FALSE
7	0.765	0.994798062644973	0.53	0.994798062644973	0.667	0.26	NA	GYPC	Erythrocyte	FALSE
7	0.765	0.905586566967367	0.53	0.905586566967367	0.778	0.46	NA	ISCU	Erythrocyte	TRUE
7	0.763	0.809157469441699	0.526	0.809157469441699	0.611	0.155	NA	PPME1	Erythrocyte	FALSE
7	0.762	0.954649939884732	0.524	0.954649939884732	0.556	0.057	NA	FCHO2	Erythrocyte	FALSE
7	0.76	1.22402190748401	0.52	1.22402190748401	0.611	0.186	NA	OAT	Erythrocyte	FALSE
7	0.759	1.19746006180356	0.518	1.19746006180356	0.667	0.311	NA	YIPF6	Erythrocyte	FALSE
7	0.759	0.887822326658527	0.518	0.887822326658527	0.611	0.156	NA	CALCOCO1	Erythrocyte	FALSE
7	0.758	0.89883828010303	0.516	0.89883828010303	0.611	0.154	NA	CPOX	Erythrocyte	FALSE
7	0.756	1.06168523193665	0.512	1.06168523193665	0.833	0.639	NA	SERTAD2	Erythrocyte	FALSE
7	0.754	0.937038867762811	0.508	0.937038867762811	0.833	0.485	NA	CLK4	Erythrocyte	FALSE
7	0.753	1.00933645709271	0.506	1.00933645709271	0.722	0.314	NA	ASCC2	Erythrocyte	TRUE
7	0.751	1.24522944751338	0.502	1.24522944751338	0.722	0.352	NA	GABARAPL1	Erythrocyte	FALSE
7	0.751	1.0044297650767	0.502	1.0044297650767	0.722	0.398	NA	HERC2P9	Erythrocyte	FALSE
7	0.749	0.750492575442718	0.498	0.750492575442718	0.833	0.739	NA	USP9X	Erythrocyte	FALSE
7	0.748	0.859469408026525	0.496	0.859469408026525	0.5	0.009	NA	MYT1	Erythrocyte	TRUE
7	0.748	0.736452245220778	0.496	0.736452245220779	0.722	0.463	NA	NT5C3A	Erythrocyte	FALSE
7	0.746	1.27865451639676	0.492	1.27865451639676	0.667	0.325	NA	TANGO2	Erythrocyte	FALSE
7	0.746	1.02006250862553	0.492	1.02006250862553	0.667	0.434	NA	SIAH2	Erythrocyte	TRUE
7	0.744	0.98973769122443	0.488	0.98973769122443	0.778	0.619	NA	PSMF1	Erythrocyte	FALSE
7	0.74	0.95058638447349	0.48	0.95058638447349	0.722	0.556	NA	GABARAPL2	Erythrocyte	TRUE
7	0.74	0.757662261085674	0.48	0.757662261085674	0.611	0.239	NA	RNF14	Erythrocyte	FALSE
7	0.739	1.20707119392657	0.478	1.20707119392657	0.556	0.142	NA	MOSPD1	Erythrocyte	FALSE
7	0.737	0.980447022684482	0.474	0.980447022684482	0.833	0.751	NA	SERINC1	Erythrocyte	FALSE
7	0.737	0.76220263028419	0.474	0.76220263028419	0.833	0.738	NA	GPCPD1	Erythrocyte	FALSE
7	0.735	0.838848750960678	0.47	0.838848750960678	0.5	0.048	NA	GYPE	Erythrocyte	FALSE
7	0.732	1.09972075689992	0.464	1.09972075689992	0.611	0.223	NA	PINK1	Erythrocyte	FALSE
7	0.731	0.894399131550305	0.462	0.894399131550305	0.5	0.06	NA	RFESD	Erythrocyte	FALSE
7	0.73	0.930457700011423	0.46	0.930457700011423	0.5	0.058	NA	CA8	Erythrocyte	FALSE
7	0.729	0.837245547654384	0.458	0.837245547654384	0.778	0.592	NA	CDKN1B	Erythrocyte	FALSE
7	0.727	0.840647755662859	0.454	0.840647755662859	0.5	0.069	NA	KEL	Erythrocyte	FALSE
7	0.726	1.03407965284755	0.452	1.03407965284755	0.667	0.411	NA	PITHD1	Erythrocyte	FALSE
7	0.724	0.916956784257729	0.448	0.916956784257729	0.944	0.916	NA	LARP1	Erythrocyte	FALSE
7	0.723	0.911983731872542	0.446	0.911983731872542	0.556	0.13	NA	LINC01655	Erythrocyte	FALSE
7	0.721	0.828532643576408	0.442	0.828532643576408	0.444	0.004	NA	SLFN14	Erythrocyte	FALSE
7	0.72	0.738552985075603	0.44	0.738552985075603	0.444	0.006	NA	TSPO2	Erythrocyte	FALSE
7	0.714	0.736549744642586	0.428	0.736549744642586	0.5	0.097	NA	KANK2	Erythrocyte	FALSE
7	0.712	0.905562882384206	0.424	0.905562882384206	0.5	0.102	NA	GCNA	Erythrocyte	FALSE
7	0.712	0.880916934978167	0.424	0.880916934978167	0.722	0.442	NA	LRP10	Erythrocyte	FALSE
7	0.71	0.768313667603229	0.42	0.768313667603229	0.444	0.033	NA	MICALCL	Erythrocyte	FALSE
7	0.71	0.72259207318709	0.42	0.72259207318709	0.833	0.883	NA	GHITM	Erythrocyte	FALSE
7	0.709	0.844155612860676	0.418	0.844155612860676	0.667	0.42	NA	OPTN	Erythrocyte	FALSE
7	0.707	0.717640972482679	0.414	0.717640972482679	0.444	0.042	NA	MST1	Erythrocyte	FALSE
7	0.707	0.704304863396346	0.414	0.704304863396346	0.444	0.043	NA	SLC22A23	Erythrocyte	FALSE
7	0.706	1.03320378705104	0.412	1.03320378705104	0.611	0.472	NA	DCAF8	Erythrocyte	FALSE
7	0.706	0.982587511737904	0.412	0.982587511737904	0.667	0.501	NA	ST3GAL1	Erythrocyte	FALSE
7	0.706	0.700009651464149	0.412	0.700009651464149	0.611	0.317	NA	NDEL1	Erythrocyte	FALSE
7	0.705	0.79111833804702	0.41	0.79111833804702	0.667	0.494	NA	CACNA1A	Erythrocyte	FALSE
7	0.704	1.30415103265964	0.408	1.30415103265964	0.611	0.442	NA	RNF19A	Erythrocyte	FALSE
7	0.704	1.03896035026801	0.408	1.03896035026801	0.722	0.755	NA	RSRP1	Erythrocyte	FALSE
7	0.703	1.42073709455905	0.406	1.42073709455905	0.778	0.791	NA	C9orf78	Erythrocyte	FALSE
7	0.703	0.908087664233439	0.406	0.908087664233439	0.556	0.208	NA	TUBB2A	Erythrocyte	FALSE
7	0.702	1.03458017549005	0.404	1.03458017549005	0.556	0.239	NA	UBAC1	Erythrocyte	FALSE
7	0.701	1.48116226310327	0.402	1.48116226310327	0.667	0.531	NA	OPA1	Erythrocyte	FALSE
8	0.999	2.4243106734252	0.998	2.4243106734252	1	0.238	NA	PRDX2	Erythrocyte-Prol	TRUE
8	0.998	2.08345120913605	0.996	2.08345120913605	1	0.05	NA	ADD2	Erythrocyte-Prol	TRUE
8	0.996	1.93768440247775	0.992	1.93768440247775	1	0.251	NA	ALAD	Erythrocyte-Prol	TRUE
8	0.996	1.5270976195209	0.992	1.5270976195209	1	0.149	NA	CPOX	Erythrocyte-Prol	TRUE
8	0.995	2.5694743127459	0.99	2.5694743127459	1	0.04	NA	AHSP	Erythrocyte-Prol	FALSE
8	0.995	2.35442664360601	0.99	2.35442664360601	1	0.434	NA	UROD	Erythrocyte-Prol	TRUE
8	0.995	1.63501089420472	0.99	1.63501089420472	1	0.495	NA	TFDP1	Erythrocyte-Prol	TRUE
8	0.994	1.889881283303	0.988	1.889881283303	1	0.046	NA	RHAG	Erythrocyte-Prol	TRUE
8	0.994	1.39487656329911	0.988	1.39487656329911	1	0.025	NA	SPTB	Erythrocyte-Prol	TRUE
8	0.994	1.07882678526426	0.988	1.07882678526426	1	0.098	NA	SLC29A1	Erythrocyte-Prol	TRUE
8	0.993	1.41702277088189	0.986	1.41702277088189	1	0.026	NA	TMEM56	Erythrocyte-Prol	FALSE
8	0.992	1.2970303652076	0.984	1.2970303652076	1	0.041	NA	MYL4	Erythrocyte-Prol	FALSE
8	0.991	2.17684649117573	0.982	2.17684649117573	1	0.125	NA	BLVRB	Erythrocyte-Prol	FALSE
8	0.991	2.05548278534041	0.982	2.05548278534041	1	0.022	NA	GYPA	Erythrocyte-Prol	FALSE
8	0.991	1.84424609743771	0.982	1.84424609743771	1	0.543	NA	CAT	Erythrocyte-Prol	FALSE
8	0.991	1.3871367061139	0.982	1.3871367061139	1	0.234	NA	UBAC1	Erythrocyte-Prol	FALSE
8	0.99	2.30561136199518	0.98	2.30561136199518	1	0.089	NA	CD36	Erythrocyte-Prol	TRUE
8	0.99	1.85317817084551	0.98	1.85317817084551	1	0.031	NA	SELENBP1	Erythrocyte-Prol	FALSE
8	0.99	1.64916498136511	0.98	1.64916498136511	1	0.129	NA	MYH10	Erythrocyte-Prol	TRUE
8	0.989	2.18206830315507	0.978	2.18206830315507	1	0.149	NA	FAM210B	Erythrocyte-Prol	FALSE
8	0.988	2.32230226246459	0.976	2.32230226246459	1	0.143	NA	SPTA1	Erythrocyte-Prol	FALSE
8	0.988	2.05146146884409	0.976	2.05146146884409	1	0.167	NA	HMBS	Erythrocyte-Prol	FALSE
8	0.987	2.21377358977607	0.974	2.21377358977607	1	0.631	NA	TFRC	Erythrocyte-Prol	FALSE
8	0.987	1.92116531804855	0.974	1.92116531804855	1	0.137	NA	ANK1	Erythrocyte-Prol	FALSE
8	0.987	1.77644103514021	0.974	1.77644103514021	1	0.181	NA	FECH	Erythrocyte-Prol	FALSE
8	0.987	1.11912663660547	0.974	1.11912663660547	1	0.987	NA	YBX1	Erythrocyte-Prol	TRUE
8	0.986	2.16076462678516	0.972	2.16076462678516	1	0.066	NA	ALAS2	Erythrocyte-Prol	FALSE
8	0.986	1.4567825472225	0.972	1.4567825472225	1	0.181	NA	OAT	Erythrocyte-Prol	FALSE
8	0.985	2.82638213253449	0.97	2.82638213253449	1	0.758	NA	HBG2	Erythrocyte-Prol	FALSE
8	0.985	2.81154628921596	0.97	2.81154628921596	1	0.319	NA	HBG1	Erythrocyte-Prol	FALSE
8	0.985	1.82708477812926	0.97	1.82708477812926	1	0.089	NA	EPB42	Erythrocyte-Prol	FALSE
8	0.985	0.779344265707029	0.97	0.779344265707029	1	0.058	NA	ICAM4	Erythrocyte-Prol	FALSE
8	0.983	1.13680573842053	0.966	1.13680573842053	1	0.33	NA	GLRX5	Erythrocyte-Prol	FALSE
8	0.983	1.11851919033675	0.966	1.11851919033675	1	0.182	NA	ABCB10	Erythrocyte-Prol	TRUE
8	0.981	0.767300084141995	0.962	0.767300084141995	1	0.04	NA	TMOD1	Erythrocyte-Prol	FALSE
8	0.98	1.66500897383473	0.96	1.66500897383473	1	0.099	NA	SNCA	Erythrocyte-Prol	FALSE
8	0.98	1.38144947340626	0.96	1.38144947340626	1	0.065	NA	TAL1	Erythrocyte-Prol	FALSE
8	0.98	1.09704239897683	0.96	1.09704239897683	1	0.089	NA	KREMEN1	Erythrocyte-Prol	TRUE
8	0.979	1.15088710347916	0.958	1.15088710347916	1	0.06	NA	KIF4A	Erythrocyte-Prol	FALSE
8	0.978	1.5126400007766	0.956	1.5126400007766	1	0.471	NA	TMEM14B	Erythrocyte-Prol	TRUE
8	0.977	1.84069352645497	0.954	1.84069352645497	1	0.114	NA	PRC1	Erythrocyte-Prol	TRUE
8	0.977	1.3972405246836	0.954	1.3972405246836	1	0.057	NA	DLGAP5	Erythrocyte-Prol	TRUE
8	0.977	1.26549353715916	0.954	1.26549353715916	1	0.099	NA	LMO2	Erythrocyte-Prol	FALSE
8	0.975	1.69830191852708	0.95	1.69830191852708	1	0.32	NA	TMEM14C	Erythrocyte-Prol	TRUE
8	0.975	1.47278918680857	0.95	1.47278918680857	1	0.334	NA	DNAJC9	Erythrocyte-Prol	TRUE
8	0.972	3.12400913170773	0.944	3.12400913170773	1	0.218	NA	SLC4A1	Erythrocyte-Prol	FALSE
8	0.972	2.08897037712381	0.944	2.08897037712381	1	0.617	NA	HMGB2	Erythrocyte-Prol	FALSE
8	0.972	1.37649183006092	0.944	1.37649183006092	1	0.136	NA	ERMAP	Erythrocyte-Prol	FALSE
8	0.971	1.22280231096351	0.942	1.22280231096351	1	0.556	NA	ATPIF1	Erythrocyte-Prol	TRUE
8	0.971	0.853892454924935	0.942	0.853892454924935	1	0.08	NA	CDC25A	Erythrocyte-Prol	FALSE
8	0.97	1.16728462330356	0.94	1.16728462330356	1	0.366	NA	SLC1A5	Erythrocyte-Prol	FALSE
8	0.969	1.34948401184959	0.938	1.34948401184959	1	0.121	NA	ANKLE1	Erythrocyte-Prol	TRUE
8	0.968	2.18352371735661	0.936	2.18352371735661	1	0.212	NA	CENPF	Erythrocyte-Prol	FALSE
8	0.968	1.31280043857191	0.936	1.31280043857191	1	0.312	NA	TUBB6	Erythrocyte-Prol	TRUE
8	0.968	1.06880712432451	0.936	1.06880712432451	0.938	0.004	NA	CTSE	Erythrocyte-Prol	TRUE
8	0.966	1.14048982715044	0.932	1.14048982715044	1	0.635	NA	CLTC	Erythrocyte-Prol	TRUE
8	0.966	1.13899317087216	0.932	1.13899317087216	1	0.602	NA	FBXO7	Erythrocyte-Prol	FALSE
8	0.965	1.85326788448446	0.93	1.85326788448446	1	0.895	NA	TUBA1B	Erythrocyte-Prol	FALSE
8	0.964	1.25743360197725	0.928	1.25743360197725	1	0.984	NA	HMGB1	Erythrocyte-Prol	FALSE
8	0.964	0.867953176968682	0.928	0.867953176968682	1	0.117	NA	CTNNAL1	Erythrocyte-Prol	FALSE
8	0.963	1.27680055435055	0.926	1.27680055435055	1	0.19	NA	FEN1	Erythrocyte-Prol	FALSE
8	0.963	1.01069516413631	0.926	1.01069516413631	1	0.175	NA	ATAD5	Erythrocyte-Prol	FALSE
8	0.962	1.41678428084367	0.924	1.41678428084367	1	0.29	NA	MGST3	Erythrocyte-Prol	TRUE
8	0.962	0.975311514125916	0.924	0.975311514125916	1	0.727	NA	YBX1P1	Erythrocyte-Prol	TRUE
8	0.961	0.885705044931306	0.922	0.885705044931306	0.938	0.019	NA	GYPB	Erythrocyte-Prol	FALSE
8	0.961	0.782894059566818	0.922	0.782894059566818	1	0.069	NA	NFE2	Erythrocyte-Prol	FALSE
8	0.959	1.34952897219564	0.918	1.34952897219564	1	0.785	NA	TUBB	Erythrocyte-Prol	FALSE
8	0.958	1.27103544410352	0.916	1.27103544410352	1	0.247	NA	RNF123	Erythrocyte-Prol	FALSE
8	0.958	0.773323284420696	0.916	0.773323284420696	1	0.118	NA	CCDC34	Erythrocyte-Prol	FALSE
8	0.957	2.66658942047044	0.914	2.66658942047044	0.938	0.076	NA	HEMGN	Erythrocyte-Prol	FALSE
8	0.955	2.10062128791629	0.91	2.10062128791629	1	0.19	NA	MKI67	Erythrocyte-Prol	FALSE
8	0.955	0.986208134734653	0.91	0.986208134734653	0.938	0.055	NA	RFESD	Erythrocyte-Prol	FALSE
8	0.955	0.735720679874587	0.91	0.735720679874587	0.938	0.034	NA	XK	Erythrocyte-Prol	FALSE
8	0.954	1.82561891334421	0.908	1.82561891334421	1	0.631	NA	SLC25A37	Erythrocyte-Prol	FALSE
8	0.954	1.72811467367417	0.908	1.72811467367417	1	0.321	NA	TANGO2	Erythrocyte-Prol	TRUE
8	0.954	1.25753076232373	0.908	1.25753076232373	1	0.604	NA	NARF	Erythrocyte-Prol	FALSE
8	0.953	1.1992762117144	0.906	1.1992762117144	1	0.27	NA	PPOX	Erythrocyte-Prol	FALSE
8	0.952	2.10063816177468	0.904	2.10063816177468	1	0.127	NA	HBB	Erythrocyte-Prol	FALSE
8	0.952	1.57402534058642	0.904	1.57402534058642	0.938	0.037	NA	HBA2	Erythrocyte-Prol	FALSE
8	0.951	1.09116359594267	0.902	1.09116359594267	1	0.248	NA	SLC2A1	Erythrocyte-Prol	FALSE
8	0.951	0.94486174014671	0.902	0.94486174014671	1	0.111	NA	ZWINT	Erythrocyte-Prol	FALSE
8	0.951	0.748438983756156	0.902	0.748438983756156	0.938	0.053	NA	PRKAR2B	Erythrocyte-Prol	FALSE
8	0.95	1.20487161789402	0.9	1.20487161789402	0.938	0.125	NA	BLVRA	Erythrocyte-Prol	TRUE
8	0.95	0.956620910066874	0.9	0.956620910066874	1	0.112	NA	KIF11	Erythrocyte-Prol	FALSE
8	0.95	0.947648366966281	0.9	0.947648366966281	1	0.22	NA	GMNN	Erythrocyte-Prol	FALSE
8	0.949	1.09440250289615	0.898	1.09440250289615	0.938	0.131	NA	MBOAT2	Erythrocyte-Prol	TRUE
8	0.949	1.07559114226686	0.898	1.07559114226686	1	0.268	NA	RRM1	Erythrocyte-Prol	FALSE
8	0.949	0.827704845401752	0.898	0.827704845401752	0.938	0.08	NA	TUBG1	Erythrocyte-Prol	TRUE
8	0.948	0.88835167236031	0.896	0.88835167236031	1	0.443	NA	HK1	Erythrocyte-Prol	FALSE
8	0.948	0.775678756437173	0.896	0.775678756437173	0.938	0.042	NA	GYPE	Erythrocyte-Prol	FALSE
8	0.947	1.15721905314263	0.894	1.15721905314263	0.938	0.064	NA	CDC20	Erythrocyte-Prol	FALSE
8	0.947	0.932004271827011	0.894	0.932004271827011	1	0.424	NA	SRI	Erythrocyte-Prol	TRUE
8	0.946	1.74615162096396	0.892	1.74615162096396	1	0.326	NA	TYMS	Erythrocyte-Prol	FALSE
8	0.946	1.25136296617719	0.892	1.25136296617719	1	0.869	NA	HMGB1P5	Erythrocyte-Prol	FALSE
8	0.946	0.779701380337183	0.892	0.779701380337183	1	0.191	NA	C9orf40	Erythrocyte-Prol	FALSE
8	0.946	0.710677250106802	0.892	0.710677250106802	1	0.185	NA	SLC43A3	Erythrocyte-Prol	FALSE
8	0.944	1.18320302969036	0.888	1.18320302969036	1	0.718	NA	METAP2	Erythrocyte-Prol	TRUE
8	0.944	1.16868153623541	0.888	1.16868153623541	0.938	0.094	NA	HMGN5	Erythrocyte-Prol	TRUE
8	0.944	1.14348048179693	0.888	1.14348048179693	1	0.317	NA	SMC2	Erythrocyte-Prol	FALSE
8	0.944	1.09959102970014	0.888	1.09959102970014	1	0.758	NA	PA2G4	Erythrocyte-Prol	TRUE
8	0.944	1.09671200368539	0.888	1.09671200368539	1	0.572	NA	EIF2AK1	Erythrocyte-Prol	FALSE
8	0.944	0.982823020694562	0.888	0.982823020694562	1	0.972	NA	ANP32B	Erythrocyte-Prol	FALSE
8	0.944	0.742496333269614	0.888	0.742496333269614	0.938	0.111	NA	HEBP1	Erythrocyte-Prol	TRUE
8	0.942	1.15993415529094	0.884	1.15993415529094	1	0.25	NA	ECI2	Erythrocyte-Prol	TRUE
8	0.941	1.46240664811239	0.882	1.46240664811239	0.938	0.084	NA	NCAPG	Erythrocyte-Prol	FALSE
8	0.94	1.34862710330137	0.88	1.34862710330137	0.938	0.19	NA	MCM4	Erythrocyte-Prol	FALSE
8	0.94	0.866337717471104	0.88	0.866337717471104	0.938	0.09	NA	CDC42BPA	Erythrocyte-Prol	FALSE
8	0.94	0.828270753173401	0.88	0.828270753173401	0.938	0.069	NA	SEC14L4	Erythrocyte-Prol	TRUE
8	0.939	1.496173787488	0.878	1.496173787488	1	0.422	NA	PCNA	Erythrocyte-Prol	FALSE
8	0.939	0.919731552171937	0.878	0.919731552171937	1	0.256	NA	GYPC	Erythrocyte-Prol	FALSE
8	0.938	1.78173798103915	0.876	1.78173798103915	0.938	0.107	NA	RRM2	Erythrocyte-Prol	FALSE
8	0.938	0.895895227171155	0.876	0.895895227171155	0.938	0.061	NA	CCNA2	Erythrocyte-Prol	FALSE
8	0.937	1.02846889479688	0.874	1.02846889479688	1	0.735	NA	HMGB1P6	Erythrocyte-Prol	FALSE
8	0.936	1.52983843290038	0.872	1.52983843290038	0.938	0.154	NA	BIRC5	Erythrocyte-Prol	FALSE
8	0.935	0.901134393602608	0.87	0.901134393602608	1	0.912	NA	RAN	Erythrocyte-Prol	FALSE
8	0.935	0.812716946424838	0.87	0.812716946424838	1	0.188	NA	MPP1	Erythrocyte-Prol	FALSE
8	0.935	0.804132285267785	0.87	0.804132285267785	0.938	0.078	NA	RAD51	Erythrocyte-Prol	FALSE
8	0.934	0.887720478705556	0.868	0.887720478705556	1	0.366	NA	CHPT1	Erythrocyte-Prol	FALSE
8	0.934	0.758906353402133	0.868	0.758906353402133	1	0.292	NA	PGRMC2	Erythrocyte-Prol	TRUE
8	0.933	1.06603194394931	0.866	1.06603194394931	1	0.161	NA	SPAG5	Erythrocyte-Prol	FALSE
8	0.932	1.07569323466302	0.864	1.07569323466302	0.938	0.131	NA	PTTG1	Erythrocyte-Prol	FALSE
8	0.932	0.927067154278699	0.864	0.927067154278699	1	0.296	NA	MPC2	Erythrocyte-Prol	TRUE
8	0.93	0.891634619161691	0.86	0.891634619161691	1	0.577	NA	CAST	Erythrocyte-Prol	TRUE
8	0.93	0.871328610421512	0.86	0.871328610421512	1	0.5	NA	GMPS	Erythrocyte-Prol	FALSE
8	0.93	0.808139510084236	0.86	0.808139510084236	1	0.502	NA	DDX1	Erythrocyte-Prol	TRUE
8	0.929	1.019627785154	0.858	1.019627785154	1	0.989	NA	FTH1	Erythrocyte-Prol	FALSE
8	0.929	1.01758965907296	0.858	1.01758965907296	1	0.431	NA	NSD2	Erythrocyte-Prol	FALSE
8	0.929	0.904347894156214	0.858	0.904347894156213	0.938	0.124	NA	ST6GALNAC4	Erythrocyte-Prol	TRUE
8	0.929	0.766716110675016	0.858	0.766716110675016	1	0.263	NA	SLC7A1	Erythrocyte-Prol	TRUE
8	0.928	1.1910337886495	0.856	1.1910337886495	1	0.323	NA	CMAS	Erythrocyte-Prol	TRUE
8	0.927	1.57295024313481	0.854	1.57295024313481	0.875	0.026	NA	TRIM10	Erythrocyte-Prol	FALSE
8	0.925	0.951017192388615	0.85	0.951017192388615	1	0.621	NA	SMC3	Erythrocyte-Prol	FALSE
8	0.924	0.87543303009515	0.848	0.87543303009515	1	0.974	NA	MT-CO3	Erythrocyte-Prol	TRUE
8	0.924	0.776764332117221	0.848	0.776764332117221	1	0.235	NA	LEPROT	Erythrocyte-Prol	FALSE
8	0.923	1.41755459879645	0.846	1.41755459879645	0.938	0.338	NA	DHFR	Erythrocyte-Prol	FALSE
8	0.923	1.09722629352221	0.846	1.09722629352221	1	0.569	NA	YWHAH	Erythrocyte-Prol	FALSE
8	0.923	0.851351776248377	0.846	0.851351776248377	1	0.257	NA	RDX	Erythrocyte-Prol	FALSE
8	0.922	0.909695541250721	0.844	0.909695541250721	1	0.39	NA	HDGF	Erythrocyte-Prol	TRUE
8	0.919	0.941986627047889	0.838	0.941986627047889	1	0.392	NA	CDC27	Erythrocyte-Prol	FALSE
8	0.919	0.805422534011235	0.838	0.805422534011235	0.938	0.152	NA	PPME1	Erythrocyte-Prol	FALSE
8	0.918	1.29931543002311	0.836	1.29931543002311	0.938	0.113	NA	TOP2A	Erythrocyte-Prol	FALSE
8	0.918	0.78195515695519	0.836	0.78195515695519	0.875	0.054	NA	TGM2	Erythrocyte-Prol	FALSE
8	0.916	1.467231469047	0.832	1.467231469047	0.938	0.654	NA	MCM7	Erythrocyte-Prol	FALSE
8	0.916	1.13308763215141	0.832	1.13308763215141	1	0.775	NA	TUBB4B	Erythrocyte-Prol	FALSE
8	0.914	1.00695802592558	0.828	1.00695802592558	0.875	0.087	NA	CDC6	Erythrocyte-Prol	FALSE
8	0.914	0.869143876044507	0.828	0.869143876044507	0.875	0.092	NA	DTL	Erythrocyte-Prol	TRUE
8	0.911	0.697411838599197	0.822	0.697411838599197	0.938	0.137	NA	UROS	Erythrocyte-Prol	TRUE
8	0.91	1.26830802860754	0.82	1.26830802860754	0.938	0.134	NA	KNL1	Erythrocyte-Prol	FALSE
8	0.91	0.781564594014039	0.82	0.781564594014039	0.875	0.056	NA	HMMR	Erythrocyte-Prol	FALSE
8	0.91	0.695083743871346	0.82	0.695083743871346	0.938	0.193	NA	MFHAS1	Erythrocyte-Prol	TRUE
8	0.906	1.19177396831042	0.812	1.19177396831042	1	0.675	NA	SMC4	Erythrocyte-Prol	FALSE
8	0.906	0.693618627583674	0.812	0.693618627583674	1	0.209	NA	MXI1	Erythrocyte-Prol	FALSE
8	0.905	1.01253842301525	0.81	1.01253842301525	0.938	0.165	NA	NUSAP1	Erythrocyte-Prol	FALSE
8	0.904	0.723068865928257	0.808	0.723068865928257	0.938	0.154	NA	BUB1	Erythrocyte-Prol	FALSE
8	0.904	0.709392179874321	0.808	0.709392179874321	0.875	0.063	NA	DSCC1	Erythrocyte-Prol	FALSE
8	0.901	1.027740734068	0.802	1.027740734068	0.875	0.219	NA	MCM2	Erythrocyte-Prol	FALSE
8	0.901	0.975748412693589	0.802	0.975748412693589	1	0.765	NA	DEK	Erythrocyte-Prol	FALSE
8	0.901	0.872444849878797	0.802	0.872444849878797	0.875	0.068	NA	ANLN	Erythrocyte-Prol	FALSE
8	0.9	0.813146569375463	0.8	0.813146569375463	0.875	0.107	NA	FAXDC2	Erythrocyte-Prol	FALSE
8	0.899	1.02255196557516	0.798	1.02255196557516	0.812	0.011	NA	HBM	Erythrocyte-Prol	FALSE
8	0.898	0.956011415184017	0.796	0.956011415184017	0.875	0.115	NA	ITSN1	Erythrocyte-Prol	FALSE
8	0.898	0.749340728409494	0.796	0.749340728409494	1	0.534	NA	AGO2	Erythrocyte-Prol	TRUE
8	0.898	0.741588194732564	0.796	0.741588194732564	1	0.28	NA	HTRA2	Erythrocyte-Prol	TRUE
8	0.897	1.2182911729189	0.794	1.2182911729189	0.812	0.022	NA	RHCE	Erythrocyte-Prol	FALSE
8	0.897	1.07215850895113	0.794	1.07215850895113	0.938	0.793	NA	SSRP1	Erythrocyte-Prol	FALSE
8	0.897	0.881138900807188	0.794	0.881138900807188	1	0.725	NA	AP2M1	Erythrocyte-Prol	TRUE
8	0.896	0.861547654886229	0.792	0.861547654886229	0.875	0.126	NA	GINS2	Erythrocyte-Prol	FALSE
8	0.895	1.02162954542186	0.79	1.02162954542186	0.938	0.532	NA	DUT	Erythrocyte-Prol	FALSE
8	0.895	0.969670399718753	0.79	0.969670399718753	0.812	0.032	NA	RHD	Erythrocyte-Prol	FALSE
8	0.895	0.898158028144414	0.79	0.898158028144414	1	0.909	NA	ATP5A1	Erythrocyte-Prol	TRUE
8	0.893	0.778579816385762	0.786	0.778579816385762	1	0.951	NA	MT-ND1	Erythrocyte-Prol	TRUE
8	0.892	1.57408222060411	0.784	1.57408222060411	0.875	0.123	NA	CENPE	Erythrocyte-Prol	FALSE
8	0.892	0.694474897489177	0.784	0.694474897489177	1	0.273	NA	ICMT	Erythrocyte-Prol	FALSE
8	0.891	1.41424993705211	0.782	1.41424993705211	0.875	0.151	NA	CLSPN	Erythrocyte-Prol	FALSE
8	0.891	1.13843212165679	0.782	1.13843212165679	1	0.407	NA	FAM117A	Erythrocyte-Prol	FALSE
8	0.891	0.894073801274411	0.782	0.894073801274411	0.938	0.254	NA	ATAD2	Erythrocyte-Prol	FALSE
8	0.891	0.792869880110591	0.782	0.792869880110591	0.875	0.16	NA	PKP4	Erythrocyte-Prol	FALSE
8	0.891	0.771713549871964	0.782	0.771713549871964	0.812	0.041	NA	CYBRD1	Erythrocyte-Prol	TRUE
8	0.891	0.714402524300772	0.782	0.714402524300772	0.812	0.071	NA	CCNE1	Erythrocyte-Prol	TRUE
8	0.89	0.918353689174429	0.78	0.918353689174429	0.938	0.697	NA	RANBP1	Erythrocyte-Prol	FALSE
8	0.89	0.772327220887478	0.78	0.772327220887478	0.938	0.403	NA	RAD23A	Erythrocyte-Prol	FALSE
8	0.89	0.733387526156455	0.78	0.733387526156455	1	0.371	NA	VRK1	Erythrocyte-Prol	FALSE
8	0.889	0.7593908752017	0.778	0.7593908752017	1	0.727	NA	HNRNPAB	Erythrocyte-Prol	FALSE
8	0.888	0.756259129777451	0.776	0.756259129777451	1	0.405	NA	HMGB1P10	Erythrocyte-Prol	FALSE
8	0.887	1.20241591910508	0.774	1.20241591910508	0.875	0.532	NA	EIF1AY	Erythrocyte-Prol	FALSE
8	0.886	0.721558478169449	0.772	0.721558478169449	1	0.453	NA	EZH2	Erythrocyte-Prol	FALSE
8	0.884	1.40628112616921	0.768	1.40628112616921	0.875	0.155	NA	TPX2	Erythrocyte-Prol	FALSE
8	0.884	0.867042538376202	0.768	0.867042538376202	0.875	0.167	NA	CENPN	Erythrocyte-Prol	FALSE
8	0.884	0.704630419311441	0.768	0.704630419311441	1	0.769	NA	FTH1P10	Erythrocyte-Prol	FALSE
8	0.883	0.734225106561529	0.766	0.734225106561529	0.812	0.066	NA	CCNB2	Erythrocyte-Prol	FALSE
8	0.882	1.3311909769094	0.764	1.3311909769094	0.875	0.303	NA	MCM6	Erythrocyte-Prol	FALSE
8	0.882	1.26152890177667	0.764	1.26152890177667	0.812	0.11	NA	NFIA	Erythrocyte-Prol	TRUE
8	0.882	0.872185770950113	0.764	0.872185770950113	0.812	0.054	NA	H1F0	Erythrocyte-Prol	FALSE
8	0.881	0.918149127628485	0.762	0.918149127628485	1	0.724	NA	PSMD2	Erythrocyte-Prol	TRUE
8	0.877	1.18150837344493	0.754	1.18150837344493	0.875	0.195	NA	PRR11	Erythrocyte-Prol	FALSE
8	0.877	0.87530225271608	0.754	0.87530225271608	0.938	0.339	NA	CTNNA1	Erythrocyte-Prol	FALSE
8	0.877	0.849141515490164	0.754	0.849141515490164	0.875	0.201	NA	CHEK1	Erythrocyte-Prol	FALSE
8	0.876	0.797414458154892	0.752	0.797414458154892	1	0.818	NA	SOD1	Erythrocyte-Prol	FALSE
8	0.876	0.749358072668672	0.752	0.749358072668672	1	0.608	NA	VDAC3	Erythrocyte-Prol	TRUE
8	0.874	0.737220140166652	0.748	0.737220140166652	1	0.477	NA	SAMM50	Erythrocyte-Prol	TRUE
8	0.873	0.783690579151301	0.746	0.783690579151301	0.812	0.073	NA	MCM10	Erythrocyte-Prol	FALSE
8	0.872	0.769971010470213	0.744	0.769971010470213	0.938	0.491	NA	CYC1	Erythrocyte-Prol	TRUE
8	0.87	0.905823499115843	0.74	0.905823499115843	0.938	0.263	NA	SPECC1	Erythrocyte-Prol	FALSE
8	0.87	0.712627609436943	0.74	0.712627609436943	1	0.816	NA	TOP1	Erythrocyte-Prol	FALSE
8	0.866	0.775347850234974	0.732	0.775347850234974	0.875	0.178	NA	GCLM	Erythrocyte-Prol	FALSE
8	0.865	1.04766035754983	0.73	1.04766035754983	0.812	0.107	NA	SOX6	Erythrocyte-Prol	FALSE
8	0.865	0.732932422670645	0.73	0.732932422670645	1	0.87	NA	DHX9	Erythrocyte-Prol	FALSE
8	0.864	1.1651985600373	0.728	1.1651985600373	0.938	0.517	NA	RUVBL2	Erythrocyte-Prol	TRUE
8	0.863	0.757313265661111	0.726	0.757313265661111	0.875	0.207	NA	RFC4	Erythrocyte-Prol	FALSE
8	0.863	0.697997965469949	0.726	0.697997965469949	0.812	0.08	NA	NUF2	Erythrocyte-Prol	FALSE
8	0.861	0.978888438953196	0.722	0.978888438953196	0.812	0.099	NA	E2F2	Erythrocyte-Prol	FALSE
8	0.86	0.909019906608764	0.72	0.909019906608764	0.812	0.101	NA	SHCBP1	Erythrocyte-Prol	FALSE
8	0.86	0.69976363847989	0.72	0.69976363847989	1	0.729	NA	NAA50	Erythrocyte-Prol	FALSE
8	0.858	1.20474781653783	0.716	1.20474781653783	0.75	0.04	NA	TNS1	Erythrocyte-Prol	FALSE
8	0.855	1.12380868625842	0.71	1.12380868625842	0.938	0.384	NA	TRAK2	Erythrocyte-Prol	FALSE
8	0.855	0.796632683415359	0.71	0.796632683415359	1	0.571	NA	PDHA1	Erythrocyte-Prol	TRUE
8	0.854	0.979084655177629	0.708	0.979084655177629	0.938	0.501	NA	MCM5	Erythrocyte-Prol	FALSE
8	0.852	0.721690217213301	0.704	0.721690217213301	0.75	0.065	NA	LTBP1	Erythrocyte-Prol	FALSE
8	0.851	0.803611247670635	0.702	0.803611247670635	1	0.555	NA	UQCRC1	Erythrocyte-Prol	FALSE
8	0.85	1.02256892058909	0.7	1.02256892058909	0.875	0.506	NA	MCM3	Erythrocyte-Prol	FALSE
8	0.849	0.725117770323462	0.698	0.725117770323462	1	0.633	NA	SUPT16H	Erythrocyte-Prol	FALSE
8	0.848	1.00864821635513	0.696	1.00864821635513	0.875	0.505	NA	SLBP	Erythrocyte-Prol	FALSE
8	0.848	0.70325614782389	0.696	0.70325614782389	0.938	0.541	NA	NDUFB9	Erythrocyte-Prol	TRUE
8	0.847	1.29135243323098	0.694	1.29135243323098	0.875	0.33	NA	REXO2	Erythrocyte-Prol	FALSE
8	0.846	0.804291792089505	0.692	0.804291792089505	1	0.694	NA	RIF1	Erythrocyte-Prol	FALSE
8	0.846	0.774832046820919	0.692	0.774832046820919	0.812	0.11	NA	NDC80	Erythrocyte-Prol	FALSE
8	0.846	0.738780197428209	0.692	0.738780197428209	0.875	0.375	NA	MSH6	Erythrocyte-Prol	FALSE
8	0.846	0.711528812205344	0.692	0.711528812205344	0.938	0.628	NA	SNRPD1	Erythrocyte-Prol	FALSE
8	0.845	0.696301254568069	0.69	0.696301254568069	1	0.872	NA	ILF2	Erythrocyte-Prol	FALSE
8	0.843	1.09385251564682	0.686	1.09385251564682	0.688	0.002	NA	AQP1	Erythrocyte-Prol	TRUE
8	0.843	0.971607511099488	0.686	0.971607511099488	1	0.517	NA	NCAPD2	Erythrocyte-Prol	FALSE
8	0.843	0.741957591081261	0.686	0.741957591081261	0.812	0.181	NA	FANCI	Erythrocyte-Prol	FALSE
8	0.842	0.720397337416298	0.684	0.720397337416298	0.875	0.443	NA	MTHFD1	Erythrocyte-Prol	FALSE
8	0.84	0.755728742075855	0.68	0.755728742075855	0.875	0.289	NA	NUP37	Erythrocyte-Prol	TRUE
8	0.84	0.705894269580713	0.68	0.705894269580713	1	0.45	NA	CASP8AP2	Erythrocyte-Prol	FALSE
8	0.839	0.822919555338353	0.678	0.822919555338352	0.812	0.198	NA	HOOK1	Erythrocyte-Prol	TRUE
8	0.838	0.72943354093972	0.676	0.72943354093972	0.938	0.359	NA	KIF20B	Erythrocyte-Prol	FALSE
8	0.838	0.715213519839776	0.676	0.715213519839776	0.938	0.491	NA	DDI2	Erythrocyte-Prol	FALSE
8	0.836	0.707759834228589	0.672	0.707759834228589	1	0.698	NA	HDLBP	Erythrocyte-Prol	FALSE
8	0.833	1.27994502061306	0.666	1.27994502061306	0.75	0.091	NA	ASPM	Erythrocyte-Prol	FALSE
8	0.833	0.752729790996755	0.666	0.752729790996755	0.75	0.093	NA	RAB13	Erythrocyte-Prol	FALSE
8	0.828	0.726727906620373	0.656	0.726727906620373	0.688	0.044	NA	SLC22A16	Erythrocyte-Prol	TRUE
8	0.827	0.716546246793337	0.654	0.716546246793337	0.938	0.564	NA	SDHA	Erythrocyte-Prol	FALSE
8	0.826	0.697447351676068	0.652	0.697447351676068	0.75	0.104	NA	CTSL	Erythrocyte-Prol	FALSE
8	0.82	0.926609754800913	0.64	0.926609754800913	0.875	0.454	NA	TUBA1C	Erythrocyte-Prol	FALSE
8	0.819	0.737190275048052	0.638	0.737190275048052	0.938	0.717	NA	PRKDC	Erythrocyte-Prol	FALSE
8	0.818	0.722076674719257	0.636	0.722076674719257	0.688	0.086	NA	SYNGR1	Erythrocyte-Prol	TRUE
8	0.817	0.723796117231196	0.634	0.723796117231196	1	0.732	NA	LBR	Erythrocyte-Prol	TRUE
8	0.814	0.802042942017314	0.628	0.802042942017314	0.75	0.16	NA	CD59	Erythrocyte-Prol	FALSE
8	0.809	0.708205509110096	0.618	0.708205509110096	0.625	0.009	NA	ERFE	Erythrocyte-Prol	TRUE
8	0.808	0.750625421115642	0.616	0.750625421115642	0.938	0.81	NA	LRRC75A-AS1	Erythrocyte-Prol	FALSE
8	0.802	0.835799419031032	0.604	0.835799419031032	0.625	0.019	NA	CTD-3154N5.2	Erythrocyte-Prol	FALSE
8	0.793	0.886081929137704	0.586	0.886081929137704	0.625	0.039	NA	TUBB1	Erythrocyte-Prol	FALSE
8	0.789	1.61696860652612	0.578	1.61696860652612	0.938	0.677	NA	HIST1H4C	Erythrocyte-Prol	FALSE
8	0.765	0.906687577471164	0.53	0.906687577471164	0.875	0.623	NA	SNHG16	Erythrocyte-Prol	FALSE
8	0.764	0.723608429855129	0.528	0.723608429855129	0.75	0.422	NA	CDK4	Erythrocyte-Prol	FALSE
8	0.745	0.915708273533971	0.49	0.915708273533971	0.5	0.018	NA	EPCAM	Erythrocyte-Prol	TRUE
8	0.736	0.722306511833005	0.472	0.722306511833005	0.562	0.09	NA	SGO1	Erythrocyte-Prol	FALSE
9	0.988	2.17404933376504	0.976	2.17404933376504	1	0.631	NA	STMN1	B-Prol	TRUE
9	0.981	2.13791751415288	0.962	2.13791751415288	1	0.894	NA	TUBA1B	B-Prol	FALSE
9	0.98	1.57522194327981	0.96	1.57522194327981	1	0.984	NA	HMGB1	B-Prol	FALSE
9	0.979	1.79448925713749	0.958	1.79448925713749	1	0.783	NA	TUBB	B-Prol	FALSE
9	0.977	1.48535460640752	0.954	1.48535460640752	1	0.868	NA	HMGB1P5	B-Prol	FALSE
9	0.975	2.06414862817629	0.95	2.06414862817629	1	0.106	NA	TOP2A	B-Prol	TRUE
9	0.973	2.28200020123265	0.946	2.28200020123265	1	0.615	NA	HMGB2	B-Prol	FALSE
9	0.972	2.49087934811461	0.944	2.49087934811461	1	0.322	NA	TYMS	B-Prol	TRUE
9	0.968	2.26789703749707	0.936	2.26789703749707	1	0.185	NA	MKI67	B-Prol	FALSE
9	0.967	1.1904890391002	0.934	1.1904890391002	1	0.734	NA	HMGB1P6	B-Prol	FALSE
9	0.966	1.10632097306538	0.932	1.10632097306538	1	0.106	NA	KIF11	B-Prol	FALSE
9	0.962	1.27970090013833	0.924	1.27970090013833	1	0.313	NA	SMC2	B-Prol	FALSE
9	0.96	1.98746801448827	0.92	1.98746801448827	0.957	0.101	NA	RRM2	B-Prol	FALSE
9	0.958	1.16356144420813	0.916	1.16356144420813	1	0.55	NA	HMGN2	B-Prol	TRUE
9	0.956	1.35484300050263	0.912	1.35484300050263	0.957	0.078	NA	NCAPG	B-Prol	FALSE
9	0.953	1.06656717327541	0.906	1.06656717327541	1	0.431	NA	TMPO	B-Prol	TRUE
9	0.949	1.08578620651399	0.898	1.08578620651399	0.957	0.106	NA	ZWINT	B-Prol	FALSE
9	0.948	0.855942610390639	0.896	0.855942610390639	0.957	0.089	NA	FOXM1	B-Prol	TRUE
9	0.945	1.37285138703758	0.89	1.37285138703758	0.957	0.083	NA	ASPM	B-Prol	FALSE
9	0.943	2.53921468640186	0.886	2.53921468640186	1	0.674	NA	HIST1H4C	B-Prol	TRUE
9	0.942	1.07086754161411	0.884	1.07086754161411	1	0.723	NA	H2AFV	B-Prol	TRUE
9	0.941	1.4879628714325	0.882	1.4879628714325	0.957	0.149	NA	BIRC5	B-Prol	FALSE
9	0.941	1.30315002179694	0.882	1.30315002179694	0.957	0.16	NA	NUSAP1	B-Prol	FALSE
9	0.937	1.49731330672135	0.874	1.49731330672135	0.913	0.087	NA	CDCA5	B-Prol	TRUE
9	0.937	1.4398224971576	0.874	1.4398224971576	1	0.333	NA	DHFR	B-Prol	FALSE
9	0.936	1.28230335888798	0.872	1.28230335888798	1	0.836	NA	H2AFY	B-Prol	TRUE
9	0.936	1.11647955105722	0.872	1.11647955105722	0.957	0.109	NA	PRC1	B-Prol	FALSE
9	0.935	1.04079796926152	0.87	1.04079796926152	0.957	0.174	NA	FANCI	B-Prol	FALSE
9	0.931	0.83945086059828	0.862	0.83945086059828	1	0.987	NA	PTMA	B-Prol	TRUE
9	0.928	1.20630442424228	0.856	1.20630442424228	0.913	0.111	NA	KIF15	B-Prol	FALSE
9	0.926	0.744759870878547	0.852	0.744759870878547	0.913	0.074	NA	NUF2	B-Prol	FALSE
9	0.923	1.3430155536824	0.846	1.3430155536824	0.913	0.13	NA	KNL1	B-Prol	FALSE
9	0.923	1.14144847710571	0.846	1.14144847710571	1	0.763	NA	DEK	B-Prol	FALSE
9	0.923	0.8997923617585	0.846	0.8997923617585	0.913	0.122	NA	PCLAF	B-Prol	FALSE
9	0.923	0.758132222390345	0.846	0.758132222390345	1	0.933	NA	HMGN1	B-Prol	TRUE
9	0.922	1.20945645400889	0.844	1.20945645400889	0.957	0.264	NA	RRM1	B-Prol	FALSE
9	0.919	1.55577199927424	0.838	1.55577199927424	0.913	0.15	NA	TPX2	B-Prol	FALSE
9	0.919	1.13127845110557	0.838	1.13127845110557	0.87	0.064	NA	UHRF1	B-Prol	TRUE
9	0.918	0.741386521718961	0.836	0.741386521718961	0.913	0.116	NA	NCAPG2	B-Prol	FALSE
9	0.917	0.8559765537397	0.834	0.8559765537397	0.957	0.246	NA	CKS1B	B-Prol	FALSE
9	0.917	0.766686258658015	0.834	0.766686258658015	0.957	0.161	NA	CENPN	B-Prol	FALSE
9	0.914	1.25631738048521	0.828	1.25631738048521	1	0.705	NA	H2AFZ	B-Prol	TRUE
9	0.914	1.02455856836788	0.828	1.02455856836788	1	0.886	NA	NUCKS1	B-Prol	TRUE
9	0.912	1.83173732310935	0.824	1.83173732310935	0.913	0.209	NA	CENPF	B-Prol	FALSE
9	0.911	1.18715049758032	0.822	1.18715049758032	0.87	0.077	NA	AURKB	B-Prol	TRUE
9	0.911	1.17318038677264	0.822	1.17318038677264	0.87	0.062	NA	KIF18B	B-Prol	FALSE
9	0.911	0.893395631437046	0.822	0.893395631437046	0.87	0.063	NA	ANLN	B-Prol	FALSE
9	0.91	0.980069904061045	0.82	0.980069904061045	0.913	0.104	NA	NDC80	B-Prol	FALSE
9	0.91	0.909656278881166	0.82	0.909656278881166	0.913	0.104	NA	FAM111B	B-Prol	TRUE
9	0.909	0.787337562245742	0.818	0.787337562245742	0.87	0.073	NA	POLQ	B-Prol	FALSE
9	0.908	1.2537712410497	0.816	1.2537712410497	1	0.673	NA	SMC4	B-Prol	FALSE
9	0.908	1.18163263577358	0.816	1.18163263577358	0.87	0.096	NA	SHCBP1	B-Prol	FALSE
9	0.906	0.939483428748331	0.812	0.939483428748331	1	0.428	NA	NSD2	B-Prol	FALSE
9	0.905	1.00106293883862	0.81	1.00106293883862	0.913	0.196	NA	CHEK1	B-Prol	FALSE
9	0.905	0.873050034889722	0.81	0.873050034889722	1	0.954	NA	PTMAP5	B-Prol	TRUE
9	0.904	0.828450804239604	0.808	0.828450804239604	0.913	0.15	NA	BUB1	B-Prol	FALSE
9	0.904	0.788438828796967	0.808	0.788438828796967	1	0.768	NA	YWHAQ	B-Prol	FALSE
9	0.904	0.778070974423932	0.808	0.778070974423932	0.87	0.057	NA	KIF4A	B-Prol	FALSE
9	0.903	0.863834813114163	0.806	0.863834813114163	0.87	0.114	NA	RACGAP1	B-Prol	TRUE
9	0.902	0.956081287629015	0.804	0.956081287629015	1	0.694	NA	RANBP1	B-Prol	FALSE
9	0.901	1.23267750573477	0.802	1.23267750573477	0.957	0.515	NA	NCAPD2	B-Prol	FALSE
9	0.897	1.54662375018224	0.794	1.54662375018224	0.957	0.42	NA	PCNA	B-Prol	FALSE
9	0.895	0.999525240877813	0.79	0.999525240877813	1	0.955	NA	MIR1244-2	B-Prol	TRUE
9	0.894	0.704576176919422	0.788	0.704576176919422	1	0.959	NA	PPIA	B-Prol	TRUE
9	0.892	0.947745959183912	0.784	0.947745959183912	1	0.524	NA	ANP32E	B-Prol	FALSE
9	0.891	0.952844758529249	0.782	0.952844758529249	0.87	0.159	NA	SPAG5	B-Prol	FALSE
9	0.89	1.06014921065483	0.78	1.06014921065483	0.913	0.25	NA	ATAD2	B-Prol	FALSE
9	0.89	0.77801840468946	0.78	0.77801840468946	0.957	0.291	NA	KIF22	B-Prol	FALSE
9	0.888	0.924359727636197	0.776	0.924359727636197	1	0.354	NA	KIF20B	B-Prol	FALSE
9	0.887	0.820116288112286	0.774	0.820116288112286	1	0.963	NA	CALM2	B-Prol	FALSE
9	0.887	0.695367924126484	0.774	0.695367924126484	1	0.965	NA	HNRNPA3	B-Prol	FALSE
9	0.885	0.795811174458788	0.77	0.795811174458788	0.826	0.058	NA	CCNA2	B-Prol	FALSE
9	0.885	0.768638004766241	0.77	0.768638004766241	0.87	0.112	NA	BRCA2	B-Prol	FALSE
9	0.884	0.811472387104116	0.768	0.811472387104116	1	0.866	NA	HNRNPA1P48	B-Prol	FALSE
9	0.882	0.970793679451138	0.764	0.970793679451138	1	0.774	NA	TUBB4B	B-Prol	FALSE
9	0.882	0.836403388317952	0.764	0.836403388317952	0.826	0.079	NA	KIF14	B-Prol	FALSE
9	0.879	0.95319961335136	0.758	0.95319961335136	0.957	0.451	NA	EZH2	B-Prol	FALSE
9	0.879	0.805074133963572	0.758	0.805074133963572	0.957	0.402	NA	HMGB1P10	B-Prol	FALSE
9	0.878	0.897597507748068	0.756	0.897597507748067	0.913	0.526	NA	SAE1	B-Prol	TRUE
9	0.877	1.32192099822725	0.754	1.32192099822725	0.826	0.147	NA	CLSPN	B-Prol	FALSE
9	0.876	1.07869261538145	0.752	1.07869261538145	1	0.86	NA	NASP	B-Prol	TRUE
9	0.876	0.908359882203173	0.752	0.908359882203173	0.957	0.474	NA	USP1	B-Prol	TRUE
9	0.875	1.2403477881241	0.75	1.2403477881241	0.826	0.094	NA	E2F2	B-Prol	FALSE
9	0.872	0.792187810697633	0.744	0.792187810697633	1	0.807	NA	MIR1244-3	B-Prol	TRUE
9	0.87	0.936877019624311	0.74	0.936877019624311	1	0.66	NA	CBX5	B-Prol	FALSE
9	0.87	0.885128954508821	0.74	0.885128954508821	0.783	0.076	NA	RAD51	B-Prol	FALSE
9	0.868	0.826646346687266	0.736	0.826646346687266	0.913	0.265	NA	MYBL2	B-Prol	FALSE
9	0.867	1.21604986495566	0.734	1.21604986495566	1	0.528	NA	DUT	B-Prol	FALSE
9	0.863	0.93827060076219	0.726	0.93827060076219	0.913	0.337	NA	TIMELESS	B-Prol	FALSE
9	0.863	0.905211439909139	0.726	0.905211439909139	0.87	0.188	NA	FEN1	B-Prol	FALSE
9	0.86	1.07981087193942	0.72	1.07981087193942	0.783	0.07	NA	MME	B-Prol	TRUE
9	0.853	1.0533715853619	0.706	1.0533715853619	0.826	0.26	NA	HELLS	B-Prol	FALSE
9	0.85	0.729086184678369	0.7	0.729086184678369	0.739	0.044	NA	HJURP	B-Prol	FALSE
9	0.849	0.823299330048201	0.698	0.823299330048201	0.783	0.112	NA	TCF19	B-Prol	FALSE
9	0.843	0.789707799287948	0.686	0.789707799287948	0.957	0.567	NA	YWHAH	B-Prol	FALSE
9	0.839	0.753909277958876	0.678	0.753909277958876	0.957	0.39	NA	POU2AF1	B-Prol	FALSE
9	0.839	0.73220383650824	0.678	0.73220383650824	1	0.618	NA	SMC3	B-Prol	FALSE
9	0.837	0.787454518427764	0.674	0.787454518427764	0.783	0.214	NA	BRCA1	B-Prol	FALSE
9	0.836	0.7871626852584	0.672	0.7871626852584	0.826	0.218	NA	GMNN	B-Prol	FALSE
9	0.836	0.719697870390754	0.672	0.719697870390754	0.913	0.301	NA	EBF1	B-Prol	FALSE
9	0.835	0.829817538904335	0.67	0.829817538904335	0.913	0.332	NA	DNAJC9	B-Prol	FALSE
9	0.834	0.783688178965832	0.668	0.783688178965832	0.957	0.493	NA	CKS2	B-Prol	FALSE
9	0.832	0.8231881144781	0.664	0.8231881144781	0.913	0.369	NA	MAP3K20	B-Prol	FALSE
9	0.831	0.767283836016349	0.662	0.767283836016349	1	0.725	NA	HNRNPAB	B-Prol	FALSE
9	0.83	1.03663083037759	0.66	1.03663083037759	0.783	0.189	NA	MCM4	B-Prol	FALSE
9	0.83	0.934489352462589	0.66	0.934489352462589	0.783	0.217	NA	MCM2	B-Prol	FALSE
9	0.83	0.814171205389821	0.66	0.814171205389821	0.696	0.046	NA	HIST1H1B	B-Prol	FALSE
9	0.83	0.741953685634583	0.66	0.741953685634583	0.826	0.192	NA	PRR11	B-Prol	FALSE
9	0.828	1.29790340927932	0.656	1.29790340927932	0.913	0.653	NA	MCM7	B-Prol	FALSE
9	0.827	1.14515596812925	0.654	1.14515596812925	0.826	0.301	NA	MCM6	B-Prol	FALSE
9	0.827	0.858460244450444	0.654	0.858460244450444	1	0.849	NA	GAPDH	B-Prol	FALSE
9	0.826	0.72943734744771	0.652	0.72943734744771	1	0.624	NA	PSMC3	B-Prol	FALSE
9	0.824	1.16352393888801	0.648	1.16352393888801	0.87	0.504	NA	MCM3	B-Prol	FALSE
9	0.824	0.700982722908446	0.648	0.700982722908446	0.696	0.048	NA	KIF23	B-Prol	FALSE
9	0.822	0.7096481153409	0.644	0.7096481153409	0.957	0.555	NA	TOPBP1	B-Prol	FALSE
9	0.817	0.695188740313544	0.634	0.695188740313544	0.696	0.075	NA	CDC45	B-Prol	FALSE
9	0.814	0.968597307840867	0.628	0.968597307840867	0.739	0.2	NA	HIST1H1D	B-Prol	TRUE
9	0.812	1.3163620052233	0.624	1.3163620052233	0.739	0.16	NA	MYB	B-Prol	FALSE
9	0.812	1.0670671832362	0.624	1.0670671832362	0.87	0.378	NA	CD24	B-Prol	FALSE
9	0.812	0.78580654615011	0.624	0.78580654615011	0.826	0.373	NA	MSH6	B-Prol	FALSE
9	0.808	0.975704899336329	0.616	0.975704899336329	0.696	0.125	NA	GINS2	B-Prol	FALSE
9	0.807	0.722417913897835	0.614	0.722417913897835	0.913	0.563	NA	PRDX1	B-Prol	TRUE
9	0.806	0.809409483479711	0.612	0.809409483479711	0.87	0.503	NA	SLBP	B-Prol	FALSE
9	0.806	0.774054364220883	0.612	0.774054364220883	0.957	0.664	NA	SMC1A	B-Prol	FALSE
9	0.803	1.43929491959052	0.606	1.43929491959052	0.696	0.122	NA	CENPE	B-Prol	FALSE
9	0.801	0.71449746710283	0.602	0.71449746710283	1	0.642	NA	MIS18BP1	B-Prol	FALSE
9	0.796	0.725982034753786	0.592	0.725982034753786	0.652	0.072	NA	MCM10	B-Prol	FALSE
9	0.795	1.24247433143227	0.59	1.24247433143227	0.609	0.032	NA	IGLL1	B-Prol	TRUE
9	0.787	0.740225406923458	0.574	0.740225406923458	0.957	0.791	NA	SSRP1	B-Prol	FALSE
9	0.775	0.7881645747337	0.55	0.7881645747337	0.87	0.58	NA	DNMT1	B-Prol	FALSE
9	0.764	0.739571080735778	0.528	0.739571080735778	0.565	0.045	NA	MNS1	B-Prol	FALSE
9	0.762	0.77426636418238	0.524	0.77426636418238	0.826	0.449	NA	NREP	B-Prol	FALSE
9	0.748	1.440914593895	0.496	1.440914593895	0.522	0.038	NA	VPREB1	B-Prol	TRUE
9	0.747	0.893694852331776	0.494	0.893694852331776	0.957	0.865	NA	TOP2B	B-Prol	FALSE
9	0.747	0.770981791844723	0.494	0.770981791844723	0.913	0.451	NA	TUBA1C	B-Prol	FALSE
9	0.746	0.768187828422451	0.492	0.768187828422451	0.826	0.507	NA	CDK6	B-Prol	FALSE
9	0.728	0.771666820872418	0.456	0.771666820872418	0.826	0.5	NA	MCM5	B-Prol	FALSE
9	0.718	1.2692791334805	0.436	1.2692791334805	0.522	0.106	NA	AKAP12	B-Prol	FALSE
