orig.ident	nCount_ATAC	nFeature_ATAC	nCount_ACTIVITY	nFeature_ACTIVITY	tech	predicted.id	prediction.score.max	tSNE_1	tSNE_2	EPCAM	VIM	PTPRC	HBG1
GJ_1_1-1	GJ	137517	44073	49996.0761152062	16637	atac	Endo	0.98260342381317	3.90080279189137	-5.8583609976655	-0.743060847069265	-0.374010548857642	-0.105528064926269	-0.195994254692559
GJ_1_1-2	GJ	114465	39747	45230.5746652187	16068	atac	Fibro-SCN7A	0.930754925421376	-5.83695117745897	-4.417053559585	1.42185008264054	-0.310587685733684	-0.105528064926269	-0.195994254692559
GJ_1_1-3	GJ	97962	33951	39085.0023044668	15153	atac	Fibro-SFRP2	0.445030958946121	-9.7474005071485	-3.18098597721748	1.70023257551206	-0.522132864811967	-0.105528064926269	-0.195994254692559
GJ_1_1-5	GJ	63286	26509	30301.0945690885	13795	atac	Fibro-SCN7A	0.518428141032014	-13.9338988967934	-0.752843467452571	-0.743060847069265	-0.353015061937658	-0.105528064926269	-0.195994254692559
GJ_1_1-6	GJ	148305	47895	53932.2664143921	17056	atac	Endo	0.964503189991896	3.02064997942012	-5.27837124638105	1.87195017193967	0.170448178636353	-0.105528064926269	-0.195994254692559
GJ_1_1-8	GJ	176261	55848	63841.2732901686	17783	atac	Fibro-SCN7A	0.658295217979289	-3.44381719490511	-3.7852475936751	0.868260706635621	-0.542012035246377	-0.105528064926269	-0.195994254692559
GJ_1_2-1	GJ	85372	32133	36669.5766629966	14892	atac	Endo	0.724333232707273	1.96011314683776	-6.18589851190871	0.682722081099022	-0.11978064475531	-0.105528064926269	-0.195994254692559
GJ_1_2-2	GJ	113439	40061	44324.2574055822	15982	atac	Glial	0.401489821666588	0.902192667682962	-1.42212435766999	-0.743060847069265	-1.16221988218215	-0.105528064926269	-0.195994254692559
GJ_1_2-3	GJ	82726	30073	35019.9198397993	14579	atac	SM	0.355921327868259	-0.972333215678024	-0.814219250585369	-0.743060847069265	-1.16221988218215	-0.105528064926269	-0.195994254692559
GJ_1_2-4	GJ	93257	34079	38276.9239135672	15023	atac	Immune	0.972502821008771	3.39419904995922	-10.5128509267132	1.74233403037856	-1.16221988218215	-0.105528064926269	-0.195994254692559
GJ_1_2-5	GJ	83215	30814	35989.1129059046	14547	atac	SM	0.815844680729213	11.8853083344341	6.34488064613134	0.70662752391866	-0.116517281381104	-0.105528064926269	-0.195994254692559
GJ_1_2-6	GJ	101783	35978	40903.1935185744	15543	atac	Fibro-SCN7A	0.627122059981331	-4.91757347550729	-4.83177693597628	0.550118118105391	0.271532909535802	-0.105528064926269	-0.195994254692559
GJ_1_2-7	GJ	98416	34866	39647.9215467449	15373	atac	Fibro-SCN7A	0.519936946178542	-5.57892977618793	-5.79373881278979	-0.743060847069265	0.555811636214476	-0.105528064926269	-0.195994254692559
GJ_1_2-8	GJ	202693	60619	68049.5282372734	18041	atac	Fibro-GUCY1A3	0.448528503620206	0.396973193889755	-3.34225729753447	0.0675963403410229	-0.256414309375968	-0.105528064926269	-0.195994254692559
GJ_1_3-1	GJ	73656	29560	33806.22736794	14388	atac	Fibro-SCN7A	0.530249656548707	7.81205977478926	-2.27836494202254	-0.743060847069265	-0.0569541565287252	-0.105528064926269	-0.195994254692559
GJ_1_3-2	GJ	64242	26772	30995.2073466698	13885	atac	Fibro-SCN7A	0.642085759625856	2.54971869605347	12.0091419788642	0.910222483069469	-1.16221988218215	-0.105528064926269	-0.195994254692559
GJ_1_3-3	GJ	101495	38672	43108.2925860743	15734	atac	Glial	0.700244604337736	-0.382828485232609	-2.46591475966337	1.51043072302657	-0.578019447458366	-0.105528064926269	-0.195994254692559
GJ_1_3-4	GJ	103358	36772	42240.5573532581	15474	atac	Fibro-SFRP2	0.532068875704663	-2.48774254065432	-4.10677981580328	-0.743060847069265	0.457298406116762	-0.105528064926269	-0.195994254692559
GJ_1_3-5	GJ	103340	37070	42250.2281837159	15455	atac	Fibro-COL11A1	0.788040820177503	1.40943484946647	-5.265471439306	1.5483635807975	0.487011608224014	-0.105528064926269	-0.195994254692559
GJ_1_3-6	GJ	78812	29490	33448.1850035866	14373	atac	Fibro-GUCY1A3	0.574233660401018	0.134488069153844	-1.41165859436127	0.803494859927911	-1.16221988218215	-0.105528064926269	-0.195994254692559
GJ_1_3-7	GJ	89913	32007	36800.6411615397	14742	atac	Fibro-SCN7A	0.873353223936082	-7.79619593081946	-4.68803935602673	0.678208340023707	0.714046475743314	-0.105528064926269	-0.195994254692559
GJ_1_3-8	GJ	181153	57905	64551.4609952679	17922	atac	Fibro-SCN7A	0.540704188294821	-1.40014740643161	-3.80136680588565	-0.743060847069265	0.305019765758729	-0.105528064926269	-0.195994254692559
GJ_1_4-1	GJ	94797	33367	37677.3044388591	14987	atac	Fibro-COL11A1	0.830896089387907	-0.343402908272917	0.359733812410949	0.648739837434568	0.386887479906696	-0.105528064926269	-0.195994254692559
GJ_1_4-2	GJ	109926	40156	46823.8352589556	16142	atac	SM	0.458471795176418	9.44551624026895	1.87604357431548	1.35984189606318	1.48084636505868	-0.105528064926269	-0.195994254692559
GJ_1_4-3	GJ	103443	35978	40847.2327301737	15236	atac	Fibro-SCN7A	0.69757513401817	-2.501236839357	-3.32727412479696	-0.743060847069265	-1.16221988218215	-0.105528064926269	-0.195994254692559
GJ_1_4-4	GJ	88818	32599	37177.0589624772	14916	atac	Endo	0.84392127655033	2.33423381027955	-6.54177568700347	0.665403074640645	-0.491706931107183	-0.105528064926269	5.49194815364701
GJ_1_4-5	GJ	86717	32417	38226.161118273	14944	atac	SM	0.631129112025493	12.48522556797	8.95006032070144	-0.743060847069265	1.33247781169471	-0.105528064926269	-0.195994254692559
GJ_1_4-6	GJ	53690	22926	26118.9020722783	12889	atac	Fibro-COL11A1	0.295148710634149	13.3261829032237	3.1664148330379	-0.743060847069265	0.239069666241697	-0.105528064926269	-0.195994254692559
GJ_1_4-7	GJ	70472	26609	30139.1336080872	13803	atac	Fibro-SCN7A	0.521071358563895	-6.08804933006597	-7.39465238844503	0.951047105069295	1.03802421899929	-0.105528064926269	-0.195994254692559
GJ_1_4-8	GJ	109120	38805	45159.4361633135	16084	atac	Fibro-SCN7A	0.227145448987247	1.69843227851371	4.34015538464832	0.439618741838158	-0.309370183198173	-0.105528064926269	-0.195994254692559
GJ_1_5-1	GJ	69557	27343	31355.685601117	14113	atac	Immune	0.527093732149627	3.03805733775296	-10.8411976078132	-0.743060847069265	-1.16221988218215	-0.105528064926269	-0.195994254692559
GJ_1_5-2	GJ	88157	33901	39254.8734062187	15182	atac	SM	0.62657135215922	3.49707603300312	3.3813238398474	0.598690888559791	-0.181218757486258	-0.105528064926269	-0.195994254692559
GJ_1_5-3	GJ	106485	36199	40877.7060056919	15498	atac	Fibro-GUCY1A3	0.734819014886829	0.854826854406054	-2.77095136800148	1.61180383848957	0.283735641819621	-0.105528064926269	-0.195994254692559
GJ_1_5-4	GJ	107166	37708	43835.1380826548	15811	atac	SM	0.962673987357698	8.99878757064157	5.17942191081132	2.33973849298473	-0.587089753126866	-0.105528064926269	-0.195994254692559
GJ_1_5-5	GJ	74092	28730	33182.3034045872	14225	atac	Fibro-SFRP2	0.400986787182836	-1.16148862028887	-8.03460671050615	-0.743060847069265	0.846342215508294	-0.105528064926269	-0.195994254692559
GJ_1_5-6	GJ	81971	30513	35184.36286491	14547	atac	Fibro-SFRP2	0.511768531838825	-4.2503522569471	-3.49651364604508	-0.743060847069265	-1.16221988218215	-0.105528064926269	-0.195994254692559
GJ_1_5-8	GJ	107924	39931	45323.3826399087	16067	atac	Endo	0.3370609198411	4.14210804629961	-8.24019830370892	0.435740119892509	0.150860331250315	-0.105528064926269	-0.195994254692559
GJ_1_6-1	GJ	88182	32940	38599.1664680461	15025	atac	SM	0.883198495263809	13.1380703625881	7.57773917797088	-0.743060847069265	0.603571222817816	-0.105528064926269	-0.195994254692559
GJ_1_6-2	GJ	113357	39719	44333.7773500291	15810	atac	Immune	0.993456470922407	4.11023587654005	-11.462448371619	1.45840704574309	0.411873048579825	-0.105528064926269	-0.195994254692559
GJ_1_6-3	GJ	88960	32446	37202.478312541	14939	atac	Fibro-SCN7A	0.722841004848097	-4.19595094393939	-5.76660908615334	0.664546691292469	-0.133069301194912	-0.105528064926269	-0.195994254692559
GJ_1_6-4	GJ	121865	42075	48214.4323314743	16397	atac	Fibro-SCN7A	0.740720565423878	-1.11889175618856	-3.6710543525179	-0.743060847069265	0.328228859314648	-0.105528064926269	-0.195994254692559
GJ_1_6-5	GJ	106113	37765	43382.5417254654	15646	atac	Fibro-SCN7A	0.615302828845244	-2.46003014388713	-3.93350879612243	0.483360315996568	0.201226992865319	-0.105528064926269	-0.195994254692559
GJ_1_6-6	GJ	100209	36182	42459.6646800207	15715	atac	SM	0.800466556291221	10.7641838052793	4.96678320686761	0.507385152749232	-1.16221988218215	-0.105528064926269	-0.195994254692559
GJ_1_6-7	GJ	88563	33476	39314.2758965632	15167	atac	SM	0.699118578213262	8.63504219707026	2.43196480016428	1.68854940917707	-1.16221988218215	-0.105528064926269	-0.195994254692559
GJ_1_6-8	GJ	125036	43320	49576.1544728895	16593	atac	Fibro-SFRP2	0.499827078254598	-5.498410541321	-4.26349741615519	1.26077399675752	0.827233516705487	-0.105528064926269	-0.195994254692559
GJ_1_7-1	GJ	119199	43268	49107.5088479497	16305	atac	SM	0.551567355924666	6.43625840859948	9.5755838074318	-0.743060847069265	-0.64529671913833	-0.105528064926269	-0.195994254692559
GJ_1_7-2	GJ	92609	33006	37929.4416097523	15047	atac	Fibro-SCN7A	0.820528160675511	-4.57165998980367	-5.36843148089122	-0.743060847069265	-0.0590154924292038	-0.105528064926269	5.39134059446752
GJ_1_7-3	GJ	100757	35818	40418.4722551205	15325	atac	Endo	0.789539317955467	4.9452986013053	-7.61492535269494	1.63383266611296	0.268982153355243	-0.105528064926269	-0.195994254692559
GJ_1_7-4	GJ	121536	41690	48200.7132841964	16116	atac	Fibro-GUCY1A3	0.486421323243075	-3.16095524355216	-2.22380612916142	1.30907521112616	-0.347255628529802	-0.105528064926269	-0.195994254692559
GJ_1_7-5	GJ	93204	33493	38422.5875952731	15141	atac	Fibro-SCN7A	0.808882950484927	-3.95081753572459	-6.13923294106511	-0.743060847069265	0.610228131879004	-0.105528064926269	-0.195994254692559
GJ_1_7-6	GJ	106358	38252	43002.8172721019	15726	atac	Fibro-SFRP2	0.42405477132381	-8.25781520155983	-8.33289015187243	0.493132429887328	-1.16221988218215	-0.105528064926269	-0.195994254692559
GJ_1_7-7	GJ	84088	31189	37084.1171787494	14776	atac	SM	0.886320502497271	12.9604805574239	6.79053067510334	-0.743060847069265	-1.16221988218215	-0.105528064926269	-0.195994254692559
GJ_1_7-8	GJ	152318	51056	57119.3737538709	17064	atac	Endo	0.557695294112766	2.26878680073911	-4.97571016138007	0.210807668591587	-1.16221988218215	-0.105528064926269	-0.195994254692559
GJ_1_8-1	GJ	147625	47264	53614.306608995	16900	atac	Fibro-GUCY1A3	0.589437375321469	0.732250294199152	-3.10949003874234	0.268118444141903	-0.686446861170571	-0.105528064926269	-0.195994254692559
GJ_1_8-2	GJ	86633	31351	37213.1953031546	14968	atac	SM	0.802988549725632	7.42728977406601	12.5474528728441	1.800053291143	-0.492310099570488	-0.105528064926269	-0.195994254692559
GJ_1_8-3	GJ	60694	25687	29510.5635819005	13550	atac	Fibro-SCN7A	0.68120853998541	-0.559498224157158	-6.65253689334383	0.98233911602598	-1.16221988218215	-0.105528064926269	-0.195994254692559
GJ_1_8-5	GJ	112124	41261	47739.4857920264	16207	atac	SM	0.755484075139829	6.87755013970917	9.53359163406556	0.381402807419238	0.937228381330048	-0.105528064926269	-0.195994254692559
GJ_1_8-6	GJ	173656	52525	60213.5139612264	17575	atac	Fibro-GUCY1A3	0.678961226152584	0.347733016300184	-3.14914946222926	-0.743060847069265	0.0491290142059282	-0.105528064926269	-0.195994254692559
GJ_1_8-7	GJ	113804	41096	46080.4882443507	16100	atac	Fibro-SFRP2	0.639691372606669	-6.68272546523797	3.79519794943581	0.418154754074371	-0.313214972788646	-0.105528064926269	-0.195994254692559
GJ_1_9-1	GJ	87124	32529	38310.3665768607	15106	atac	SM	0.804518464041279	13.545374294981	6.78798074598368	0.628211815701229	-1.16221988218215	-0.105528064926269	-0.195994254692559
GJ_1_9-2	GJ	82668	30188	34659.1855849104	14668	atac	Fibro-SCN7A	0.463395452058834	-6.19982154525082	-6.13173155103879	-0.743060847069265	-0.102819328076516	-0.105528064926269	-0.195994254692559
GJ_1_9-3	GJ	78508	30398	35062.1916912924	14555	atac	SM	0.733595788510356	10.8921238245172	4.28543924545834	0.740518065657526	0.776995653791276	-0.105528064926269	-0.195994254692559
GJ_1_9-4	GJ	73523	28940	33729.7316798492	14375	atac	Fibro-SCN7A	0.515609655498121	7.38323961732281	12.5846012591048	-0.743060847069265	-0.0547428849179355	-0.105528064926269	-0.195994254692559
GJ_1_9-5	GJ	55703	22314	25196.8687026209	12450	atac	Endo	0.923451961799554	6.18415592911227	-6.38558520905095	-0.743060847069265	0.236362174938596	-0.105528064926269	-0.195994254692559
GJ_1_9-6	GJ	95539	35449	40546.2681033843	15390	atac	Fibro-GUCY1A3	0.493147638101347	-2.18658027744774	-4.75636586716512	-0.743060847069265	-0.543628008883576	-0.105528064926269	-0.195994254692559
GJ_1_9-7	GJ	84441	31648	35148.1272699085	14359	atac	Immune	0.947591177274432	4.57728075687625	-10.5515261224302	1.92025727840312	-1.16221988218215	-0.105528064926269	-0.195994254692559
GJ_1_9-8	GJ	121676	41999	47494.2620729277	16400	atac	Endo	0.914928071500617	3.54656572260838	-6.43820330937328	0.386687617290535	1.45284360113394	-0.105528064926269	-0.195994254692559
GJ_1_10-1	GJ	115627	40479	47987.4213602922	16197	atac	SM	0.618759858548405	8.98999511893178	3.70712389377016	0.376109733656601	-0.355225235096126	-0.105528064926269	-0.195994254692559
GJ_1_10-2	GJ	168827	50472	57286.3878386459	16680	atac	Fibro-SCN7A	0.776376473685446	-4.67595512943292	-5.09241450933705	0.208238910795346	-0.476402182604339	-0.105528064926269	-0.195994254692559
GJ_1_10-3	GJ	84448	31392	36011.7128207843	14727	atac	Fibro-SCN7A	0.539850056827046	-2.41489648432463	-4.91858359324248	-0.743060847069265	-0.117100230897745	-0.105528064926269	-0.195994254692559
GJ_1_10-4	GJ	89900	32579	37427.3568875273	15202	atac	Fibro-SCN7A	0.362603827738001	-3.62231408672009	-5.85743542275019	-0.743060847069265	-0.15235836877252	-0.105528064926269	-0.195994254692559
GJ_1_10-5	GJ	88350	32839	38101.8344811043	15059	atac	SM	0.851134283274236	8.61342964567147	0.7942724781859	-0.743060847069265	-1.16221988218215	-0.105528064926269	-0.195994254692559
GJ_1_10-6	GJ	112712	39873	44206.701024567	15877	atac	Immune	0.985291864665578	3.62147485871707	-10.9199974498394	-0.743060847069265	0.425900571413375	-0.105528064926269	-0.195994254692559
GJ_1_10-7	GJ	64196	25477	30381.4227689397	13606	atac	SM	0.621510926251617	8.66891740714599	10.9784202821919	-0.743060847069265	0.0516113588393813	-0.105528064926269	-0.195994254692559
GJ_1_10-8	GJ	116750	40873	47736.7623825413	16317	atac	SM	0.306177278711858	9.37634782464389	4.04483616467329	0.38146122720815	-1.16221988218215	-0.105528064926269	-0.195994254692559
GJ_1_11-1	GJ	111345	37656	43113.6654466854	15899	atac	Fibro-SFRP2	0.454416435332154	-6.08421410761654	-9.4051041536289	0.490263664348391	-1.16221988218215	-0.105528064926269	-0.195994254692559
GJ_1_11-2	GJ	96148	34834	39824.5184800508	15499	atac	Fibro-SCN7A	0.549763464142187	-5.19626795302945	-5.64684954104865	0.581495538047541	-1.16221988218215	-0.105528064926269	-0.195994254692559
GJ_1_11-3	GJ	104913	38932	43900.8192112556	15811	atac	Fibro-GUCY1A3	0.455518158081248	-0.734525508827294	-4.20215738286702	-0.743060847069265	1.02860111690573	-0.105528064926269	-0.195994254692559
GJ_1_11-4	GJ	100181	35509	41457.6490812023	15515	atac	SM	0.437163621795851	9.43369940202665	9.19602953050251	1.58456884157699	1.18214942029253	-0.105528064926269	-0.195994254692559
GJ_1_11-5	GJ	147283	45963	53651.7785663951	16508	atac	SM	0.932888210973136	9.8284775228028	6.32825016152969	-0.743060847069265	-0.423386350227387	-0.105528064926269	-0.195994254692559
GJ_1_11-6	GJ	125502	43744	49528.3339336028	16405	atac	Fibro-SFRP2	0.511824044797012	-3.68649307246372	-4.03242912510951	-0.743060847069265	-0.649438379394682	-0.105528064926269	-0.195994254692559
GJ_1_11-7	GJ	86326	32407	37025.9777724153	14935	atac	SM	0.782691829019374	4.00653742737768	7.53345144625623	0.670514715201598	-1.16221988218215	-0.105528064926269	-0.195994254692559
GJ_1_11-8	GJ	148499	49585	55901.1732760148	17125	atac	Fibro-SCN7A	0.649217416937601	-5.43358543040495	-4.01878477724994	1.06527445052044	0.687334037881867	-0.105528064926269	-0.195994254692559
GJ_1_12-1	GJ	176686	54074	62038.1274695326	17573	atac	SM	0.672467762645819	4.23152461436772	4.39766146321497	1.58916799388557	-0.165541045439924	-0.105528064926269	-0.195994254692559
GJ_1_12-2	GJ	133817	45190	51251.9269679861	16684	atac	Fibro-SFRP2	0.502720906805479	-3.59158809882603	-4.37596131965384	1.20494003294882	-1.16221988218215	-0.105528064926269	-0.195994254692559
GJ_1_12-3	GJ	106875	37530	43395.5051448958	15727	atac	SM	0.649511623372095	5.83124278888633	6.0329937207442	1.49801611063693	-0.278023082920192	-0.105528064926269	-0.195994254692559
GJ_1_12-4	GJ	95753	34460	39108.9878368712	15257	atac	Immune	0.971944584676285	4.11604708339064	-10.9446183622787	1.69900500721218	-0.177946145280105	-0.105528064926269	-0.195994254692559
GJ_1_12-5	GJ	93095	33896	39221.3744550964	15244	atac	Fibro-SCN7A	0.714541920676078	-6.18827682235104	-4.51665171496189	-0.743060847069265	1.01710710168833	-0.105528064926269	-0.195994254692559
GJ_1_12-6	GJ	107347	41263	46720.0982401571	16141	atac	Fibro-SCN7A	0.364327408805382	-0.587723324412726	-2.8030785578476	2.1895020602492	-1.16221988218215	-0.105528064926269	-0.195994254692559
GJ_1_12-7	GJ	100871	36449	42517.400054934	15615	atac	SM	0.602788728540012	8.14879150095697	2.01622588939651	1.53641470896826	0.714263958617931	-0.105528064926269	-0.195994254692559
GJ_1_12-8	GJ	188414	59025	66690.5702406702	17971	atac	Fibro-SCN7A	0.66615311822042	-4.56627901270377	-4.50457587729145	0.0830126372849585	0.254484481565801	-0.105528064926269	-0.195994254692559
GJ_2_1-1	GJ	91333	35161	40569.6237568203	15400	atac	Immune	0.576880283949886	-7.57613107053019	8.46081152966123	0.559660684912419	-0.54395983394852	-0.105528064926269	-0.195994254692559
GJ_2_1-2	GJ	95151	36676	41714.3475523195	14852	atac	Fibro-SCN7A	0.698987145858959	-3.83171790599974	5.06868890038455	0.527488420672318	-0.245916079519495	-0.105528064926269	-0.195994254692559
GJ_2_1-3	GJ	95487	35994	41303.9681521493	15206	atac	Fibro-SCN7A	0.457044438389951	-4.28049037659439	2.69891512050002	1.59172359239834	0.929925628131586	9.24702626358721	-0.195994254692559
GJ_2_1-4	GJ	44187	19396	21351.0946099231	11306	atac	Fibro-SCN7A	0.602420667765617	-7.77975781755381	-11.8724193511316	3.16511243733586	1.28281267164436	-0.105528064926269	-0.195994254692559
GJ_2_1-5	GJ	81418	28928	32865.2511563832	13393	atac	Fibro-SFRP2	0.651764387491576	0.752429311747988	1.89925937254927	0.827582861253547	-0.410979315774713	-0.105528064926269	-0.195994254692559
GJ_2_1-6	GJ	123453	44504	49189.7566913711	15879	atac	Fibro-SFRP2	0.434037497954498	0.478171448174047	2.38124069130655	0.351134525144932	-1.16221988218215	-0.105528064926269	-0.195994254692559
GJ_2_1-7	GJ	86546	32436	36605.6716886235	14651	atac	Fibro-SFRP2	0.482326697311929	-0.237203877242116	3.36432461364989	0.684933373959636	-1.16221988218215	-0.105528064926269	-0.195994254692559
GJ_2_1-8	GJ	104192	38632	43797.7975939186	15549	atac	Fibro-SCN7A	0.567592613402893	-5.47116397365155	2.99601859271954	-0.743060847069265	0.86701880629796	-0.105528064926269	4.71434065529811
GJ_2_2-1	GJ	110418	39578	44260.5367086684	15042	atac	Fibro-SCN7A	0.650783921377018	-2.12723213812329	2.8963004216531	-0.743060847069265	-0.293679489900457	-0.105528064926269	-0.195994254692559
GJ_2_2-2	GJ	114004	45140	50837.9907514276	15966	atac	Fibro-SFRP2	0.42125192187448	-0.776019047359958	-13.1986937977851	-0.743060847069265	-1.16221988218215	-0.105528064926269	-0.195994254692559
GJ_2_2-3	GJ	66833	27109	31011.6882633169	13253	atac	Fibro-SCN7A	0.718339409852639	3.07763009753666	0.362252388708449	2.19956134767501	-1.16221988218215	-0.105528064926269	-0.195994254692559
GJ_2_2-4	GJ	47493	19730	22172.477861817	11659	atac	Fibro-SFRP2	0.736352360307079	-12.6705473099948	5.75745955839521	-0.743060847069265	-0.938462576933161	-0.105528064926269	-0.195994254692559
GJ_2_2-5	GJ	55498	24734	28062.7922310886	12539	atac	Fibro-GUCY1A3	0.838659563621883	-7.02865075662607	0.518823643075846	-0.743060847069265	0.155359763024574	-0.105528064926269	-0.195994254692559
GJ_2_2-6	GJ	137223	50777	57064.6701688284	16982	atac	Immune	0.448273200126939	0.174917696184815	-13.1656074212376	2.3976416693522	-1.16221988218215	-0.105528064926269	3.65951951266517
GJ_2_2-7	GJ	114058	40114	45453.0668294163	15593	atac	Fibro-SCN7A	0.478737053107084	-2.34556570500092	4.09285670373474	1.41296970406772	1.54007166621786	-0.105528064926269	-0.195994254692559
GJ_2_2-8	GJ	56375	24392	27004.3557811935	12847	atac	Fibro-SCN7A	0.553672795341692	-4.54218546634174	8.98430528198098	-0.743060847069265	0.155635559890122	-0.105528064926269	-0.195994254692559
GJ_2_3-1	GJ	117922	41903	47819.2977953277	15607	atac	Fibro-SCN7A	0.788769640371043	-2.32795123606159	2.28984276768282	-0.743060847069265	2.19257897970977	-0.105528064926269	-0.195994254692559
GJ_2_3-2	GJ	61665	25182	28333.3614657278	13081	atac	Fibro-SFRP2	0.512423038918506	1.52134385152888	5.53198362933143	-0.743060847069265	-0.302064326695665	-0.105528064926269	-0.195994254692559
GJ_2_3-3	GJ	43897	19473	21953.0535494172	11411	atac	Fibro-GUCY1A3	0.387491055879866	9.12302607595954	-5.88660267985128	-0.743060847069265	-1.16221988218215	-0.105528064926269	-0.195994254692559
GJ_2_3-4	GJ	63408	26483	30126.2901403404	13228	atac	Fibro-SCN7A	0.305180162120348	-6.84330910033025	4.18969111668497	0.951675048678057	-1.16221988218215	-0.105528064926269	-0.195994254692559
GJ_2_3-5	GJ	75001	28735	32508.2424206261	13768	atac	Fibro-GUCY1A3	0.840000918176359	1.92834660457537	-2.72826156700966	-0.743060847069265	0.589100372670515	-0.105528064926269	-0.195994254692559
GJ_2_3-6	GJ	82068	31669	35401.3611092157	14439	atac	Endo	0.837183642627942	5.3242905487436	-7.31597751348623	1.90489908996613	-0.0867246586523712	-0.105528064926269	-0.195994254692559
GJ_2_3-7	GJ	32075	15571	17288.1001613341	9995	atac	Fibro-SFRP2	0.375250743001983	10.7346527710534	-1.49658019411543	-0.743060847069265	-1.16221988218215	-0.105528064926269	-0.195994254692559
GJ_2_3-8	GJ	101165	39013	44172.3252988969	15229	atac	Fibro-SFRP2	0.478492629600268	-2.83448672338564	5.82888512296274	-0.743060847069265	0.442076423189188	-0.105528064926269	-0.195994254692559
GJ_2_4-1	GJ	80211	30333	33516.0803444773	14197	atac	Fibro-SFRP2	0.550788533215485	1.56052898529148	0.379925208632375	-0.743060847069265	-1.16221988218215	-0.105528064926269	-0.195994254692559
GJ_2_4-2	GJ	56662	24412	27490.7189432802	12808	atac	Fibro-SFRP2	0.316921700063966	-11.8480752666486	1.54105031995899	1.091278917958	-0.698890178915441	-0.105528064926269	-0.195994254692559
GJ_2_4-3	GJ	43723	19562	22245.3407319679	11380	atac	Fibro-SFRP2	0.63770411812194	5.90006252773251	0.286788637063323	-0.743060847069265	0.422319773468434	-0.105528064926269	-0.195994254692559
GJ_2_4-4	GJ	94315	37172	42023.7067152126	15087	atac	Fibro-SFRP2	0.35734432791595	-4.5980566436294	4.79536299929937	1.55859423311081	2.01982109260492	-0.105528064926269	-0.195994254692559
GJ_2_4-5	GJ	76792	29693	34111.1797346474	14090	atac	Fibro-SFRP2	0.433768589548808	-8.51697790892628	3.39254292184076	-0.743060847069265	1.55529274038139	-0.105528064926269	-0.195994254692559
GJ_2_4-6	GJ	175912	62219	69516.3983088706	17637	atac	Immune	0.50351714854608	-0.10819891824001	-13.2831651085211	0.751982358959487	-1.16221988218215	-0.105528064926269	-0.195994254692559
GJ_2_4-7	GJ	64421	26788	30400.0936704352	13285	atac	Fibro-SCN7A	0.642926309002053	-0.803229595339777	9.83557039688403	-0.743060847069265	0.0268516003956649	-0.105528064926269	-0.195994254692559
GJ_2_4-8	GJ	134731	48401	54895.9215829336	16520	atac	Immune	0.576335770995358	-0.0278472102417662	-13.3675509327241	3.08549218241866	1.19698520244573	-0.105528064926269	3.79976335754604
GJ_2_5-1	GJ	61756	26515	30224.2689655835	13072	atac	Fibro-SCN7A	0.483292908124452	7.07799988906903	-0.733121583845783	0.946896478617754	-1.16221988218215	-0.105528064926269	-0.195994254692559
GJ_2_5-3	GJ	66015	24186	26338.6800558703	12808	atac	Fibro-SFRP2	0.413076637660403	1.33177983932242	-0.554775197345607	2.5971677593552	0.211073677895616	-0.105528064926269	-0.195994254692559
GJ_2_5-4	GJ	61706	25576	28757.0287641604	13199	atac	Fibro-SFRP2	0.433226067212243	-0.628003361858021	9.9477877383499	-0.743060847069265	-0.313570860823857	-0.105528064926269	-0.195994254692559
GJ_2_5-5	GJ	62708	25921	29597.3769365732	13138	atac	Fibro-SFRP2	0.600470201256358	-4.8467225092592	6.51802529342778	-0.743060847069265	0.0795557405238126	-0.105528064926269	-0.195994254692559
GJ_2_5-6	GJ	183633	61669	69353.2160159279	17683	atac	Immune	0.511956652614678	-0.0143007094001695	-13.1011750787721	1.94934223942009	-0.789917008217815	-0.105528064926269	-0.195994254692559
GJ_2_5-7	GJ	85258	34601	39968.2178285783	14768	atac	Immune	0.364804943901518	0.147267897046573	-14.2884978187983	1.65584013073316	-1.16221988218215	-0.105528064926269	-0.195994254692559
GJ_2_5-8	GJ	95800	36666	41327.7106472428	15081	atac	Fibro-GUCY1A3	0.47426874728516	-6.65408143961013	1.95392586849883	-0.743060847069265	1.73612456611812	-0.105528064926269	-0.195994254692559
GJ_2_6-1	GJ	90028	34159	38555.7872701268	14784	atac	Fibro-GUCY1A3	0.728744455405001	-3.92646314331078	2.04305083640983	1.72763969776575	-0.198834759671089	-0.105528064926269	-0.195994254692559
GJ_2_6-3	GJ	89575	37583	43034.5033047786	15006	atac	Immune	0.401196447079565	0.226601321786745	-14.190721080046	2.38426458329685	-1.16221988218215	-0.105528064926269	-0.195994254692559
GJ_2_6-4	GJ	99177	36951	41885.8735563293	15326	atac	Fibro-SCN7A	0.615097371325925	-2.48738491514792	4.15709967121866	-0.743060847069265	2.02722634692918	-0.105528064926269	-0.195994254692559
GJ_2_6-5	GJ	59539	23679	26785.05589019	12479	atac	Fibro-SFRP2	0.576269792576731	-7.11072590194109	-11.1741423714249	1.13268218637577	0.886327446724408	-0.105528064926269	-0.195994254692559
GJ_2_6-6	GJ	170040	61479	68926.116353135	17479	atac	Immune	0.51972258040437	-0.0544290673317341	-13.3831538514214	1.39336997553043	-1.16221988218215	-0.105528064926269	-0.195994254692559
GJ_2_6-7	GJ	39808	18736	20937.9305801283	11062	atac	Fibro-SCN7A	0.390303375534844	8.40176987435251	-2.22909537112889	-0.743060847069265	1.68036026720709	-0.105528064926269	-0.195994254692559
GJ_2_6-8	GJ	86944	33771	36226.2586941908	12869	atac	Fibro-SCN7A	0.675124543601565	-6.0216341979144	10.476538222475	-0.743060847069265	3.44627644106934	-0.105528064926269	-0.195994254692559
GJ_2_7-1	GJ	121328	39738	45190.2347798257	15068	atac	Fibro-SCN7A	0.514171670477049	-1.48958904347412	2.05974849794028	-0.743060847069265	-0.603268111496762	-0.105528064926269	-0.195994254692559
GJ_2_7-2	GJ	67064	27309	31105.6073367976	13384	atac	Fibro-SCN7A	0.766300361523961	-3.13279719092426	7.69981760892962	-0.743060847069265	0.93940584799294	-0.105528064926269	-0.195994254692559
GJ_2_7-3	GJ	66330	26486	30542.7429452302	13172	atac	Immune	0.35961441928271	-3.16013196286756	5.78096949615485	0.931549731963904	1.01517739301891	-0.105528064926269	-0.195994254692559
GJ_2_7-4	GJ	83771	32942	37291.1032763755	14653	atac	Fibro-SCN7A	0.625967060399824	-7.56590388315452	5.0446538613808	-0.743060847069265	0.654123022207201	-0.105528064926269	-0.195994254692559
GJ_2_7-5	GJ	118491	46302	52496.3650899205	16037	atac	Fibro-SFRP2	0.420547912243788	-0.0712302287374025	-12.8912492543294	1.92947407685613	-0.408464582370279	-0.105528064926269	-0.195994254692559
GJ_2_7-6	GJ	96940	36640	41358.5525167584	15150	atac	Fibro-SFRP2	0.462226975942763	-1.87480347766222	6.36754759959109	-0.743060847069265	1.16366769661071	-0.105528064926269	-0.195994254692559
GJ_2_7-7	GJ	38592	15766	17874.6475611845	10289	atac	Fibro-COL11A1	0.472794635377036	0.213232951195569	3.92885117809322	1.8840888022556	-1.16221988218215	-0.105528064926269	-0.195994254692559
GJ_2_7-8	GJ	83502	32949	37326.2295371468	14305	atac	Fibro-SFRP2	0.566771153736189	-4.72257770823114	6.36614068784602	-0.743060847069265	-0.149919135442625	-0.105528064926269	-0.195994254692559
GJ_2_8-1	GJ	62384	23576	26505.2573386425	12568	atac	Fibro-SFRP2	0.518343755032911	1.07198806154523	0.562971302332954	-0.743060847069265	-1.16221988218215	-0.105528064926269	-0.195994254692559
GJ_2_8-2	GJ	68323	27736	30550.8424915252	13555	atac	Glial	0.605029314821573	-5.35065369675129	-0.185588361546939	0.931163085868165	0.680390025691764	-0.105528064926269	-0.195994254692559
GJ_2_8-3	GJ	85332	33308	38068.0436229064	14548	atac	Fibro-SFRP2	0.497343237927036	-4.73370102021987	3.96440136613939	-0.743060847069265	-0.506268294185602	-0.105528064926269	-0.195994254692559
GJ_2_8-4	GJ	77201	30595	34457.1268613994	13948	atac	Fibro-SFRP2	0.390651400097754	-4.63040901200603	3.77447785349978	-0.743060847069265	-1.16221988218215	-0.105528064926269	-0.195994254692559
GJ_2_8-5	GJ	71130	27320	30850.2217960617	13539	atac	Fibro-GUCY1A3	0.508706430191129	-1.30290237579326	4.42951838990304	-0.743060847069265	1.05317765007151	-0.105528064926269	-0.195994254692559
GJ_2_8-6	GJ	94666	37951	43119.6141865052	15181	atac	Fibro-SFRP2	0.501737239894509	-6.07471709420281	3.80873120181163	0.490110087931494	1.08957137466862	-0.105528064926269	-0.195994254692559
GJ_2_8-7	GJ	66553	27524	31250.5638318127	13397	atac	Fibro-SCN7A	0.714093021232744	-2.1063232947056	9.25408915447254	-0.743060847069265	0.931678638535956	-0.105528064926269	-0.195994254692559
GJ_2_8-8	GJ	94829	33683	36708.0512314496	14418	atac	Glial	0.601724719825987	1.36544891542915	-0.270443434394272	-0.743060847069265	0.689215786099962	-0.105528064926269	5.55652620016137
GJ_2_9-1	GJ	165433	50700	57030.5089416642	16678	atac	Fibro-SCN7A	0.705013598682441	-2.01260283409272	3.06543230484259	-0.743060847069265	-0.713518551306445	-0.105528064926269	-0.195994254692559
GJ_2_9-2	GJ	84469	33040	37663.4637373315	14209	atac	Fibro-SCN7A	0.567857990176444	-2.38989904855467	2.74069816188881	-0.743060847069265	1.33663631267267	-0.105528064926269	-0.195994254692559
GJ_2_9-3	GJ	57293	23547	26275.4547776101	12518	atac	Glial	0.67599439293797	-4.81557047122279	0.917255548461458	-0.743060847069265	0.917855313667068	-0.105528064926269	-0.195994254692559
GJ_2_9-4	GJ	85591	32680	35655.565039772	14330	atac	Glial	0.447634272135863	-0.858784983296259	2.83365047296689	-0.743060847069265	1.19561333202106	-0.105528064926269	5.70694881952721
GJ_2_9-5	GJ	63232	26345	30057.3157317832	13132	atac	Fibro-SFRP2	0.567333528089129	-3.14884281685107	7.8317998235231	-0.743060847069265	2.42252765970779	-0.105528064926269	-0.195994254692559
GJ_2_9-7	GJ	117608	45484	51762.6796785824	15892	atac	Immune	0.522420969311117	0.165503675802031	-12.94139795826	1.959871569278	-0.409251501446273	-0.105528064926269	-0.195994254692559
GJ_2_9-8	GJ	74959	30062	34498.8190397091	14041	atac	Fibro-SCN7A	0.831917982080447	-4.49566271817175	8.29791010517944	0.761905985003395	-1.16221988218215	-0.105528064926269	-0.195994254692559
GJ_2_10-1	GJ	63655	25698	29302.9447310745	13061	atac	Fibro-SCN7A	0.4150485226344	2.76317401436835	2.65820109691351	-0.743060847069265	-1.16221988218215	-0.105528064926269	-0.195994254692559
GJ_2_10-2	GJ	35069	16654	18566.6138509604	10367	atac	Fibro-SFRP2	0.508308837442508	10.67969331374	1.37268049698285	-0.743060847069265	0.700391943156853	-0.105528064926269	-0.195994254692559
GJ_2_10-3	GJ	56263	22961	26519.4737681095	12512	atac	Fibro-SCN7A	0.434954207260216	-3.35066257257356	5.76394495824187	-0.743060847069265	0.20304532960657	-0.105528064926269	-0.195994254692559
GJ_2_10-4	GJ	78202	30745	34369.3719118272	13712	atac	Fibro-SCN7A	0.664816152115415	-6.46486651120415	5.65426811336349	-0.743060847069265	1.91778368119505	-0.105528064926269	-0.195994254692559
GJ_2_10-5	GJ	75074	28998	33192.9187328749	13586	atac	Fibro-SCN7A	0.521544352197097	-1.65390258330144	4.56400817072426	-0.743060847069265	1.61074572041368	-0.105528064926269	-0.195994254692559
GJ_2_10-6	GJ	79650	31615	36125.7044553307	14479	atac	Fibro-SCN7A	0.706651834951828	-3.00385914216107	5.9164462906551	-0.743060847069265	0.701701991683104	-0.105528064926269	-0.195994254692559
GJ_2_10-7	GJ	66227	26972	30778.0891213448	13164	atac	Fibro-SCN7A	0.833845668944078	-10.4211521088002	5.11214967570113	-0.743060847069265	0.0539850256965999	-0.105528064926269	-0.195994254692559
GJ_2_10-8	GJ	90369	35395	39878.1145839078	14564	atac	Fibro-SCN7A	0.391180122462535	-9.67882470764953	-9.61186254094488	2.57343705325405	-0.227565852533668	-0.105528064926269	-0.195994254692559
GJ_2_11-1	GJ	118461	42030	47371.6260494482	15653	atac	Fibro-SCN7A	0.742517254477067	-1.67929706013954	2.44792535253306	-0.743060847069265	0.326427420889847	-0.105528064926269	4.37713216349149
GJ_2_11-2	GJ	80381	32190	36689.6719361746	14365	atac	Fibro-SFRP2	0.808255984947631	-3.0328187022405	7.38583082874127	-0.743060847069265	0.678365269959404	-0.105528064926269	-0.195994254692559
GJ_2_11-3	GJ	64176	25924	29098.7588851169	13395	atac	Fibro-SFRP2	0.34907640071063	2.74054903647994	0.507679292977483	1.00347897264243	0.445614230680734	-0.105528064926269	-0.195994254692559
GJ_2_11-4	GJ	88453	32720	36320.5028148848	14401	atac	Endo	0.860366709140098	4.64106406864587	-7.22531879754159	0.694885617397943	0.734121445243661	-0.105528064926269	-0.195994254692559
GJ_2_11-5	GJ	53755	22235	25508.9863590944	12224	atac	Fibro-SCN7A	0.743413578284054	-5.94427411792354	-0.720840349265176	-0.743060847069265	3.49884368947348	-0.105528064926269	-0.195994254692559
GJ_2_11-6	GJ	96855	37184	42540.064238224	15302	atac	Fibro-SFRP2	0.476950188732596	-4.72469546026457	5.34458993305522	-0.743060847069265	0.46714849070682	-0.105528064926269	-0.195994254692559
GJ_2_11-7	GJ	75590	30711	34906.5102861648	14021	atac	Fibro-SCN7A	0.429270854548236	-1.6373655187128	5.53155225514246	-0.743060847069265	2.45625735721898	-0.105528064926269	-0.195994254692559
GJ_2_11-8	GJ	91894	34380	39465.1175528363	14514	atac	Fibro-SCN7A	0.468378463709896	-4.81727527351624	6.1160923016004	-0.743060847069265	0.298315192616516	-0.105528064926269	-0.195994254692559
GJ_2_12-1	GJ	81501	31169	35414.297091707	14350	atac	Fibro-SCN7A	0.469666540034053	-5.24069333190425	5.78331525002516	-0.743060847069265	0.761431477432872	-0.105528064926269	-0.195994254692559
GJ_2_12-2	GJ	74020	30169	33901.2040561979	13868	atac	Fibro-GUCY1A3	0.488818848818332	-8.39210681681126	4.06570288046462	-0.743060847069265	3.21761640791762	-0.105528064926269	-0.195994254692559
GJ_2_12-3	GJ	69060	27065	30456.145816927	13644	atac	Fibro-SFRP2	0.580830259633129	4.24458413403041	-0.596714630534169	-0.743060847069265	0.370347661338437	-0.105528064926269	-0.195994254692559
GJ_2_12-4	GJ	75180	29519	33507.201223432	13890	atac	Fibro-SCN7A	0.509917681849203	-6.51096973180031	5.6386112267766	-0.743060847069265	1.97409644215709	-0.105528064926269	-0.195994254692559
GJ_2_12-5	GJ	127531	48438	54946.4621751	16489	atac	Immune	0.50090450739492	-0.662908637664184	-12.9345862585381	1.09228270421126	-1.16221988218215	-0.105528064926269	-0.195994254692559
GJ_2_12-6	GJ	79737	32718	36553.419263525	14378	atac	Fibro-SFRP2	0.420906140261163	-3.60982752883438	0.933378666957941	-0.743060847069265	-1.16221988218215	-0.105528064926269	-0.195994254692559
GJ_2_12-7	GJ	117094	43948	50132.4947946695	16128	atac	Fibro-SFRP2	0.49749138986644	-0.569768790155226	-13.385470733924	1.24188279994257	-0.655269539467228	-0.105528064926269	-0.195994254692559
GJ_2_12-8	GJ	110475	39785	44768.109107996	15355	atac	Fibro-SCN7A	0.634580455681988	-2.95426632917547	3.02949766474952	-0.743060847069265	0.808893956079132	-0.105528064926269	-0.195994254692559
GJ_3_1-1	GJ	109665	35328	39724.4569258657	14643	atac	Endo	0.29836925966885	2.01160480751112	-1.54586594090364	-0.743060847069265	1.44944160704486	-0.105528064926269	-0.195994254692559
GJ_3_1-2	GJ	85653	31550	35950.1442117225	14367	atac	Fibro-SCN7A	0.853466032766496	-6.9549082425404	-4.22008632388503	-0.743060847069265	-0.115510573925633	-0.105528064926269	-0.195994254692559
GJ_3_1-4	GJ	86460	32093	36670.9011216838	14480	atac	Fibro-SFRP2	0.710894364468807	-10.0063506712702	-2.93694361630333	1.83053940604838	-0.133820840956328	-0.105528064926269	-0.195994254692559
GJ_3_1-5	GJ	81798	31123	36339.9305116181	14196	atac	SM	0.882343055015981	9.97385607653176	8.48613792647591	-0.743060847069265	-1.16221988218215	-0.105528064926269	-0.195994254692559
GJ_3_1-6	GJ	43828	19353	21788.1523627387	11433	atac	Fibro-SCN7A	0.400557971263105	-10.1857366667055	-1.11490135221528	-0.743060847069265	-1.16221988218215	-0.105528064926269	-0.195994254692559
GJ_3_1-7	GJ	104268	38397	41767.0530064672	15151	atac	Immune	0.992531810445739	4.25486245033593	-11.4168839367423	-0.743060847069265	0.492199965875002	-0.105528064926269	-0.195994254692559
GJ_3_1-8	GJ	92510	33413	38117.8441425924	14663	atac	Fibro-SCN7A	0.881876929191292	-7.92970073582186	-6.49735880393993	-0.743060847069265	0.621837276811933	-0.105528064926269	-0.195994254692559
GJ_3_2-1	GJ	85363	32108	36937.8404739971	14573	atac	Fibro-SCN7A	0.854820982185368	-8.28777832432093	-7.15426582894133	-0.743060847069265	-1.16221988218215	-0.105528064926269	-0.195994254692559
GJ_3_2-2	GJ	91568	36024	41166.3926054958	15170	atac	SM	0.756252525089623	4.75756134566655	6.7680473056316	0.542687165742582	-1.16221988218215	-0.105528064926269	4.99637207843464
GJ_3_2-4	GJ	131944	42231	48460.7156994181	16049	atac	Fibro-SCN7A	0.637797430379009	-8.57419030175399	-4.281289792245	-0.743060847069265	0.0769201712578644	-0.105528064926269	4.28341628727298
GJ_3_2-5	GJ	76013	29008	33105.0745370945	14001	atac	Fibro-SFRP2	0.807373137435622	-5.7631454793735	0.671048599303128	-0.743060847069265	-0.0211798319003071	-0.105528064926269	-0.195994254692559
GJ_3_2-6	GJ	92876	35074	41082.7800498411	15104	atac	SM	0.8435181960864	10.2324276837879	3.15745306755146	-0.743060847069265	0.515035429415151	-0.105528064926269	-0.195994254692559
GJ_3_2-7	GJ	56003	22149	24787.1943793823	12384	atac	Fibro-SCN7A	0.406542559917469	-6.94006369376238	-7.06245505700754	-0.743060847069265	-1.16221988218215	-0.105528064926269	-0.195994254692559
GJ_3_2-8	GJ	95549	33118	37144.2366411093	14676	atac	Endo	0.93657943635225	4.20749140686743	-6.78052013465321	0.666510415638008	1.967665089229	-0.105528064926269	-0.195994254692559
GJ_3_3-1	GJ	83903	31805	36366.0559454297	14701	atac	Fibro-SCN7A	0.788479173671799	-9.99893483461239	-4.65663327750827	0.693286491909172	0.402664978622211	-0.105528064926269	-0.195994254692559
GJ_3_3-2	GJ	147391	44022	49703.102043668	15896	atac	Fibro-SCN7A	0.729681730173698	-8.33346823475427	-3.71608778988667	-0.743060847069265	-0.651138943195707	-0.105528064926269	-0.195994254692559
GJ_3_3-3	GJ	92196	32870	36833.7650927089	14442	atac	Endo	0.971867559188908	3.71377654796637	-6.32772455604803	-0.743060847069265	0.712677443488852	-0.105528064926269	-0.195994254692559
GJ_3_3-4	GJ	71668	28236	33196.5273645751	13719	atac	SM	0.983897931148294	12.9922008324765	5.14164872512347	-0.743060847069265	0.876221188684202	-0.105528064926269	-0.195994254692559
GJ_3_3-5	GJ	83226	31069	35115.4392276294	14518	atac	Fibro-GUCY1A3	0.64052915666545	-1.39335417193931	-1.75664701232214	1.92225296247896	-0.0934693726952569	-0.105528064926269	-0.195994254692559
GJ_3_3-6	GJ	56372	23363	27223.4903126428	12784	atac	Fibro-SCN7A	0.432483218567656	-0.994024952084377	7.2248046911432	-0.743060847069265	-1.16221988218215	-0.105528064926269	-0.195994254692559
GJ_3_3-8	GJ	47342	20700	23003.6716287573	11826	atac	Fibro-SFRP2	0.409424143087153	5.63996829886496	-2.55484560060732	1.3911637589341	-1.16221988218215	-0.105528064926269	-0.195994254692559
GJ_3_4-1	GJ	70781	27688	32914.8089465057	13724	atac	SM	0.938709456426422	12.2157519277466	2.09365841122325	0.825505717467438	-1.16221988218215	-0.105528064926269	-0.195994254692559
GJ_3_4-3	GJ	41911	18311	20654.1605751335	11328	atac	Fibro-Prol	0.770195926425645	7.40214597051257	-4.74867414278924	-0.743060847069265	0.491488520608999	-0.105528064926269	-0.195994254692559
GJ_3_4-4	GJ	83057	32456	37694.0773643541	14684	atac	SM	0.878736491986252	13.514834135585	6.85431249906663	-0.743060847069265	1.96441002827044	-0.105528064926269	-0.195994254692559
GJ_3_4-5	GJ	68914	27285	30884.5641707145	13319	atac	Fibro-GUCY1A3	0.440535343785123	-8.36505973493238	3.46367502873195	-0.743060847069265	0.0343360107126489	-0.105528064926269	-0.195994254692559
GJ_3_4-6	GJ	83083	31538	36924.4884755953	14481	atac	SM	0.840994632997834	6.86648636985228	7.8802467432726	-0.743060847069265	-1.16221988218215	-0.105528064926269	-0.195994254692559
GJ_3_4-7	GJ	57971	24070	27953.4643287721	13004	atac	Fibro-SCN7A	0.40361671981923	-8.05609360588097	5.46964130294175	-0.743060847069265	1.17079061398259	-0.105528064926269	-0.195994254692559
GJ_3_4-8	GJ	103581	37934	42787.6762481455	15317	atac	Fibro-SCN7A	0.817796655246842	-9.036132314314	-5.73226290271143	0.498738709013574	-0.26667863758423	-0.105528064926269	-0.195994254692559
GJ_3_5-1	GJ	48046	20011	22847.8434102432	11912	atac	Fibro-COL11A1	0.362975339640073	4.66196185382306	-0.724940677265106	-0.743060847069265	-1.16221988218215	-0.105528064926269	-0.195994254692559
GJ_3_5-2	GJ	65765	26728	29997.379211293	13646	atac	Endo	0.790013498060987	5.38186732426828	-7.97758238522707	-0.743060847069265	0.0814873671092486	-0.105528064926269	-0.195994254692559
GJ_3_5-3	GJ	78817	29878	33124.4492554458	14062	atac	Endo	0.896811980005896	5.44325118179595	-5.16886501375471	-0.743060847069265	-0.416378688233262	-0.105528064926269	-0.195994254692559
GJ_3_5-4	GJ	78802	29852	33937.686909612	14212	atac	Fibro-SCN7A	0.921063677996827	-10.500702662732	-3.9900968970611	-0.743060847069265	0.51499206207997	-0.105528064926269	-0.195994254692559
GJ_3_5-5	GJ	50521	20348	23167.8611953719	11892	atac	Fibro-SCN7A	0.369853337748576	-9.30895769486841	-8.1918749802783	-0.743060847069265	0.369170917023855	-0.105528064926269	-0.195994254692559
GJ_3_5-6	GJ	110459	39685	46098.4550664208	15715	atac	SM	0.671850393023017	7.12264171073406	4.92901650366049	-0.743060847069265	-1.16221988218215	-0.105528064926269	-0.195994254692559
GJ_3_5-7	GJ	65997	27219	31109.5841807732	13545	atac	Fibro-SCN7A	0.63284517043241	-13.7580432327631	-0.905283251767637	-0.743060847069265	-1.16221988218215	-0.105528064926269	-0.195994254692559
GJ_3_5-8	GJ	47605	20005	22684.7071929757	11801	atac	Fibro-SFRP2	0.430094866750567	-2.06917051053869	-9.25224352057058	1.41629988781634	1.17161150744146	-0.105528064926269	-0.195994254692559
GJ_3_6-1	GJ	88278	31196	36679.8018693604	14357	atac	SM	0.890949113516343	7.88667839185099	3.34198911184279	0.682368898526024	-0.134042935175148	-0.105528064926269	-0.195994254692559
GJ_3_6-2	GJ	66775	27603	31272.8774443298	13765	atac	SM	0.570916989784254	1.96815070658248	6.34499616141602	-0.743060847069265	-1.16221988218215	-0.105528064926269	6.42885652107356
GJ_3_6-3	GJ	147376	47114	54883.5576776523	16593	atac	SM	0.960533419978013	9.91665843600665	6.14890209421733	-0.743060847069265	-1.16221988218215	-0.105528064926269	-0.195994254692559
GJ_3_6-4	GJ	77612	29472	34001.7538129047	14200	atac	SM	0.62798930110588	6.66726971038188	3.13739032546349	-0.743060847069265	-1.16221988218215	-0.105528064926269	-0.195994254692559
GJ_3_6-5	GJ	111709	37750	42635.6186831067	15248	atac	Fibro-GUCY1A3	0.607348654338754	-1.62631495913472	-1.12132652930413	-0.743060847069265	0.545319500990628	-0.105528064926269	-0.195994254692559
GJ_3_6-6	GJ	80538	31877	35615.8006196316	14475	atac	Fibro-GUCY1A3	0.472113140229495	-9.07762438122251	2.77923841305008	-0.743060847069265	-1.16221988218215	-0.105528064926269	-0.195994254692559
GJ_3_6-7	GJ	38316	17049	18740.3769623835	10310	atac	SKM	0.694207175814157	-2.94080000427955	0.584357890676286	1.78528052173592	-1.16221988218215	-0.105528064926269	-0.195994254692559
GJ_3_6-8	GJ	75953	30485	34980.3988160225	14239	atac	SM	0.685255291627638	6.04750764214447	8.7708729190174	0.743585256591938	-1.16221988218215	-0.105528064926269	-0.195994254692559
GJ_3_7-1	GJ	62755	25345	29455.8776941847	13323	atac	SM	0.931761936987041	2.62398616875405	8.78562122911995	-0.743060847069265	0.0847375332773759	-0.105528064926269	-0.195994254692559
GJ_3_7-2	GJ	90516	33897	38483.5510523282	14811	atac	Fibro-GUCY1A3	0.795296857230751	-6.91980999254624	1.27315023489275	-0.743060847069265	0.347581797710644	-0.105528064926269	-0.195994254692559
GJ_3_7-4	GJ	84871	31455	35341.2455241357	14446	atac	Endo	0.966243562384046	4.51894385417827	-6.77224604481835	-0.743060847069265	1.4595723871942	-0.105528064926269	-0.195994254692559
GJ_3_7-5	GJ	77033	29306	34333.0748683156	14068	atac	SM	0.951591733568014	10.9129510035091	9.39196826853552	-0.743060847069265	-0.121256324460567	-0.105528064926269	-0.195994254692559
GJ_3_7-6	GJ	78652	30019	35556.0556048259	14191	atac	SM	0.872094608126993	7.10509051181201	8.29000015150875	-0.743060847069265	-0.105219249945112	-0.105528064926269	-0.195994254692559
GJ_3_7-7	GJ	58493	22721	25759.9627372652	12433	atac	Fibro-COL11A1	0.725210942738171	-13.6284752828992	-1.02267137672887	-0.743060847069265	0.255714417461919	-0.105528064926269	-0.195994254692559
GJ_3_7-8	GJ	56160	22312	25154.137813078	12240	atac	Fibro-SCN7A	0.86872073310233	-6.40574639105224	-2.99853092205994	-0.743060847069265	1.46412956920945	-0.105528064926269	-0.195994254692559
GJ_3_8-1	GJ	59036	22763	25836.458277501	12646	atac	Fibro-Prol	0.624481393902036	-6.01851895834562	-7.28845645291566	-0.743060847069265	-1.16221988218215	-0.105528064926269	-0.195994254692559
GJ_3_8-2	GJ	127759	42203	48247.9732225335	16071	atac	Fibro-SCN7A	0.776593625284415	-7.95520489834686	-4.18192391808399	1.3073766053626	0.919665806960319	-0.105528064926269	-0.195994254692559
GJ_3_8-3	GJ	81396	31208	35409.9940892017	14340	atac	Fibro-SCN7A	0.623718122922853	-11.01751206834	-5.09691525535527	-0.743060847069265	0.456801727952094	-0.105528064926269	-0.195994254692559
GJ_3_8-4	GJ	86782	31778	35531.1798369172	14145	atac	Immune	0.988401845087038	4.59325448816511	-11.7461144305911	0.723173963857105	-0.104562809929212	-0.105528064926269	-0.195994254692559
GJ_3_8-5	GJ	56331	22391	25932.7826136479	12503	atac	SM	0.916273729811445	3.83481417484764	9.34492872177866	-0.743060847069265	0.247650893257465	-0.105528064926269	-0.195994254692559
GJ_3_8-6	GJ	57279	22984	26686.3105704218	12701	atac	Fibro-SCN7A	0.38046842000378	-8.2470306553473	-0.872123372169589	-0.743060847069265	0.169152259790147	-0.105528064926269	-0.195994254692559
GJ_3_8-8	GJ	107926	40304	45375.134490544	15444	atac	Fibro-GUCY1A3	0.885049495760206	-3.94402537935713	-1.22005089855596	-0.743060847069265	-0.313051047820073	-0.105528064926269	-0.195994254692559
GJ_3_9-1	GJ	65373	28153	31025.533371926	13280	atac	Immune	0.776096189232602	4.27166341404328	1.38675732960264	-0.743060847069265	0.00584442847815602	-0.105528064926269	-0.195994254692559
GJ_3_9-2	GJ	57294	23235	27050.1093903613	12825	atac	Fibro-SCN7A	0.781360229812293	-10.7501507024983	-7.55804890501485	-0.743060847069265	0.832716086734978	-0.105528064926269	-0.195994254692559
GJ_3_9-3	GJ	170273	49934	56264.8817719361	16620	atac	Fibro-SCN7A	0.560108756405897	-8.31766203637274	-3.38270416285718	-0.743060847069265	2.07036071429811	-0.105528064926269	-0.195994254692559
GJ_3_9-4	GJ	90641	34124	39267.7260973061	14895	atac	SM	0.869619883550719	7.41612675444742	6.35137644602337	-0.743060847069265	-0.524902236070114	-0.105528064926269	-0.195994254692559
GJ_3_9-5	GJ	63473	25357	29121.4699311693	12986	atac	Fibro-GUCY1A3	0.663977258526512	-3.0068261503484	-0.473714268166101	2.34814318284515	0.0971585702540488	-0.105528064926269	-0.195994254692559
GJ_3_9-6	GJ	76321	29844	34210.5288671397	14056	atac	Fibro-SFRP2	0.833912777996139	-7.61172561695782	-10.3532620849511	-0.743060847069265	-1.16221988218215	-0.105528064926269	-0.195994254692559
GJ_3_9-7	GJ	67986	26941	31732.4119320511	13515	atac	SM	0.95512185329065	12.6854031163356	3.85941914633884	0.876620848976892	-1.16221988218215	-0.105528064926269	-0.195994254692559
GJ_3_9-8	GJ	72403	28802	32928.1493563042	13925	atac	Fibro-GUCY1A3	0.434719485928721	-13.1350714091785	-2.97690849518097	-0.743060847069265	-0.0537059405254946	-0.105528064926269	-0.195994254692559
GJ_3_10-1	GJ	55787	21884	25655.7314272216	12521	atac	SM	0.764908998845629	3.0096185440067	2.83127276945722	-0.743060847069265	0.242279793190842	-0.105528064926269	-0.195994254692559
GJ_3_10-2	GJ	116942	39234	45213.9820459753	15685	atac	SM	0.931538189525191	5.03602656737646	5.30822420480764	1.4225153123016	0.421107786823196	-0.105528064926269	-0.195994254692559
GJ_3_10-3	GJ	86065	32782	38552.1354157357	14839	atac	SM	0.819383712027106	12.5492888331929	8.84086147802424	-0.743060847069265	-1.16221988218215	-0.105528064926269	-0.195994254692559
GJ_3_10-4	GJ	64495	25025	28588.1754375656	13222	atac	Fibro-SCN7A	0.718094423726107	-7.24837183947651	-5.89959540250395	-0.743060847069265	-1.16221988218215	-0.105528064926269	-0.195994254692559
GJ_3_10-5	GJ	48057	19658	23216.7737649717	11773	atac	SM	0.651733824468378	-12.8864409658836	2.85761242313367	-0.743060847069265	2.06043382525166	-0.105528064926269	-0.195994254692559
GJ_3_10-6	GJ	79138	28269	31767.1230812117	13852	atac	Fibro-GUCY1A3	0.70938535968135	1.17682855499775	-2.15871845227244	-0.743060847069265	0.608948173847618	-0.105528064926269	-0.195994254692559
GJ_3_10-7	GJ	66902	25133	28319.1769229594	13014	atac	Fibro-SCN7A	0.701127939808258	-10.7463878841268	-3.7280029099974	2.41595311005097	-0.30167366501081	-0.105528064926269	-0.195994254692559
GJ_3_10-8	GJ	75386	29319	34343.6252479825	14137	atac	SM	0.670073506690192	8.93435240736867	9.37817268418003	-0.743060847069265	-1.16221988218215	-0.105528064926269	-0.195994254692559
GJ_3_11-1	GJ	53100	21986	24860.9480098775	12295	atac	SM	0.269436857669185	0.506941026093397	-8.04846414648644	-0.743060847069265	-1.16221988218215	-0.105528064926269	-0.195994254692559
GJ_3_11-2	GJ	77679	28646	32720.2296315163	13981	atac	Fibro-GUCY1A3	0.686947761668415	-2.06201204355587	-2.38922684428145	0.833693145012722	-1.16221988218215	-0.105528064926269	-0.195994254692559
GJ_3_11-3	GJ	60467	25326	28067.3498812769	13188	atac	Immune	0.705635561481546	0.753595971688601	11.4454504928806	1.0587896078035	-1.16221988218215	-0.105528064926269	-0.195994254692559
GJ_3_11-4	GJ	50761	21212	24736.1399783809	12124	atac	Immune	0.289481776374283	4.8877743290922	11.4283432825377	-0.743060847069265	1.39915254556437	-0.105528064926269	-0.195994254692559
GJ_3_11-5	GJ	62909	24721	29550.259095128	13224	atac	SM	0.919287016020966	8.15337830426014	10.5273427231543	-0.743060847069265	-1.16221988218215	-0.105528064926269	-0.195994254692559
GJ_3_11-6	GJ	54793	21831	24766.3637411308	11965	atac	Fibro-SFRP2	0.434346573786576	-10.5041734416479	0.0815729245851529	-0.743060847069265	-1.16221988218215	-0.105528064926269	-0.195994254692559
GJ_3_11-7	GJ	80094	30839	35705.6789794905	14151	atac	SM	0.968334946551167	9.27879992177195	3.98419497570754	0.716824232737197	-0.0948473816014412	-0.105528064926269	-0.195994254692559
GJ_3_11-8	GJ	67063	25691	29120.1050394324	13357	atac	Fibro-SCN7A	0.770202625662209	-6.76986070033104	-5.99560632787616	-0.743060847069265	0.739065501962575	-0.105528064926269	-0.195994254692559
GJ_3_12-1	GJ	97444	35639	41697.8570317948	15061	atac	SM	0.914744798300337	8.05730190496431	5.67790183800527	-0.743060847069265	-0.264403517043967	-0.105528064926269	-0.195994254692559
GJ_3_12-2	GJ	107426	39661	46302.5012052706	15568	atac	SM	0.489527027228654	8.45443968554348	7.01128166136276	-0.743060847069265	-1.16221988218215	-0.105528064926269	-0.195994254692559
GJ_3_12-3	GJ	96611	35771	41500.5048495789	15231	atac	SM	0.714832860548655	10.1296682553755	3.05425209191147	-0.743060847069265	-1.16221988218215	-0.105528064926269	-0.195994254692559
GJ_3_12-4	GJ	157716	49916	57694.6002720739	16654	atac	SM	0.961796049765821	9.12904840285147	6.22663092832277	0.202018381507516	1.48829829495189	-0.105528064926269	-0.195994254692559
GJ_3_12-5	GJ	78894	31052	35526.7366643163	14347	atac	Fibro-SCN7A	0.596488372248353	-10.3332588841167	-8.19283876460134	0.723336368355564	1.19155418259081	-0.105528064926269	5.72590603719424
GJ_3_12-6	GJ	95372	35264	41441.4488706455	15028	atac	SM	0.729134663892172	8.04569571173562	7.41632094885126	-0.743060847069265	-1.16221988218215	-0.105528064926269	-0.195994254692559
GJ_3_12-7	GJ	56460	23060	25810.0971246881	12676	atac	SKM	0.650613894815194	1.23014601983839	9.44618556850501	-0.743060847069265	-1.16221988218215	-0.105528064926269	-0.195994254692559
GJ_4_1-1	GJ	53459	23470	25693.3947999003	12638	atac	Fibro-SFRP2	0.391869992873299	-7.4681928109373	8.71672812972151	-0.743060847069265	1.32654325867324	-0.105528064926269	-0.195994254692559
GJ_4_1-2	GJ	81256	31127	36214.6609441806	14262	atac	SM	0.799737378911324	12.4030559918503	4.64053942384657	-0.743060847069265	0.738605631895187	-0.105528064926269	-0.195994254692559
GJ_4_1-3	GJ	123842	42609	47310.5041061754	15967	atac	Fibro-COL11A1	0.866506412047257	-3.79916340353893	-8.16813785518693	0.390680554659647	-0.344705290202887	-0.105528064926269	-0.195994254692559
GJ_4_1-4	GJ	73296	28056	31863.1694987321	13789	atac	Fibro-SCN7A	0.799326758156575	-5.06513562968597	-6.98199568319124	-0.743060847069265	-0.0211475248099845	-0.105528064926269	-0.195994254692559
GJ_4_1-5	GJ	109258	38392	44064.3527317386	15123	atac	Fibro-SFRP2	0.719285160033079	-1.88159112584867	-5.9971759121583	2.32722877408486	1.07375418994814	-0.105528064926269	-0.195994254692559
GJ_4_1-6	GJ	72101	28861	32383.4742811912	13728	atac	Fibro-COL11A1	0.564671125406338	-10.9134657993287	-3.1513418782684	0.848068033869771	-1.16221988218215	-0.105528064926269	-0.195994254692559
GJ_4_1-7	GJ	89203	32986	37012.3654584896	14702	atac	Fibro-SCN7A	0.78267854118873	-6.94029490581859	-8.08357984100552	0.670977101923549	-1.16221988218215	-0.105528064926269	-0.195994254692559
GJ_4_2-1	GJ	117914	41903	47808.3432151826	15989	atac	SM	0.932306672443634	3.47812973391102	6.27396427922743	0.379927768809015	2.57611869186175	-0.105528064926269	-0.195994254692559
GJ_4_2-2	GJ	91642	34833	40048.3877330235	15055	atac	SM	0.901642025196232	6.94430045719667	3.38168736716947	-0.743060847069265	-0.198643562033669	-0.105528064926269	-0.195994254692559
GJ_4_2-3	GJ	74902	28617	32972.0023987972	14115	atac	Fibro-Prol	0.484321321170947	-7.65372123001142	-9.95144052867578	-0.743060847069265	-0.413212521519782	-0.105528064926269	-0.195994254692559
GJ_4_2-4	GJ	119678	41226	45626.1697173827	15577	atac	Endo	0.963468819149919	4.13933986037477	-5.81660768163272	-0.743060847069265	-1.16221988218215	-0.105528064926269	-0.195994254692559
GJ_4_2-5	GJ	71443	27669	31446.446951946	13726	atac	Fibro-SCN7A	0.970478773128588	-9.20302495369135	-6.24153976144727	0.889490598455541	-1.16221988218215	-0.105528064926269	-0.195994254692559
GJ_4_2-7	GJ	79744	31081	34427.1875027518	14000	atac	Fibro-SCN7A	0.861476365790165	-12.5129533841994	3.84786369205639	1.9649902551446	0.775764868463514	-0.105528064926269	-0.195994254692559
GJ_4_2-8	GJ	110600	37682	43308.6247275491	15495	atac	SM	0.918867577465111	5.1594386509928	5.35672224032211	-0.743060847069265	-1.16221988218215	-0.105528064926269	-0.195994254692559
GJ_4_3-1	GJ	165905	52047	59074.0582868887	16863	atac	Fibro-GUCY1A3	0.434928800986108	-2.084418646292	-0.801247563696684	-0.743060847069265	-1.16221988218215	-0.105528064926269	-0.195994254692559
GJ_4_3-2	GJ	61209	23968	25971.0614138824	12400	atac	Immune	0.986195645422814	3.97115263618286	-11.8431493444569	1.18284613871485	-1.16221988218215	-0.105528064926269	-0.195994254692559
GJ_4_3-3	GJ	74084	29047	33305.6434586919	14048	atac	SM	0.962090932569911	1.38070056226456	9.42435584507041	-0.743060847069265	1.31093096284746	-0.105528064926269	-0.195994254692559
GJ_4_3-4	GJ	184797	57655	66268.8809441244	17292	atac	SM	0.959497446849704	9.01607351663768	6.28175624627488	-0.743060847069265	-1.16221988218215	-0.105528064926269	-0.195994254692559
GJ_4_3-5	GJ	75843	28920	33276.7281657823	13833	atac	Fibro-SFRP2	0.54299669102881	-9.65818818855222	2.35527199364215	-0.743060847069265	1.32361698758358	-0.105528064926269	-0.195994254692559
GJ_4_3-6	GJ	74841	29122	34200.7320073541	14009	atac	SM	0.841925021715433	11.5818554824562	6.31263029976154	1.97935866849635	-0.437990731445935	-0.105528064926269	-0.195994254692559
GJ_4_3-7	GJ	81346	32194	36770.1402102101	14529	atac	Fibro-SFRP2	0.455312183511391	-6.7709811989749	-1.37075364430046	-0.743060847069265	-0.484838959390208	10	5.54789262813738
GJ_4_3-8	GJ	100786	38191	43937.6028304013	15520	atac	SM	0.958115473550279	11.923296464385	6.17037372640509	-0.743060847069265	1.07878731719385	-0.105528064926269	-0.195994254692559
GJ_4_4-1	GJ	92717	34602	39415.4229292341	14694	atac	SM	0.810417956869158	6.35471675017627	4.84582617402143	0.593799318081749	1.26091185391145	-0.105528064926269	-0.195994254692559
GJ_4_4-2	GJ	101342	36398	40753.2797092945	14881	atac	Endo	0.985698331726639	4.53267008133519	-6.52404240462404	-0.743060847069265	-0.546556748186777	-0.105528064926269	-0.195994254692559
GJ_4_4-3	GJ	88196	33374	39062.6603957266	14871	atac	SM	0.867944920040008	9.85525418087525	10.7423964206847	-0.743060847069265	-0.19022517410165	-0.105528064926269	-0.195994254692559
GJ_4_4-4	GJ	48061	20946	23192.1491720568	11937	atac	Fibro-SCN7A	0.310186071217692	14.9957554139548	6.82793625127873	-0.743060847069265	0.387527868648412	-0.105528064926269	-0.195994254692559
GJ_4_4-5	GJ	56204	21893	25215.3186566946	12471	atac	Fibro-SCN7A	0.52080551170697	-12.7039620968581	5.39284799303576	-0.743060847069265	2.30565900361045	-0.105528064926269	-0.195994254692559
GJ_4_4-6	GJ	110810	37419	41647.2631077546	15253	atac	Fibro-GUCY1A3	0.560263404280363	1.1955676933973	-2.77938290066661	1.57580216404726	1.71989021261263	-0.105528064926269	-0.195994254692559
GJ_4_4-7	GJ	82978	31759	34674.9363118568	13785	atac	Immune	0.971064582807001	3.99210352191377	-11.7291050732918	-0.743060847069265	-0.447119506009814	-0.105528064926269	-0.195994254692559
GJ_4_4-8	GJ	90181	34338	39330.295751285	15017	atac	SM	0.769649432134608	11.8663924364354	5.1415525773595	-0.743060847069265	-0.215874382990725	-0.105528064926269	-0.195994254692559
GJ_4_5-1	GJ	97056	36960	42119.222837994	15282	atac	Fibro-GUCY1A3	0.708186817667191	-9.08714562434525	0.102343823994215	-0.743060847069265	0.480690964186484	-0.105528064926269	-0.195994254692559
GJ_4_5-4	GJ	162211	51371	58676.8142397287	16455	atac	SM	0.972547472444351	8.28512339311432	5.60735184774252	0.187379829547938	-1.16221988218215	-0.105528064926269	-0.195994254692559
GJ_4_5-5	GJ	69793	27437	31220.6271665467	13548	atac	Fibro-SCN7A	0.583202223183784	-9.42706508743092	-7.21447480320489	-0.743060847069265	0.933269724977783	-0.105528064926269	-0.195994254692559
GJ_4_5-6	GJ	98231	36861	42861.0987534589	15365	atac	SM	0.851143994605724	12.046933507004	5.14824561830541	-0.743060847069265	0.493279723714221	-0.105528064926269	-0.195994254692559
GJ_4_5-7	GJ	95610	37519	42509.896022841	15111	atac	Fibro-GUCY1A3	0.520955514108195	-3.33965053809024	-0.834414903897089	1.53674859367012	-0.279917898219536	-0.105528064926269	-0.195994254692559
GJ_4_5-8	GJ	110347	40025	44878.2301202837	15568	atac	Fibro-GUCY1A3	0.763402121385288	0.574149180126078	-3.45082716350414	-0.743060847069265	0.431014890602094	-0.105528064926269	-0.195994254692559
GJ_4_6-1	GJ	91587	34119	39770.9001628544	14864	atac	SM	0.875356029060936	11.2768473872823	7.3302435580007	0.58309517325497	2.14555521510653	-0.105528064926269	-0.195994254692559
GJ_4_6-2	GJ	71867	28602	31860.465425033	13774	atac	Fibro-COL11A1	0.722594340574725	-4.53985367118777	-9.12483726388543	-0.743060847069265	0.604688619366102	-0.105528064926269	-0.195994254692559
GJ_4_6-3	GJ	68325	27134	30149.4833003989	13597	atac	Fibro-SCN7A	0.282191449095217	-4.87733221161636	-10.5883004173812	-0.743060847069265	-1.16221988218215	-0.105528064926269	-0.195994254692559
GJ_4_6-4	GJ	89838	33714	38784.8758575343	14974	atac	SM	0.740819324298763	6.33157598637295	7.86872235286318	1.71569941183828	-0.517531428359896	-0.105528064926269	-0.195994254692559
GJ_4_6-5	GJ	86524	32931	36769.9978472189	14235	atac	Endo	0.986708564547606	4.35553605559615	-5.94171631437634	-0.743060847069265	-0.136288108349836	-0.105528064926269	-0.195994254692559
GJ_4_6-6	GJ	69031	27723	32521.0859321362	13879	atac	SM	0.971594291977452	11.2252410793164	3.38018149727814	-0.743060847069265	-1.16221988218215	-0.105528064926269	-0.195994254692559
GJ_4_6-8	GJ	90421	34135	38616.3390907599	14816	atac	Fibro-GUCY1A3	0.753966531211989	-4.09248702191041	-1.25358842652492	-0.743060847069265	-0.180176133218344	-0.105528064926269	-0.195994254692559
GJ_4_7-1	GJ	108376	37787	42367.6918030182	15466	atac	Fibro-COL11A1	0.80635599840167	-1.20757825981244	1.57467958098765	-0.743060847069265	-0.568477947761749	-0.105528064926269	4.86368695759378
GJ_4_7-2	GJ	74697	29512	33452.2948815726	14170	atac	SM	0.800880218892566	2.17171544669082	7.23893676685296	0.803327669053338	-1.16221988218215	-0.105528064926269	-0.195994254692559
GJ_4_7-3	GJ	77885	30373	35284.2162483599	14287	atac	SM	0.828487923661099	10.7695562024648	9.96020295589704	-0.743060847069265	-0.119495206058189	-0.105528064926269	-0.195994254692559
GJ_4_7-4	GJ	115223	41042	45418.4148581682	15769	atac	Endo	0.979320359692886	3.36508865967056	-5.13607490917478	-0.743060847069265	1.03005488192609	-0.105528064926269	-0.195994254692559
GJ_4_7-5	GJ	96672	36845	42396.5346069485	15240	atac	Fibro-SCN7A	0.371361276049146	-4.70390839893336	-2.10419873671463	1.54180457516004	1.30253884630231	-0.105528064926269	-0.195994254692559
GJ_4_7-6	GJ	84613	31938	36274.2965950565	14354	atac	Fibro-SCN7A	0.682995128640317	-11.659532654829	-6.0598571029324	-0.743060847069265	3.17181339422554	-0.105528064926269	-0.195994254692559
GJ_4_7-7	GJ	71496	28482	32884.2403812011	13894	atac	SM	0.961761774822579	4.28053633337585	9.4713742028987	-0.743060847069265	0.288218736475483	-0.105528064926269	-0.195994254692559
GJ_4_7-8	GJ	86933	33278	38506.3962263627	14768	atac	SM	0.829250556152594	10.4674053445477	4.90898336899022	-0.743060847069265	0.597636557910045	-0.105528064926269	-0.195994254692559
GJ_4_8-1	GJ	79701	31326	35468.4006923947	14495	atac	SM	0.918115062927827	3.43799812306596	7.26125651985074	-0.743060847069265	-1.16221988218215	-0.105528064926269	-0.195994254692559
GJ_4_8-2	GJ	76239	29353	33555.699428411	14157	atac	Fibro-SCN7A	0.471418050687936	-5.61135668503163	-1.02404138856036	-0.743060847069265	1.32412699421211	-0.105528064926269	-0.195994254692559
GJ_4_8-3	GJ	70703	28328	31024.0200238543	13820	atac	Glial	0.602538697984888	2.57401622733626	0.000184527338307365	-0.743060847069265	-0.370245842126744	-0.105528064926269	-0.195994254692559
GJ_4_8-5	GJ	68161	26799	30401.6094197352	13429	atac	Fibro-SCN7A	0.797332477797468	-10.2593620941348	-6.554911644028	0.938315966064966	0.99084235863829	-0.105528064926269	-0.195994254692559
GJ_4_8-6	GJ	91351	32499	36576.877123489	14403	atac	Endo	0.978808669970452	4.50485206744686	-6.41354047560823	0.685932001430237	-0.131468823566806	-0.105528064926269	-0.195994254692559
GJ_4_8-7	GJ	68939	27386	30767.2418471991	13699	atac	Fibro-SCN7A	0.874498011798038	-7.0709838455124	-1.67246642057898	-0.743060847069265	1.4635844495966	-0.105528064926269	-0.195994254692559
GJ_4_8-8	GJ	100453	36525	41266.3931943815	15379	atac	Fibro-GUCY1A3	0.824343187033834	0.533684902474558	-2.0025291053851	-0.743060847069265	0.48906784841446	-0.105528064926269	-0.195994254692559
GJ_4_9-1	GJ	139402	48986	55479.6114856722	16483	atac	Fibro-SCN7A	0.652185280659991	-1.57142699843149	0.884880980069114	1.07710078015006	0.986016137320052	-0.105528064926269	-0.195994254692559
GJ_4_9-2	GJ	129768	43318	50092.1044535138	16323	atac	Fibro-SCN7A	0.610307208225876	5.046872252639	3.3873453407276	-0.743060847069265	-0.386266526181221	-0.105528064926269	-0.195994254692559
GJ_4_9-3	GJ	31967	15345	17207.5081771476	10008	atac	Fibro-SFRP2	0.392814331108859	-11.4316548532667	-1.6055396941925	-0.743060847069265	0.818291738082201	-0.105528064926269	-0.195994254692559
GJ_4_9-4	GJ	76774	30613	34690.0038371853	14268	atac	SM	0.91652579102045	2.9181168013329	8.39102296373018	0.754578673471553	-1.16221988218215	10	-0.195994254692559
GJ_4_9-5	GJ	78420	30520	35663.2580806855	14283	atac	SM	0.881367906552014	4.87247786159956	7.86502320329045	1.88920376241889	0.762319862269481	-0.105528064926269	-0.195994254692559
GJ_4_9-6	GJ	70274	28135	31442.1274946012	13942	atac	Fibro-SCN7A	0.508740153296896	-7.54870168612646	-10.9136288019337	-0.743060847069265	0.637652677979765	-0.105528064926269	-0.195994254692559
GJ_4_9-7	GJ	80425	30926	35952.7557172159	14152	atac	SM	0.946563461476902	11.22482800905	6.15991522950367	-0.743060847069265	-1.16221988218215	-0.105528064926269	-0.195994254692559
GJ_4_9-8	GJ	61242	24921	28161.1304377685	13033	atac	SM	0.657162649502525	1.93761589865802	6.92742287068634	-0.743060847069265	0.10872154081361	-0.105528064926269	-0.195994254692559
GJ_4_10-1	GJ	144424	44261	51381.5726354251	16310	atac	Fibro-SCN7A	0.662707627150851	-9.15832018659118	-3.67581686209197	-0.743060847069265	0.258968230272253	-0.105528064926269	-0.195994254692559
GJ_4_10-2	GJ	74369	29359	32538.3725680092	14147	atac	Endo	0.837043211370662	6.12744427853803	-6.82143364466005	-0.743060847069265	-1.16221988218215	-0.105528064926269	-0.195994254692559
GJ_4_10-3	GJ	70755	27136	30772.3001287247	13754	atac	Fibro-SCN7A	0.886857785441328	-10.152636398773	-5.2862709022099	-0.743060847069265	0.371968556165507	-0.105528064926269	-0.195994254692559
GJ_4_10-4	GJ	76302	30213	34819.7516097986	14122	atac	SM	0.934093209705269	9.70840837198263	7.81311033144038	-0.743060847069265	-1.16221988218215	-0.105528064926269	-0.195994254692559
GJ_4_10-5	GJ	69675	27807	31179.0116942851	13653	atac	SM	0.793569451897432	1.99298210063461	6.59424853434035	-0.743060847069265	-1.16221988218215	-0.105528064926269	-0.195994254692559
GJ_4_10-6	GJ	87354	33832	39146.3464692287	14834	atac	SM	0.788885467458585	7.95448892966707	6.72765407947072	-0.743060847069265	0.594380190497409	-0.105528064926269	-0.195994254692559
GJ_4_10-7	GJ	54639	22851	26056.0963725982	12334	atac	Fibro-SCN7A	0.594840262584217	-12.5301992904304	3.99046437921748	-0.743060847069265	2.82459531504384	-0.105528064926269	-0.195994254692559
GJ_4_10-8	GJ	76134	29025	32605.9597197581	13887	atac	Fibro-SCN7A	0.793907670785816	-7.55371552234259	-9.95518269441833	2.08511629556334	-0.0440548354622823	-0.105528064926269	-0.195994254692559
GJ_4_11-1	GJ	73218	28536	31962.5159868251	13736	atac	Endo	0.941051332460638	5.35132264526529	-6.22485416727414	0.866412400288362	-1.16221988218215	-0.105528064926269	-0.195994254692559
GJ_4_11-2	GJ	100846	35694	41237.6855018348	15183	atac	Fibro-SCN7A	0.481164639914714	7.21750863373354	6.65147291462875	-0.743060847069265	0.547088053926862	-0.105528064926269	-0.195994254692559
GJ_4_11-3	GJ	98321	37580	41882.3956959842	15438	atac	Fibro-SCN7A	0.9567784938414	-7.63467102448644	-4.78143007188809	1.56502341488542	0.499036528405579	-0.105528064926269	-0.195994254692559
GJ_4_11-5	GJ	61379	25122	28925.921135467	13195	atac	Fibro-SCN7A	0.931145494967254	-2.53201780529815	-7.12879649756665	1.01250781041796	1.9025994320594	-0.105528064926269	-0.195994254692559
GJ_4_11-6	GJ	78342	30882	34935.0299678486	14097	atac	Fibro-GUCY1A3	0.613811948691893	-9.35394568008436	0.423385566771697	0.745292068644281	0.487895037109679	-0.105528064926269	-0.195994254692559
GJ_4_11-7	GJ	73398	29142	33866.7936290785	13948	atac	SM	0.872483242738855	11.3018541587858	7.61546458491504	-0.743060847069265	-1.16221988218215	-0.105528064926269	-0.195994254692559
GJ_4_11-8	GJ	78133	30049	34781.1209075376	14279	atac	SM	0.891692328058225	12.8829183621238	7.94697587123255	-0.743060847069265	-1.16221988218215	-0.105528064926269	-0.195994254692559
GJ_4_12-1	GJ	86411	31733	36137.4120383595	14649	atac	SM	0.987047469160134	3.50084852819895	6.13493770702769	-0.743060847069265	-1.16221988218215	-0.105528064926269	-0.195994254692559
GJ_4_12-2	GJ	87689	33170	38431.6476774568	14586	atac	SM	0.942340494862878	8.11709506431133	9.72568534039128	-0.743060847069265	-1.16221988218215	-0.105528064926269	-0.195994254692559
GJ_4_12-3	GJ	97220	36945	41577.4255926616	15399	atac	Fibro-SCN7A	0.9179790260056	-9.68631690903828	-6.20670092956191	-0.743060847069265	0.713261110440517	-0.105528064926269	-0.195994254692559
GJ_4_12-4	GJ	88218	33021	38097.1629431375	14625	atac	SM	0.928227784264635	9.52474483245573	7.19104237143411	-0.743060847069265	-0.506733505698083	-0.105528064926269	-0.195994254692559
GJ_4_12-5	GJ	130019	44388	49457.0529670669	16285	atac	SM	0.863602660243465	4.12151846192598	5.39531973284629	1.26486550446119	-1.16221988218215	-0.105528064926269	-0.195994254692559
GJ_4_12-6	GJ	83832	31875	35880.3523505941	14420	atac	Fibro-SCN7A	0.971002427029023	-8.50001076406528	-4.39469516923377	-0.743060847069265	0.752911848834645	-0.105528064926269	-0.195994254692559
GJ_4_12-7	GJ	104031	38444	43654.6482062964	15728	atac	Fibro-SCN7A	0.887946189869944	-9.58305144757187	-6.77867136527319	-0.743060847069265	0.20484282861834	-0.105528064926269	-0.195994254692559
GJ_4_12-8	GJ	98441	35193	40155.0393231763	15167	atac	SM	0.896751784635928	3.82449937853711	5.85568803041316	-0.743060847069265	-1.16221988218215	-0.105528064926269	-0.195994254692559
GJ_5_1-1	GJ	125443	43764	50144.4165363966	16196	atac	SM	0.728532270333767	7.29451118600318	4.61543141738941	-0.743060847069265	-0.376142580105821	-0.105528064926269	-0.195994254692559
GJ_5_1-2	GJ	126510	43686	50445.4684008538	16204	atac	SM	0.936356095953079	8.28826629398296	6.28151032710558	0.326216643945985	-0.391244937930214	-0.105528064926269	-0.195994254692559
GJ_5_1-4	GJ	106458	38180	43305.8707202218	15638	atac	Fibro-SCN7A	0.486679538360343	-8.89349931989523	-9.15727183824701	0.485320912312795	1.08201594854328	-0.105528064926269	-0.195994254692559
GJ_5_1-5	GJ	77044	30878	34594.9422227874	14218	atac	Fibro-SCN7A	0.301470010732461	1.20763618271194	11.9467888153798	0.758212998434307	-0.0792465051156898	-0.105528064926269	-0.195994254692559
GJ_5_1-6	GJ	105176	37498	42707.1782932769	15399	atac	Fibro-SCN7A	0.694110801480001	-9.61743871236796	-1.28340588247861	-0.743060847069265	1.10648825507513	-0.105528064926269	-0.195994254692559
GJ_5_1-7	GJ	107270	38251	43440.7042384385	15810	atac	SM	0.961549013929563	3.55538516866488	7.28320781779214	-0.743060847069265	-1.16221988218215	-0.105528064926269	-0.195994254692559
GJ_5_1-8	GJ	139544	46278	52084.5537252104	16569	atac	Fibro-SCN7A	0.742310997661001	-8.22915434553194	-5.78678772025746	-0.743060847069265	0.210941874935397	7.47060515945003	-0.195994254692559
GJ_5_2-1	GJ	118054	39901	45382.3309136148	15874	atac	Fibro-COL11A1	0.386106049056328	-6.12284451603083	-8.92652100137952	0.43435176143165	1.84983584050539	-0.105528064926269	-0.195994254692559
GJ_5_2-2	GJ	205251	64509	70940.4766892441	18034	atac	Endo	0.431166036780126	3.9839877127607	-4.42602709934712	1.34223653593868	0.987792529901016	-0.105528064926269	2.95276853334342
GJ_5_2-3	GJ	136941	45497	51220.007611148	16642	atac	Fibro-GUCY1A3	0.70466450786093	0.0607506194254371	-4.71560856343445	0.31140651333092	-0.66543798269352	-0.105528064926269	-0.195994254692559
GJ_5_2-4	GJ	110654	38020	42641.673703552	15387	atac	Fibro-COL11A1	0.70690762637667	-3.81462849923543	-8.1805675445589	-0.743060847069265	-1.16221988218215	-0.105528064926269	-0.195994254692559
GJ_5_2-5	GJ	98977	35960	40477.0380855366	15194	atac	Fibro-SCN7A	0.348227016948306	-7.055262637266	0.901617061776476	0.562334443462737	-0.220749215614416	-0.105528064926269	-0.195994254692559
GJ_5_2-6	GJ	112240	39620	44916.8780053474	15813	atac	SM	0.826991202802441	7.58411743135599	4.16110729223464	1.43449714366893	-0.322898387563427	-0.105528064926269	-0.195994254692559
GJ_5_2-7	GJ	113516	41126	46238.910989058	15639	atac	Fibro-GUCY1A3	0.818841417855027	-3.3551414533684	-2.11141984673613	-0.743060847069265	1.47277448400664	-0.105528064926269	-0.195994254692559
GJ_5_2-8	GJ	134241	44203	48747.2778373722	16289	atac	Endo	0.811750142377557	4.22655471859507	-4.77161290618166	-0.743060847069265	-0.355591554451213	-0.105528064926269	-0.195994254692559
GJ_5_3-1	GJ	121611	43262	49737.3187478072	16096	atac	SM	0.887426001324444	9.45252495562492	5.73799782116764	-0.743060847069265	-1.16221988218215	-0.105528064926269	-0.195994254692559
GJ_5_3-3	GJ	91631	34482	39280.7903435434	15027	atac	SM	0.88172707350896	13.3146677284249	5.26876441765279	-0.743060847069265	-1.16221988218215	-0.105528064926269	-0.195994254692559
GJ_5_3-4	GJ	93744	33515	37225.8273501106	14512	atac	Immune	0.990981570708769	4.71835744226471	-11.742876778698	-0.743060847069265	0.696626051995099	-0.105528064926269	-0.195994254692559
GJ_5_3-5	GJ	85904	32377	37630.4800765115	14832	atac	SM	0.883558204516442	11.2290090067195	9.05646775864806	-0.743060847069265	-0.143498168783972	-0.105528064926269	-0.195994254692559
GJ_5_3-6	GJ	103823	37413	42966.5184176479	15316	atac	Fibro-COL11A1	0.432677829878816	-1.19495697010442	7.06701402041042	-0.743060847069265	0.21253451237995	-0.105528064926269	-0.195994254692559
GJ_5_3-7	GJ	103495	38135	44005.7150403018	15506	atac	SM	0.878585642896899	10.3095367777996	5.95568826582939	-0.743060847069265	-1.16221988218215	8.72769059542363	-0.195994254692559
GJ_5_4-1	GJ	83785	30383	34643.8302959757	14201	atac	Fibro-SFRP2	0.732952408938164	-5.850547610275	-9.66823127900523	-0.743060847069265	-1.16221988218215	-0.105528064926269	-0.195994254692559
GJ_5_4-2	GJ	95031	36039	40697.3486155145	15174	atac	Fibro-SCN7A	0.685954114553094	-9.31554867008029	0.374173819372998	0.555990149259124	0.528181265796726	-0.105528064926269	-0.195994254692559
GJ_5_4-3	GJ	104327	37917	42975.8867086182	15629	atac	SM	0.840992534018884	3.60608110009918	7.57590170294205	-0.743060847069265	-1.16221988218215	-0.105528064926269	-0.195994254692559
GJ_5_4-4	GJ	103699	37884	43287.7571416501	15573	atac	SM	0.899249717739834	9.0632922925205	9.30371377808405	-0.743060847069265	1.09170880146723	-0.105528064926269	-0.195994254692559
GJ_5_4-5	GJ	93555	35707	40845.8410051166	15245	atac	SM	0.582578811918065	6.52425377730346	11.0935193929585	-0.743060847069265	-0.547857309842915	-0.105528064926269	-0.195994254692559
GJ_5_4-6	GJ	81770	30645	34051.8587330462	14225	atac	Immune	0.929391119194031	3.20756645484204	-11.5237043127271	-0.743060847069265	-1.16221988218215	-0.105528064926269	-0.195994254692559
GJ_5_4-7	GJ	53023	21959	24522.2476662372	12248	atac	Immune	0.745813176882444	3.23866469226607	-9.36720729512575	-0.743060847069265	-1.16221988218215	-0.105528064926269	-0.195994254692559
GJ_5_4-8	GJ	100722	36525	40328.3633413877	15274	atac	Fibro-SFRP2	0.469545359243784	1.59626102469984	0.225179547211313	1.63820418046915	-0.217631455989963	-0.105528064926269	-0.195994254692559
GJ_5_5-1	GJ	110346	40162	45737.7519784397	15711	atac	Fibro-SFRP2	0.8168228102842	-9.3060821240759	-9.27469706680938	1.40171385215978	-1.16221988218215	-0.105528064926269	-0.195994254692559
GJ_5_5-2	GJ	84805	32906	37745.3865396432	14588	atac	SM	0.91946744641204	10.7108142202521	7.66491445905385	-0.743060847069265	-0.180333061023353	-0.105528064926269	5.41562040153549
GJ_5_5-3	GJ	79385	30500	33616.3288599881	14153	atac	Endo	0.693690883229797	6.43957604013796	-5.50861768073184	2.01716572812542	0.528260834249761	-0.105528064926269	-0.195994254692559
GJ_5_5-4	GJ	191943	53805	61415.6918487405	17293	atac	SM	0.903674580619343	7.12438725913322	4.7632686006352	-0.743060847069265	0.819213295752084	-0.105528064926269	-0.195994254692559
GJ_5_5-5	GJ	106165	39192	44242.6816055903	15522	atac	Fibro-SFRP2	0.499221939057683	-9.78636363771687	2.20023371147865	1.46219045818883	1.39592203844226	-0.105528064926269	-0.195994254692559
GJ_5_5-6	GJ	124954	45329	50884.7752245513	16428	atac	Fibro-SCN7A	0.66699095518085	-2.16958955591543	-11.9084702059546	0.3177657679081	-0.413308373152509	-0.105528064926269	-0.195994254692559
GJ_5_5-8	GJ	125300	43721	48452.5899316582	16172	atac	Endo	0.573880562906158	0.525418465202794	-4.45176473226237	-0.743060847069265	0.708566476563735	-0.105528064926269	-0.195994254692559
GJ_5_6-1	GJ	124353	44223	51074.4806692723	16345	atac	SM	0.964321204924596	10.2466268975846	6.43452461700714	-0.743060847069265	0.234145289563554	-0.105528064926269	-0.195994254692559
GJ_5_6-2	GJ	104022	40142	45638.828003139	15762	atac	SM	0.57114518022928	9.67754857523264	9.41338410469039	0.428348707621089	-0.317507870015828	-0.105528064926269	-0.195994254692559
GJ_5_6-3	GJ	99293	36225	41161.4829504457	15491	atac	Fibro-SFRP2	0.470279567186209	-5.09643238182152	-8.70304270190767	-0.743060847069265	0.0330513454931668	-0.105528064926269	-0.195994254692559
GJ_5_6-4	GJ	112776	39828	44744.4742561593	15817	atac	Fibro-SCN7A	0.981195954649797	-8.71181198337454	-5.18332932858116	-0.743060847069265	0.165486689686097	-0.105528064926269	-0.195994254692559
GJ_5_6-5	GJ	106595	37927	43105.9414163048	15375	atac	Fibro-SFRP2	0.826341948733882	-8.53092293931206	-9.39138675353921	-0.743060847069265	0.449290931803312	-0.105528064926269	-0.195994254692559
GJ_5_6-6	GJ	117707	41398	46507.7864334871	15946	atac	Fibro-GUCY1A3	0.579198312616533	0.121782914117516	-3.73485092907764	0.408460271187903	-0.331868125344208	-0.105528064926269	-0.195994254692559
GJ_5_6-7	GJ	93405	34405	38788.5159189335	14832	atac	Fibro-GUCY1A3	0.83085648196986	-3.15805695637093	0.250070718533667	-0.743060847069265	1.03616717298368	-0.105528064926269	-0.195994254692559
GJ_5_6-8	GJ	95019	35268	39338.2160976126	15066	atac	Fibro-SCN7A	0.819789741695628	-8.14878400071554	-6.73514495160656	0.596147152027363	-0.196326920948232	-0.105528064926269	-0.195994254692559
GJ_5_7-2	GJ	89326	32714	36959.7367337927	14611	atac	Fibro-SFRP2	0.517235786268389	-5.39596151680794	-8.43463180482441	-0.743060847069265	-0.812945794600202	-0.105528064926269	-0.195994254692559
GJ_5_7-3	GJ	105876	36915	42815.3339450715	15531	atac	SM	0.517252627266768	6.2458303849646	3.27605207554395	-0.743060847069265	-0.285615087340859	-0.105528064926269	-0.195994254692559
GJ_5_7-4	GJ	107011	37566	42525.2358568569	15527	atac	SM	0.894820790969354	7.17017862618738	4.35303910501203	-0.743060847069265	-0.570533708844546	-0.105528064926269	-0.195994254692559
GJ_5_7-5	GJ	121443	41953	46757.2376163426	15993	atac	Endo	0.979718829057046	4.75153485429325	-6.38666698115952	0.402875458940916	-1.16221988218215	-0.105528064926269	-0.195994254692559
GJ_5_7-6	GJ	41595	18420	20824.5471758579	11169	atac	Fibro-COL11A1	0.436807229899168	-12.2339324849598	-6.19164670603034	-0.743060847069265	-1.16221988218215	-0.105528064926269	-0.195994254692559
GJ_5_7-7	GJ	48492	19223	22020.8590901665	11587	atac	Fibro-COL11A1	0.302186245386693	-7.57942659231023	1.17840608739137	-0.743060847069265	-1.16221988218215	-0.105528064926269	-0.195994254692559
GJ_5_7-8	GJ	102215	36566	41536.3552287487	15050	atac	Fibro-SCN7A	0.607093579453808	-6.33722136275165	-3.10415016372922	-0.743060847069265	1.72550330188728	-0.105528064926269	-0.195994254692559
GJ_5_8-1	GJ	100866	36533	41779.8638379133	15242	atac	Fibro-SCN7A	0.672646927027415	-6.05302178393664	2.64271737317993	1.56971109067628	1.33017822692913	-0.105528064926269	-0.195994254692559
GJ_5_8-3	GJ	94715	34476	39132.3841209939	14955	atac	Fibro-SCN7A	0.69819212911768	-6.69137818376031	-4.42470613747239	1.69780880103845	-0.522853299002344	-0.105528064926269	-0.195994254692559
GJ_5_8-5	GJ	94854	35845	41004.9123360622	15206	atac	SM	0.597459936824486	8.59369039311004	8.32856694123017	-0.743060847069265	-1.16221988218215	-0.105528064926269	-0.195994254692559
GJ_5_8-6	GJ	102612	36641	40857.5172312072	15061	atac	Fibro-COL11A1	0.773650969687064	-8.52131384120455	-0.935425145227371	-0.743060847069265	0.549467327776261	-0.105528064926269	-0.195994254692559
GJ_5_8-7	GJ	82520	31022	35615.5262681534	14397	atac	Fibro-SCN7A	0.571998123686056	-7.77780303734432	-3.02105009818395	-0.743060847069265	1.18702696462316	-0.105528064926269	-0.195994254692559
GJ_5_8-8	GJ	141426	48117	55154.8270970833	16704	atac	SM	0.923975969705386	9.14604859143861	6.01977746371701	0.242101314777086	-0.466874670580728	-0.105528064926269	-0.195994254692559
GJ_5_9-1	GJ	107768	39020	44335.7783380547	15639	atac	SM	0.977058062260417	3.48434280108518	6.7166605746934	-0.743060847069265	-1.16221988218215	-0.105528064926269	-0.195994254692559
GJ_5_9-2	GJ	95116	35310	39696.9883856641	15116	atac	Fibro-GUCY1A3	0.890865375551429	1.10611050653898	-3.51633666865755	0.585306609505109	0.563294802424829	-0.105528064926269	-0.195994254692559
GJ_5_9-3	GJ	103199	37577	42965.9140654975	15359	atac	Fibro-SFRP2	0.510230151765002	-9.10019914503012	-2.44120790043555	1.5166367134009	0.489923200200005	-0.105528064926269	-0.195994254692559
GJ_5_9-4	GJ	109174	38251	41769.2673823716	15420	atac	Glial	0.505858291452337	1.68403618167002	0.025003839392524	-0.743060847069265	1.14594402034834	-0.105528064926269	-0.195994254692559
GJ_5_9-5	GJ	115507	42210	47526.5072903586	15930	atac	Fibro-GUCY1A3	0.74236434394647	-3.43984952391563	-0.834243754973776	0.385989858063625	0.397658732353254	-0.105528064926269	-0.195994254692559
GJ_5_9-6	GJ	106445	39952	45503.4184518662	15882	atac	SM	0.787056062499206	6.21819517665986	6.11194537568892	-0.743060847069265	-1.16221988218215	-0.105528064926269	-0.195994254692559
GJ_5_9-7	GJ	115842	37920	44428.2651751039	15465	atac	SM	0.932908654673951	10.278811693382	6.76678482494863	0.457233137930539	0.409066229437879	-0.105528064926269	-0.195994254692559
GJ_5_9-8	GJ	47155	21947	24391.1326227477	12157	atac	Fibro-GUCY1A3	0.309881188862602	-13.2800805308236	-3.07373430669576	-0.743060847069265	-1.16221988218215	-0.105528064926269	-0.195994254692559
GJ_5_10-1	GJ	79577	29545	33540.2394033806	14055	atac	Fibro-SFRP2	0.495746775823932	-12.2384749062643	2.40149696429365	2.02216702470052	-0.0492266975918898	-0.105528064926269	-0.195994254692559
GJ_5_10-2	GJ	88662	33584	38374.8081710892	14894	atac	SM	0.776393784463635	10.467290069405	2.18014291141946	-0.743060847069265	1.33468513666667	-0.105528064926269	-0.195994254692559
GJ_5_10-3	GJ	96927	34990	39688.6460729359	15155	atac	SM	0.87290511819354	2.99473915968117	7.91532717853138	-0.743060847069265	0.563593840713249	-0.105528064926269	5.16949636171838
GJ_5_10-4	GJ	108974	39347	44711.6619181841	15573	atac	Fibro-SCN7A	0.425449117367039	-8.44573194592671	-2.44276504533105	2.29245478312976	2.74604289570277	-0.105528064926269	-0.195994254692559
GJ_5_10-5	GJ	89126	33625	38467.1024609845	14730	atac	Fibro-SFRP2	0.614661896092373	-11.7852338512465	1.80207895771711	-0.743060847069265	-0.512586638561517	-0.105528064926269	-0.195994254692559
GJ_5_10-6	GJ	87122	32360	37146.7143491115	14695	atac	Fibro-GUCY1A3	0.480307623042923	-9.31681475840073	-1.30594814463352	-0.743060847069265	-0.131694715653571	-0.105528064926269	-0.195994254692559
GJ_5_10-7	GJ	66733	25850	29347.1224180398	13102	atac	Fibro-SCN7A	0.824874709408687	-10.5260327199414	5.03296046246439	2.3296040679389	-1.16221988218215	-0.105528064926269	-0.195994254692559
GJ_5_10-8	GJ	133001	44748	49650.2796287321	16311	atac	Endo	0.602319849223054	3.16176914636145	-4.72300209055202	0.341861988216217	0.268239362069895	-0.105528064926269	-0.195994254692559
GJ_5_11-1	GJ	125850	42147	46971.916647629	15803	atac	Fibro-SFRP2	0.642576226084822	0.797881801892044	1.60237709535957	-0.743060847069265	-0.623202012076062	-0.105528064926269	-0.195994254692559
GJ_5_11-3	GJ	74448	31626	34994.2033748439	14568	atac	Immune	0.337714544976281	-0.311641205266962	10.1939355283448	-0.743060847069265	-1.16221988218215	-0.105528064926269	-0.195994254692559
GJ_5_11-5	GJ	104993	38641	44125.0123036048	15603	atac	SM	0.616186869278022	8.43067936877259	8.54095525728276	1.46709704530771	-1.16221988218215	-0.105528064926269	-0.195994254692559
GJ_5_11-8	GJ	109422	39440	44477.7572685677	15769	atac	Immune	0.752457666088728	-4.44718951039873	-3.31326292376913	0.456024244811569	-0.0568665431647504	-0.105528064926269	-0.195994254692559
GJ_5_12-1	GJ	123884	42880	49398.9061726543	16115	atac	SM	0.942777956378296	8.71056860144566	6.33030128231732	0.346903716979283	0.649221090095113	-0.105528064926269	-0.195994254692559
GJ_5_12-2	GJ	94857	34868	40543.5717126435	15135	atac	SM	0.888355671411568	5.37886904297141	7.79562187162628	-0.743060847069265	0.544345146769715	-0.105528064926269	-0.195994254692559
GJ_5_12-3	GJ	122921	42977	48945.2594345993	16252	atac	SM	0.899533288190423	4.49337689597253	5.73064990217337	0.356122320886694	-0.386145758927417	-0.105528064926269	-0.195994254692559
GJ_5_12-4	GJ	79245	30687	34526.5261833276	14258	atac	Immune	0.956794823968339	5.00960514356393	-11.8350075505762	0.760839623140388	0.491218401042951	-0.105528064926269	-0.195994254692559
GJ_5_12-6	GJ	175548	54077	61036.0141808504	17103	atac	Endo	0.512220802577008	4.40451492392885	-5.2376881813921	0.15400888347253	0.35745355677173	-0.105528064926269	-0.195994254692559
GJ_5_12-7	GJ	123112	43808	50120.103388587	16268	atac	SM	0.86934338423038	9.67588523805668	5.12121789758168	-0.743060847069265	-1.16221988218215	-0.105528064926269	-0.195994254692559
GJ_5_12-8	GJ	87227	32753	36742.3224887198	14727	atac	Fibro-SFRP2	0.305157706736214	-6.48406996031088	-8.75721640564023	-0.743060847069265	-1.16221988218215	-0.105528064926269	-0.195994254692559
