cluster	gene	size	boundary	avgExpr	cvExpr	avgCor	cvCor	protein_coding	lncRNA	sncRNA	pseudogene	Ig/TcR	tf
M10	IRF1	14	8799:8812	57.0437484837398	3.05823120226998	0.104329950191256	0.55544344820337	0.714285714285714	0.142857142857143	0	0.142857142857143	0	0.142857142857143
M10	U73166.2	14	8799:8812	57.0437484837398	3.05823120226998	0.104329950191256	0.55544344820337	0.714285714285714	0.142857142857143	0	0.142857142857143	0	0.142857142857143
M10	LSMEM1	14	8799:8812	57.0437484837398	3.05823120226998	0.104329950191256	0.55544344820337	0.714285714285714	0.142857142857143	0	0.142857142857143	0	0.142857142857143
M10	AC116366.6	14	8799:8812	57.0437484837398	3.05823120226998	0.104329950191256	0.55544344820337	0.714285714285714	0.142857142857143	0	0.142857142857143	0	0.142857142857143
M10	ZNF844	14	8799:8812	57.0437484837398	3.05823120226998	0.104329950191256	0.55544344820337	0.714285714285714	0.142857142857143	0	0.142857142857143	0	0.142857142857143
M10	CKS2	14	8799:8812	57.0437484837398	3.05823120226998	0.104329950191256	0.55544344820337	0.714285714285714	0.142857142857143	0	0.142857142857143	0	0.142857142857143
M10	RPL7P19	14	8799:8812	57.0437484837398	3.05823120226998	0.104329950191256	0.55544344820337	0.714285714285714	0.142857142857143	0	0.142857142857143	0	0.142857142857143
M10	FAM53C	14	8799:8812	57.0437484837398	3.05823120226998	0.104329950191256	0.55544344820337	0.714285714285714	0.142857142857143	0	0.142857142857143	0	0.142857142857143
M10	RPS26P43	14	8799:8812	57.0437484837398	3.05823120226998	0.104329950191256	0.55544344820337	0.714285714285714	0.142857142857143	0	0.142857142857143	0	0.142857142857143
M10	JMJD6	14	8799:8812	57.0437484837398	3.05823120226998	0.104329950191256	0.55544344820337	0.714285714285714	0.142857142857143	0	0.142857142857143	0	0.142857142857143
M10	KIAA1683	14	8799:8812	57.0437484837398	3.05823120226998	0.104329950191256	0.55544344820337	0.714285714285714	0.142857142857143	0	0.142857142857143	0	0.142857142857143
M10	SOD2	14	8799:8812	57.0437484837398	3.05823120226998	0.104329950191256	0.55544344820337	0.714285714285714	0.142857142857143	0	0.142857142857143	0	0.142857142857143
M10	ARL6IP1	14	8799:8812	57.0437484837398	3.05823120226998	0.104329950191256	0.55544344820337	0.714285714285714	0.142857142857143	0	0.142857142857143	0	0.142857142857143
M10	IRS2	14	8799:8812	57.0437484837398	3.05823120226998	0.104329950191256	0.55544344820337	0.714285714285714	0.142857142857143	0	0.142857142857143	0	0.142857142857143
M24	HELLS	11	8813:8823	57.7172881024498	2.65241132581071	0.11956646165496	0.614204637516006	1	0	0	0	0	0
M24	MCM4	11	8813:8823	57.7172881024498	2.65241132581071	0.11956646165496	0.614204637516006	1	0	0	0	0	0
M24	MCM2	11	8813:8823	57.7172881024498	2.65241132581071	0.11956646165496	0.614204637516006	1	0	0	0	0	0
M24	CDCA7	11	8813:8823	57.7172881024498	2.65241132581071	0.11956646165496	0.614204637516006	1	0	0	0	0	0
M24	CHEK1	11	8813:8823	57.7172881024498	2.65241132581071	0.11956646165496	0.614204637516006	1	0	0	0	0	0
M24	RAN	11	8813:8823	57.7172881024498	2.65241132581071	0.11956646165496	0.614204637516006	1	0	0	0	0	0
M24	GINS2	11	8813:8823	57.7172881024498	2.65241132581071	0.11956646165496	0.614204637516006	1	0	0	0	0	0
M24	TIMELESS	11	8813:8823	57.7172881024498	2.65241132581071	0.11956646165496	0.614204637516006	1	0	0	0	0	0
M24	SUMO3	11	8813:8823	57.7172881024498	2.65241132581071	0.11956646165496	0.614204637516006	1	0	0	0	0	0
M24	ATIC	11	8813:8823	57.7172881024498	2.65241132581071	0.11956646165496	0.614204637516006	1	0	0	0	0	0
M24	COX6B1	11	8813:8823	57.7172881024498	2.65241132581071	0.11956646165496	0.614204637516006	1	0	0	0	0	0
M25	MT-ND6	11	8824:8834	405.232020389378	1.80837016886336	0.110834120370552	0.59455432521187	1	0	0	0	0	0
M25	GHITM	11	8824:8834	405.232020389378	1.80837016886336	0.110834120370552	0.59455432521187	1	0	0	0	0	0
M25	KPNB1	11	8824:8834	405.232020389378	1.80837016886336	0.110834120370552	0.59455432521187	1	0	0	0	0	0
M25	TYMS	11	8824:8834	405.232020389378	1.80837016886336	0.110834120370552	0.59455432521187	1	0	0	0	0	0
M25	SMC4	11	8824:8834	405.232020389378	1.80837016886336	0.110834120370552	0.59455432521187	1	0	0	0	0	0
M25	NCALD	11	8824:8834	405.232020389378	1.80837016886336	0.110834120370552	0.59455432521187	1	0	0	0	0	0
M25	FAM160B2	11	8824:8834	405.232020389378	1.80837016886336	0.110834120370552	0.59455432521187	1	0	0	0	0	0
M25	PSMD4	11	8824:8834	405.232020389378	1.80837016886336	0.110834120370552	0.59455432521187	1	0	0	0	0	0
M25	CSRP1	11	8824:8834	405.232020389378	1.80837016886336	0.110834120370552	0.59455432521187	1	0	0	0	0	0
M25	MCM3	11	8824:8834	405.232020389378	1.80837016886336	0.110834120370552	0.59455432521187	1	0	0	0	0	0
M25	TUBA1B	11	8824:8834	405.232020389378	1.80837016886336	0.110834120370552	0.59455432521187	1	0	0	0	0	0
M26	NACA2	11	8835:8845	315.323339546262	1.85436471547213	0.081596424297644	0.798441541890988	0.909090909090909	0	0	0.0909090909090909	0	0.181818181818182
M26	COIL	11	8835:8845	315.323339546262	1.85436471547213	0.081596424297644	0.798441541890988	0.909090909090909	0	0	0.0909090909090909	0	0.181818181818182
M26	TUSC1	11	8835:8845	315.323339546262	1.85436471547213	0.081596424297644	0.798441541890988	0.909090909090909	0	0	0.0909090909090909	0	0.181818181818182
M26	SRI	11	8835:8845	315.323339546262	1.85436471547213	0.081596424297644	0.798441541890988	0.909090909090909	0	0	0.0909090909090909	0	0.181818181818182
M26	ZNF10	11	8835:8845	315.323339546262	1.85436471547213	0.081596424297644	0.798441541890988	0.909090909090909	0	0	0.0909090909090909	0	0.181818181818182
M26	NACA	11	8835:8845	315.323339546262	1.85436471547213	0.081596424297644	0.798441541890988	0.909090909090909	0	0	0.0909090909090909	0	0.181818181818182
M26	TRMT112P6	11	8835:8845	315.323339546262	1.85436471547213	0.081596424297644	0.798441541890988	0.909090909090909	0	0	0.0909090909090909	0	0.181818181818182
M26	KLHL28	11	8835:8845	315.323339546262	1.85436471547213	0.081596424297644	0.798441541890988	0.909090909090909	0	0	0.0909090909090909	0	0.181818181818182
M26	TRMT112	11	8835:8845	315.323339546262	1.85436471547213	0.081596424297644	0.798441541890988	0.909090909090909	0	0	0.0909090909090909	0	0.181818181818182
M26	TFCP2	11	8835:8845	315.323339546262	1.85436471547213	0.081596424297644	0.798441541890988	0.909090909090909	0	0	0.0909090909090909	0	0.181818181818182
M26	SKP1	11	8835:8845	315.323339546262	1.85436471547213	0.081596424297644	0.798441541890988	0.909090909090909	0	0	0.0909090909090909	0	0.181818181818182
M11	ATF4	14	8846:8859	548.716684309547	1.92217061620908	0.131977219962419	0.426276802473432	0.857142857142857	0.142857142857143	0	0	0	0.285714285714286
M11	SRSF2	14	8846:8859	548.716684309547	1.92217061620908	0.131977219962419	0.426276802473432	0.857142857142857	0.142857142857143	0	0	0	0.285714285714286
M11	UBB	14	8846:8859	548.716684309547	1.92217061620908	0.131977219962419	0.426276802473432	0.857142857142857	0.142857142857143	0	0	0	0.285714285714286
M11	BUD31	14	8846:8859	548.716684309547	1.92217061620908	0.131977219962419	0.426276802473432	0.857142857142857	0.142857142857143	0	0	0	0.285714285714286
M11	ID2	14	8846:8859	548.716684309547	1.92217061620908	0.131977219962419	0.426276802473432	0.857142857142857	0.142857142857143	0	0	0	0.285714285714286
M11	CLK1	14	8846:8859	548.716684309547	1.92217061620908	0.131977219962419	0.426276802473432	0.857142857142857	0.142857142857143	0	0	0	0.285714285714286
M11	RSRP1	14	8846:8859	548.716684309547	1.92217061620908	0.131977219962419	0.426276802473432	0.857142857142857	0.142857142857143	0	0	0	0.285714285714286
M11	SAT1	14	8846:8859	548.716684309547	1.92217061620908	0.131977219962419	0.426276802473432	0.857142857142857	0.142857142857143	0	0	0	0.285714285714286
M11	ID3	14	8846:8859	548.716684309547	1.92217061620908	0.131977219962419	0.426276802473432	0.857142857142857	0.142857142857143	0	0	0	0.285714285714286
M11	RN7SL832P	14	8846:8859	548.716684309547	1.92217061620908	0.131977219962419	0.426276802473432	0.857142857142857	0.142857142857143	0	0	0	0.285714285714286
M11	SNHG12	14	8846:8859	548.716684309547	1.92217061620908	0.131977219962419	0.426276802473432	0.857142857142857	0.142857142857143	0	0	0	0.285714285714286
M11	SNAI1	14	8846:8859	548.716684309547	1.92217061620908	0.131977219962419	0.426276802473432	0.857142857142857	0.142857142857143	0	0	0	0.285714285714286
M11	NEU1	14	8846:8859	548.716684309547	1.92217061620908	0.131977219962419	0.426276802473432	0.857142857142857	0.142857142857143	0	0	0	0.285714285714286
M11	ADM	14	8846:8859	548.716684309547	1.92217061620908	0.131977219962419	0.426276802473432	0.857142857142857	0.142857142857143	0	0	0	0.285714285714286
M1	RASD1	36	8860:8895	470.832913928879	1.92588853635834	0.270968328663701	0.402840189525607	1	0	0	0	0	0.25
M1	SOCS3	36	8860:8895	470.832913928879	1.92588853635834	0.270968328663701	0.402840189525607	1	0	0	0	0	0.25
M1	UBC	36	8860:8895	470.832913928879	1.92588853635834	0.270968328663701	0.402840189525607	1	0	0	0	0	0.25
M1	TUBB4B	36	8860:8895	470.832913928879	1.92588853635834	0.270968328663701	0.402840189525607	1	0	0	0	0	0.25
M1	MAFF	36	8860:8895	470.832913928879	1.92588853635834	0.270968328663701	0.402840189525607	1	0	0	0	0	0.25
M1	ZFP36	36	8860:8895	470.832913928879	1.92588853635834	0.270968328663701	0.402840189525607	1	0	0	0	0	0.25
M1	IER5	36	8860:8895	470.832913928879	1.92588853635834	0.270968328663701	0.402840189525607	1	0	0	0	0	0.25
M1	JUNB	36	8860:8895	470.832913928879	1.92588853635834	0.270968328663701	0.402840189525607	1	0	0	0	0	0.25
M1	SLC38A2	36	8860:8895	470.832913928879	1.92588853635834	0.270968328663701	0.402840189525607	1	0	0	0	0	0.25
M1	RHOB	36	8860:8895	470.832913928879	1.92588853635834	0.270968328663701	0.402840189525607	1	0	0	0	0	0.25
M1	BTG2	36	8860:8895	470.832913928879	1.92588853635834	0.270968328663701	0.402840189525607	1	0	0	0	0	0.25
M1	ARL4D	36	8860:8895	470.832913928879	1.92588853635834	0.270968328663701	0.402840189525607	1	0	0	0	0	0.25
M1	IER2	36	8860:8895	470.832913928879	1.92588853635834	0.270968328663701	0.402840189525607	1	0	0	0	0	0.25
M1	MYADM	36	8860:8895	470.832913928879	1.92588853635834	0.270968328663701	0.402840189525607	1	0	0	0	0	0.25
M1	DUSP1	36	8860:8895	470.832913928879	1.92588853635834	0.270968328663701	0.402840189525607	1	0	0	0	0	0.25
M1	FOS	36	8860:8895	470.832913928879	1.92588853635834	0.270968328663701	0.402840189525607	1	0	0	0	0	0.25
M1	FOSB	36	8860:8895	470.832913928879	1.92588853635834	0.270968328663701	0.402840189525607	1	0	0	0	0	0.25
M1	HSPA1B	36	8860:8895	470.832913928879	1.92588853635834	0.270968328663701	0.402840189525607	1	0	0	0	0	0.25
M1	CDKN1A	36	8860:8895	470.832913928879	1.92588853635834	0.270968328663701	0.402840189525607	1	0	0	0	0	0.25
M1	CYR61	36	8860:8895	470.832913928879	1.92588853635834	0.270968328663701	0.402840189525607	1	0	0	0	0	0.25
M1	SLC2A3	36	8860:8895	470.832913928879	1.92588853635834	0.270968328663701	0.402840189525607	1	0	0	0	0	0.25
M1	EGR1	36	8860:8895	470.832913928879	1.92588853635834	0.270968328663701	0.402840189525607	1	0	0	0	0	0.25
M1	EIF1	36	8860:8895	470.832913928879	1.92588853635834	0.270968328663701	0.402840189525607	1	0	0	0	0	0.25
M1	GADD45B	36	8860:8895	470.832913928879	1.92588853635834	0.270968328663701	0.402840189525607	1	0	0	0	0	0.25
M1	PTP4A1	36	8860:8895	470.832913928879	1.92588853635834	0.270968328663701	0.402840189525607	1	0	0	0	0	0.25
M1	PPP1R15A	36	8860:8895	470.832913928879	1.92588853635834	0.270968328663701	0.402840189525607	1	0	0	0	0	0.25
M1	EIF4A3	36	8860:8895	470.832913928879	1.92588853635834	0.270968328663701	0.402840189525607	1	0	0	0	0	0.25
M1	KLF4	36	8860:8895	470.832913928879	1.92588853635834	0.270968328663701	0.402840189525607	1	0	0	0	0	0.25
M1	JUN	36	8860:8895	470.832913928879	1.92588853635834	0.270968328663701	0.402840189525607	1	0	0	0	0	0.25
M1	DUSP5	36	8860:8895	470.832913928879	1.92588853635834	0.270968328663701	0.402840189525607	1	0	0	0	0	0.25
M1	HSPA1A	36	8860:8895	470.832913928879	1.92588853635834	0.270968328663701	0.402840189525607	1	0	0	0	0	0.25
M1	ATF3	36	8860:8895	470.832913928879	1.92588853635834	0.270968328663701	0.402840189525607	1	0	0	0	0	0.25
M1	MCL1	36	8860:8895	470.832913928879	1.92588853635834	0.270968328663701	0.402840189525607	1	0	0	0	0	0.25
M1	TUBA1A	36	8860:8895	470.832913928879	1.92588853635834	0.270968328663701	0.402840189525607	1	0	0	0	0	0.25
M1	H2AFZ	36	8860:8895	470.832913928879	1.92588853635834	0.270968328663701	0.402840189525607	1	0	0	0	0	0.25
M1	JUND	36	8860:8895	470.832913928879	1.92588853635834	0.270968328663701	0.402840189525607	1	0	0	0	0	0.25
M2	TOB1	27	8896:8922	350.776877448333	1.67555043786241	0.201377597772053	0.310600360113351	0.925925925925926	0.037037037037037	0	0.037037037037037	0	0.0740740740740741
M2	BAG3	27	8896:8922	350.776877448333	1.67555043786241	0.201377597772053	0.310600360113351	0.925925925925926	0.037037037037037	0	0.037037037037037	0	0.0740740740740741
M2	NFKBIA	27	8896:8922	350.776877448333	1.67555043786241	0.201377597772053	0.310600360113351	0.925925925925926	0.037037037037037	0	0.037037037037037	0	0.0740740740740741
M2	IER3	27	8896:8922	350.776877448333	1.67555043786241	0.201377597772053	0.310600360113351	0.925925925925926	0.037037037037037	0	0.037037037037037	0	0.0740740740740741
M2	PLK2	27	8896:8922	350.776877448333	1.67555043786241	0.201377597772053	0.310600360113351	0.925925925925926	0.037037037037037	0	0.037037037037037	0	0.0740740740740741
M2	NFKBIZ	27	8896:8922	350.776877448333	1.67555043786241	0.201377597772053	0.310600360113351	0.925925925925926	0.037037037037037	0	0.037037037037037	0	0.0740740740740741
M2	ZFAND5	27	8896:8922	350.776877448333	1.67555043786241	0.201377597772053	0.310600360113351	0.925925925925926	0.037037037037037	0	0.037037037037037	0	0.0740740740740741
M2	EGR3	27	8896:8922	350.776877448333	1.67555043786241	0.201377597772053	0.310600360113351	0.925925925925926	0.037037037037037	0	0.037037037037037	0	0.0740740740740741
M2	UBE2S	27	8896:8922	350.776877448333	1.67555043786241	0.201377597772053	0.310600360113351	0.925925925925926	0.037037037037037	0	0.037037037037037	0	0.0740740740740741
M2	HERPUD1	27	8896:8922	350.776877448333	1.67555043786241	0.201377597772053	0.310600360113351	0.925925925925926	0.037037037037037	0	0.037037037037037	0	0.0740740740740741
M2	ING1	27	8896:8922	350.776877448333	1.67555043786241	0.201377597772053	0.310600360113351	0.925925925925926	0.037037037037037	0	0.037037037037037	0	0.0740740740740741
M2	CCNL1	27	8896:8922	350.776877448333	1.67555043786241	0.201377597772053	0.310600360113351	0.925925925925926	0.037037037037037	0	0.037037037037037	0	0.0740740740740741
M2	TRA2B	27	8896:8922	350.776877448333	1.67555043786241	0.201377597772053	0.310600360113351	0.925925925925926	0.037037037037037	0	0.037037037037037	0	0.0740740740740741
M2	KLF2	27	8896:8922	350.776877448333	1.67555043786241	0.201377597772053	0.310600360113351	0.925925925925926	0.037037037037037	0	0.037037037037037	0	0.0740740740740741
M2	ADAMTS1	27	8896:8922	350.776877448333	1.67555043786241	0.201377597772053	0.310600360113351	0.925925925925926	0.037037037037037	0	0.037037037037037	0	0.0740740740740741
M2	SRSF7	27	8896:8922	350.776877448333	1.67555043786241	0.201377597772053	0.310600360113351	0.925925925925926	0.037037037037037	0	0.037037037037037	0	0.0740740740740741
M2	DDX5	27	8896:8922	350.776877448333	1.67555043786241	0.201377597772053	0.310600360113351	0.925925925925926	0.037037037037037	0	0.037037037037037	0	0.0740740740740741
M2	HSPH1	27	8896:8922	350.776877448333	1.67555043786241	0.201377597772053	0.310600360113351	0.925925925925926	0.037037037037037	0	0.037037037037037	0	0.0740740740740741
M2	DDX3X	27	8896:8922	350.776877448333	1.67555043786241	0.201377597772053	0.310600360113351	0.925925925925926	0.037037037037037	0	0.037037037037037	0	0.0740740740740741
M2	DNAJA1	27	8896:8922	350.776877448333	1.67555043786241	0.201377597772053	0.310600360113351	0.925925925925926	0.037037037037037	0	0.037037037037037	0	0.0740740740740741
M2	BRD2	27	8896:8922	350.776877448333	1.67555043786241	0.201377597772053	0.310600360113351	0.925925925925926	0.037037037037037	0	0.037037037037037	0	0.0740740740740741
M2	CTD-3252C9.4	27	8896:8922	350.776877448333	1.67555043786241	0.201377597772053	0.310600360113351	0.925925925925926	0.037037037037037	0	0.037037037037037	0	0.0740740740740741
M2	HSP90AA1	27	8896:8922	350.776877448333	1.67555043786241	0.201377597772053	0.310600360113351	0.925925925925926	0.037037037037037	0	0.037037037037037	0	0.0740740740740741
M2	IFRD1	27	8896:8922	350.776877448333	1.67555043786241	0.201377597772053	0.310600360113351	0.925925925925926	0.037037037037037	0	0.037037037037037	0	0.0740740740740741
M2	HSP90AA2P	27	8896:8922	350.776877448333	1.67555043786241	0.201377597772053	0.310600360113351	0.925925925925926	0.037037037037037	0	0.037037037037037	0	0.0740740740740741
M2	HSPA5	27	8896:8922	350.776877448333	1.67555043786241	0.201377597772053	0.310600360113351	0.925925925925926	0.037037037037037	0	0.037037037037037	0	0.0740740740740741
M2	DNAJB1	27	8896:8922	350.776877448333	1.67555043786241	0.201377597772053	0.310600360113351	0.925925925925926	0.037037037037037	0	0.037037037037037	0	0.0740740740740741
M35	AC006296.2	10	8923:8932	28.8170624732835	3.40548500364106	0.0852392423701795	0.48801290342523	0.6	0.4	0	0	0	0
M35	DCDC2B	10	8923:8932	28.8170624732835	3.40548500364106	0.0852392423701795	0.48801290342523	0.6	0.4	0	0	0	0
M35	GBA2	10	8923:8932	28.8170624732835	3.40548500364106	0.0852392423701795	0.48801290342523	0.6	0.4	0	0	0	0
M35	RP11-426J5.3	10	8923:8932	28.8170624732835	3.40548500364106	0.0852392423701795	0.48801290342523	0.6	0.4	0	0	0	0
M35	SLC4A1	10	8923:8932	28.8170624732835	3.40548500364106	0.0852392423701795	0.48801290342523	0.6	0.4	0	0	0	0
M35	TTN	10	8923:8932	28.8170624732835	3.40548500364106	0.0852392423701795	0.48801290342523	0.6	0.4	0	0	0	0
M35	FLVCR1-AS1	10	8923:8932	28.8170624732835	3.40548500364106	0.0852392423701795	0.48801290342523	0.6	0.4	0	0	0	0
M35	RP11-318C2.1	10	8923:8932	28.8170624732835	3.40548500364106	0.0852392423701795	0.48801290342523	0.6	0.4	0	0	0	0
M35	DENND1A	10	8923:8932	28.8170624732835	3.40548500364106	0.0852392423701795	0.48801290342523	0.6	0.4	0	0	0	0
M35	ENKUR	10	8923:8932	28.8170624732835	3.40548500364106	0.0852392423701795	0.48801290342523	0.6	0.4	0	0	0	0
M27	SLC43A2	11	8933:8943	33.5281626469781	3.12902277732651	0.0759798704932938	0.482514810392133	0.636363636363636	0.272727272727273	0	0.0909090909090909	0	0.0909090909090909
M27	RP13-228J13.8	11	8933:8943	33.5281626469781	3.12902277732651	0.0759798704932938	0.482514810392133	0.636363636363636	0.272727272727273	0	0.0909090909090909	0	0.0909090909090909
M27	SZT2	11	8933:8943	33.5281626469781	3.12902277732651	0.0759798704932938	0.482514810392133	0.636363636363636	0.272727272727273	0	0.0909090909090909	0	0.0909090909090909
M27	RP11-1144P22.1	11	8933:8943	33.5281626469781	3.12902277732651	0.0759798704932938	0.482514810392133	0.636363636363636	0.272727272727273	0	0.0909090909090909	0	0.0909090909090909
M27	ARMC9	11	8933:8943	33.5281626469781	3.12902277732651	0.0759798704932938	0.482514810392133	0.636363636363636	0.272727272727273	0	0.0909090909090909	0	0.0909090909090909
M27	RUBCN	11	8933:8943	33.5281626469781	3.12902277732651	0.0759798704932938	0.482514810392133	0.636363636363636	0.272727272727273	0	0.0909090909090909	0	0.0909090909090909
M27	MKLN1-AS	11	8933:8943	33.5281626469781	3.12902277732651	0.0759798704932938	0.482514810392133	0.636363636363636	0.272727272727273	0	0.0909090909090909	0	0.0909090909090909
M27	NDUFAB1	11	8933:8943	33.5281626469781	3.12902277732651	0.0759798704932938	0.482514810392133	0.636363636363636	0.272727272727273	0	0.0909090909090909	0	0.0909090909090909
M27	MED11	11	8933:8943	33.5281626469781	3.12902277732651	0.0759798704932938	0.482514810392133	0.636363636363636	0.272727272727273	0	0.0909090909090909	0	0.0909090909090909
M27	LINC00449	11	8933:8943	33.5281626469781	3.12902277732651	0.0759798704932938	0.482514810392133	0.636363636363636	0.272727272727273	0	0.0909090909090909	0	0.0909090909090909
M27	ZNF440	11	8933:8943	33.5281626469781	3.12902277732651	0.0759798704932938	0.482514810392133	0.636363636363636	0.272727272727273	0	0.0909090909090909	0	0.0909090909090909
M28	CCDC170	11	8944:8954	17.0819453272086	3.34041790258271	0.0811998234501607	0.471651004635193	0.818181818181818	0.181818181818182	0	0	0	0.0909090909090909
M28	C8orf17	11	8944:8954	17.0819453272086	3.34041790258271	0.0811998234501607	0.471651004635193	0.818181818181818	0.181818181818182	0	0	0	0.0909090909090909
M28	MASP1	11	8944:8954	17.0819453272086	3.34041790258271	0.0811998234501607	0.471651004635193	0.818181818181818	0.181818181818182	0	0	0	0.0909090909090909
M28	RP11-467L13.7	11	8944:8954	17.0819453272086	3.34041790258271	0.0811998234501607	0.471651004635193	0.818181818181818	0.181818181818182	0	0	0	0.0909090909090909
M28	CRX	11	8944:8954	17.0819453272086	3.34041790258271	0.0811998234501607	0.471651004635193	0.818181818181818	0.181818181818182	0	0	0	0.0909090909090909
M28	KCNE1	11	8944:8954	17.0819453272086	3.34041790258271	0.0811998234501607	0.471651004635193	0.818181818181818	0.181818181818182	0	0	0	0.0909090909090909
M28	TG	11	8944:8954	17.0819453272086	3.34041790258271	0.0811998234501607	0.471651004635193	0.818181818181818	0.181818181818182	0	0	0	0.0909090909090909
M28	TRIM29	11	8944:8954	17.0819453272086	3.34041790258271	0.0811998234501607	0.471651004635193	0.818181818181818	0.181818181818182	0	0	0	0.0909090909090909
M28	RAB3IP	11	8944:8954	17.0819453272086	3.34041790258271	0.0811998234501607	0.471651004635193	0.818181818181818	0.181818181818182	0	0	0	0.0909090909090909
M28	MAOB	11	8944:8954	17.0819453272086	3.34041790258271	0.0811998234501607	0.471651004635193	0.818181818181818	0.181818181818182	0	0	0	0.0909090909090909
M28	SLC14A2	11	8944:8954	17.0819453272086	3.34041790258271	0.0811998234501607	0.471651004635193	0.818181818181818	0.181818181818182	0	0	0	0.0909090909090909
M17	TSPAN16	12	8955:8966	17.9267449721542	3.25347757572803	0.0834702315670964	0.477720271642355	0.5	0.416666666666667	0	0.0833333333333333	0	0
M17	NUDCD1	12	8955:8966	17.9267449721542	3.25347757572803	0.0834702315670964	0.477720271642355	0.5	0.416666666666667	0	0.0833333333333333	0	0
M17	RP11-420N3.2	12	8955:8966	17.9267449721542	3.25347757572803	0.0834702315670964	0.477720271642355	0.5	0.416666666666667	0	0.0833333333333333	0	0
M17	RP1-79C4.4	12	8955:8966	17.9267449721542	3.25347757572803	0.0834702315670964	0.477720271642355	0.5	0.416666666666667	0	0.0833333333333333	0	0
M17	ABCC3	12	8955:8966	17.9267449721542	3.25347757572803	0.0834702315670964	0.477720271642355	0.5	0.416666666666667	0	0.0833333333333333	0	0
M17	ATP8B1	12	8955:8966	17.9267449721542	3.25347757572803	0.0834702315670964	0.477720271642355	0.5	0.416666666666667	0	0.0833333333333333	0	0
M17	TMEM254-AS1	12	8955:8966	17.9267449721542	3.25347757572803	0.0834702315670964	0.477720271642355	0.5	0.416666666666667	0	0.0833333333333333	0	0
M17	CTD-2206N4.4	12	8955:8966	17.9267449721542	3.25347757572803	0.0834702315670964	0.477720271642355	0.5	0.416666666666667	0	0.0833333333333333	0	0
M17	PSG2	12	8955:8966	17.9267449721542	3.25347757572803	0.0834702315670964	0.477720271642355	0.5	0.416666666666667	0	0.0833333333333333	0	0
M17	AC106870.2	12	8955:8966	17.9267449721542	3.25347757572803	0.0834702315670964	0.477720271642355	0.5	0.416666666666667	0	0.0833333333333333	0	0
M17	ARHGAP44	12	8955:8966	17.9267449721542	3.25347757572803	0.0834702315670964	0.477720271642355	0.5	0.416666666666667	0	0.0833333333333333	0	0
M17	LINC00511	12	8955:8966	17.9267449721542	3.25347757572803	0.0834702315670964	0.477720271642355	0.5	0.416666666666667	0	0.0833333333333333	0	0
M36	RPS3AP34	10	8967:8976	38.7182528427823	2.85103787764827	0.0874743067559743	0.432063635192007	0.5	0.4	0	0.1	0	0
M36	NCKAP1L	10	8967:8976	38.7182528427823	2.85103787764827	0.0874743067559743	0.432063635192007	0.5	0.4	0	0.1	0	0
M36	TCOF1	10	8967:8976	38.7182528427823	2.85103787764827	0.0874743067559743	0.432063635192007	0.5	0.4	0	0.1	0	0
M36	HELLPAR	10	8967:8976	38.7182528427823	2.85103787764827	0.0874743067559743	0.432063635192007	0.5	0.4	0	0.1	0	0
M36	RP5-1065J22.8	10	8967:8976	38.7182528427823	2.85103787764827	0.0874743067559743	0.432063635192007	0.5	0.4	0	0.1	0	0
M36	FAM153B	10	8967:8976	38.7182528427823	2.85103787764827	0.0874743067559743	0.432063635192007	0.5	0.4	0	0.1	0	0
M36	FAM184B	10	8967:8976	38.7182528427823	2.85103787764827	0.0874743067559743	0.432063635192007	0.5	0.4	0	0.1	0	0
M36	RP5-1039K5.19	10	8967:8976	38.7182528427823	2.85103787764827	0.0874743067559743	0.432063635192007	0.5	0.4	0	0.1	0	0
M36	LINC00824	10	8967:8976	38.7182528427823	2.85103787764827	0.0874743067559743	0.432063635192007	0.5	0.4	0	0.1	0	0
M36	KANK1	10	8967:8976	38.7182528427823	2.85103787764827	0.0874743067559743	0.432063635192007	0.5	0.4	0	0.1	0	0
M12	RP11-326I11.3	14	8977:8990	645.746913251216	1.28096746821831	0.124010665694923	0.39280823430502	0.928571428571429	0.0714285714285714	0	0	0	0.0714285714285714
M12	PNRC1	14	8977:8990	645.746913251216	1.28096746821831	0.124010665694923	0.39280823430502	0.928571428571429	0.0714285714285714	0	0	0	0.0714285714285714
M12	XBP1	14	8977:8990	645.746913251216	1.28096746821831	0.124010665694923	0.39280823430502	0.928571428571429	0.0714285714285714	0	0	0	0.0714285714285714
M12	EIF5	14	8977:8990	645.746913251216	1.28096746821831	0.124010665694923	0.39280823430502	0.928571428571429	0.0714285714285714	0	0	0	0.0714285714285714
M12	PCF11	14	8977:8990	645.746913251216	1.28096746821831	0.124010665694923	0.39280823430502	0.928571428571429	0.0714285714285714	0	0	0	0.0714285714285714
M12	EIF4G2	14	8977:8990	645.746913251216	1.28096746821831	0.124010665694923	0.39280823430502	0.928571428571429	0.0714285714285714	0	0	0	0.0714285714285714
M12	MYLIP	14	8977:8990	645.746913251216	1.28096746821831	0.124010665694923	0.39280823430502	0.928571428571429	0.0714285714285714	0	0	0	0.0714285714285714
M12	DNAJB4	14	8977:8990	645.746913251216	1.28096746821831	0.124010665694923	0.39280823430502	0.928571428571429	0.0714285714285714	0	0	0	0.0714285714285714
M12	CCNG2	14	8977:8990	645.746913251216	1.28096746821831	0.124010665694923	0.39280823430502	0.928571428571429	0.0714285714285714	0	0	0	0.0714285714285714
M12	HSP90AB1	14	8977:8990	645.746913251216	1.28096746821831	0.124010665694923	0.39280823430502	0.928571428571429	0.0714285714285714	0	0	0	0.0714285714285714
M12	EIF4A2	14	8977:8990	645.746913251216	1.28096746821831	0.124010665694923	0.39280823430502	0.928571428571429	0.0714285714285714	0	0	0	0.0714285714285714
M12	RGS2	14	8977:8990	645.746913251216	1.28096746821831	0.124010665694923	0.39280823430502	0.928571428571429	0.0714285714285714	0	0	0	0.0714285714285714
M12	HEXIM1	14	8977:8990	645.746913251216	1.28096746821831	0.124010665694923	0.39280823430502	0.928571428571429	0.0714285714285714	0	0	0	0.0714285714285714
M12	BTG1	14	8977:8990	645.746913251216	1.28096746821831	0.124010665694923	0.39280823430502	0.928571428571429	0.0714285714285714	0	0	0	0.0714285714285714
M37	RP11-197N18.8	10	8991:9000	23.3217823155641	3.13990067832138	0.0732223673907269	0.620303215003374	0.6	0.3	0	0.1	0	0
M37	ACSS2	10	8991:9000	23.3217823155641	3.13990067832138	0.0732223673907269	0.620303215003374	0.6	0.3	0	0.1	0	0
M37	ADAT2	10	8991:9000	23.3217823155641	3.13990067832138	0.0732223673907269	0.620303215003374	0.6	0.3	0	0.1	0	0
M37	RAD17	10	8991:9000	23.3217823155641	3.13990067832138	0.0732223673907269	0.620303215003374	0.6	0.3	0	0.1	0	0
M37	RP11-247I13.6	10	8991:9000	23.3217823155641	3.13990067832138	0.0732223673907269	0.620303215003374	0.6	0.3	0	0.1	0	0
M37	CELA3B	10	8991:9000	23.3217823155641	3.13990067832138	0.0732223673907269	0.620303215003374	0.6	0.3	0	0.1	0	0
M37	DUOX1	10	8991:9000	23.3217823155641	3.13990067832138	0.0732223673907269	0.620303215003374	0.6	0.3	0	0.1	0	0
M37	C2orf48	10	8991:9000	23.3217823155641	3.13990067832138	0.0732223673907269	0.620303215003374	0.6	0.3	0	0.1	0	0
M37	IKBKB	10	8991:9000	23.3217823155641	3.13990067832138	0.0732223673907269	0.620303215003374	0.6	0.3	0	0.1	0	0
M37	ZNRF3-AS1	10	8991:9000	23.3217823155641	3.13990067832138	0.0732223673907269	0.620303215003374	0.6	0.3	0	0.1	0	0
M29	CCDC88A	11	9001:9011	181.447225586731	1.26466808601022	0.248119861634443	0.820884457517858	0.818181818181818	0	0	0.181818181818182	0	0.0909090909090909
M29	NBPF19	11	9001:9011	181.447225586731	1.26466808601022	0.248119861634443	0.820884457517858	0.818181818181818	0	0	0.181818181818182	0	0.0909090909090909
M29	NBPF26	11	9001:9011	181.447225586731	1.26466808601022	0.248119861634443	0.820884457517858	0.818181818181818	0	0	0.181818181818182	0	0.0909090909090909
M29	NBPF25P	11	9001:9011	181.447225586731	1.26466808601022	0.248119861634443	0.820884457517858	0.818181818181818	0	0	0.181818181818182	0	0.0909090909090909
M29	NBPF14	11	9001:9011	181.447225586731	1.26466808601022	0.248119861634443	0.820884457517858	0.818181818181818	0	0	0.181818181818182	0	0.0909090909090909
M29	NBPF10	11	9001:9011	181.447225586731	1.26466808601022	0.248119861634443	0.820884457517858	0.818181818181818	0	0	0.181818181818182	0	0.0909090909090909
M29	TNRC6B	11	9001:9011	181.447225586731	1.26466808601022	0.248119861634443	0.820884457517858	0.818181818181818	0	0	0.181818181818182	0	0.0909090909090909
M29	NBPF8	11	9001:9011	181.447225586731	1.26466808601022	0.248119861634443	0.820884457517858	0.818181818181818	0	0	0.181818181818182	0	0.0909090909090909
M29	KIF1B	11	9001:9011	181.447225586731	1.26466808601022	0.248119861634443	0.820884457517858	0.818181818181818	0	0	0.181818181818182	0	0.0909090909090909
M29	NBPF20	11	9001:9011	181.447225586731	1.26466808601022	0.248119861634443	0.820884457517858	0.818181818181818	0	0	0.181818181818182	0	0.0909090909090909
M29	NBPF15	11	9001:9011	181.447225586731	1.26466808601022	0.248119861634443	0.820884457517858	0.818181818181818	0	0	0.181818181818182	0	0.0909090909090909
M38	SEPT7	10	9012:9021	238.301371674675	1.64606610321605	0.100987062853357	0.453969088397118	1	0	0	0	0	0
M38	AHNAK	10	9012:9021	238.301371674675	1.64606610321605	0.100987062853357	0.453969088397118	1	0	0	0	0	0
M38	MXRA7	10	9012:9021	238.301371674675	1.64606610321605	0.100987062853357	0.453969088397118	1	0	0	0	0	0
M38	IMPA2	10	9012:9021	238.301371674675	1.64606610321605	0.100987062853357	0.453969088397118	1	0	0	0	0	0
M38	PCDH7	10	9012:9021	238.301371674675	1.64606610321605	0.100987062853357	0.453969088397118	1	0	0	0	0	0
M38	PTRF	10	9012:9021	238.301371674675	1.64606610321605	0.100987062853357	0.453969088397118	1	0	0	0	0	0
M38	THBS1	10	9012:9021	238.301371674675	1.64606610321605	0.100987062853357	0.453969088397118	1	0	0	0	0	0
M38	FHL1	10	9012:9021	238.301371674675	1.64606610321605	0.100987062853357	0.453969088397118	1	0	0	0	0	0
M38	PRSS12	10	9012:9021	238.301371674675	1.64606610321605	0.100987062853357	0.453969088397118	1	0	0	0	0	0
M38	SVEP1	10	9012:9021	238.301371674675	1.64606610321605	0.100987062853357	0.453969088397118	1	0	0	0	0	0
M30	MDGA2	11	9022:9032	95.7131194119216	2.27768722463524	0.149831456287579	0.323810026177665	1	0	0	0	0	0
M30	C1QTNF7	11	9022:9032	95.7131194119216	2.27768722463524	0.149831456287579	0.323810026177665	1	0	0	0	0	0
M30	SH3BP4	11	9022:9032	95.7131194119216	2.27768722463524	0.149831456287579	0.323810026177665	1	0	0	0	0	0
M30	SLIT3	11	9022:9032	95.7131194119216	2.27768722463524	0.149831456287579	0.323810026177665	1	0	0	0	0	0
M30	PID1	11	9022:9032	95.7131194119216	2.27768722463524	0.149831456287579	0.323810026177665	1	0	0	0	0	0
M30	COL24A1	11	9022:9032	95.7131194119216	2.27768722463524	0.149831456287579	0.323810026177665	1	0	0	0	0	0
M30	RERG	11	9022:9032	95.7131194119216	2.27768722463524	0.149831456287579	0.323810026177665	1	0	0	0	0	0
M30	FLRT2	11	9022:9032	95.7131194119216	2.27768722463524	0.149831456287579	0.323810026177665	1	0	0	0	0	0
M30	VCAM1	11	9022:9032	95.7131194119216	2.27768722463524	0.149831456287579	0.323810026177665	1	0	0	0	0	0
M30	ASPA	11	9022:9032	95.7131194119216	2.27768722463524	0.149831456287579	0.323810026177665	1	0	0	0	0	0
M30	DPYSL3	11	9022:9032	95.7131194119216	2.27768722463524	0.149831456287579	0.323810026177665	1	0	0	0	0	0
M5	CAPN6	16	9033:9048	171.691597425438	2.82816442389118	0.175511717633281	0.511538953822035	1	0	0	0	0	0.125
M5	NR2F1	16	9033:9048	171.691597425438	2.82816442389118	0.175511717633281	0.511538953822035	1	0	0	0	0	0.125
M5	ADAMTSL3	16	9033:9048	171.691597425438	2.82816442389118	0.175511717633281	0.511538953822035	1	0	0	0	0	0.125
M5	MAF	16	9033:9048	171.691597425438	2.82816442389118	0.175511717633281	0.511538953822035	1	0	0	0	0	0.125
M5	LRRC7	16	9033:9048	171.691597425438	2.82816442389118	0.175511717633281	0.511538953822035	1	0	0	0	0	0.125
M5	COL21A1	16	9033:9048	171.691597425438	2.82816442389118	0.175511717633281	0.511538953822035	1	0	0	0	0	0.125
M5	GALNT10	16	9033:9048	171.691597425438	2.82816442389118	0.175511717633281	0.511538953822035	1	0	0	0	0	0.125
M5	C1QTNF3	16	9033:9048	171.691597425438	2.82816442389118	0.175511717633281	0.511538953822035	1	0	0	0	0	0.125
M5	CSRP2	16	9033:9048	171.691597425438	2.82816442389118	0.175511717633281	0.511538953822035	1	0	0	0	0	0.125
M5	VIPR2	16	9033:9048	171.691597425438	2.82816442389118	0.175511717633281	0.511538953822035	1	0	0	0	0	0.125
M5	WNT2B	16	9033:9048	171.691597425438	2.82816442389118	0.175511717633281	0.511538953822035	1	0	0	0	0	0.125
M5	IGF1	16	9033:9048	171.691597425438	2.82816442389118	0.175511717633281	0.511538953822035	1	0	0	0	0	0.125
M5	TNC	16	9033:9048	171.691597425438	2.82816442389118	0.175511717633281	0.511538953822035	1	0	0	0	0	0.125
M5	TMCC3	16	9033:9048	171.691597425438	2.82816442389118	0.175511717633281	0.511538953822035	1	0	0	0	0	0.125
M5	COL6A3	16	9033:9048	171.691597425438	2.82816442389118	0.175511717633281	0.511538953822035	1	0	0	0	0	0.125
M5	SRPX	16	9033:9048	171.691597425438	2.82816442389118	0.175511717633281	0.511538953822035	1	0	0	0	0	0.125
M18	DYNC1LI2	12	9049:9060	178.694957529565	1.47316504747464	0.0677941863800166	0.498011774430288	0.916666666666667	0.0833333333333333	0	0	0	0
M18	TAOK1	12	9049:9060	178.694957529565	1.47316504747464	0.0677941863800166	0.498011774430288	0.916666666666667	0.0833333333333333	0	0	0	0
M18	EIF3J-AS1	12	9049:9060	178.694957529565	1.47316504747464	0.0677941863800166	0.498011774430288	0.916666666666667	0.0833333333333333	0	0	0	0
M18	HECTD1	12	9049:9060	178.694957529565	1.47316504747464	0.0677941863800166	0.498011774430288	0.916666666666667	0.0833333333333333	0	0	0	0
M18	RYK	12	9049:9060	178.694957529565	1.47316504747464	0.0677941863800166	0.498011774430288	0.916666666666667	0.0833333333333333	0	0	0	0
M18	ZCCHC7	12	9049:9060	178.694957529565	1.47316504747464	0.0677941863800166	0.498011774430288	0.916666666666667	0.0833333333333333	0	0	0	0
M18	LUC7L2	12	9049:9060	178.694957529565	1.47316504747464	0.0677941863800166	0.498011774430288	0.916666666666667	0.0833333333333333	0	0	0	0
M18	SRRM2	12	9049:9060	178.694957529565	1.47316504747464	0.0677941863800166	0.498011774430288	0.916666666666667	0.0833333333333333	0	0	0	0
M18	METAP2	12	9049:9060	178.694957529565	1.47316504747464	0.0677941863800166	0.498011774430288	0.916666666666667	0.0833333333333333	0	0	0	0
M18	KLHL24	12	9049:9060	178.694957529565	1.47316504747464	0.0677941863800166	0.498011774430288	0.916666666666667	0.0833333333333333	0	0	0	0
M18	SLMAP	12	9049:9060	178.694957529565	1.47316504747464	0.0677941863800166	0.498011774430288	0.916666666666667	0.0833333333333333	0	0	0	0
M18	KMT5B	12	9049:9060	178.694957529565	1.47316504747464	0.0677941863800166	0.498011774430288	0.916666666666667	0.0833333333333333	0	0	0	0
M6	ANKRD36C	16	9061:9076	537.689015505894	1.22250179884277	0.1127500019629	0.724641640337754	0.8125	0.1875	0	0	0	0.25
M6	BPTF	16	9061:9076	537.689015505894	1.22250179884277	0.1127500019629	0.724641640337754	0.8125	0.1875	0	0	0	0.25
M6	KAT6B	16	9061:9076	537.689015505894	1.22250179884277	0.1127500019629	0.724641640337754	0.8125	0.1875	0	0	0	0.25
M6	ZNF91	16	9061:9076	537.689015505894	1.22250179884277	0.1127500019629	0.724641640337754	0.8125	0.1875	0	0	0	0.25
M6	HIF3A	16	9061:9076	537.689015505894	1.22250179884277	0.1127500019629	0.724641640337754	0.8125	0.1875	0	0	0	0.25
M6	PNISR	16	9061:9076	537.689015505894	1.22250179884277	0.1127500019629	0.724641640337754	0.8125	0.1875	0	0	0	0.25
M6	ANKRD36	16	9061:9076	537.689015505894	1.22250179884277	0.1127500019629	0.724641640337754	0.8125	0.1875	0	0	0	0.25
M6	LINC01902	16	9061:9076	537.689015505894	1.22250179884277	0.1127500019629	0.724641640337754	0.8125	0.1875	0	0	0	0.25
M6	HECTD4	16	9061:9076	537.689015505894	1.22250179884277	0.1127500019629	0.724641640337754	0.8125	0.1875	0	0	0	0.25
M6	LUC7L3	16	9061:9076	537.689015505894	1.22250179884277	0.1127500019629	0.724641640337754	0.8125	0.1875	0	0	0	0.25
M6	SATB1	16	9061:9076	537.689015505894	1.22250179884277	0.1127500019629	0.724641640337754	0.8125	0.1875	0	0	0	0.25
M6	KCNQ1OT1	16	9061:9076	537.689015505894	1.22250179884277	0.1127500019629	0.724641640337754	0.8125	0.1875	0	0	0	0.25
M6	BAZ2B	16	9061:9076	537.689015505894	1.22250179884277	0.1127500019629	0.724641640337754	0.8125	0.1875	0	0	0	0.25
M6	NKTR	16	9061:9076	537.689015505894	1.22250179884277	0.1127500019629	0.724641640337754	0.8125	0.1875	0	0	0	0.25
M6	ANKRD36B	16	9061:9076	537.689015505894	1.22250179884277	0.1127500019629	0.724641640337754	0.8125	0.1875	0	0	0	0.25
M6	MEG3	16	9061:9076	537.689015505894	1.22250179884277	0.1127500019629	0.724641640337754	0.8125	0.1875	0	0	0	0.25
M39	PBX1	10	9077:9086	235.653095275955	1.43435448059671	0.0945695530192891	0.405036516091654	1	0	0	0	0	0.4
M39	NREP	10	9077:9086	235.653095275955	1.43435448059671	0.0945695530192891	0.405036516091654	1	0	0	0	0	0.4
M39	NR2F2	10	9077:9086	235.653095275955	1.43435448059671	0.0945695530192891	0.405036516091654	1	0	0	0	0	0.4
M39	STAU1	10	9077:9086	235.653095275955	1.43435448059671	0.0945695530192891	0.405036516091654	1	0	0	0	0	0.4
M39	ZNF281	10	9077:9086	235.653095275955	1.43435448059671	0.0945695530192891	0.405036516091654	1	0	0	0	0	0.4
M39	ZNF493	10	9077:9086	235.653095275955	1.43435448059671	0.0945695530192891	0.405036516091654	1	0	0	0	0	0.4
M39	KLHL13	10	9077:9086	235.653095275955	1.43435448059671	0.0945695530192891	0.405036516091654	1	0	0	0	0	0.4
M39	ALDH1A3	10	9077:9086	235.653095275955	1.43435448059671	0.0945695530192891	0.405036516091654	1	0	0	0	0	0.4
M39	NPEPPS	10	9077:9086	235.653095275955	1.43435448059671	0.0945695530192891	0.405036516091654	1	0	0	0	0	0.4
M39	ADGRL2	10	9077:9086	235.653095275955	1.43435448059671	0.0945695530192891	0.405036516091654	1	0	0	0	0	0.4
M7	EIF4BP3	16	9087:9102	336.218181586503	1.02386796111484	0.153585346216492	0.709050469854654	0.4375	0	0	0.5625	0	0.125
M7	AC010468.1	16	9087:9102	336.218181586503	1.02386796111484	0.153585346216492	0.709050469854654	0.4375	0	0	0.5625	0	0.125
M7	LITAF	16	9087:9102	336.218181586503	1.02386796111484	0.153585346216492	0.709050469854654	0.4375	0	0	0.5625	0	0.125
M7	RPS3A	16	9087:9102	336.218181586503	1.02386796111484	0.153585346216492	0.709050469854654	0.4375	0	0	0.5625	0	0.125
M7	EIF4BP7	16	9087:9102	336.218181586503	1.02386796111484	0.153585346216492	0.709050469854654	0.4375	0	0	0.5625	0	0.125
M7	EIF4B	16	9087:9102	336.218181586503	1.02386796111484	0.153585346216492	0.709050469854654	0.4375	0	0	0.5625	0	0.125
M7	EIF4BP6	16	9087:9102	336.218181586503	1.02386796111484	0.153585346216492	0.709050469854654	0.4375	0	0	0.5625	0	0.125
M7	RPS3AP49	16	9087:9102	336.218181586503	1.02386796111484	0.153585346216492	0.709050469854654	0.4375	0	0	0.5625	0	0.125
M7	RP11-371A22.1	16	9087:9102	336.218181586503	1.02386796111484	0.153585346216492	0.709050469854654	0.4375	0	0	0.5625	0	0.125
M7	FOXF1	16	9087:9102	336.218181586503	1.02386796111484	0.153585346216492	0.709050469854654	0.4375	0	0	0.5625	0	0.125
M7	SELENOF	16	9087:9102	336.218181586503	1.02386796111484	0.153585346216492	0.709050469854654	0.4375	0	0	0.5625	0	0.125
M7	RPS3AP47	16	9087:9102	336.218181586503	1.02386796111484	0.153585346216492	0.709050469854654	0.4375	0	0	0.5625	0	0.125
M7	EIF3E	16	9087:9102	336.218181586503	1.02386796111484	0.153585346216492	0.709050469854654	0.4375	0	0	0.5625	0	0.125
M7	CCNI	16	9087:9102	336.218181586503	1.02386796111484	0.153585346216492	0.709050469854654	0.4375	0	0	0.5625	0	0.125
M7	RPS3AP6	16	9087:9102	336.218181586503	1.02386796111484	0.153585346216492	0.709050469854654	0.4375	0	0	0.5625	0	0.125
M7	RPS3AP26	16	9087:9102	336.218181586503	1.02386796111484	0.153585346216492	0.709050469854654	0.4375	0	0	0.5625	0	0.125
M13	RPL23AP2	13	9103:9115	599.597247592018	1.31845412279616	0.142958633374451	0.743539012095021	0.384615384615385	0	0	0.615384615384615	0	0
M13	RPL23AP42	13	9103:9115	599.597247592018	1.31845412279616	0.142958633374451	0.743539012095021	0.384615384615385	0	0	0.615384615384615	0	0
M13	RPL5P34	13	9103:9115	599.597247592018	1.31845412279616	0.142958633374451	0.743539012095021	0.384615384615385	0	0	0.615384615384615	0	0
M13	EEF1A1P11	13	9103:9115	599.597247592018	1.31845412279616	0.142958633374451	0.743539012095021	0.384615384615385	0	0	0.615384615384615	0	0
M13	RPL41	13	9103:9115	599.597247592018	1.31845412279616	0.142958633374451	0.743539012095021	0.384615384615385	0	0	0.615384615384615	0	0
M13	EEF1A1P5	13	9103:9115	599.597247592018	1.31845412279616	0.142958633374451	0.743539012095021	0.384615384615385	0	0	0.615384615384615	0	0
M13	FKBP1A	13	9103:9115	599.597247592018	1.31845412279616	0.142958633374451	0.743539012095021	0.384615384615385	0	0	0.615384615384615	0	0
M13	EEF1A1	13	9103:9115	599.597247592018	1.31845412279616	0.142958633374451	0.743539012095021	0.384615384615385	0	0	0.615384615384615	0	0
M13	EEF1A1P6	13	9103:9115	599.597247592018	1.31845412279616	0.142958633374451	0.743539012095021	0.384615384615385	0	0	0.615384615384615	0	0
M13	RPL4	13	9103:9115	599.597247592018	1.31845412279616	0.142958633374451	0.743539012095021	0.384615384615385	0	0	0.615384615384615	0	0
M13	RPL41P2	13	9103:9115	599.597247592018	1.31845412279616	0.142958633374451	0.743539012095021	0.384615384615385	0	0	0.615384615384615	0	0
M13	RPL23A	13	9103:9115	599.597247592018	1.31845412279616	0.142958633374451	0.743539012095021	0.384615384615385	0	0	0.615384615384615	0	0
M13	RPL4P4	13	9103:9115	599.597247592018	1.31845412279616	0.142958633374451	0.743539012095021	0.384615384615385	0	0	0.615384615384615	0	0
M40	RHOA	10	9116:9125	344.748072944778	1.45882225858594	0.115116619881843	0.733841314249724	0.6	0.1	0	0.3	0	0
M40	HNRNPA1L2	10	9116:9125	344.748072944778	1.45882225858594	0.115116619881843	0.733841314249724	0.6	0.1	0	0.3	0	0
M40	ACTG1	10	9116:9125	344.748072944778	1.45882225858594	0.115116619881843	0.733841314249724	0.6	0.1	0	0.3	0	0
M40	EIF3F	10	9116:9125	344.748072944778	1.45882225858594	0.115116619881843	0.733841314249724	0.6	0.1	0	0.3	0	0
M40	VIM	10	9116:9125	344.748072944778	1.45882225858594	0.115116619881843	0.733841314249724	0.6	0.1	0	0.3	0	0
M40	AC004069.2	10	9116:9125	344.748072944778	1.45882225858594	0.115116619881843	0.733841314249724	0.6	0.1	0	0.3	0	0
M40	HNRNPA1P35	10	9116:9125	344.748072944778	1.45882225858594	0.115116619881843	0.733841314249724	0.6	0.1	0	0.3	0	0
M40	EIF3FP3	10	9116:9125	344.748072944778	1.45882225858594	0.115116619881843	0.733841314249724	0.6	0.1	0	0.3	0	0
M40	ACTB	10	9116:9125	344.748072944778	1.45882225858594	0.115116619881843	0.733841314249724	0.6	0.1	0	0.3	0	0
M40	HNRNPA1P10	10	9116:9125	344.748072944778	1.45882225858594	0.115116619881843	0.733841314249724	0.6	0.1	0	0.3	0	0
M9	CAV1	15	9126:9140	187.892564503593	1.96127626707432	0.16011207845389	0.327494992760876	1	0	0	0	0	0
M9	CLIC4	15	9126:9140	187.892564503593	1.96127626707432	0.16011207845389	0.327494992760876	1	0	0	0	0	0
M9	MYOCD	15	9126:9140	187.892564503593	1.96127626707432	0.16011207845389	0.327494992760876	1	0	0	0	0	0
M9	NEXN	15	9126:9140	187.892564503593	1.96127626707432	0.16011207845389	0.327494992760876	1	0	0	0	0	0
M9	CNN2	15	9126:9140	187.892564503593	1.96127626707432	0.16011207845389	0.327494992760876	1	0	0	0	0	0
M9	TAGLN	15	9126:9140	187.892564503593	1.96127626707432	0.16011207845389	0.327494992760876	1	0	0	0	0	0
M9	PDLIM3	15	9126:9140	187.892564503593	1.96127626707432	0.16011207845389	0.327494992760876	1	0	0	0	0	0
M9	MYLK	15	9126:9140	187.892564503593	1.96127626707432	0.16011207845389	0.327494992760876	1	0	0	0	0	0
M9	ACTA2	15	9126:9140	187.892564503593	1.96127626707432	0.16011207845389	0.327494992760876	1	0	0	0	0	0
M9	TPM1	15	9126:9140	187.892564503593	1.96127626707432	0.16011207845389	0.327494992760876	1	0	0	0	0	0
M9	PLS3	15	9126:9140	187.892564503593	1.96127626707432	0.16011207845389	0.327494992760876	1	0	0	0	0	0
M9	LMOD1	15	9126:9140	187.892564503593	1.96127626707432	0.16011207845389	0.327494992760876	1	0	0	0	0	0
M9	SYTL2	15	9126:9140	187.892564503593	1.96127626707432	0.16011207845389	0.327494992760876	1	0	0	0	0	0
M9	MAP1B	15	9126:9140	187.892564503593	1.96127626707432	0.16011207845389	0.327494992760876	1	0	0	0	0	0
M9	CORO1C	15	9126:9140	187.892564503593	1.96127626707432	0.16011207845389	0.327494992760876	1	0	0	0	0	0
M14	GEM	13	9141:9153	168.015026462467	1.90716954241714	0.11642041082632	0.610621894596749	0.923076923076923	0	0	0.0769230769230769	0	0.153846153846154
M14	SAP18	13	9141:9153	168.015026462467	1.90716954241714	0.11642041082632	0.610621894596749	0.923076923076923	0	0	0.0769230769230769	0	0.153846153846154
M14	MAP1LC3B	13	9141:9153	168.015026462467	1.90716954241714	0.11642041082632	0.610621894596749	0.923076923076923	0	0	0.0769230769230769	0	0.153846153846154
M14	MORF4L2	13	9141:9153	168.015026462467	1.90716954241714	0.11642041082632	0.610621894596749	0.923076923076923	0	0	0.0769230769230769	0	0.153846153846154
M14	SRSF3	13	9141:9153	168.015026462467	1.90716954241714	0.11642041082632	0.610621894596749	0.923076923076923	0	0	0.0769230769230769	0	0.153846153846154
M14	FTLP2	13	9141:9153	168.015026462467	1.90716954241714	0.11642041082632	0.610621894596749	0.923076923076923	0	0	0.0769230769230769	0	0.153846153846154
M14	TUBA1C	13	9141:9153	168.015026462467	1.90716954241714	0.11642041082632	0.610621894596749	0.923076923076923	0	0	0.0769230769230769	0	0.153846153846154
M14	GADD45A	13	9141:9153	168.015026462467	1.90716954241714	0.11642041082632	0.610621894596749	0.923076923076923	0	0	0.0769230769230769	0	0.153846153846154
M14	CSRNP1	13	9141:9153	168.015026462467	1.90716954241714	0.11642041082632	0.610621894596749	0.923076923076923	0	0	0.0769230769230769	0	0.153846153846154
M14	FTL	13	9141:9153	168.015026462467	1.90716954241714	0.11642041082632	0.610621894596749	0.923076923076923	0	0	0.0769230769230769	0	0.153846153846154
M14	KLF10	13	9141:9153	168.015026462467	1.90716954241714	0.11642041082632	0.610621894596749	0.923076923076923	0	0	0.0769230769230769	0	0.153846153846154
M14	PPP1R15B	13	9141:9153	168.015026462467	1.90716954241714	0.11642041082632	0.610621894596749	0.923076923076923	0	0	0.0769230769230769	0	0.153846153846154
M14	CALM1	13	9141:9153	168.015026462467	1.90716954241714	0.11642041082632	0.610621894596749	0.923076923076923	0	0	0.0769230769230769	0	0.153846153846154
M41	FTH1P16	10	9154:9163	278.769755180058	1.55570370159656	0.246560894189824	0.37176369967102	0.1	0	0	0.9	0	0
M41	FTH1P2	10	9154:9163	278.769755180058	1.55570370159656	0.246560894189824	0.37176369967102	0.1	0	0	0.9	0	0
M41	FTH1P20	10	9154:9163	278.769755180058	1.55570370159656	0.246560894189824	0.37176369967102	0.1	0	0	0.9	0	0
M41	FTH1P8	10	9154:9163	278.769755180058	1.55570370159656	0.246560894189824	0.37176369967102	0.1	0	0	0.9	0	0
M41	FTH1P5	10	9154:9163	278.769755180058	1.55570370159656	0.246560894189824	0.37176369967102	0.1	0	0	0.9	0	0
M41	FTH1	10	9154:9163	278.769755180058	1.55570370159656	0.246560894189824	0.37176369967102	0.1	0	0	0.9	0	0
M41	FTH1P11	10	9154:9163	278.769755180058	1.55570370159656	0.246560894189824	0.37176369967102	0.1	0	0	0.9	0	0
M41	FTH1P12	10	9154:9163	278.769755180058	1.55570370159656	0.246560894189824	0.37176369967102	0.1	0	0	0.9	0	0
M41	FTH1P7	10	9154:9163	278.769755180058	1.55570370159656	0.246560894189824	0.37176369967102	0.1	0	0	0.9	0	0
M41	FTH1P10	10	9154:9163	278.769755180058	1.55570370159656	0.246560894189824	0.37176369967102	0.1	0	0	0.9	0	0
M8	MTRNR2L12	16	9164:9179	2032.29120449248	0.953152345528683	0.264958845823745	0.50326003139484	0.625	0	0.125	0.25	0	0
M8	MT-ATP6	16	9164:9179	2032.29120449248	0.953152345528683	0.264958845823745	0.50326003139484	0.625	0	0.125	0.25	0	0
M8	MT-ND5	16	9164:9179	2032.29120449248	0.953152345528683	0.264958845823745	0.50326003139484	0.625	0	0.125	0.25	0	0
M8	MTCO1P12	16	9164:9179	2032.29120449248	0.953152345528683	0.264958845823745	0.50326003139484	0.625	0	0.125	0.25	0	0
M8	MT-CO3	16	9164:9179	2032.29120449248	0.953152345528683	0.264958845823745	0.50326003139484	0.625	0	0.125	0.25	0	0
M8	MT-ND4	16	9164:9179	2032.29120449248	0.953152345528683	0.264958845823745	0.50326003139484	0.625	0	0.125	0.25	0	0
M8	MTATP6P1	16	9164:9179	2032.29120449248	0.953152345528683	0.264958845823745	0.50326003139484	0.625	0	0.125	0.25	0	0
M8	MT-CO1	16	9164:9179	2032.29120449248	0.953152345528683	0.264958845823745	0.50326003139484	0.625	0	0.125	0.25	0	0
M8	MT-CO2	16	9164:9179	2032.29120449248	0.953152345528683	0.264958845823745	0.50326003139484	0.625	0	0.125	0.25	0	0
M8	MT-ND1	16	9164:9179	2032.29120449248	0.953152345528683	0.264958845823745	0.50326003139484	0.625	0	0.125	0.25	0	0
M8	MTND2P28	16	9164:9179	2032.29120449248	0.953152345528683	0.264958845823745	0.50326003139484	0.625	0	0.125	0.25	0	0
M8	MT-ND2	16	9164:9179	2032.29120449248	0.953152345528683	0.264958845823745	0.50326003139484	0.625	0	0.125	0.25	0	0
M8	MT-RNR1	16	9164:9179	2032.29120449248	0.953152345528683	0.264958845823745	0.50326003139484	0.625	0	0.125	0.25	0	0
M8	MTND1P23	16	9164:9179	2032.29120449248	0.953152345528683	0.264958845823745	0.50326003139484	0.625	0	0.125	0.25	0	0
M8	MT-RNR2	16	9164:9179	2032.29120449248	0.953152345528683	0.264958845823745	0.50326003139484	0.625	0	0.125	0.25	0	0
M8	MT-CYB	16	9164:9179	2032.29120449248	0.953152345528683	0.264958845823745	0.50326003139484	0.625	0	0.125	0.25	0	0
M42	FSTL1	10	9180:9189	265.296063597919	1.33591258171562	0.191292308864466	0.312871315566091	1	0	0	0	0	0
M42	TGFBI	10	9180:9189	265.296063597919	1.33591258171562	0.191292308864466	0.312871315566091	1	0	0	0	0	0
M42	IGFBP7	10	9180:9189	265.296063597919	1.33591258171562	0.191292308864466	0.312871315566091	1	0	0	0	0	0
M42	DAB2	10	9180:9189	265.296063597919	1.33591258171562	0.191292308864466	0.312871315566091	1	0	0	0	0	0
M42	QSOX1	10	9180:9189	265.296063597919	1.33591258171562	0.191292308864466	0.312871315566091	1	0	0	0	0	0
M42	FBLN5	10	9180:9189	265.296063597919	1.33591258171562	0.191292308864466	0.312871315566091	1	0	0	0	0	0
M42	DCN	10	9180:9189	265.296063597919	1.33591258171562	0.191292308864466	0.312871315566091	1	0	0	0	0	0
M42	LUM	10	9180:9189	265.296063597919	1.33591258171562	0.191292308864466	0.312871315566091	1	0	0	0	0	0
M42	PMP22	10	9180:9189	265.296063597919	1.33591258171562	0.191292308864466	0.312871315566091	1	0	0	0	0	0
M42	GPC4	10	9180:9189	265.296063597919	1.33591258171562	0.191292308864466	0.312871315566091	1	0	0	0	0	0
M19	TMEM100	12	9190:9201	148.403721715508	1.75489955380202	0.118242108251281	0.385732779508153	1	0	0	0	0	0.0833333333333333
M19	DLG2	12	9190:9201	148.403721715508	1.75489955380202	0.118242108251281	0.385732779508153	1	0	0	0	0	0.0833333333333333
M19	FOXL1	12	9190:9201	148.403721715508	1.75489955380202	0.118242108251281	0.385732779508153	1	0	0	0	0	0.0833333333333333
M19	ENC1	12	9190:9201	148.403721715508	1.75489955380202	0.118242108251281	0.385732779508153	1	0	0	0	0	0.0833333333333333
M19	PPARGC1B	12	9190:9201	148.403721715508	1.75489955380202	0.118242108251281	0.385732779508153	1	0	0	0	0	0.0833333333333333
M19	PROM1	12	9190:9201	148.403721715508	1.75489955380202	0.118242108251281	0.385732779508153	1	0	0	0	0	0.0833333333333333
M19	MGLL	12	9190:9201	148.403721715508	1.75489955380202	0.118242108251281	0.385732779508153	1	0	0	0	0	0.0833333333333333
M19	WNT4	12	9190:9201	148.403721715508	1.75489955380202	0.118242108251281	0.385732779508153	1	0	0	0	0	0.0833333333333333
M19	PLAT	12	9190:9201	148.403721715508	1.75489955380202	0.118242108251281	0.385732779508153	1	0	0	0	0	0.0833333333333333
M19	CPED1	12	9190:9201	148.403721715508	1.75489955380202	0.118242108251281	0.385732779508153	1	0	0	0	0	0.0833333333333333
M19	TACR1	12	9190:9201	148.403721715508	1.75489955380202	0.118242108251281	0.385732779508153	1	0	0	0	0	0.0833333333333333
M19	PLXNA2	12	9190:9201	148.403721715508	1.75489955380202	0.118242108251281	0.385732779508153	1	0	0	0	0	0.0833333333333333
M31	GFRA1	11	9202:9212	285.353936212308	1.35079260202853	0.161716883415087	0.487931508334681	1	0	0	0	0	0
M31	SLC18B1	11	9202:9212	285.353936212308	1.35079260202853	0.161716883415087	0.487931508334681	1	0	0	0	0	0
M31	TMEM123	11	9202:9212	285.353936212308	1.35079260202853	0.161716883415087	0.487931508334681	1	0	0	0	0	0
M31	PXDN	11	9202:9212	285.353936212308	1.35079260202853	0.161716883415087	0.487931508334681	1	0	0	0	0	0
M31	NELL1	11	9202:9212	285.353936212308	1.35079260202853	0.161716883415087	0.487931508334681	1	0	0	0	0	0
M31	CXCR4	11	9202:9212	285.353936212308	1.35079260202853	0.161716883415087	0.487931508334681	1	0	0	0	0	0
M31	ALDH2	11	9202:9212	285.353936212308	1.35079260202853	0.161716883415087	0.487931508334681	1	0	0	0	0	0
M31	CXCL14	11	9202:9212	285.353936212308	1.35079260202853	0.161716883415087	0.487931508334681	1	0	0	0	0	0
M31	A2M	11	9202:9212	285.353936212308	1.35079260202853	0.161716883415087	0.487931508334681	1	0	0	0	0	0
M31	DLL1	11	9202:9212	285.353936212308	1.35079260202853	0.161716883415087	0.487931508334681	1	0	0	0	0	0
M31	HHIP	11	9202:9212	285.353936212308	1.35079260202853	0.161716883415087	0.487931508334681	1	0	0	0	0	0
M20	OLFML2A	12	9213:9224	354.586235179552	1.81795989421072	0.150959056207532	0.335865014000681	0.833333333333333	0.166666666666667	0	0	0	0
M20	SLC26A2	12	9213:9224	354.586235179552	1.81795989421072	0.150959056207532	0.335865014000681	0.833333333333333	0.166666666666667	0	0	0	0
M20	FENDRR	12	9213:9224	354.586235179552	1.81795989421072	0.150959056207532	0.335865014000681	0.833333333333333	0.166666666666667	0	0	0	0
M20	ATP2B4	12	9213:9224	354.586235179552	1.81795989421072	0.150959056207532	0.335865014000681	0.833333333333333	0.166666666666667	0	0	0	0
M20	PTCH1	12	9213:9224	354.586235179552	1.81795989421072	0.150959056207532	0.335865014000681	0.833333333333333	0.166666666666667	0	0	0	0
M20	ECE1	12	9213:9224	354.586235179552	1.81795989421072	0.150959056207532	0.335865014000681	0.833333333333333	0.166666666666667	0	0	0	0
M20	AC002511.2	12	9213:9224	354.586235179552	1.81795989421072	0.150959056207532	0.335865014000681	0.833333333333333	0.166666666666667	0	0	0	0
M20	NRG1	12	9213:9224	354.586235179552	1.81795989421072	0.150959056207532	0.335865014000681	0.833333333333333	0.166666666666667	0	0	0	0
M20	SEMA4D	12	9213:9224	354.586235179552	1.81795989421072	0.150959056207532	0.335865014000681	0.833333333333333	0.166666666666667	0	0	0	0
M20	VNN2	12	9213:9224	354.586235179552	1.81795989421072	0.150959056207532	0.335865014000681	0.833333333333333	0.166666666666667	0	0	0	0
M20	TSPAN33	12	9213:9224	354.586235179552	1.81795989421072	0.150959056207532	0.335865014000681	0.833333333333333	0.166666666666667	0	0	0	0
M20	SHANK2	12	9213:9224	354.586235179552	1.81795989421072	0.150959056207532	0.335865014000681	0.833333333333333	0.166666666666667	0	0	0	0
M32	MMP2	11	9225:9235	400.813981177114	0.946265505502768	0.149287107163412	0.411053971240776	1	0	0	0	0	0.0909090909090909
M32	SGCD	11	9225:9235	400.813981177114	0.946265505502768	0.149287107163412	0.411053971240776	1	0	0	0	0	0.0909090909090909
M32	ANGPT1	11	9225:9235	400.813981177114	0.946265505502768	0.149287107163412	0.411053971240776	1	0	0	0	0	0.0909090909090909
M32	ZNF280D	11	9225:9235	400.813981177114	0.946265505502768	0.149287107163412	0.411053971240776	1	0	0	0	0	0.0909090909090909
M32	NID1	11	9225:9235	400.813981177114	0.946265505502768	0.149287107163412	0.411053971240776	1	0	0	0	0	0.0909090909090909
M32	COLEC12	11	9225:9235	400.813981177114	0.946265505502768	0.149287107163412	0.411053971240776	1	0	0	0	0	0.0909090909090909
M32	PTGER2	11	9225:9235	400.813981177114	0.946265505502768	0.149287107163412	0.411053971240776	1	0	0	0	0	0.0909090909090909
M32	MFAP4	11	9225:9235	400.813981177114	0.946265505502768	0.149287107163412	0.411053971240776	1	0	0	0	0	0.0909090909090909
M32	PLXDC2	11	9225:9235	400.813981177114	0.946265505502768	0.149287107163412	0.411053971240776	1	0	0	0	0	0.0909090909090909
M32	VEGFA	11	9225:9235	400.813981177114	0.946265505502768	0.149287107163412	0.411053971240776	1	0	0	0	0	0.0909090909090909
M32	NTRK3	11	9225:9235	400.813981177114	0.946265505502768	0.149287107163412	0.411053971240776	1	0	0	0	0	0.0909090909090909
M21	RHOU	12	9236:9247	227.995526858954	1.6570387035147	0.105367015728122	0.424763015301296	1	0	0	0	0	0.25
M21	GCC2	12	9236:9247	227.995526858954	1.6570387035147	0.105367015728122	0.424763015301296	1	0	0	0	0	0.25
M21	ARID5B	12	9236:9247	227.995526858954	1.6570387035147	0.105367015728122	0.424763015301296	1	0	0	0	0	0.25
M21	HIPK2	12	9236:9247	227.995526858954	1.6570387035147	0.105367015728122	0.424763015301296	1	0	0	0	0	0.25
M21	RND3	12	9236:9247	227.995526858954	1.6570387035147	0.105367015728122	0.424763015301296	1	0	0	0	0	0.25
M21	TCF4	12	9236:9247	227.995526858954	1.6570387035147	0.105367015728122	0.424763015301296	1	0	0	0	0	0.25
M21	NDNF	12	9236:9247	227.995526858954	1.6570387035147	0.105367015728122	0.424763015301296	1	0	0	0	0	0.25
M21	ETV1	12	9236:9247	227.995526858954	1.6570387035147	0.105367015728122	0.424763015301296	1	0	0	0	0	0.25
M21	PAG1	12	9236:9247	227.995526858954	1.6570387035147	0.105367015728122	0.424763015301296	1	0	0	0	0	0.25
M21	PDGFD	12	9236:9247	227.995526858954	1.6570387035147	0.105367015728122	0.424763015301296	1	0	0	0	0	0.25
M21	PPP3CA	12	9236:9247	227.995526858954	1.6570387035147	0.105367015728122	0.424763015301296	1	0	0	0	0	0.25
M21	VSTM2A	12	9236:9247	227.995526858954	1.6570387035147	0.105367015728122	0.424763015301296	1	0	0	0	0	0.25
M22	SRPX2	12	9248:9259	359.215738331839	1.44859259112802	0.171330397108678	0.404435735459647	1	0	0	0	0	0
M22	EPS8	12	9248:9259	359.215738331839	1.44859259112802	0.171330397108678	0.404435735459647	1	0	0	0	0	0
M22	COL4A6	12	9248:9259	359.215738331839	1.44859259112802	0.171330397108678	0.404435735459647	1	0	0	0	0	0
M22	NDST4	12	9248:9259	359.215738331839	1.44859259112802	0.171330397108678	0.404435735459647	1	0	0	0	0	0
M22	COL4A5	12	9248:9259	359.215738331839	1.44859259112802	0.171330397108678	0.404435735459647	1	0	0	0	0	0
M22	BMP5	12	9248:9259	359.215738331839	1.44859259112802	0.171330397108678	0.404435735459647	1	0	0	0	0	0
M22	SYK	12	9248:9259	359.215738331839	1.44859259112802	0.171330397108678	0.404435735459647	1	0	0	0	0	0
M22	VCAN	12	9248:9259	359.215738331839	1.44859259112802	0.171330397108678	0.404435735459647	1	0	0	0	0	0
M22	PDGFRA	12	9248:9259	359.215738331839	1.44859259112802	0.171330397108678	0.404435735459647	1	0	0	0	0	0
M22	ISLR	12	9248:9259	359.215738331839	1.44859259112802	0.171330397108678	0.404435735459647	1	0	0	0	0	0
M22	PIK3R1	12	9248:9259	359.215738331839	1.44859259112802	0.171330397108678	0.404435735459647	1	0	0	0	0	0
M22	EMP2	12	9248:9259	359.215738331839	1.44859259112802	0.171330397108678	0.404435735459647	1	0	0	0	0	0
M4	RPL34	22	9260:9281	1166.65897650398	0.647020688097187	0.216654787135673	0.448355919477232	0.954545454545455	0	0	0.0454545454545455	0	0
M4	RPS12	22	9260:9281	1166.65897650398	0.647020688097187	0.216654787135673	0.448355919477232	0.954545454545455	0	0	0.0454545454545455	0	0
M4	RPL12	22	9260:9281	1166.65897650398	0.647020688097187	0.216654787135673	0.448355919477232	0.954545454545455	0	0	0.0454545454545455	0	0
M4	RPS3	22	9260:9281	1166.65897650398	0.647020688097187	0.216654787135673	0.448355919477232	0.954545454545455	0	0	0.0454545454545455	0	0
M4	RPL11	22	9260:9281	1166.65897650398	0.647020688097187	0.216654787135673	0.448355919477232	0.954545454545455	0	0	0.0454545454545455	0	0
M4	RPS23P8	22	9260:9281	1166.65897650398	0.647020688097187	0.216654787135673	0.448355919477232	0.954545454545455	0	0	0.0454545454545455	0	0
M4	RPS17	22	9260:9281	1166.65897650398	0.647020688097187	0.216654787135673	0.448355919477232	0.954545454545455	0	0	0.0454545454545455	0	0
M4	EEF2	22	9260:9281	1166.65897650398	0.647020688097187	0.216654787135673	0.448355919477232	0.954545454545455	0	0	0.0454545454545455	0	0
M4	RPS23	22	9260:9281	1166.65897650398	0.647020688097187	0.216654787135673	0.448355919477232	0.954545454545455	0	0	0.0454545454545455	0	0
M4	RPL8	22	9260:9281	1166.65897650398	0.647020688097187	0.216654787135673	0.448355919477232	0.954545454545455	0	0	0.0454545454545455	0	0
M4	RPS20	22	9260:9281	1166.65897650398	0.647020688097187	0.216654787135673	0.448355919477232	0.954545454545455	0	0	0.0454545454545455	0	0
M4	RPS4X	22	9260:9281	1166.65897650398	0.647020688097187	0.216654787135673	0.448355919477232	0.954545454545455	0	0	0.0454545454545455	0	0
M4	RPL38	22	9260:9281	1166.65897650398	0.647020688097187	0.216654787135673	0.448355919477232	0.954545454545455	0	0	0.0454545454545455	0	0
M4	RPS27A	22	9260:9281	1166.65897650398	0.647020688097187	0.216654787135673	0.448355919477232	0.954545454545455	0	0	0.0454545454545455	0	0
M4	RPL31	22	9260:9281	1166.65897650398	0.647020688097187	0.216654787135673	0.448355919477232	0.954545454545455	0	0	0.0454545454545455	0	0
M4	RPL23	22	9260:9281	1166.65897650398	0.647020688097187	0.216654787135673	0.448355919477232	0.954545454545455	0	0	0.0454545454545455	0	0
M4	GLTSCR2	22	9260:9281	1166.65897650398	0.647020688097187	0.216654787135673	0.448355919477232	0.954545454545455	0	0	0.0454545454545455	0	0
M4	RPL36	22	9260:9281	1166.65897650398	0.647020688097187	0.216654787135673	0.448355919477232	0.954545454545455	0	0	0.0454545454545455	0	0
M4	FAU	22	9260:9281	1166.65897650398	0.647020688097187	0.216654787135673	0.448355919477232	0.954545454545455	0	0	0.0454545454545455	0	0
M4	RPL37A	22	9260:9281	1166.65897650398	0.647020688097187	0.216654787135673	0.448355919477232	0.954545454545455	0	0	0.0454545454545455	0	0
M4	RPL37	22	9260:9281	1166.65897650398	0.647020688097187	0.216654787135673	0.448355919477232	0.954545454545455	0	0	0.0454545454545455	0	0
M4	RPS11	22	9260:9281	1166.65897650398	0.647020688097187	0.216654787135673	0.448355919477232	0.954545454545455	0	0	0.0454545454545455	0	0
M3	RPL22	23	9282:9304	1108.77358898005	0.716485265786726	0.200337314731614	0.464984283201352	0.695652173913043	0	0	0.304347826086957	0	0
M3	RPL27	23	9282:9304	1108.77358898005	0.716485265786726	0.200337314731614	0.464984283201352	0.695652173913043	0	0	0.304347826086957	0	0
M3	RPL7P23	23	9282:9304	1108.77358898005	0.716485265786726	0.200337314731614	0.464984283201352	0.695652173913043	0	0	0.304347826086957	0	0
M3	RPL7	23	9282:9304	1108.77358898005	0.716485265786726	0.200337314731614	0.464984283201352	0.695652173913043	0	0	0.304347826086957	0	0
M3	RPL26	23	9282:9304	1108.77358898005	0.716485265786726	0.200337314731614	0.464984283201352	0.695652173913043	0	0	0.304347826086957	0	0
M3	RPL7P32	23	9282:9304	1108.77358898005	0.716485265786726	0.200337314731614	0.464984283201352	0.695652173913043	0	0	0.304347826086957	0	0
M3	RPL3P4	23	9282:9304	1108.77358898005	0.716485265786726	0.200337314731614	0.464984283201352	0.695652173913043	0	0	0.304347826086957	0	0
M3	RPL27A	23	9282:9304	1108.77358898005	0.716485265786726	0.200337314731614	0.464984283201352	0.695652173913043	0	0	0.304347826086957	0	0
M3	RPL7P9	23	9282:9304	1108.77358898005	0.716485265786726	0.200337314731614	0.464984283201352	0.695652173913043	0	0	0.304347826086957	0	0
M3	RPL3	23	9282:9304	1108.77358898005	0.716485265786726	0.200337314731614	0.464984283201352	0.695652173913043	0	0	0.304347826086957	0	0
M3	RPLP2	23	9282:9304	1108.77358898005	0.716485265786726	0.200337314731614	0.464984283201352	0.695652173913043	0	0	0.304347826086957	0	0
M3	RPLP1	23	9282:9304	1108.77358898005	0.716485265786726	0.200337314731614	0.464984283201352	0.695652173913043	0	0	0.304347826086957	0	0
M3	RPL7P1	23	9282:9304	1108.77358898005	0.716485265786726	0.200337314731614	0.464984283201352	0.695652173913043	0	0	0.304347826086957	0	0
M3	RPS6	23	9282:9304	1108.77358898005	0.716485265786726	0.200337314731614	0.464984283201352	0.695652173913043	0	0	0.304347826086957	0	0
M3	RPL14P1	23	9282:9304	1108.77358898005	0.716485265786726	0.200337314731614	0.464984283201352	0.695652173913043	0	0	0.304347826086957	0	0
M3	RPS24	23	9282:9304	1108.77358898005	0.716485265786726	0.200337314731614	0.464984283201352	0.695652173913043	0	0	0.304347826086957	0	0
M3	TPT1	23	9282:9304	1108.77358898005	0.716485265786726	0.200337314731614	0.464984283201352	0.695652173913043	0	0	0.304347826086957	0	0
M3	RPL35	23	9282:9304	1108.77358898005	0.716485265786726	0.200337314731614	0.464984283201352	0.695652173913043	0	0	0.304347826086957	0	0
M3	NAP1L1	23	9282:9304	1108.77358898005	0.716485265786726	0.200337314731614	0.464984283201352	0.695652173913043	0	0	0.304347826086957	0	0
M3	RPS21	23	9282:9304	1108.77358898005	0.716485265786726	0.200337314731614	0.464984283201352	0.695652173913043	0	0	0.304347826086957	0	0
M3	HNRNPA1	23	9282:9304	1108.77358898005	0.716485265786726	0.200337314731614	0.464984283201352	0.695652173913043	0	0	0.304347826086957	0	0
M3	RPL14	23	9282:9304	1108.77358898005	0.716485265786726	0.200337314731614	0.464984283201352	0.695652173913043	0	0	0.304347826086957	0	0
M3	HNRNPA1P48	23	9282:9304	1108.77358898005	0.716485265786726	0.200337314731614	0.464984283201352	0.695652173913043	0	0	0.304347826086957	0	0
M33	RPL13AP25	11	9305:9315	449.37817807334	1.08892769330835	0.149570232041553	0.740790510717783	0.454545454545455	0	0	0.545454545454545	0	0
M33	RPLP0	11	9305:9315	449.37817807334	1.08892769330835	0.149570232041553	0.740790510717783	0.454545454545455	0	0	0.545454545454545	0	0
M33	RPL13AP5	11	9305:9315	449.37817807334	1.08892769330835	0.149570232041553	0.740790510717783	0.454545454545455	0	0	0.545454545454545	0	0
M33	CTB-63M22.1	11	9305:9315	449.37817807334	1.08892769330835	0.149570232041553	0.740790510717783	0.454545454545455	0	0	0.545454545454545	0	0
M33	RPL13AP7	11	9305:9315	449.37817807334	1.08892769330835	0.149570232041553	0.740790510717783	0.454545454545455	0	0	0.545454545454545	0	0
M33	RPL13A	11	9305:9315	449.37817807334	1.08892769330835	0.149570232041553	0.740790510717783	0.454545454545455	0	0	0.545454545454545	0	0
M33	RPL7AP6	11	9305:9315	449.37817807334	1.08892769330835	0.149570232041553	0.740790510717783	0.454545454545455	0	0	0.545454545454545	0	0
M33	RPS5	11	9305:9315	449.37817807334	1.08892769330835	0.149570232041553	0.740790510717783	0.454545454545455	0	0	0.545454545454545	0	0
M33	RPLP0P6	11	9305:9315	449.37817807334	1.08892769330835	0.149570232041553	0.740790510717783	0.454545454545455	0	0	0.545454545454545	0	0
M33	RPL7A	11	9305:9315	449.37817807334	1.08892769330835	0.149570232041553	0.740790510717783	0.454545454545455	0	0	0.545454545454545	0	0
M33	RPS8	11	9305:9315	449.37817807334	1.08892769330835	0.149570232041553	0.740790510717783	0.454545454545455	0	0	0.545454545454545	0	0
M15	RPL32	13	9316:9328	675.498256676212	0.896035878711095	0.163712220255445	0.735880496682542	0.692307692307692	0	0	0.307692307692308	0	0
M15	RP11-466H18.1	13	9316:9328	675.498256676212	0.896035878711095	0.163712220255445	0.735880496682542	0.692307692307692	0	0	0.307692307692308	0	0
M15	RPL5	13	9316:9328	675.498256676212	0.896035878711095	0.163712220255445	0.735880496682542	0.692307692307692	0	0	0.307692307692308	0	0
M15	RP11-234A1.1	13	9316:9328	675.498256676212	0.896035878711095	0.163712220255445	0.735880496682542	0.692307692307692	0	0	0.307692307692308	0	0
M15	CTD-2287O16.1	13	9316:9328	675.498256676212	0.896035878711095	0.163712220255445	0.735880496682542	0.692307692307692	0	0	0.307692307692308	0	0
M15	RPL19	13	9316:9328	675.498256676212	0.896035878711095	0.163712220255445	0.735880496682542	0.692307692307692	0	0	0.307692307692308	0	0
M15	RPS16	13	9316:9328	675.498256676212	0.896035878711095	0.163712220255445	0.735880496682542	0.692307692307692	0	0	0.307692307692308	0	0
M15	TOMM7	13	9316:9328	675.498256676212	0.896035878711095	0.163712220255445	0.735880496682542	0.692307692307692	0	0	0.307692307692308	0	0
M15	RPL9	13	9316:9328	675.498256676212	0.896035878711095	0.163712220255445	0.735880496682542	0.692307692307692	0	0	0.307692307692308	0	0
M15	RPL9P9	13	9316:9328	675.498256676212	0.896035878711095	0.163712220255445	0.735880496682542	0.692307692307692	0	0	0.307692307692308	0	0
M15	RPS18	13	9316:9328	675.498256676212	0.896035878711095	0.163712220255445	0.735880496682542	0.692307692307692	0	0	0.307692307692308	0	0
M15	RPL30	13	9316:9328	675.498256676212	0.896035878711095	0.163712220255445	0.735880496682542	0.692307692307692	0	0	0.307692307692308	0	0
M15	RPS25	13	9316:9328	675.498256676212	0.896035878711095	0.163712220255445	0.735880496682542	0.692307692307692	0	0	0.307692307692308	0	0
M16	CKAP4	13	9329:9341	747.594087178067	1.36134941361909	0.135428805245403	0.379545952610811	1	0	0	0	0	0
M16	CD63	13	9329:9341	747.594087178067	1.36134941361909	0.135428805245403	0.379545952610811	1	0	0	0	0	0
M16	PARK7	13	9329:9341	747.594087178067	1.36134941361909	0.135428805245403	0.379545952610811	1	0	0	0	0	0
M16	OLFML3	13	9329:9341	747.594087178067	1.36134941361909	0.135428805245403	0.379545952610811	1	0	0	0	0	0
M16	SFRP2	13	9329:9341	747.594087178067	1.36134941361909	0.135428805245403	0.379545952610811	1	0	0	0	0	0
M16	TSPAN3	13	9329:9341	747.594087178067	1.36134941361909	0.135428805245403	0.379545952610811	1	0	0	0	0	0
M16	PTP4A2	13	9329:9341	747.594087178067	1.36134941361909	0.135428805245403	0.379545952610811	1	0	0	0	0	0
M16	ILF2	13	9329:9341	747.594087178067	1.36134941361909	0.135428805245403	0.379545952610811	1	0	0	0	0	0
M16	C1S	13	9329:9341	747.594087178067	1.36134941361909	0.135428805245403	0.379545952610811	1	0	0	0	0	0
M16	PSMD2	13	9329:9341	747.594087178067	1.36134941361909	0.135428805245403	0.379545952610811	1	0	0	0	0	0
M16	SSU72	13	9329:9341	747.594087178067	1.36134941361909	0.135428805245403	0.379545952610811	1	0	0	0	0	0
M16	IFI6	13	9329:9341	747.594087178067	1.36134941361909	0.135428805245403	0.379545952610811	1	0	0	0	0	0
M16	C1R	13	9329:9341	747.594087178067	1.36134941361909	0.135428805245403	0.379545952610811	1	0	0	0	0	0
M43	C12orf57	10	9342:9351	198.704323964444	2.15359974984781	0.104787907539273	0.634849316491147	1	0	0	0	0	0
M43	UBXN1	10	9342:9351	198.704323964444	2.15359974984781	0.104787907539273	0.634849316491147	1	0	0	0	0	0
M43	AARS2	10	9342:9351	198.704323964444	2.15359974984781	0.104787907539273	0.634849316491147	1	0	0	0	0	0
M43	CCT7	10	9342:9351	198.704323964444	2.15359974984781	0.104787907539273	0.634849316491147	1	0	0	0	0	0
M43	KLC4	10	9342:9351	198.704323964444	2.15359974984781	0.104787907539273	0.634849316491147	1	0	0	0	0	0
M43	LAMB2	10	9342:9351	198.704323964444	2.15359974984781	0.104787907539273	0.634849316491147	1	0	0	0	0	0
M43	RPS14	10	9342:9351	198.704323964444	2.15359974984781	0.104787907539273	0.634849316491147	1	0	0	0	0	0
M43	FCGRT	10	9342:9351	198.704323964444	2.15359974984781	0.104787907539273	0.634849316491147	1	0	0	0	0	0
M43	ADAMTS13	10	9342:9351	198.704323964444	2.15359974984781	0.104787907539273	0.634849316491147	1	0	0	0	0	0
M43	AEBP1	10	9342:9351	198.704323964444	2.15359974984781	0.104787907539273	0.634849316491147	1	0	0	0	0	0
M23	GLIPR2	12	9352:9363	41.1521376887279	2.59721440152222	0.0857027437081492	0.557453196867533	1	0	0	0	0	0.0833333333333333
M23	MRPS18A	12	9352:9363	41.1521376887279	2.59721440152222	0.0857027437081492	0.557453196867533	1	0	0	0	0	0.0833333333333333
M23	PAPLN	12	9352:9363	41.1521376887279	2.59721440152222	0.0857027437081492	0.557453196867533	1	0	0	0	0	0.0833333333333333
M23	S1PR3	12	9352:9363	41.1521376887279	2.59721440152222	0.0857027437081492	0.557453196867533	1	0	0	0	0	0.0833333333333333
M23	DIAPH1	12	9352:9363	41.1521376887279	2.59721440152222	0.0857027437081492	0.557453196867533	1	0	0	0	0	0.0833333333333333
M23	ENTPD1	12	9352:9363	41.1521376887279	2.59721440152222	0.0857027437081492	0.557453196867533	1	0	0	0	0	0.0833333333333333
M23	FRZB	12	9352:9363	41.1521376887279	2.59721440152222	0.0857027437081492	0.557453196867533	1	0	0	0	0	0.0833333333333333
M23	RCSD1	12	9352:9363	41.1521376887279	2.59721440152222	0.0857027437081492	0.557453196867533	1	0	0	0	0	0.0833333333333333
M23	TM4SF1	12	9352:9363	41.1521376887279	2.59721440152222	0.0857027437081492	0.557453196867533	1	0	0	0	0	0.0833333333333333
M23	PRKG1	12	9352:9363	41.1521376887279	2.59721440152222	0.0857027437081492	0.557453196867533	1	0	0	0	0	0.0833333333333333
M23	PTGER4	12	9352:9363	41.1521376887279	2.59721440152222	0.0857027437081492	0.557453196867533	1	0	0	0	0	0.0833333333333333
M23	SOX9	12	9352:9363	41.1521376887279	2.59721440152222	0.0857027437081492	0.557453196867533	1	0	0	0	0	0.0833333333333333
M44	FBXL18	10	9364:9373	19.6686313050516	3.40511708301896	0.0724184888652308	0.576259953568067	0.5	0.2	0.2	0.1	0	0
M44	RN7SL483P	10	9364:9373	19.6686313050516	3.40511708301896	0.0724184888652308	0.576259953568067	0.5	0.2	0.2	0.1	0	0
M44	RN7SL297P	10	9364:9373	19.6686313050516	3.40511708301896	0.0724184888652308	0.576259953568067	0.5	0.2	0.2	0.1	0	0
M44	ITGAE	10	9364:9373	19.6686313050516	3.40511708301896	0.0724184888652308	0.576259953568067	0.5	0.2	0.2	0.1	0	0
M44	PYROXD2	10	9364:9373	19.6686313050516	3.40511708301896	0.0724184888652308	0.576259953568067	0.5	0.2	0.2	0.1	0	0
M44	RP11-394B2.3	10	9364:9373	19.6686313050516	3.40511708301896	0.0724184888652308	0.576259953568067	0.5	0.2	0.2	0.1	0	0
M44	SEZ6L	10	9364:9373	19.6686313050516	3.40511708301896	0.0724184888652308	0.576259953568067	0.5	0.2	0.2	0.1	0	0
M44	FAT3	10	9364:9373	19.6686313050516	3.40511708301896	0.0724184888652308	0.576259953568067	0.5	0.2	0.2	0.1	0	0
M44	AC104667.3	10	9364:9373	19.6686313050516	3.40511708301896	0.0724184888652308	0.576259953568067	0.5	0.2	0.2	0.1	0	0
M44	RPLP0P2	10	9364:9373	19.6686313050516	3.40511708301896	0.0724184888652308	0.576259953568067	0.5	0.2	0.2	0.1	0	0
M45	GLB1L	10	9374:9383	19.9325200718938	3.33450685066052	0.0854142476130008	0.567085586446252	0.8	0.2	0	0	0	0.1
M45	RP11-462G12.1	10	9374:9383	19.9325200718938	3.33450685066052	0.0854142476130008	0.567085586446252	0.8	0.2	0	0	0	0.1
M45	KCNB1	10	9374:9383	19.9325200718938	3.33450685066052	0.0854142476130008	0.567085586446252	0.8	0.2	0	0	0	0.1
M45	TMEM241	10	9374:9383	19.9325200718938	3.33450685066052	0.0854142476130008	0.567085586446252	0.8	0.2	0	0	0	0.1
M45	ANKRD29	10	9374:9383	19.9325200718938	3.33450685066052	0.0854142476130008	0.567085586446252	0.8	0.2	0	0	0	0.1
M45	RP11-468E2.4	10	9374:9383	19.9325200718938	3.33450685066052	0.0854142476130008	0.567085586446252	0.8	0.2	0	0	0	0.1
M45	IRF9	10	9374:9383	19.9325200718938	3.33450685066052	0.0854142476130008	0.567085586446252	0.8	0.2	0	0	0	0.1
M45	CTC-529P8.1	10	9374:9383	19.9325200718938	3.33450685066052	0.0854142476130008	0.567085586446252	0.8	0.2	0	0	0	0.1
M45	CAD	10	9374:9383	19.9325200718938	3.33450685066052	0.0854142476130008	0.567085586446252	0.8	0.2	0	0	0	0.1
M45	INPP5D	10	9374:9383	19.9325200718938	3.33450685066052	0.0854142476130008	0.567085586446252	0.8	0.2	0	0	0	0.1
M46	PCSK7	10	9384:9393	179.305022359632	3.18282762651297	0.082947887777298	0.532633015643803	0.6	0.3	0	0.1	0	0
M46	EMCN	10	9384:9393	179.305022359632	3.18282762651297	0.082947887777298	0.532633015643803	0.6	0.3	0	0.1	0	0
M46	XIST	10	9384:9393	179.305022359632	3.18282762651297	0.082947887777298	0.532633015643803	0.6	0.3	0	0.1	0	0
M46	DNAH2	10	9384:9393	179.305022359632	3.18282762651297	0.082947887777298	0.532633015643803	0.6	0.3	0	0.1	0	0
M46	CCDC168	10	9384:9393	179.305022359632	3.18282762651297	0.082947887777298	0.532633015643803	0.6	0.3	0	0.1	0	0
M46	HOOK2	10	9384:9393	179.305022359632	3.18282762651297	0.082947887777298	0.532633015643803	0.6	0.3	0	0.1	0	0
M46	ZNF346	10	9384:9393	179.305022359632	3.18282762651297	0.082947887777298	0.532633015643803	0.6	0.3	0	0.1	0	0
M46	PKD1L2	10	9384:9393	179.305022359632	3.18282762651297	0.082947887777298	0.532633015643803	0.6	0.3	0	0.1	0	0
M46	TSIX	10	9384:9393	179.305022359632	3.18282762651297	0.082947887777298	0.532633015643803	0.6	0.3	0	0.1	0	0
M46	AC074391.1	10	9384:9393	179.305022359632	3.18282762651297	0.082947887777298	0.532633015643803	0.6	0.3	0	0.1	0	0
M47	B2M	10	9394:9403	248.668027805858	2.15010666133978	0.0977612234683496	0.829094240278646	1	0	0	0	0	0
M47	ATP5E	10	9394:9403	248.668027805858	2.15010666133978	0.0977612234683496	0.829094240278646	1	0	0	0	0	0
M47	HLA-B	10	9394:9403	248.668027805858	2.15010666133978	0.0977612234683496	0.829094240278646	1	0	0	0	0	0
M47	B4GAT1	10	9394:9403	248.668027805858	2.15010666133978	0.0977612234683496	0.829094240278646	1	0	0	0	0	0
M47	MPPE1	10	9394:9403	248.668027805858	2.15010666133978	0.0977612234683496	0.829094240278646	1	0	0	0	0	0
M47	AGPS	10	9394:9403	248.668027805858	2.15010666133978	0.0977612234683496	0.829094240278646	1	0	0	0	0	0
M47	HLA-C	10	9394:9403	248.668027805858	2.15010666133978	0.0977612234683496	0.829094240278646	1	0	0	0	0	0
M47	HLA-A	10	9394:9403	248.668027805858	2.15010666133978	0.0977612234683496	0.829094240278646	1	0	0	0	0	0
M47	KRT18	10	9394:9403	248.668027805858	2.15010666133978	0.0977612234683496	0.829094240278646	1	0	0	0	0	0
M47	HSPA2	10	9394:9403	248.668027805858	2.15010666133978	0.0977612234683496	0.829094240278646	1	0	0	0	0	0
M48	IGFBP3	10	9404:9413	426.410516624083	2.15505497356832	0.165166543777002	0.346907616715934	1	0	0	0	0	0
M48	CTSC	10	9404:9413	426.410516624083	2.15505497356832	0.165166543777002	0.346907616715934	1	0	0	0	0	0
M48	KCNS3	10	9404:9413	426.410516624083	2.15505497356832	0.165166543777002	0.346907616715934	1	0	0	0	0	0
M48	PLAU	10	9404:9413	426.410516624083	2.15505497356832	0.165166543777002	0.346907616715934	1	0	0	0	0	0
M48	LAMC1	10	9404:9413	426.410516624083	2.15505497356832	0.165166543777002	0.346907616715934	1	0	0	0	0	0
M48	KHDRBS3	10	9404:9413	426.410516624083	2.15505497356832	0.165166543777002	0.346907616715934	1	0	0	0	0	0
M48	PTGS1	10	9404:9413	426.410516624083	2.15505497356832	0.165166543777002	0.346907616715934	1	0	0	0	0	0
M48	EFEMP1	10	9404:9413	426.410516624083	2.15505497356832	0.165166543777002	0.346907616715934	1	0	0	0	0	0
M48	LAMA4	10	9404:9413	426.410516624083	2.15505497356832	0.165166543777002	0.346907616715934	1	0	0	0	0	0
M48	PAMR1	10	9404:9413	426.410516624083	2.15505497356832	0.165166543777002	0.346907616715934	1	0	0	0	0	0
M49	RPS6KB1	10	9414:9423	64.9753484107423	1.93882917809246	0.0696295086708579	0.537152371737854	1	0	0	0	0	0
M49	PPWD1	10	9414:9423	64.9753484107423	1.93882917809246	0.0696295086708579	0.537152371737854	1	0	0	0	0	0
M49	CPSF7	10	9414:9423	64.9753484107423	1.93882917809246	0.0696295086708579	0.537152371737854	1	0	0	0	0	0
M49	SERTAD2	10	9414:9423	64.9753484107423	1.93882917809246	0.0696295086708579	0.537152371737854	1	0	0	0	0	0
M49	PRTFDC1	10	9414:9423	64.9753484107423	1.93882917809246	0.0696295086708579	0.537152371737854	1	0	0	0	0	0
M49	MGAT5	10	9414:9423	64.9753484107423	1.93882917809246	0.0696295086708579	0.537152371737854	1	0	0	0	0	0
M49	PBDC1	10	9414:9423	64.9753484107423	1.93882917809246	0.0696295086708579	0.537152371737854	1	0	0	0	0	0
M49	AZI2	10	9414:9423	64.9753484107423	1.93882917809246	0.0696295086708579	0.537152371737854	1	0	0	0	0	0
M49	BCAT1	10	9414:9423	64.9753484107423	1.93882917809246	0.0696295086708579	0.537152371737854	1	0	0	0	0	0
M49	C6orf120	10	9414:9423	64.9753484107423	1.93882917809246	0.0696295086708579	0.537152371737854	1	0	0	0	0	0
M34	MYL6	11	9424:9434	1056.88829567328	1.13031073401371	0.14639845438761	0.435794160176448	1	0	0	0	0	0.0909090909090909
M34	UQCRB	11	9424:9434	1056.88829567328	1.13031073401371	0.14639845438761	0.435794160176448	1	0	0	0	0	0.0909090909090909
M34	RAB13	11	9424:9434	1056.88829567328	1.13031073401371	0.14639845438761	0.435794160176448	1	0	0	0	0	0.0909090909090909
M34	ANP32B	11	9424:9434	1056.88829567328	1.13031073401371	0.14639845438761	0.435794160176448	1	0	0	0	0	0.0909090909090909
M34	ATP5I	11	9424:9434	1056.88829567328	1.13031073401371	0.14639845438761	0.435794160176448	1	0	0	0	0	0.0909090909090909
M34	MAP4	11	9424:9434	1056.88829567328	1.13031073401371	0.14639845438761	0.435794160176448	1	0	0	0	0	0.0909090909090909
M34	NEDD8	11	9424:9434	1056.88829567328	1.13031073401371	0.14639845438761	0.435794160176448	1	0	0	0	0	0.0909090909090909
M34	TMSB10	11	9424:9434	1056.88829567328	1.13031073401371	0.14639845438761	0.435794160176448	1	0	0	0	0	0.0909090909090909
M34	SNRPD2	11	9424:9434	1056.88829567328	1.13031073401371	0.14639845438761	0.435794160176448	1	0	0	0	0	0.0909090909090909
M34	CSDE1	11	9424:9434	1056.88829567328	1.13031073401371	0.14639845438761	0.435794160176448	1	0	0	0	0	0.0909090909090909
M34	BIRC5	11	9424:9434	1056.88829567328	1.13031073401371	0.14639845438761	0.435794160176448	1	0	0	0	0	0.0909090909090909
M50	IFNAR2	10	9435:9444	60.6313914568471	2.53698702816806	0.0655915817291418	0.559397007887699	1	0	0	0	0	0
M50	RSRC1	10	9435:9444	60.6313914568471	2.53698702816806	0.0655915817291418	0.559397007887699	1	0	0	0	0	0
M50	ALKBH5	10	9435:9444	60.6313914568471	2.53698702816806	0.0655915817291418	0.559397007887699	1	0	0	0	0	0
M50	SDC3	10	9435:9444	60.6313914568471	2.53698702816806	0.0655915817291418	0.559397007887699	1	0	0	0	0	0
M50	GUSB	10	9435:9444	60.6313914568471	2.53698702816806	0.0655915817291418	0.559397007887699	1	0	0	0	0	0
M50	MSH2	10	9435:9444	60.6313914568471	2.53698702816806	0.0655915817291418	0.559397007887699	1	0	0	0	0	0
M50	GIN1	10	9435:9444	60.6313914568471	2.53698702816806	0.0655915817291418	0.559397007887699	1	0	0	0	0	0
M50	B4GALT1	10	9435:9444	60.6313914568471	2.53698702816806	0.0655915817291418	0.559397007887699	1	0	0	0	0	0
M50	ATL3	10	9435:9444	60.6313914568471	2.53698702816806	0.0655915817291418	0.559397007887699	1	0	0	0	0	0
M50	NAA15	10	9435:9444	60.6313914568471	2.53698702816806	0.0655915817291418	0.559397007887699	1	0	0	0	0	0
