myAUC	avg_diff	power	pct.1	pct.2	gene	Cluster
1	3.620934162	1	1	0.111	CFAP69	1
1	3.362488017	1	1	0.333	MAPK15	1
1	3.067718302	1	1	0.741	CES1	1
1	3.007900019	1	1	0.259	SAXO2	1
1	2.970062537	1	1	0.815	FAM174A	1
1	2.796364352	1	1	0.667	C11orf88	1
1	2.73514901	1	1	0.741	C9orf24	1
1	2.705580392	1	1	0.556	C5orf49	1
1	2.682946019	1	1	0.926	TFF3	1
1	2.580497386	1	1	0.704	EFHC1	1
1	2.548186198	1	1	0.815	TMEM190	1
1	2.351470817	1	1	0.63	ARHGAP18	1
0.994	3.229054307	0.988	1	0.444	CFAP53	1
0.994	3.213501617	0.988	1	0.259	TCTEX1D1	1
0.994	3.148614922	0.988	1	0.259	FAM81B	1
0.994	2.968563013	0.988	1	0.519	CFAP43	1
0.994	2.911827627	0.988	1	0.407	C2orf81	1
0.994	2.755350834	0.988	1	0.556	DGCR6	1
0.988	4.155600002	0.976	1	0.111	LMLN	1
0.988	3.276021071	0.976	1	0.185	MAPRE3	1
0.988	3.035333533	0.976	1	0.37	STK33	1
0.988	2.981644814	0.976	1	0.444	ALDH3B1	1
0.988	2.95245431	0.976	1	0.444	RGS22	1
0.988	2.894758281	0.976	1	0.704	CDHR3	1
0.988	2.673009167	0.976	1	0.556	SLC7A2	1
0.988	2.672187045	0.976	1	0.704	SNTN	1
0.988	2.644878935	0.976	1	0.37	KIF3A	1
0.988	2.438907648	0.976	1	0.63	LRRIQ1	1
0.988	2.390115917	0.976	1	0.667	LRRC46	1
0.988	2.359345419	0.976	1	0.815	ODF3B	1
0.988	2.27196585	0.976	1	0.741	FAM183A	1
0.981	4.06217977	0.962	1	0.037	CCDC74B	1
0.981	3.749324923	0.962	1	0.111	C2CD2L	1
0.981	3.060433401	0.962	1	0.667	CCDC114	1
0.981	3.006399932	0.962	1	0.889	CTGF	1
0.981	2.965541539	0.962	1	0.519	VWA3A	1
0.981	2.789135613	0.962	1	0.37	C6orf118	1
0.981	2.670440827	0.962	1	0.296	DNAAF1	1
0.981	2.600757055	0.962	1	0.37	P4HTM	1
0.981	2.483380377	0.962	1	0.815	CDS1	1
0.981	2.452492793	0.962	1	0.63	FAM92B	1
0.981	2.286508014	0.962	1	0.889	C20orf85	1
0.981	2.139076916	0.962	1	0.704	LDLRAD1	1
0.981	2.054054302	0.962	1	0.778	MORN2	1
0.975	3.617033632	0.95	1	0.074	FRMPD2	1
0.975	3.379301406	0.95	1	0.37	SPAG8	1
0.975	3.370321994	0.95	1	0.185	CCDC181	1
0.975	3.349257386	0.95	1	0.111	SYBU	1
0.975	3.229106531	0.95	1	0.259	CD164L2	1
0.975	2.938699857	0.95	1	0.444	C9orf135	1
0.975	2.864025949	0.95	1	0.259	STMND1	1
0.975	2.708179199	0.95	1	0.37	ZBBX	1
0.975	2.666075835	0.95	1	0.556	ADGRE5	1
0.975	2.651275706	0.95	1	0.407	FHAD1	1
0.975	2.609428924	0.95	1	0.407	MAATS1	1
0.975	2.57829539	0.95	1	0.556	SPATA18	1
0.975	2.560263322	0.95	1	0.37	WDR78	1
0.975	2.515760777	0.95	1	0.778	C1orf194	1
0.975	2.478937121	0.95	1	0.667	DYNC2H1	1
0.975	2.382885528	0.95	1	0.815	FAM179A	1
0.975	2.365066961	0.95	1	0.481	WDR54	1
0.975	2.340046988	0.95	1	0.407	RSPH4A	1
0.975	2.333492742	0.95	1	0.481	CAPSL	1
0.969	3.693271818	0.938	1	0.333	DCDC5	1
0.969	3.455842295	0.938	1	0.148	KCNE1	1
0.969	3.301374339	0.938	1	0.148	ATP6V1C2	1
0.969	3.053816655	0.938	1	0.296	DLEC1	1
0.969	2.841830937	0.938	1	0.296	ARMC3	1
0.969	2.813390365	0.938	1	0.148	WDR63	1
0.969	2.727433445	0.938	1	0.444	TMEM231	1
0.969	2.702346704	0.938	1	0.481	FAM227A	1
0.969	2.696056449	0.938	1	0.556	MS4A8	1
0.969	2.621624691	0.938	1	0.556	ALDH1A1	1
0.969	2.593975307	0.938	1	0.37	TUBA4B	1
0.969	2.582859568	0.938	1	0.37	TCTN1	1
0.969	2.569427041	0.938	1	0.37	DNAI1	1
0.969	2.534646466	0.938	1	0.556	HYDIN	1
0.969	2.434341303	0.938	1	0.296	KIF9	1
0.969	2.31001825	0.938	1	0.481	DNAL1	1
0.969	2.300898061	0.938	1	0.481	DZIP3	1
0.963	3.318296933	0.926	1	0.37	WDR90	1
0.963	3.154682692	0.926	1	0.111	C10orf107	1
0.963	3.148477314	0.926	1	0.259	STX2	1
0.963	2.952473186	0.926	1	0.148	ERICH2	1
0.963	2.902406903	0.926	1	0.296	DNAI2	1
0.963	2.750588457	0.926	1	0.296	AGBL5	1
0.963	2.708091407	0.926	1	0.259	C5AR1	1
0.963	2.707269168	0.926	1	0.333	CCDC173	1
0.963	2.645531228	0.926	1	0.259	TSPAN19	1
0.963	2.55015167	0.926	1	0.185	NEK10	1
0.963	2.494268979	0.926	1	0.185	EFCAB10	1
0.963	2.41407057	0.926	1	0.111	WDR19	1
0.963	2.355274565	0.926	1	0.37	SPAG17	1
0.963	2.237108065	0.926	1	0.593	ROPN1L	1
0.963	2.140554622	0.926	1	0.37	DNAH7	1
0.963	2.026906729	0.926	1	0.593	ZMYND10	1
0.957	3.657051445	0.914	1	0.556	BPIFB1	1
0.957	2.832528729	0.914	1	0.556	STOML3	1
0.957	2.77207298	0.914	1	0.37	CDHR4	1
0.957	2.620934014	0.914	1	0.259	KIAA2012	1
0.957	2.550640734	0.914	1	0.407	LRRC23	1
0.957	2.529334269	0.914	1	0.296	RIBC2	1
0.957	2.424162352	0.914	1	0.333	CFAP52	1
0.957	2.401848214	0.914	1	0.37	DNAH11	1
0.957	2.359455317	0.914	1	0.704	TMC5	1
0.957	2.346170932	0.914	1	0.444	RNASE4	1
0.957	2.321097189	0.914	1	0.667	OTUD1	1
0.957	2.316528466	0.914	1	0.444	CFAP44	1
0.957	2.260418295	0.914	1	0.815	SLC44A4	1
0.957	2.258358297	0.914	1	0.37	NPHP1	1
0.957	2.213297515	0.914	1	0.37	CASC1	1
0.957	2.189612206	0.914	1	0.741	EFCAB1	1
0.957	2.184367833	0.914	1	0.556	DNAH12	1
0.957	2.074348234	0.914	1	0.926	PSENEN	1
0.957	2.057699093	0.914	1	0.667	DPCD	1
0.951	2.891527317	0.902	1	0.407	TTC26	1
0.951	2.872667109	0.902	1	0.222	CCDC74A	1
0.951	2.770017639	0.902	1	0.259	SMPD3	1
0.951	2.727620137	0.902	1	0.185	ANKUB1	1
0.951	2.480734543	0.902	1	0.222	ATP2C2	1
0.951	2.436572698	0.902	1	0.222	C1orf87	1
0.951	2.296778355	0.902	1	0.37	CFAP126	1
0.951	2.245355274	0.902	1	0.593	CCDC170	1
0.951	2.035287559	0.902	1	0.63	IFT57	1
0.944	3.485659839	0.888	1	0.37	CD38	1
0.944	2.532678471	0.888	1	0.148	CCDC60	1
0.944	2.459965308	0.888	1	0.333	DNAH5	1
0.944	2.429246894	0.888	1	0.407	DNAH10	1
0.944	2.304953211	0.888	1	0.333	CFAP221	1
0.944	2.209854324	0.888	1	0.222	C4orf47	1
0.944	2.133156428	0.888	1	0.296	DNAH6	1
0.944	2.118205803	0.888	1	0.185	LOC100506844	1
0.944	2.067607651	0.888	1	0.407	UBXN11	1
0.938	2.27004462	0.876	1	0.259	C11orf70	1
0.938	2.238528989	0.876	1	0.519	CCDC88C	1
0.938	2.143232027	0.876	1	0.593	SPAG6	1
0.938	2.065045736	0.876	1	0.407	DYDC2	1
0.938	2.039824276	0.876	1	0.667	RSPH1	1
0.932	2.78377838	0.864	1	0.37	PACRG	1
0.932	2.465089139	0.864	1	0.296	SYTL3	1
0.932	2.431497072	0.864	1	0.296	ENPP4	1
0.932	2.368025126	0.864	1	0.37	KIAA1456	1
0.932	2.204428165	0.864	1	0.556	B9D1	1
0.932	2.097802088	0.864	1	0.407	NBEA	1
0.932	2.073454316	0.864	1	0.481	BCAS3	1
0.926	2.326897765	0.852	1	0.444	AK9	1
0.926	2.151362217	0.852	1	0.185	PIH1D2	1
0.926	2.084204928	0.852	1	0.593	CSPP1	1
0.92	2.361446257	0.84	1	0.37	SSBP4	1
0.92	2.226104479	0.84	1	0.481	MLPH	1
0.92	2.148505507	0.84	1	0.222	KCNRG	1
0.917	6.259122665	0.834	0.833	0	PTOV1-AS2	1
0.914	2.411797474	0.828	1	0.593	MAP9	1
0.914	2.108217905	0.828	1	0.444	RUVBL1	1
0.91	5.901947582	0.82	0.833	0.074	ENPP5	1
0.907	5.541013117	0.814	0.833	0.111	MRLN	1
0.907	4.757849166	0.814	0.833	0.111	SLC13A3	1
0.907	3.654183167	0.814	0.833	0.111	LRWD1	1
0.907	2.334150127	0.814	1	0.481	RABL2B	1
0.907	2.203280979	0.814	1	0.37	CROCC	1
0.907	2.067580492	0.814	1	0.444	IFT81	1
0.904	4.353750727	0.808	0.833	0.148	GOLGA2P5	1
0.904	3.518872935	0.808	0.833	0.074	KIF6	1
0.901	2.167960084	0.802	1	0.444	SLC9A4	1
0.898	3.386305124	0.796	0.833	0.148	PLCG2	1
0.898	3.094244375	0.796	0.833	0.148	GAS2L2	1
0.898	3.069886549	0.796	0.833	0.222	CAPS2	1
0.895	3.804002356	0.79	0.833	0.185	SPEF1	1
0.895	3.163849474	0.79	0.833	0.185	LOC101929486	1
0.895	2.044787198	0.79	1	0.704	CP	1
0.892	4.191937176	0.784	0.833	0.222	NRP2	1
0.892	3.383493172	0.784	0.833	0.148	LRRC71	1
0.892	3.360645524	0.784	0.833	0.148	ZMYND12	1
0.892	3.098103626	0.784	0.833	0.148	AGBL2	1
0.892	2.868139336	0.784	0.833	0.148	FBXO15	1
0.892	2.623429057	0.784	0.833	0.296	LRRC61	1
0.889	4.35485318	0.778	0.833	0.111	MARCH10	1
0.889	3.945849952	0.778	0.833	0.185	RIIAD1	1
0.889	3.440719936	0.778	0.833	0.185	DTNA	1
0.889	3.399902224	0.778	0.833	0.111	PLEKHS1	1
0.889	3.089958094	0.778	0.833	0.333	AK8	1
0.889	3.036757323	0.778	0.833	0.111	TNFRSF19	1
0.889	2.53667386	0.778	0.833	0.185	C8orf34	1
0.886	3.885435086	0.772	0.833	0.222	LRRC74B	1
0.886	3.662267076	0.772	0.833	0.074	CFAP61	1
0.886	3.246232303	0.772	0.833	0.148	TP73	1
0.886	2.948662169	0.772	0.833	0.074	CCDC65	1
0.886	2.52270777	0.772	0.833	0.222	CFAP46	1
0.883	2.943773434	0.766	0.833	0.333	RRAD	1
0.883	2.640189148	0.766	0.833	0.185	PLCB2	1
0.883	2.597691106	0.766	0.833	0.259	DNAH9	1
0.883	2.1194685	0.766	1	0.37	LZTFL1	1
0.88	3.675657083	0.76	0.833	0.148	LRRC27	1
0.88	3.459819508	0.76	0.833	0.222	NELL2	1
0.88	2.830061778	0.76	0.833	0.148	RIBC1	1
0.877	3.224935292	0.754	0.833	0.259	SLC41A1	1
0.877	2.783875119	0.754	0.833	0.111	EFHC2	1
0.877	2.599710553	0.754	0.833	0.259	IFT88	1
0.877	2.209740077	0.754	0.833	0.333	ST6GALNAC2	1
0.873	3.23231068	0.746	0.833	0.444	RSPH9	1
0.873	3.100423929	0.746	0.833	0.296	CEP162	1
0.873	2.845964154	0.746	0.833	0.222	CSMD1	1
0.873	2.594198324	0.746	0.833	0.222	SPATA17	1
0.873	2.315158856	0.746	0.833	0.148	CCDC33	1
0.87	3.299011174	0.74	0.833	0.111	TTLL6	1
0.87	2.941968245	0.74	0.833	0.407	LRRC10B	1
0.87	2.65751506	0.74	0.833	0.407	MB	1
0.87	2.597781834	0.74	0.833	0.259	CEP97	1
0.87	2.444119514	0.74	0.833	0.185	CFAP57	1
0.87	2.268054804	0.74	0.833	0.185	PPP1R42	1
0.87	2.153704116	0.74	1	0.593	STX7	1
0.867	3.237713872	0.734	0.833	0.222	C20orf96	1
0.867	3.05985905	0.734	0.833	0.296	TEKT2	1
0.867	2.962075107	0.734	0.833	0.222	TTC25	1
0.867	2.52170465	0.734	0.833	0.148	SLC27A2	1
0.867	2.396549161	0.734	0.833	0.222	DTHD1	1
0.867	2.129045548	0.734	0.833	0.37	SDF2L1	1
0.864	3.259008405	0.728	0.833	0.407	DNAH1	1
0.864	2.482227282	0.728	0.833	0.333	CCDC39	1
0.864	2.419437816	0.728	0.833	0.481	CHST9	1
0.864	2.20990516	0.728	0.833	0.259	DZIP1L	1
0.861	3.222720086	0.722	0.833	0.222	DRC1	1
0.861	2.99896675	0.722	0.833	0.222	ANKRD66	1
0.861	2.469769398	0.722	0.833	0.296	TMEM234	1
0.861	2.390566785	0.722	0.833	0.296	IFT46	1
0.861	2.271981341	0.722	0.833	0.296	SNX7	1
0.858	3.040159837	0.716	0.833	0.259	GALNS	1
0.858	2.4229997	0.716	0.833	0.185	C11orf16	1
0.858	2.366427036	0.716	1	0.444	NPIPA1	1
0.855	2.529798262	0.71	0.833	0.444	SPEF2	1
0.855	2.523567778	0.71	0.833	0.296	KIF19	1
0.855	2.382869525	0.71	0.833	0.37	VWA3B	1
0.855	2.211767823	0.71	0.833	0.222	BTC	1
0.855	2.20321079	0.71	0.833	0.667	MLF1	1
0.855	2.091481875	0.71	0.833	0.296	TTC21A	1
0.852	2.349736859	0.704	0.833	0.556	SYNE1	1
0.852	2.251885952	0.704	0.833	0.259	ARMC2	1
0.852	2.240207698	0.704	0.833	0.556	MLLT1	1
0.852	2.000945791	0.704	0.833	0.185	LOC388780	1
0.849	2.51067436	0.698	0.833	0.222	CCDC81	1
0.849	2.282567071	0.698	0.833	0.37	LRIG1	1
0.849	2.16793685	0.698	0.833	0.296	ZNF322	1
0.849	2.158084861	0.698	0.833	0.37	FABP6	1
0.849	2.074702237	0.698	0.833	0.444	TMEM67	1
0.849	2.043641899	0.698	0.833	0.444	SLC25A29	1
0.846	2.532548092	0.692	0.833	0.185	NXF3	1
0.846	2.399872496	0.692	0.833	0.259	ECT2L	1
0.846	2.367973928	0.692	0.833	0.704	SCGB2A1	1
0.846	2.225673885	0.692	0.833	0.704	SPAG1	1
0.843	2.147593815	0.686	0.833	0.148	SMPD2	1
0.84	2.913284225	0.68	0.833	0.185	PTRH1	1
0.84	2.138917301	0.68	0.833	0.185	DALRD3	1
0.84	2.113138509	0.68	0.833	0.185	GAS8	1
0.84	2.067386411	0.68	0.833	0.259	TEKT4	1
0.84	2.008568771	0.68	0.833	0.481	MDH1B	1
0.836	2.38052399	0.672	0.833	0.296	CCDC78	1
0.836	2.351518802	0.672	0.833	0.444	ARHGAP39	1
0.836	2.335490806	0.672	0.833	0.593	PFN2	1
0.836	2.317390124	0.672	0.833	0.296	BASP1	1
0.836	2.295119161	0.672	0.833	0.37	SLC12A7	1
0.836	2.285582294	0.672	0.833	0.37	TIMM10B	1
0.836	2.022592215	0.672	0.833	0.296	SNX13	1
0.833	6.529423242	0.666	0.667	0	KCNMB2	1
0.833	6.412587945	0.666	0.667	0	PPP1R36	1
0.833	5.007489546	0.666	0.667	0	ENDOG	1
0.83	2.538493625	0.66	0.833	0.296	RBM38	1
0.83	2.336054369	0.66	0.833	0.444	ANKMY1	1
0.83	2.277897296	0.66	0.833	0.222	ADGB	1
0.83	2.221240317	0.66	0.833	0.37	OR7E37P	1
0.83	2.215157177	0.66	0.833	0.444	ABCA13	1
0.83	2.143743417	0.66	0.833	0.519	UBXN10	1
0.83	2.125602194	0.66	0.833	0.296	FGFR1OP	1
0.83	2.113186767	0.66	0.833	0.37	AARS2	1
0.827	5.926399692	0.654	0.667	0.037	LINC01571	1
0.827	4.890606668	0.654	0.667	0.037	SVOPL	1
0.824	2.532550308	0.648	0.833	0.444	SPA17	1
0.821	4.495265411	0.642	0.667	0.074	CCDC13	1
0.821	3.998155193	0.642	0.667	0.074	CXXC4	1
0.821	3.985784545	0.642	0.667	0.074	ZNF440	1
0.821	3.096157408	0.642	0.667	0.074	EFHB	1
0.815	3.005621078	0.63	0.667	0.074	DPY19L2P2	1
0.815	2.445661359	0.63	0.833	0.556	C2orf40	1
0.815	2.047716967	0.63	0.833	0.407	WDR38	1
0.812	2.943336508	0.624	0.833	0.296	DCP1B	1
0.812	2.719554174	0.624	0.833	0.222	TMEM232	1
0.809	5.196880508	0.618	0.667	0.111	PTPRT	1
0.809	4.842657017	0.618	0.667	0.148	PECR	1
0.809	3.896886408	0.618	0.667	0.148	KNDC1	1
0.809	3.498904125	0.618	0.667	0.148	TSNAXIP1	1
0.809	3.462064529	0.618	0.667	0.074	LOC100130476	1
0.809	3.212403921	0.618	0.667	0.111	CFAP54	1
0.809	2.199413222	0.618	0.667	0.037	LOC101928269	1
0.802	4.777515791	0.604	0.667	0.111	RNLS	1
0.802	3.436654487	0.604	0.667	0.074	SHANK2	1
0.802	3.196197434	0.604	0.667	0.111	TTLL9	1
0.802	3.111944499	0.604	0.667	0.111	USP2	1
0.802	2.877809226	0.604	0.667	0.111	IQCD	1
0.796	3.74356748	0.592	0.667	0.222	KLHDC9	1
0.796	3.457474132	0.592	0.667	0.111	MDM1	1
0.796	3.270620986	0.592	0.667	0.148	RASA3	1
0.796	2.990172095	0.592	0.667	0.222	ERBB4	1
0.796	2.484285981	0.592	0.667	0.185	ANKRD54	1
0.796	2.428509059	0.592	0.667	0.111	LOC648987	1
0.79	3.686945572	0.58	0.667	0.259	ZNF688	1
0.79	3.613417117	0.58	0.667	0.259	TTLL7	1
0.79	2.932905977	0.58	0.667	0.259	PRR29	1
0.79	2.920688967	0.58	0.667	0.185	QTRT1	1
0.79	2.916557903	0.58	0.667	0.259	AP3M2	1
0.79	2.866859406	0.58	0.667	0.259	MOB1B	1
0.79	2.671964083	0.58	0.667	0.185	C1orf168	1
0.79	2.393800606	0.58	0.667	0.259	IQCA1	1
0.79	2.241997443	0.58	0.667	0.148	RPGRIP1L	1
0.787	2.234104328	0.574	0.833	0.37	WBSCR27	1
0.784	4.512070668	0.568	0.667	0.185	MAT1A	1
0.784	3.365642629	0.568	0.667	0.148	FLJ32255	1
0.784	3.263611966	0.568	0.667	0.259	OXTR	1
0.784	3.260607943	0.568	0.667	0.185	C16orf46	1
0.784	3.100842483	0.568	0.667	0.296	PHTF1	1
0.784	2.863431464	0.568	0.667	0.148	C3orf67	1
0.784	2.845113483	0.568	0.667	0.296	C5orf42	1
0.784	2.741481875	0.568	0.667	0.185	HRASLS2	1
0.784	2.633840852	0.568	0.667	0.148	SPATA6L	1
0.784	2.533896717	0.568	0.667	0.185	DCDC2	1
0.784	2.337567226	0.568	0.667	0.185	TXNDC11	1
0.784	2.229357798	0.568	0.667	0.111	BAIAP3	1
0.784	2.128699845	0.568	0.667	0.185	APH1B	1
0.778	3.564771095	0.556	0.667	0.333	UBE3D	1
0.778	3.261843319	0.556	0.667	0.333	ALDH16A1	1
0.778	3.247075319	0.556	0.667	0.296	PRICKLE2	1
0.778	2.820878779	0.556	0.667	0.259	BBS1	1
0.778	2.729394268	0.556	0.667	0.259	SNX29	1
0.778	2.488892705	0.556	0.667	0.185	NEK5	1
0.778	2.483487159	0.556	0.667	0.296	C7orf57	1
0.778	2.399458806	0.556	0.667	0.185	ARHGEF38	1
0.778	2.381211398	0.556	0.667	0.222	LOC100129534	1
0.778	2.302640631	0.556	0.667	0.148	DMPK	1
0.778	2.139480013	0.556	0.667	0.222	IL5RA	1
0.778	2.098010289	0.556	0.667	0.111	GJA4	1
0.778	2.003814131	0.556	0.667	0.148	KCNB1	1
0.772	3.377383402	0.544	0.667	0.296	RABL2A	1
0.772	2.855473493	0.544	0.667	0.222	GALC	1
0.772	2.540132173	0.544	0.667	0.37	APCDD1	1
0.772	2.340892445	0.544	0.667	0.148	RARB	1
0.772	2.198926864	0.544	0.667	0.259	KIF27	1
0.765	2.714518641	0.53	0.667	0.333	MPDZ	1
0.765	2.597220076	0.53	0.667	0.333	ALMS1	1
0.765	2.498490222	0.53	0.667	0.185	CCDC24	1
0.765	2.419221824	0.53	0.667	0.222	CFAP47	1
0.765	2.291780065	0.53	0.667	0.37	SGMS2	1
0.765	2.28826218	0.53	0.667	0.222	TEKT3	1
0.765	2.041844819	0.53	0.667	0.333	DYX1C1	1
0.759	3.812551068	0.518	0.667	0.407	CST6	1
0.759	3.227038541	0.518	0.667	0.444	CES4A	1
0.759	2.768313975	0.518	0.667	0.148	KIAA1257	1
0.759	2.357530479	0.518	0.667	0.259	ASIC1	1
0.759	2.111337792	0.518	0.667	0.37	IKZF4	1
0.759	2.031270121	0.518	0.667	0.296	EP300-AS1	1
0.759	2.011982396	0.518	0.667	0.148	TRIM37	1
0.753	2.520573343	0.506	0.667	0.222	FGF14	1
0.753	2.503345121	0.506	0.667	0.37	APBB2	1
0.753	2.432268886	0.506	0.667	0.259	LKAAEAR1	1
0.753	2.36444996	0.506	0.667	0.222	BBS5	1
0.753	2.222360865	0.506	0.667	0.259	USP24	1
0.753	2.20723705	0.506	0.667	0.259	LGR4	1
0.753	2.187217872	0.506	0.667	0.259	CEBPA	1
0.75	6.838253605	0.5	0.5	0	LOC101928812	1
0.75	6.502996726	0.5	0.5	0	FBXO36	1
0.75	6.494804593	0.5	0.5	0	TTC16	1
0.75	6.210580621	0.5	0.5	0	TTC23L	1
0.75	6.160400654	0.5	0.5	0	TRPC1	1
0.75	5.836256017	0.5	0.5	0	KIAA0754	1
0.75	5.696452026	0.5	0.5	0	CACNG6	1
0.75	5.186309918	0.5	0.5	0	KLHL32	1
0.75	4.426811765	0.5	0.5	0	GYG2P1	1
0.747	2.498611193	0.494	0.667	0.333	NWD1	1
0.747	2.324620233	0.494	0.667	0.37	FBXO31	1
0.747	2.296732036	0.494	0.667	0.444	ATXN2	1
0.747	2.109876794	0.494	0.667	0.37	TMEM45B	1
0.747	2.090192291	0.494	0.667	0.296	ARL13B	1
0.744	2.205340997	0.488	0.833	0.741	WARS	1
0.741	6.281395679	0.482	0.5	0.037	IL20RA	1
0.741	5.376194026	0.482	0.5	0.037	SYT10	1
0.741	4.918823068	0.482	0.5	0.037	SLC6A9	1
0.741	4.764455569	0.482	0.5	0.037	LOC101928227	1
0.741	4.736384598	0.482	0.5	0.037	KIF17	1
0.741	4.694912409	0.482	0.5	0.037	ZNF674	1
0.741	4.662242816	0.482	0.5	0.037	DPY19L2	1
0.741	4.394275982	0.482	0.5	0.037	DPY19L1	1
0.741	3.396558072	0.482	0.5	0.037	CCDC103	1
0.741	3.213709615	0.482	0.5	0.037	LOC100422737	1
0.741	2.905822865	0.482	0.667	0.481	AKAP14	1
0.741	2.539681977	0.482	0.667	0.556	ZNF273	1
0.741	2.418467091	0.482	0.667	0.407	IFT80	1
0.741	2.263563294	0.482	0.667	0.407	OSGEP	1
0.741	2.199549559	0.482	0.667	0.333	CCDC157	1
0.735	3.720425576	0.47	0.5	0.037	SNORA7B	1
0.735	3.271734274	0.47	0.5	0.037	MIPEPP3	1
0.731	4.962978251	0.462	0.5	0.074	BHLHB9	1
0.731	4.450666078	0.462	0.5	0.074	SLC22A16	1
0.731	4.009477483	0.462	0.5	0.074	GLIS3-AS1	1
0.731	3.946690519	0.462	0.5	0.074	CPEB1	1
0.731	3.799881827	0.462	0.5	0.074	PZP	1
0.731	3.607636351	0.462	0.5	0.074	CLDN16	1
0.731	3.489055566	0.462	0.5	0.074	SIAH3	1
0.728	3.126181705	0.456	0.5	0.037	USP51	1
0.728	2.11673888	0.456	0.667	0.333	KATNB1	1
0.725	3.74379416	0.45	0.5	0.074	ANKRD18A	1
0.725	3.13799714	0.45	0.5	0.074	GLB1L	1
0.725	2.874865965	0.45	0.5	0.074	DHRS9	1
0.722	4.339587826	0.444	0.5	0.111	SSUH2	1
0.722	3.908474021	0.444	0.5	0.111	WFDC3	1
0.722	3.702045314	0.444	0.5	0.111	TMEM151B	1
0.722	3.588526405	0.444	0.5	0.111	SPATS1	1
0.722	3.379418555	0.444	0.5	0.111	CFP	1
0.722	3.312900734	0.444	0.5	0.111	RAET1E	1
0.722	2.386237795	0.444	0.667	0.296	TRMT1	1
0.722	2.27351071	0.444	0.667	0.296	COL4A5	1
0.722	2.218926812	0.444	0.667	0.37	ZBED4	1
0.719	3.457850402	0.438	0.5	0.074	TBC1D31	1
0.719	3.073202429	0.438	0.5	0.074	ADAP1	1
0.719	2.950431314	0.438	0.5	0.074	ATP6V0A4	1
0.719	2.696977168	0.438	0.5	0.074	MORN3	1
0.719	2.423737869	0.438	0.5	0.074	POLQ	1
0.719	2.234694358	0.438	0.5	0.074	C4orf22	1
0.719	2.038229494	0.438	0.5	0.074	TTC30A	1
0.716	2.804935521	0.432	0.5	0.111	PWARSN	1
0.716	2.594353905	0.432	0.5	0.111	LOC100506124	1
0.716	2.31571102	0.432	0.667	0.37	ZBED5-AS1	1
0.716	2.25133149	0.432	0.667	0.444	SLC22A18	1
0.713	4.710862028	0.426	0.5	0.148	WNT16	1
0.713	4.541927548	0.426	0.5	0.148	HHLA2	1
0.713	2.852742588	0.426	0.5	0.148	ARHGEF11	1
0.713	2.258457644	0.426	0.5	0.148	ABCB10	1
0.713	2.244222791	0.426	0.5	0.148	PRUNE2	1
0.713	2.22435224	0.426	0.5	0.148	NOVA1	1
0.713	2.175695452	0.426	0.5	0.148	C12orf76	1
0.713	2.149324809	0.426	0.5	0.148	IQUB	1
0.713	2.037400954	0.426	0.5	0.074	INPP5B	1
0.71	3.424199049	0.42	0.5	0.111	ARRDC1-AS1	1
0.71	2.774528811	0.42	0.5	0.111	C2orf70	1
0.71	2.395541068	0.42	0.5	0.111	KSR1	1
0.71	2.313310382	0.42	0.5	0.111	ITGAL	1
0.707	4.152617326	0.414	0.5	0.148	NHLRC4	1
0.707	2.277857475	0.414	0.5	0.148	DCDC1	1
0.707	2.020141457	0.414	0.5	0.148	TSPAN15	1
0.704	4.276293662	0.408	0.5	0.111	KLF3-AS1	1
0.704	3.597813769	0.408	0.5	0.111	ASTN2	1
0.704	3.573086753	0.408	0.5	0.185	ATAT1	1
0.704	3.149767567	0.408	0.5	0.185	CCDC148	1
0.704	3.038772493	0.408	0.5	0.111	IQCH	1
0.704	2.869684761	0.408	0.5	0.185	WDR5B	1
0.704	2.710613021	0.408	0.5	0.185	RITA1	1
0.704	2.70472039	0.408	0.5	0.111	ITGBL1	1
0.704	2.595477337	0.408	0.5	0.111	SAMD15	1
0.704	2.446199436	0.408	0.5	0.111	GCA	1
0.704	2.268270253	0.408	0.667	0.333	IPW	1
0.704	2.15404471	0.408	0.667	0.333	LTBP1	1
0.704	2.060603775	0.408	0.667	0.333	RHPN1	1
0.701	3.204343415	0.402	0.5	0.148	GPC5-AS1	1
0.701	2.964818262	0.402	0.5	0.148	PRICKLE2-AS3	1
0.701	2.612077427	0.402	0.5	0.148	LOC642852	1
0.701	2.412497712	0.402	0.5	0.148	TGM3	1
0.701	2.195426998	0.402	0.5	0.148	SPATA4	1
0.701	2.043462441	0.402	0.5	0.148	PNO1	1
0.701	2.017340408	0.402	0.5	0.148	CHST11	1
0.988	2.241922289	0.976	1	0.818	MACC1	2
0.983	3.485825287	0.966	1	0.682	HOPX	2
0.983	2.123272566	0.966	1	0.818	PRSS8	2
0.975	3.423404051	0.95	1	0.682	TMPRSS11B	2
0.975	2.432862807	0.95	1	0.727	DUOX2	2
0.975	2.007560457	0.95	1	0.818	EPS8L1	2
0.971	3.755475305	0.942	1	0.409	PRSS27	2
0.946	2.347687099	0.892	1	0.5	GPT2	2
0.938	4.393487434	0.876	0.909	0.273	TMPRSS11E	2
0.936	4.223871417	0.872	0.909	0.136	SPNS2	2
0.928	3.56871444	0.856	0.909	0.409	DUSP5	2
0.926	2.448730943	0.852	1	0.545	APOBEC3A	2
0.917	2.965162193	0.834	1	0.409	NCCRP1	2
0.917	2.098848948	0.834	1	0.727	OAS1	2
0.905	3.490192069	0.81	0.909	0.545	STEAP4	2
0.905	2.439853797	0.81	0.909	0.545	PRSS22	2
0.905	2.055924884	0.81	1	0.409	PDP1	2
0.899	3.031821831	0.798	0.909	0.409	SLC6A14	2
0.895	2.875815941	0.79	0.909	0.227	PDZK1IP1	2
0.89	2.802266645	0.78	0.909	0.5	GPRC5A	2
0.888	3.205946444	0.776	0.909	0.455	MUC21	2
0.886	2.679563586	0.772	0.909	0.5	SECTM1	2
0.872	2.854365388	0.744	0.909	0.273	GDPD3	2
0.866	2.515877153	0.732	0.909	0.318	NTN4	2
0.855	3.571412554	0.71	0.818	0.591	CDKN2A	2
0.849	2.010532712	0.698	0.909	0.591	LIPH	2
0.829	4.061364152	0.658	0.727	0.227	ARNTL2	2
0.826	2.483810013	0.652	0.818	0.591	GK	2
0.822	2.375798499	0.644	0.818	0.409	ISG15	2
0.822	2.084043092	0.644	0.909	0.636	HDAC9	2
0.818	4.075601384	0.636	0.727	0.273	KRT78	2
0.818	2.089386707	0.636	0.818	0.318	ST3GAL4	2
0.814	2.254649777	0.628	0.818	0.409	MBD6	2
0.812	2.891248297	0.624	0.727	0.227	TMPRSS11D	2
0.812	2.048016092	0.624	0.727	0.136	ADAM28	2
0.81	3.836318497	0.62	0.818	0.5	SPRR2A	2
0.81	3.409572995	0.62	0.636	0.045	MUC3A	2
0.802	2.38353326	0.604	0.818	0.5	CTSV	2
0.798	3.328666742	0.596	0.727	0.364	BAHD1	2
0.783	2.323002865	0.566	0.727	0.409	TGM2	2
0.781	3.148863757	0.562	0.636	0.136	KYNU	2
0.777	3.453145991	0.554	0.636	0.136	USP6NL	2
0.777	2.26581961	0.554	0.818	0.5	CEACAM1	2
0.773	2.404829336	0.546	0.636	0.091	IGF2BP2-AS1	2
0.773	2.017338749	0.546	0.727	0.545	ATP10B	2
0.769	2.30002273	0.538	0.818	0.455	DUSP10	2
0.769	2.079964406	0.538	0.818	0.455	GIT2	2
0.764	2.857257697	0.528	0.636	0.182	NTHL1	2
0.762	6.214044276	0.524	0.545	0.045	VASN	2
0.76	3.049281937	0.52	0.636	0.136	CALHM2	2
0.756	2.83664299	0.512	0.636	0.182	MANSC1	2
0.756	2.259397492	0.512	0.818	0.591	GPR160	2
0.756	2.073167586	0.512	0.818	0.545	GBP4	2
0.752	2.372290881	0.504	0.727	0.182	ZFAND2A	2
0.744	2.59169653	0.488	0.727	0.636	ADM	2
0.742	4.389313846	0.484	0.545	0.136	MNX1	2
0.74	3.926239645	0.48	0.545	0.091	PDE9A	2
0.736	3.233542001	0.472	0.545	0.091	ZNF710	2
0.736	2.268857719	0.472	0.636	0.227	TOR1B	2
0.736	2.164302435	0.472	0.727	0.273	AGFG2	2
0.731	3.803066109	0.462	0.545	0.182	MCPH1	2
0.731	2.485329603	0.462	0.636	0.364	MID2	2
0.727	5.705464339	0.454	0.455	0	CCDC94	2
0.727	5.106423278	0.454	0.455	0	DUOXA2	2
0.727	4.794691068	0.454	0.455	0	ZNF503-AS1	2
0.727	2.821671646	0.454	0.636	0.364	GAN	2
0.725	2.492426142	0.45	0.545	0.136	LINC01559	2
0.721	3.176181788	0.442	0.545	0.136	CACNB1	2
0.719	2.077156164	0.438	0.636	0.364	TBC1D2	2
0.715	2.464657515	0.43	1	0.864	S100A8	2
0.711	4.597844373	0.422	0.455	0.045	SLC15A1	2
0.707	3.652560659	0.414	0.455	0.045	XDH	2
0.707	2.847886822	0.414	0.455	0.045	VCPKMT	2
0.707	2.70465809	0.414	0.636	0.364	BLNK	2
0.707	2.349363676	0.414	0.455	0.045	RNF103-CHMP3	2
0.702	3.358156978	0.404	0.636	0.5	CYP2B7P	2
0.702	2.234390034	0.404	0.455	0.045	HTRA2	2
0.87	3.746238071	0.74	0.8	0.174	L3MBTL3	3
0.857	2.575472688	0.714	0.8	0.174	MBNL3	3
0.848	2.117330949	0.696	0.9	0.391	FAM35A	3
0.826	2.589653003	0.652	0.8	0.304	PWWP2A	3
0.826	2.128332531	0.652	0.8	0.435	PPP1R9B	3
0.822	2.38890385	0.644	0.8	0.348	GAS7	3
0.802	2.436309597	0.604	0.7	0.087	TCF7	3
0.796	3.65387722	0.592	0.7	0.13	CD52	3
0.796	2.114393983	0.592	0.8	0.261	ACSF3	3
0.783	2.088141029	0.566	0.8	0.391	LTV1	3
0.78	3.369366301	0.56	0.7	0.348	MCUR1	3
0.77	4.291381434	0.54	0.6	0.13	NUP35	3
0.765	4.460203477	0.53	0.6	0.087	CDIP1	3
0.765	3.260509633	0.53	0.6	0.087	ARRDC2	3
0.765	2.598816225	0.53	0.6	0.087	SPATC1L	3
0.761	2.09082072	0.522	0.6	0.13	FAM69B	3
0.754	2.506012876	0.508	0.7	0.261	SH3KBP1	3
0.752	5.095761704	0.504	0.6	0.174	SLC2A3	3
0.752	2.540963342	0.504	0.6	0.174	MFSD3	3
0.752	2.337268832	0.504	0.6	0.13	PIP4K2A	3
0.752	2.207086583	0.504	0.8	0.478	C19orf48	3
0.75	7.205022248	0.5	0.5	0	CYTIP	3
0.75	5.405495234	0.5	0.5	0	RNF166	3
0.743	3.620329138	0.486	0.6	0.174	FAM126A	3
0.739	5.69022161	0.478	0.5	0.043	TET1	3
0.739	4.134856723	0.478	0.5	0.043	CCDC15	3
0.739	2.487055109	0.478	0.6	0.217	CLCA2	3
0.739	2.110823673	0.478	0.7	0.304	DNAJC4	3
0.739	2.007748098	0.478	0.6	0.13	TMEM183A	3
0.737	2.07243734	0.474	0.7	0.348	CLOCK	3
0.735	4.223369584	0.47	0.6	0.217	CRTC1	3
0.735	4.190917863	0.47	0.5	0.043	TRAF1	3
0.73	6.572552909	0.46	0.5	0.043	CD69	3
0.73	3.431709232	0.46	0.5	0.043	DIAPH3	3
0.726	3.253078383	0.452	0.5	0.043	RALY-AS1	3
0.726	2.240974548	0.452	0.6	0.304	GPC1	3
0.724	4.546897641	0.448	0.5	0.087	ZNF142	3
0.724	2.935615758	0.448	0.5	0.087	LPXN	3
0.722	2.346250158	0.444	0.6	0.261	RBSN	3
0.72	4.585108876	0.44	0.5	0.087	PHTF2	3
0.715	5.066859761	0.43	0.5	0.087	IL10RA	3
0.713	3.441844334	0.426	0.5	0.13	LAPTM5	3
0.713	3.392473739	0.426	0.5	0.13	FABP3	3
0.713	2.279135055	0.426	0.6	0.348	ISYNA1	3
0.711	3.053291846	0.422	0.5	0.087	IRGQ	3
0.709	3.058681719	0.418	0.5	0.13	RPL39L	3
0.707	3.618813044	0.414	0.5	0.174	PEX11A	3
0.707	2.460071708	0.414	0.5	0.087	NDRG4	3
0.704	4.192322525	0.408	0.5	0.13	LOC171391	3
0.704	2.969658326	0.408	0.5	0.13	GAS2L1	3
0.704	2.336140531	0.408	0.5	0.13	DCAKD	3
0.704	2.268432766	0.408	0.6	0.348	NUP160	3
0.702	2.392717195	0.404	0.5	0.174	ZNF462	3
1	4.079404675	1	1	0.704	POSTN	4
1	2.694221234	1	1	0.852	FBN1	4
1	2.303209803	1	1	0.926	LUM	4
0.988	3.566704238	0.976	1	0.185	DOCK11	4
0.988	2.94443898	0.976	1	0.852	MFAP5	4
0.981	3.366868689	0.962	1	0.259	THBS2	4
0.981	3.356160171	0.962	1	0.296	COL16A1	4
0.975	2.420581222	0.95	1	0.741	RARRES2	4
0.975	2.1088664	0.95	1	0.667	PCOLCE	4
0.969	3.666143747	0.938	1	0.407	ADGRD1	4
0.969	2.37236841	0.938	1	0.63	GFRA1	4
0.963	3.447637283	0.926	1	0.333	CILP	4
0.963	3.179437115	0.926	1	0.296	PI16	4
0.963	2.896181369	0.926	1	0.37	ADAM33	4
0.963	2.586355943	0.926	1	0.778	DLK1	4
0.963	2.515533085	0.926	1	0.259	NCBP1	4
0.963	2.405086429	0.926	1	0.333	FGFR1	4
0.957	2.58899805	0.914	1	0.148	BMP1	4
0.957	2.430090055	0.914	1	0.259	PTBP2	4
0.938	2.057762595	0.876	1	0.815	MMP2	4
0.932	2.708237544	0.864	1	0.296	ADAMTS1	4
0.92	2.148385365	0.84	1	0.296	SH3PXD2B	4
0.907	2.124656666	0.814	1	0.185	MED29	4
0.904	3.798804497	0.808	0.833	0.148	COLEC12	4
0.901	4.023321938	0.802	0.833	0.111	CPZ	4
0.901	3.870213092	0.802	0.833	0.111	KDELR3	4
0.901	2.002293024	0.802	1	0.37	TRIO	4
0.892	3.663337124	0.784	0.833	0.148	TPGS1	4
0.892	2.99285169	0.784	0.833	0.148	USP32P2	4
0.886	3.786515109	0.772	0.833	0.074	HIC1	4
0.883	3.307789258	0.766	0.833	0.111	LOC286437	4
0.883	2.269839242	0.766	0.833	0.111	KLHL31	4
0.877	2.902921675	0.754	0.833	0.111	KCTD15	4
0.873	2.29150058	0.746	0.833	0.074	DCHS1	4
0.873	2.264937507	0.746	0.833	0.148	COL5A3	4
0.87	3.95443012	0.74	0.833	0.185	SLC16A2	4
0.867	2.624795914	0.734	0.833	0.222	GALT	4
0.867	2.485167692	0.734	0.833	0.222	CTSK	4
0.867	2.267331602	0.734	0.833	0.296	TRERF1	4
0.864	2.811189236	0.728	0.833	0.407	SVEP1	4
0.864	2.525049481	0.728	0.833	0.185	OGFOD3	4
0.864	2.412409458	0.728	0.833	0.185	GAS1	4
0.864	2.314272819	0.728	0.833	0.185	AARS	4
0.858	2.559545	0.716	0.833	0.259	PCDH18	4
0.858	2.279604708	0.716	0.833	0.333	PI15	4
0.858	2.192678676	0.716	0.833	0.556	TGFBR3	4
0.855	2.654822166	0.71	0.833	0.37	ABI3BP	4
0.855	2.190391044	0.71	0.833	0.222	LAMA2	4
0.852	2.239891011	0.704	0.833	0.185	GHR	4
0.852	2.041792231	0.704	0.833	0.185	PDGFRB	4
0.849	2.296215612	0.698	0.833	0.222	METTL17	4
0.843	2.240244732	0.686	0.833	0.296	PIGK	4
0.836	2.394342656	0.672	0.833	0.296	ISLR	4
0.833	5.714490383	0.666	0.667	0	GPR37	4
0.833	5.702297112	0.666	0.667	0	SCARA5	4
0.83	2.136284181	0.66	0.833	0.519	CMTM3	4
0.83	2.09971456	0.66	0.833	0.37	MFAP4	4
0.827	5.105788534	0.654	0.667	0.037	PIANP	4
0.824	2.038785909	0.648	0.833	0.37	ZNF512	4
0.815	4.295247258	0.63	0.667	0.074	SYT1	4
0.815	4.015874432	0.63	0.667	0.074	TROAP	4
0.815	2.046697537	0.63	0.833	0.407	SLIT3	4
0.809	2.866100878	0.618	0.667	0.074	JAM3	4
0.809	2.142309332	0.618	0.667	0.037	TMEM133	4
0.802	4.012460559	0.604	0.667	0.185	PKDCC	4
0.802	3.992278163	0.604	0.667	0.148	TNFAIP6	4
0.802	3.967435353	0.604	0.667	0.111	FBXO4	4
0.802	3.524069592	0.604	0.667	0.185	LOC100996255	4
0.802	2.605445598	0.604	0.667	0.074	METTL25	4
0.802	2.140700652	0.604	0.667	0.074	DGUOK-AS1	4
0.796	3.928666252	0.592	0.667	0.222	TSPAN4	4
0.796	3.829254086	0.592	0.667	0.111	GARNL3	4
0.796	3.682373697	0.592	0.667	0.111	CRMP1	4
0.796	2.223733605	0.592	0.667	0.074	FAM109A	4
0.796	2.085204445	0.592	0.667	0.074	ZBTB17	4
0.79	2.728231241	0.58	0.667	0.259	LHFP	4
0.79	2.705750744	0.58	0.667	0.185	GRK5	4
0.79	2.60888738	0.58	0.667	0.148	ATXN1L	4
0.79	2.315051684	0.58	0.667	0.148	ADAMTS2	4
0.79	2.261499764	0.58	0.667	0.074	CDC23	4
0.787	2.209819977	0.574	0.833	0.296	P3H3	4
0.784	2.991205823	0.568	0.667	0.111	TARSL2	4
0.784	2.828333293	0.568	0.667	0.148	TMEM144	4
0.784	2.559774827	0.568	0.667	0.222	ZNF587	4
0.784	2.373326926	0.568	0.667	0.148	PLEKHG5	4
0.784	2.299780301	0.568	0.667	0.148	FAM83C	4
0.784	2.269415563	0.568	0.667	0.148	SNX21	4
0.784	2.24106612	0.568	0.667	0.185	GLT8D2	4
0.784	2.058497808	0.568	0.667	0.111	ZNF354A	4
0.778	2.918096729	0.556	0.667	0.185	HAUS2	4
0.778	2.614259322	0.556	0.667	0.185	FECH	4
0.778	2.461691666	0.556	0.667	0.148	TADA2B	4
0.778	2.46007694	0.556	0.667	0.148	FKBP7	4
0.778	2.238676901	0.556	0.667	0.259	ARHGAP10	4
0.778	2.226968816	0.556	0.667	0.222	ADGRL3	4
0.778	2.160512504	0.556	0.667	0.148	CADM4	4
0.772	2.52337033	0.544	0.667	0.185	ZNF436	4
0.772	2.433208669	0.544	0.667	0.185	NOMO1	4
0.772	2.38202502	0.544	0.667	0.185	PDGFRL	4
0.772	2.362793457	0.544	0.667	0.259	MN1	4
0.772	2.32349958	0.544	0.667	0.148	NOD1	4
0.772	2.095032883	0.544	0.667	0.111	FAM212A	4
0.765	3.116289944	0.53	0.667	0.222	ACPP	4
0.765	2.453081296	0.53	0.667	0.148	ZZEF1	4
0.765	2.408476117	0.53	0.667	0.333	SLC35A1	4
0.765	2.228112213	0.53	0.667	0.148	ZFHX4	4
0.765	2.172787631	0.53	0.667	0.111	ARHGAP30	4
0.759	3.524498665	0.518	0.667	0.148	MGC72080	4
0.759	3.323207375	0.518	0.667	0.185	FOXF1	4
0.759	2.944638847	0.518	0.667	0.185	CYP1B1	4
0.759	2.089484202	0.518	0.833	0.333	CSAD	4
0.759	2.023922996	0.518	0.667	0.333	ERMARD	4
0.759	2.008566524	0.518	0.667	0.259	SLC37A4	4
0.753	2.378255518	0.506	0.667	0.222	PBK	4
0.753	2.210978193	0.506	0.667	0.259	FLRT2	4
0.753	2.064728693	0.506	0.667	0.333	COL17A1	4
0.753	2.043947124	0.506	0.667	0.296	CISD3	4
0.75	6.972513044	0.5	0.5	0	FZD10-AS1	4
0.75	6.483623815	0.5	0.5	0	SLC45A1	4
0.75	5.967611225	0.5	0.5	0	TRIM6	4
0.75	5.582363374	0.5	0.5	0	APCDD1L-AS1	4
0.75	5.560625288	0.5	0.5	0	PCDH9	4
0.75	5.424489466	0.5	0.5	0	FRRS1	4
0.75	4.923050263	0.5	0.5	0	FBXO44	4
0.75	3.839658826	0.5	0.5	0	PRKG2	4
0.75	3.71310544	0.5	0.5	0	FKBP10	4
0.75	3.098805844	0.5	0.5	0	ADAM22	4
0.747	2.874320917	0.494	0.667	0.222	CDK5RAP1	4
0.747	2.687056558	0.494	0.667	0.185	SEH1L	4
0.747	2.381237379	0.494	0.667	0.222	STAT5B	4
0.747	2.169820919	0.494	0.667	0.37	NOM1	4
0.747	2.107202142	0.494	0.667	0.222	JAM2	4
0.741	4.647104263	0.482	0.5	0.037	TMEM132A	4
0.741	4.451016451	0.482	0.5	0.037	ROBO3	4
0.741	4.217433812	0.482	0.5	0.037	C17orf100	4
0.741	4.056457032	0.482	0.5	0.037	ZNF628	4
0.741	3.508668324	0.482	0.5	0.037	DDX31	4
0.741	2.955723037	0.482	0.5	0.037	VCAM1	4
0.741	2.030433012	0.482	0.833	0.63	CRKL	4
0.741	2.018354713	0.482	0.667	0.185	IKBIP	4
0.735	5.517230032	0.47	0.5	0.037	PCSK6	4
0.735	4.602171233	0.47	0.5	0.037	LINC00330	4
0.735	4.205291204	0.47	0.5	0.037	USP49	4
0.735	3.754710397	0.47	0.5	0.037	PSMG3-AS1	4
0.735	3.395905289	0.47	0.5	0.037	CHRDL1	4
0.735	3.24339269	0.47	0.5	0.037	ELOVL6	4
0.735	2.526972272	0.47	0.667	0.333	ACOT9	4
0.735	2.486258317	0.47	0.667	0.185	SNHG15	4
0.735	2.335099436	0.47	0.667	0.259	ACKR1	4
0.735	2.227153686	0.47	0.667	0.444	U2AF2	4
0.735	2.041993315	0.47	0.667	0.37	DLC1	4
0.735	2.029002348	0.47	0.667	0.259	LETMD1	4
0.735	2.016820416	0.47	0.667	0.296	VSTM4	4
0.731	4.629435809	0.462	0.5	0.074	HMCN2	4
0.731	4.302555198	0.462	0.5	0.074	SDHAF4	4
0.731	4.087875285	0.462	0.5	0.074	TBC1D8B	4
0.731	3.644990124	0.462	0.5	0.074	LCAT	4
0.731	3.428801771	0.462	0.5	0.074	EGR2	4
0.731	3.428527232	0.462	0.5	0.074	ZNF773	4
0.728	2.789522368	0.456	0.5	0.037	ZNF799	4
0.728	2.575973176	0.456	0.667	0.333	WARS2	4
0.728	2.568254676	0.456	0.5	0.037	SOCS2	4
0.728	2.558290454	0.456	0.5	0.037	SNX10	4
0.728	2.331883786	0.456	0.5	0.037	LYRM5	4
0.728	2.228327478	0.456	0.667	0.259	RIC1	4
0.728	2.107695283	0.456	0.5	0.037	XPNPEP2	4
0.728	2.100503182	0.456	0.5	0.037	SH3TC2	4
0.725	3.958502779	0.45	0.5	0.074	ABHD8	4
0.725	3.228078842	0.45	0.5	0.074	MED20	4
0.725	2.854884575	0.45	0.5	0.074	RWDD2A	4
0.725	2.727515591	0.45	0.5	0.074	TRIM65	4
0.722	3.897123442	0.444	0.5	0.111	DAGLA	4
0.722	3.07802518	0.444	0.5	0.111	FURIN	4
0.722	2.618049993	0.444	0.5	0.111	ADAMTSL1	4
0.722	2.342299001	0.444	0.5	0.111	STARD9	4
0.719	3.213116174	0.438	0.5	0.074	ZKSCAN3	4
0.719	3.019608753	0.438	0.5	0.074	PLXNC1	4
0.719	2.99565921	0.438	0.5	0.074	TENM4	4
0.719	2.770425628	0.438	0.5	0.074	CA2	4
0.719	2.53802295	0.438	0.5	0.074	IFFO1	4
0.719	2.45810032	0.438	0.5	0.074	HHAT	4
0.719	2.149701172	0.438	0.5	0.074	LPAR4	4
0.719	2.028069056	0.438	0.5	0.074	ATP1A1-AS1	4
0.716	3.109111895	0.432	0.5	0.111	ZNF546	4
0.716	2.823184671	0.432	0.5	0.111	ZDHHC8	4
0.716	2.540285295	0.432	0.667	0.333	POLL	4
0.713	2.974655864	0.426	0.5	0.074	ZNF700	4
0.713	2.837672903	0.426	0.5	0.148	ZSCAN22	4
0.713	2.524941095	0.426	0.5	0.074	AFAP1L2	4
0.713	2.444198861	0.426	0.5	0.074	ASB2	4
0.713	2.391937664	0.426	0.5	0.074	TMSB15B	4
0.713	2.339697409	0.426	0.5	0.074	FAM45A	4
0.713	2.263019689	0.426	0.5	0.074	LOC100288152	4
0.713	2.077032412	0.426	0.5	0.074	AOX1	4
0.71	3.202409126	0.42	0.5	0.111	ADGRB2	4
0.71	2.200309074	0.42	0.667	0.222	GABBR1	4
0.71	2.164165679	0.42	0.5	0.111	ASPA	4
0.71	2.054641441	0.42	0.5	0.111	FSIP2	4
0.71	2.045157434	0.42	0.5	0.111	HSPA1L	4
0.707	4.024223469	0.414	0.5	0.148	FNDC5	4
0.707	3.128066946	0.414	0.5	0.148	ATP9B	4
0.707	2.464812884	0.414	0.5	0.148	ZNF761	4
0.707	2.455932186	0.414	0.5	0.148	C14orf37	4
0.704	4.332671518	0.408	0.5	0.185	PAMR1	4
0.704	4.166925357	0.408	0.5	0.185	KLHL21	4
0.704	3.337603132	0.408	0.5	0.111	RGAG4	4
0.704	2.286619848	0.408	0.5	0.111	TTK	4
0.704	2.11374001	0.408	0.5	0.111	NRP1	4
0.701	2.482229347	0.402	0.5	0.148	SHQ1	4
0.701	2.064752012	0.402	0.5	0.148	CERS3	4
