cluster	gene	size	boundary	avgExpr	cvExpr	avgCor	cvCor	protein_coding	lncRNA	sncRNA	pseudogene	Ig/TcR	tf
M11	MT-CO3	13	1:13	2485.07196478642	0.815193809427805	0.296843284754933	0.468656484247515	0.692307692307692	0	0.153846153846154	0.153846153846154	0	0
M11	MTCO1P12	13	1:13	2485.07196478642	0.815193809427805	0.296843284754933	0.468656484247515	0.692307692307692	0	0.153846153846154	0.153846153846154	0	0
M11	MT-CO1	13	1:13	2485.07196478642	0.815193809427805	0.296843284754933	0.468656484247515	0.692307692307692	0	0.153846153846154	0.153846153846154	0	0
M11	MTND2P28	13	1:13	2485.07196478642	0.815193809427805	0.296843284754933	0.468656484247515	0.692307692307692	0	0.153846153846154	0.153846153846154	0	0
M11	MT-ND2	13	1:13	2485.07196478642	0.815193809427805	0.296843284754933	0.468656484247515	0.692307692307692	0	0.153846153846154	0.153846153846154	0	0
M11	MT-ND4	13	1:13	2485.07196478642	0.815193809427805	0.296843284754933	0.468656484247515	0.692307692307692	0	0.153846153846154	0.153846153846154	0	0
M11	MT-ND5	13	1:13	2485.07196478642	0.815193809427805	0.296843284754933	0.468656484247515	0.692307692307692	0	0.153846153846154	0.153846153846154	0	0
M11	MT-CYB	13	1:13	2485.07196478642	0.815193809427805	0.296843284754933	0.468656484247515	0.692307692307692	0	0.153846153846154	0.153846153846154	0	0
M11	MT-ATP6	13	1:13	2485.07196478642	0.815193809427805	0.296843284754933	0.468656484247515	0.692307692307692	0	0.153846153846154	0.153846153846154	0	0
M11	MT-RNR1	13	1:13	2485.07196478642	0.815193809427805	0.296843284754933	0.468656484247515	0.692307692307692	0	0.153846153846154	0.153846153846154	0	0
M11	MT-RNR2	13	1:13	2485.07196478642	0.815193809427805	0.296843284754933	0.468656484247515	0.692307692307692	0	0.153846153846154	0.153846153846154	0	0
M11	MTRNR2L12	13	1:13	2485.07196478642	0.815193809427805	0.296843284754933	0.468656484247515	0.692307692307692	0	0.153846153846154	0.153846153846154	0	0
M11	MT-CO2	13	1:13	2485.07196478642	0.815193809427805	0.296843284754933	0.468656484247515	0.692307692307692	0	0.153846153846154	0.153846153846154	0	0
M12	VEGFA	13	8932:8944	383.713978598955	1.1926615819422	0.176501907881397	0.414100269884045	0.923076923076923	0.0769230769230769	0	0	0	0.0769230769230769
M12	GFRA1	13	8932:8944	383.713978598955	1.1926615819422	0.176501907881397	0.414100269884045	0.923076923076923	0.0769230769230769	0	0	0	0.0769230769230769
M12	FENDRR	13	8932:8944	383.713978598955	1.1926615819422	0.176501907881397	0.414100269884045	0.923076923076923	0.0769230769230769	0	0	0	0.0769230769230769
M12	SYNPO2	13	8932:8944	383.713978598955	1.1926615819422	0.176501907881397	0.414100269884045	0.923076923076923	0.0769230769230769	0	0	0	0.0769230769230769
M12	CXCL14	13	8932:8944	383.713978598955	1.1926615819422	0.176501907881397	0.414100269884045	0.923076923076923	0.0769230769230769	0	0	0	0.0769230769230769
M12	LTBP1	13	8932:8944	383.713978598955	1.1926615819422	0.176501907881397	0.414100269884045	0.923076923076923	0.0769230769230769	0	0	0	0.0769230769230769
M12	ZEB1	13	8932:8944	383.713978598955	1.1926615819422	0.176501907881397	0.414100269884045	0.923076923076923	0.0769230769230769	0	0	0	0.0769230769230769
M12	NELL1	13	8932:8944	383.713978598955	1.1926615819422	0.176501907881397	0.414100269884045	0.923076923076923	0.0769230769230769	0	0	0	0.0769230769230769
M12	HHIP	13	8932:8944	383.713978598955	1.1926615819422	0.176501907881397	0.414100269884045	0.923076923076923	0.0769230769230769	0	0	0	0.0769230769230769
M12	NTRK3	13	8932:8944	383.713978598955	1.1926615819422	0.176501907881397	0.414100269884045	0.923076923076923	0.0769230769230769	0	0	0	0.0769230769230769
M12	HIPK2	13	8932:8944	383.713978598955	1.1926615819422	0.176501907881397	0.414100269884045	0.923076923076923	0.0769230769230769	0	0	0	0.0769230769230769
M12	TMEM176B	13	8932:8944	383.713978598955	1.1926615819422	0.176501907881397	0.414100269884045	0.923076923076923	0.0769230769230769	0	0	0	0.0769230769230769
M12	ENPP2	13	8932:8944	383.713978598955	1.1926615819422	0.176501907881397	0.414100269884045	0.923076923076923	0.0769230769230769	0	0	0	0.0769230769230769
M26	VSTM2A	10	8945:8954	481.314027029776	1.6332782888551	0.169530188456465	0.330925273582422	1	0	0	0	0	0.1
M26	BMP4	10	8945:8954	481.314027029776	1.6332782888551	0.169530188456465	0.330925273582422	1	0	0	0	0	0.1
M26	PDGFD	10	8945:8954	481.314027029776	1.6332782888551	0.169530188456465	0.330925273582422	1	0	0	0	0	0.1
M26	NRG1	10	8945:8954	481.314027029776	1.6332782888551	0.169530188456465	0.330925273582422	1	0	0	0	0	0.1
M26	MMP2	10	8945:8954	481.314027029776	1.6332782888551	0.169530188456465	0.330925273582422	1	0	0	0	0	0.1
M26	OLFML2A	10	8945:8954	481.314027029776	1.6332782888551	0.169530188456465	0.330925273582422	1	0	0	0	0	0.1
M26	NDST4	10	8945:8954	481.314027029776	1.6332782888551	0.169530188456465	0.330925273582422	1	0	0	0	0	0.1
M26	KREMEN1	10	8945:8954	481.314027029776	1.6332782888551	0.169530188456465	0.330925273582422	1	0	0	0	0	0.1
M26	EPS8	10	8945:8954	481.314027029776	1.6332782888551	0.169530188456465	0.330925273582422	1	0	0	0	0	0.1
M26	TCF4	10	8945:8954	481.314027029776	1.6332782888551	0.169530188456465	0.330925273582422	1	0	0	0	0	0.1
M6	COL4A5	16	8955:8970	949.076960425419	1.08127842286852	0.1741139888506	0.432201042054101	1	0	0	0	0	0
M6	A2M	16	8955:8970	949.076960425419	1.08127842286852	0.1741139888506	0.432201042054101	1	0	0	0	0	0
M6	PROM1	16	8955:8970	949.076960425419	1.08127842286852	0.1741139888506	0.432201042054101	1	0	0	0	0	0
M6	F2R	16	8955:8970	949.076960425419	1.08127842286852	0.1741139888506	0.432201042054101	1	0	0	0	0	0
M6	LAMA4	16	8955:8970	949.076960425419	1.08127842286852	0.1741139888506	0.432201042054101	1	0	0	0	0	0
M6	SEMA3A	16	8955:8970	949.076960425419	1.08127842286852	0.1741139888506	0.432201042054101	1	0	0	0	0	0
M6	PCDH17	16	8955:8970	949.076960425419	1.08127842286852	0.1741139888506	0.432201042054101	1	0	0	0	0	0
M6	VCAN	16	8955:8970	949.076960425419	1.08127842286852	0.1741139888506	0.432201042054101	1	0	0	0	0	0
M6	POSTN	16	8955:8970	949.076960425419	1.08127842286852	0.1741139888506	0.432201042054101	1	0	0	0	0	0
M6	ATP2B4	16	8955:8970	949.076960425419	1.08127842286852	0.1741139888506	0.432201042054101	1	0	0	0	0	0
M6	PXDN	16	8955:8970	949.076960425419	1.08127842286852	0.1741139888506	0.432201042054101	1	0	0	0	0	0
M6	LAMB1	16	8955:8970	949.076960425419	1.08127842286852	0.1741139888506	0.432201042054101	1	0	0	0	0	0
M6	PDGFRA	16	8955:8970	949.076960425419	1.08127842286852	0.1741139888506	0.432201042054101	1	0	0	0	0	0
M6	BMP5	16	8955:8970	949.076960425419	1.08127842286852	0.1741139888506	0.432201042054101	1	0	0	0	0	0
M6	DST	16	8955:8970	949.076960425419	1.08127842286852	0.1741139888506	0.432201042054101	1	0	0	0	0	0
M6	COL4A6	16	8955:8970	949.076960425419	1.08127842286852	0.1741139888506	0.432201042054101	1	0	0	0	0	0
M27	IGF2BP3	10	8971:8980	85.4596813698526	2.59348361080232	0.0775354220910651	0.626454917841276	1	0	0	0	0	0.2
M27	CUEDC2	10	8971:8980	85.4596813698526	2.59348361080232	0.0775354220910651	0.626454917841276	1	0	0	0	0	0.2
M27	ZNF528	10	8971:8980	85.4596813698526	2.59348361080232	0.0775354220910651	0.626454917841276	1	0	0	0	0	0.2
M27	PDZD8	10	8971:8980	85.4596813698526	2.59348361080232	0.0775354220910651	0.626454917841276	1	0	0	0	0	0.2
M27	IFI6	10	8971:8980	85.4596813698526	2.59348361080232	0.0775354220910651	0.626454917841276	1	0	0	0	0	0.2
M27	B4GALT4	10	8971:8980	85.4596813698526	2.59348361080232	0.0775354220910651	0.626454917841276	1	0	0	0	0	0.2
M27	MEPCE	10	8971:8980	85.4596813698526	2.59348361080232	0.0775354220910651	0.626454917841276	1	0	0	0	0	0.2
M27	RHNO1	10	8971:8980	85.4596813698526	2.59348361080232	0.0775354220910651	0.626454917841276	1	0	0	0	0	0.2
M27	BABAM1	10	8971:8980	85.4596813698526	2.59348361080232	0.0775354220910651	0.626454917841276	1	0	0	0	0	0.2
M27	RFX2	10	8971:8980	85.4596813698526	2.59348361080232	0.0775354220910651	0.626454917841276	1	0	0	0	0	0.2
M28	RUBCN	10	8981:8990	21.7113893077485	3.42896833620354	0.0958242321898007	0.577871530400956	0.7	0.3	0	0	0	0
M28	PSG2	10	8981:8990	21.7113893077485	3.42896833620354	0.0958242321898007	0.577871530400956	0.7	0.3	0	0	0	0
M28	CTA-228A9.4	10	8981:8990	21.7113893077485	3.42896833620354	0.0958242321898007	0.577871530400956	0.7	0.3	0	0	0	0
M28	TMEM192	10	8981:8990	21.7113893077485	3.42896833620354	0.0958242321898007	0.577871530400956	0.7	0.3	0	0	0	0
M28	ZWILCH	10	8981:8990	21.7113893077485	3.42896833620354	0.0958242321898007	0.577871530400956	0.7	0.3	0	0	0	0
M28	GPR1-AS	10	8981:8990	21.7113893077485	3.42896833620354	0.0958242321898007	0.577871530400956	0.7	0.3	0	0	0	0
M28	FAM49A	10	8981:8990	21.7113893077485	3.42896833620354	0.0958242321898007	0.577871530400956	0.7	0.3	0	0	0	0
M28	CTD-2013N17.4	10	8981:8990	21.7113893077485	3.42896833620354	0.0958242321898007	0.577871530400956	0.7	0.3	0	0	0	0
M28	BUB1	10	8981:8990	21.7113893077485	3.42896833620354	0.0958242321898007	0.577871530400956	0.7	0.3	0	0	0	0
M28	NIPAL3	10	8981:8990	21.7113893077485	3.42896833620354	0.0958242321898007	0.577871530400956	0.7	0.3	0	0	0	0
M16	NBPF19	12	8991:9002	124.811967651181	1.34181372863156	0.302188270691602	0.525625725018731	0.833333333333333	0	0	0.166666666666667	0	0
M16	NBPF25P	12	8991:9002	124.811967651181	1.34181372863156	0.302188270691602	0.525625725018731	0.833333333333333	0	0	0.166666666666667	0	0
M16	NBPF8	12	8991:9002	124.811967651181	1.34181372863156	0.302188270691602	0.525625725018731	0.833333333333333	0	0	0.166666666666667	0	0
M16	NBPF10	12	8991:9002	124.811967651181	1.34181372863156	0.302188270691602	0.525625725018731	0.833333333333333	0	0	0.166666666666667	0	0
M16	NBPF14	12	8991:9002	124.811967651181	1.34181372863156	0.302188270691602	0.525625725018731	0.833333333333333	0	0	0.166666666666667	0	0
M16	NBPF20	12	8991:9002	124.811967651181	1.34181372863156	0.302188270691602	0.525625725018731	0.833333333333333	0	0	0.166666666666667	0	0
M16	NBPF1	12	8991:9002	124.811967651181	1.34181372863156	0.302188270691602	0.525625725018731	0.833333333333333	0	0	0.166666666666667	0	0
M16	AC240274.1	12	8991:9002	124.811967651181	1.34181372863156	0.302188270691602	0.525625725018731	0.833333333333333	0	0	0.166666666666667	0	0
M16	NBPF26	12	8991:9002	124.811967651181	1.34181372863156	0.302188270691602	0.525625725018731	0.833333333333333	0	0	0.166666666666667	0	0
M16	NBPF15	12	8991:9002	124.811967651181	1.34181372863156	0.302188270691602	0.525625725018731	0.833333333333333	0	0	0.166666666666667	0	0
M16	NBPF12	12	8991:9002	124.811967651181	1.34181372863156	0.302188270691602	0.525625725018731	0.833333333333333	0	0	0.166666666666667	0	0
M16	NBPF11	12	8991:9002	124.811967651181	1.34181372863156	0.302188270691602	0.525625725018731	0.833333333333333	0	0	0.166666666666667	0	0
M7	PABPC1	16	9003:9018	433.289734835689	0.949416951849333	0.197030647083721	0.61135629769131	0.375	0	0	0.625	0	0
M7	EIF4B	16	9003:9018	433.289734835689	0.949416951849333	0.197030647083721	0.61135629769131	0.375	0	0	0.625	0	0
M7	CCNI	16	9003:9018	433.289734835689	0.949416951849333	0.197030647083721	0.61135629769131	0.375	0	0	0.625	0	0
M7	EIF4BP3	16	9003:9018	433.289734835689	0.949416951849333	0.197030647083721	0.61135629769131	0.375	0	0	0.625	0	0
M7	EIF4BP6	16	9003:9018	433.289734835689	0.949416951849333	0.197030647083721	0.61135629769131	0.375	0	0	0.625	0	0
M7	RPL6P27	16	9003:9018	433.289734835689	0.949416951849333	0.197030647083721	0.61135629769131	0.375	0	0	0.625	0	0
M7	RPL6	16	9003:9018	433.289734835689	0.949416951849333	0.197030647083721	0.61135629769131	0.375	0	0	0.625	0	0
M7	EIF4BP7	16	9003:9018	433.289734835689	0.949416951849333	0.197030647083721	0.61135629769131	0.375	0	0	0.625	0	0
M7	RPS3AP47	16	9003:9018	433.289734835689	0.949416951849333	0.197030647083721	0.61135629769131	0.375	0	0	0.625	0	0
M7	SUMO2	16	9003:9018	433.289734835689	0.949416951849333	0.197030647083721	0.61135629769131	0.375	0	0	0.625	0	0
M7	RPS3AP6	16	9003:9018	433.289734835689	0.949416951849333	0.197030647083721	0.61135629769131	0.375	0	0	0.625	0	0
M7	RPS3A	16	9003:9018	433.289734835689	0.949416951849333	0.197030647083721	0.61135629769131	0.375	0	0	0.625	0	0
M7	RPS3AP49	16	9003:9018	433.289734835689	0.949416951849333	0.197030647083721	0.61135629769131	0.375	0	0	0.625	0	0
M7	RP11-408P14.1	16	9003:9018	433.289734835689	0.949416951849333	0.197030647083721	0.61135629769131	0.375	0	0	0.625	0	0
M7	RPS3AP26	16	9003:9018	433.289734835689	0.949416951849333	0.197030647083721	0.61135629769131	0.375	0	0	0.625	0	0
M7	AC010468.1	16	9003:9018	433.289734835689	0.949416951849333	0.197030647083721	0.61135629769131	0.375	0	0	0.625	0	0
M29	CARD14	10	9019:9028	19.8018007198093	3.36167571820017	0.11108718313269	0.578612043105564	0.8	0.1	0	0.1	0	0.1
M29	AC108142.1	10	9019:9028	19.8018007198093	3.36167571820017	0.11108718313269	0.578612043105564	0.8	0.1	0	0.1	0	0.1
M29	INGX	10	9019:9028	19.8018007198093	3.36167571820017	0.11108718313269	0.578612043105564	0.8	0.1	0	0.1	0	0.1
M29	CHRNA7	10	9019:9028	19.8018007198093	3.36167571820017	0.11108718313269	0.578612043105564	0.8	0.1	0	0.1	0	0.1
M29	DBF4B	10	9019:9028	19.8018007198093	3.36167571820017	0.11108718313269	0.578612043105564	0.8	0.1	0	0.1	0	0.1
M29	ACCS	10	9019:9028	19.8018007198093	3.36167571820017	0.11108718313269	0.578612043105564	0.8	0.1	0	0.1	0	0.1
M29	ZNF222	10	9019:9028	19.8018007198093	3.36167571820017	0.11108718313269	0.578612043105564	0.8	0.1	0	0.1	0	0.1
M29	LLGL2	10	9019:9028	19.8018007198093	3.36167571820017	0.11108718313269	0.578612043105564	0.8	0.1	0	0.1	0	0.1
M29	HCLS1	10	9019:9028	19.8018007198093	3.36167571820017	0.11108718313269	0.578612043105564	0.8	0.1	0	0.1	0	0.1
M29	SEMA3B	10	9019:9028	19.8018007198093	3.36167571820017	0.11108718313269	0.578612043105564	0.8	0.1	0	0.1	0	0.1
M22	IGLC2	11	9029:9039	216.712198791309	2.57223017290791	0.146067617143462	0.658873979671753	0.818181818181818	0	0	0	0.181818181818182	0
M22	PPIH	11	9029:9039	216.712198791309	2.57223017290791	0.146067617143462	0.658873979671753	0.818181818181818	0	0	0	0.181818181818182	0
M22	KPNB1	11	9029:9039	216.712198791309	2.57223017290791	0.146067617143462	0.658873979671753	0.818181818181818	0	0	0	0.181818181818182	0
M22	TPX2	11	9029:9039	216.712198791309	2.57223017290791	0.146067617143462	0.658873979671753	0.818181818181818	0	0	0	0.181818181818182	0
M22	SLC7A6OS	11	9029:9039	216.712198791309	2.57223017290791	0.146067617143462	0.658873979671753	0.818181818181818	0	0	0	0.181818181818182	0
M22	IGHM	11	9029:9039	216.712198791309	2.57223017290791	0.146067617143462	0.658873979671753	0.818181818181818	0	0	0	0.181818181818182	0
M22	MKI67	11	9029:9039	216.712198791309	2.57223017290791	0.146067617143462	0.658873979671753	0.818181818181818	0	0	0	0.181818181818182	0
M22	NCF2	11	9029:9039	216.712198791309	2.57223017290791	0.146067617143462	0.658873979671753	0.818181818181818	0	0	0	0.181818181818182	0
M22	HLA-DPB1	11	9029:9039	216.712198791309	2.57223017290791	0.146067617143462	0.658873979671753	0.818181818181818	0	0	0	0.181818181818182	0
M22	DCAF16	11	9029:9039	216.712198791309	2.57223017290791	0.146067617143462	0.658873979671753	0.818181818181818	0	0	0	0.181818181818182	0
M22	PEAK1	11	9029:9039	216.712198791309	2.57223017290791	0.146067617143462	0.658873979671753	0.818181818181818	0	0	0	0.181818181818182	0
M30	MRFAP1	10	9040:9049	128.826127460619	1.9142388643035	0.0932865778781645	0.501089912124395	1	0	0	0	0	0
M30	FEZ2	10	9040:9049	128.826127460619	1.9142388643035	0.0932865778781645	0.501089912124395	1	0	0	0	0	0
M30	TIMM23	10	9040:9049	128.826127460619	1.9142388643035	0.0932865778781645	0.501089912124395	1	0	0	0	0	0
M30	NAMPT	10	9040:9049	128.826127460619	1.9142388643035	0.0932865778781645	0.501089912124395	1	0	0	0	0	0
M30	HSPA4	10	9040:9049	128.826127460619	1.9142388643035	0.0932865778781645	0.501089912124395	1	0	0	0	0	0
M30	RARS	10	9040:9049	128.826127460619	1.9142388643035	0.0932865778781645	0.501089912124395	1	0	0	0	0	0
M30	NBEA	10	9040:9049	128.826127460619	1.9142388643035	0.0932865778781645	0.501089912124395	1	0	0	0	0	0
M30	TARS	10	9040:9049	128.826127460619	1.9142388643035	0.0932865778781645	0.501089912124395	1	0	0	0	0	0
M30	RNASET2	10	9040:9049	128.826127460619	1.9142388643035	0.0932865778781645	0.501089912124395	1	0	0	0	0	0
M30	GSR	10	9040:9049	128.826127460619	1.9142388643035	0.0932865778781645	0.501089912124395	1	0	0	0	0	0
M31	PLAT	10	9050:9059	222.103026287275	1.80958001621997	0.123807980314566	0.518473309982497	1	0	0	0	0	0
M31	HTRA1	10	9050:9059	222.103026287275	1.80958001621997	0.123807980314566	0.518473309982497	1	0	0	0	0	0
M31	DLL1	10	9050:9059	222.103026287275	1.80958001621997	0.123807980314566	0.518473309982497	1	0	0	0	0	0
M31	PPP1R14A	10	9050:9059	222.103026287275	1.80958001621997	0.123807980314566	0.518473309982497	1	0	0	0	0	0
M31	FZD10	10	9050:9059	222.103026287275	1.80958001621997	0.123807980314566	0.518473309982497	1	0	0	0	0	0
M31	RAB37	10	9050:9059	222.103026287275	1.80958001621997	0.123807980314566	0.518473309982497	1	0	0	0	0	0
M31	MATN2	10	9050:9059	222.103026287275	1.80958001621997	0.123807980314566	0.518473309982497	1	0	0	0	0	0
M31	NSG1	10	9050:9059	222.103026287275	1.80958001621997	0.123807980314566	0.518473309982497	1	0	0	0	0	0
M31	OLFM1	10	9050:9059	222.103026287275	1.80958001621997	0.123807980314566	0.518473309982497	1	0	0	0	0	0
M31	ISLR	10	9050:9059	222.103026287275	1.80958001621997	0.123807980314566	0.518473309982497	1	0	0	0	0	0
M17	HSD17B2	12	9060:9071	181.262541846866	2.27082591815346	0.14686756615686	0.425232014986673	0.916666666666667	0.0833333333333333	0	0	0	0.0833333333333333
M17	WNT4	12	9060:9071	181.262541846866	2.27082591815346	0.14686756615686	0.425232014986673	0.916666666666667	0.0833333333333333	0	0	0	0.0833333333333333
M17	ECE1	12	9060:9071	181.262541846866	2.27082591815346	0.14686756615686	0.425232014986673	0.916666666666667	0.0833333333333333	0	0	0	0.0833333333333333
M17	SEMA4D	12	9060:9071	181.262541846866	2.27082591815346	0.14686756615686	0.425232014986673	0.916666666666667	0.0833333333333333	0	0	0	0.0833333333333333
M17	CXCR4	12	9060:9071	181.262541846866	2.27082591815346	0.14686756615686	0.425232014986673	0.916666666666667	0.0833333333333333	0	0	0	0.0833333333333333
M17	GPR68	12	9060:9071	181.262541846866	2.27082591815346	0.14686756615686	0.425232014986673	0.916666666666667	0.0833333333333333	0	0	0	0.0833333333333333
M17	TSPAN33	12	9060:9071	181.262541846866	2.27082591815346	0.14686756615686	0.425232014986673	0.916666666666667	0.0833333333333333	0	0	0	0.0833333333333333
M17	PPARGC1B	12	9060:9071	181.262541846866	2.27082591815346	0.14686756615686	0.425232014986673	0.916666666666667	0.0833333333333333	0	0	0	0.0833333333333333
M17	AR	12	9060:9071	181.262541846866	2.27082591815346	0.14686756615686	0.425232014986673	0.916666666666667	0.0833333333333333	0	0	0	0.0833333333333333
M17	VNN2	12	9060:9071	181.262541846866	2.27082591815346	0.14686756615686	0.425232014986673	0.916666666666667	0.0833333333333333	0	0	0	0.0833333333333333
M17	MMP10	12	9060:9071	181.262541846866	2.27082591815346	0.14686756615686	0.425232014986673	0.916666666666667	0.0833333333333333	0	0	0	0.0833333333333333
M17	AC002511.2	12	9060:9071	181.262541846866	2.27082591815346	0.14686756615686	0.425232014986673	0.916666666666667	0.0833333333333333	0	0	0	0.0833333333333333
M32	SERBP1P1	10	9072:9081	20.8569112632213	3.53796134386827	0.0964827705981012	0.585316816631121	0.7	0.1	0	0.2	0	0
M32	RPL21P10	10	9072:9081	20.8569112632213	3.53796134386827	0.0964827705981012	0.585316816631121	0.7	0.1	0	0.2	0	0
M32	METTL21A	10	9072:9081	20.8569112632213	3.53796134386827	0.0964827705981012	0.585316816631121	0.7	0.1	0	0.2	0	0
M32	SMG9	10	9072:9081	20.8569112632213	3.53796134386827	0.0964827705981012	0.585316816631121	0.7	0.1	0	0.2	0	0
M32	RP11-499P20.2	10	9072:9081	20.8569112632213	3.53796134386827	0.0964827705981012	0.585316816631121	0.7	0.1	0	0.2	0	0
M32	IL1RN	10	9072:9081	20.8569112632213	3.53796134386827	0.0964827705981012	0.585316816631121	0.7	0.1	0	0.2	0	0
M32	RP11-986E7.7	10	9072:9081	20.8569112632213	3.53796134386827	0.0964827705981012	0.585316816631121	0.7	0.1	0	0.2	0	0
M32	MAPT	10	9072:9081	20.8569112632213	3.53796134386827	0.0964827705981012	0.585316816631121	0.7	0.1	0	0.2	0	0
M32	KCNMB1	10	9072:9081	20.8569112632213	3.53796134386827	0.0964827705981012	0.585316816631121	0.7	0.1	0	0.2	0	0
M32	KCNJ6	10	9072:9081	20.8569112632213	3.53796134386827	0.0964827705981012	0.585316816631121	0.7	0.1	0	0.2	0	0
M18	NSUN5P1	12	9082:9093	20.582219766742	3.12439793591206	0.117889658608991	0.464497915727303	0.5	0.166666666666667	0.0833333333333333	0.25	0	0.0833333333333333
M18	ZNF320	12	9082:9093	20.582219766742	3.12439793591206	0.117889658608991	0.464497915727303	0.5	0.166666666666667	0.0833333333333333	0.25	0	0.0833333333333333
M18	FLJ42102	12	9082:9093	20.582219766742	3.12439793591206	0.117889658608991	0.464497915727303	0.5	0.166666666666667	0.0833333333333333	0.25	0	0.0833333333333333
M18	LRRC74B	12	9082:9093	20.582219766742	3.12439793591206	0.117889658608991	0.464497915727303	0.5	0.166666666666667	0.0833333333333333	0.25	0	0.0833333333333333
M18	RP11-197N18.8	12	9082:9093	20.582219766742	3.12439793591206	0.117889658608991	0.464497915727303	0.5	0.166666666666667	0.0833333333333333	0.25	0	0.0833333333333333
M18	FAM32BP	12	9082:9093	20.582219766742	3.12439793591206	0.117889658608991	0.464497915727303	0.5	0.166666666666667	0.0833333333333333	0.25	0	0.0833333333333333
M18	CDS2	12	9082:9093	20.582219766742	3.12439793591206	0.117889658608991	0.464497915727303	0.5	0.166666666666667	0.0833333333333333	0.25	0	0.0833333333333333
M18	RP11-106D4.2	12	9082:9093	20.582219766742	3.12439793591206	0.117889658608991	0.464497915727303	0.5	0.166666666666667	0.0833333333333333	0.25	0	0.0833333333333333
M18	DGAT2	12	9082:9093	20.582219766742	3.12439793591206	0.117889658608991	0.464497915727303	0.5	0.166666666666667	0.0833333333333333	0.25	0	0.0833333333333333
M18	NOS1	12	9082:9093	20.582219766742	3.12439793591206	0.117889658608991	0.464497915727303	0.5	0.166666666666667	0.0833333333333333	0.25	0	0.0833333333333333
M18	RN7SL483P	12	9082:9093	20.582219766742	3.12439793591206	0.117889658608991	0.464497915727303	0.5	0.166666666666667	0.0833333333333333	0.25	0	0.0833333333333333
M18	KCNC4	12	9082:9093	20.582219766742	3.12439793591206	0.117889658608991	0.464497915727303	0.5	0.166666666666667	0.0833333333333333	0.25	0	0.0833333333333333
M4	NR2F1	17	9094:9110	293.556016736474	1.8875027548776	0.168044665669953	0.610885293868451	1	0	0	0	0	0.117647058823529
M4	VCAM1	17	9094:9110	293.556016736474	1.8875027548776	0.168044665669953	0.610885293868451	1	0	0	0	0	0.117647058823529
M4	FGF7	17	9094:9110	293.556016736474	1.8875027548776	0.168044665669953	0.610885293868451	1	0	0	0	0	0.117647058823529
M4	TNC	17	9094:9110	293.556016736474	1.8875027548776	0.168044665669953	0.610885293868451	1	0	0	0	0	0.117647058823529
M4	ABI3BP	17	9094:9110	293.556016736474	1.8875027548776	0.168044665669953	0.610885293868451	1	0	0	0	0	0.117647058823529
M4	CDH6	17	9094:9110	293.556016736474	1.8875027548776	0.168044665669953	0.610885293868451	1	0	0	0	0	0.117647058823529
M4	ADAM28	17	9094:9110	293.556016736474	1.8875027548776	0.168044665669953	0.610885293868451	1	0	0	0	0	0.117647058823529
M4	SRPX	17	9094:9110	293.556016736474	1.8875027548776	0.168044665669953	0.610885293868451	1	0	0	0	0	0.117647058823529
M4	PCDH7	17	9094:9110	293.556016736474	1.8875027548776	0.168044665669953	0.610885293868451	1	0	0	0	0	0.117647058823529
M4	MDGA2	17	9094:9110	293.556016736474	1.8875027548776	0.168044665669953	0.610885293868451	1	0	0	0	0	0.117647058823529
M4	PID1	17	9094:9110	293.556016736474	1.8875027548776	0.168044665669953	0.610885293868451	1	0	0	0	0	0.117647058823529
M4	PPIC	17	9094:9110	293.556016736474	1.8875027548776	0.168044665669953	0.610885293868451	1	0	0	0	0	0.117647058823529
M4	C1QTNF7	17	9094:9110	293.556016736474	1.8875027548776	0.168044665669953	0.610885293868451	1	0	0	0	0	0.117647058823529
M4	COL21A1	17	9094:9110	293.556016736474	1.8875027548776	0.168044665669953	0.610885293868451	1	0	0	0	0	0.117647058823529
M4	SH3BP4	17	9094:9110	293.556016736474	1.8875027548776	0.168044665669953	0.610885293868451	1	0	0	0	0	0.117647058823529
M4	PRDM6	17	9094:9110	293.556016736474	1.8875027548776	0.168044665669953	0.610885293868451	1	0	0	0	0	0.117647058823529
M4	FBLN1	17	9094:9110	293.556016736474	1.8875027548776	0.168044665669953	0.610885293868451	1	0	0	0	0	0.117647058823529
M8	CORO1C	16	9111:9126	173.998866514328	1.67836719940832	0.166200831300629	0.40092377198955	1	0	0	0	0	0
M8	TPM4	16	9111:9126	173.998866514328	1.67836719940832	0.166200831300629	0.40092377198955	1	0	0	0	0	0
M8	ACTA2	16	9111:9126	173.998866514328	1.67836719940832	0.166200831300629	0.40092377198955	1	0	0	0	0	0
M8	MYOCD	16	9111:9126	173.998866514328	1.67836719940832	0.166200831300629	0.40092377198955	1	0	0	0	0	0
M8	PDLIM3	16	9111:9126	173.998866514328	1.67836719940832	0.166200831300629	0.40092377198955	1	0	0	0	0	0
M8	VCL	16	9111:9126	173.998866514328	1.67836719940832	0.166200831300629	0.40092377198955	1	0	0	0	0	0
M8	COL12A1	16	9111:9126	173.998866514328	1.67836719940832	0.166200831300629	0.40092377198955	1	0	0	0	0	0
M8	LMOD1	16	9111:9126	173.998866514328	1.67836719940832	0.166200831300629	0.40092377198955	1	0	0	0	0	0
M8	FHL1	16	9111:9126	173.998866514328	1.67836719940832	0.166200831300629	0.40092377198955	1	0	0	0	0	0
M8	TPM1	16	9111:9126	173.998866514328	1.67836719940832	0.166200831300629	0.40092377198955	1	0	0	0	0	0
M8	COL6A3	16	9111:9126	173.998866514328	1.67836719940832	0.166200831300629	0.40092377198955	1	0	0	0	0	0
M8	PLS3	16	9111:9126	173.998866514328	1.67836719940832	0.166200831300629	0.40092377198955	1	0	0	0	0	0
M8	DPYSL3	16	9111:9126	173.998866514328	1.67836719940832	0.166200831300629	0.40092377198955	1	0	0	0	0	0
M8	VAT1L	16	9111:9126	173.998866514328	1.67836719940832	0.166200831300629	0.40092377198955	1	0	0	0	0	0
M8	PTRF	16	9111:9126	173.998866514328	1.67836719940832	0.166200831300629	0.40092377198955	1	0	0	0	0	0
M8	GBP1	16	9111:9126	173.998866514328	1.67836719940832	0.166200831300629	0.40092377198955	1	0	0	0	0	0
M33	NHS	10	9127:9136	93.1282634850834	2.20132353102972	0.113667313992231	1.13453902855049	0.6	0	0	0.4	0	0.1
M33	CTD-3092A11.3	10	9127:9136	93.1282634850834	2.20132353102972	0.113667313992231	1.13453902855049	0.6	0	0	0.4	0	0.1
M33	RP11-632K20.2	10	9127:9136	93.1282634850834	2.20132353102972	0.113667313992231	1.13453902855049	0.6	0	0	0.4	0	0.1
M33	RABGAP1L	10	9127:9136	93.1282634850834	2.20132353102972	0.113667313992231	1.13453902855049	0.6	0	0	0.4	0	0.1
M33	LDB1	10	9127:9136	93.1282634850834	2.20132353102972	0.113667313992231	1.13453902855049	0.6	0	0	0.4	0	0.1
M33	BCLAF1P2	10	9127:9136	93.1282634850834	2.20132353102972	0.113667313992231	1.13453902855049	0.6	0	0	0.4	0	0.1
M33	PCDH9	10	9127:9136	93.1282634850834	2.20132353102972	0.113667313992231	1.13453902855049	0.6	0	0	0.4	0	0.1
M33	ABCG2	10	9127:9136	93.1282634850834	2.20132353102972	0.113667313992231	1.13453902855049	0.6	0	0	0.4	0	0.1
M33	BCLAF1	10	9127:9136	93.1282634850834	2.20132353102972	0.113667313992231	1.13453902855049	0.6	0	0	0.4	0	0.1
M33	BCLAF1P1	10	9127:9136	93.1282634850834	2.20132353102972	0.113667313992231	1.13453902855049	0.6	0	0	0.4	0	0.1
M34	TXNIP	10	9137:9146	463.027697681363	1.06868598234076	0.136192375810495	0.769441116795399	0.6	0	0	0.4	0	0.1
M34	PNRC1	10	9137:9146	463.027697681363	1.06868598234076	0.136192375810495	0.769441116795399	0.6	0	0	0.4	0	0.1
M34	H3F3C	10	9137:9146	463.027697681363	1.06868598234076	0.136192375810495	0.769441116795399	0.6	0	0	0.4	0	0.1
M34	UBBP4	10	9137:9146	463.027697681363	1.06868598234076	0.136192375810495	0.769441116795399	0.6	0	0	0.4	0	0.1
M34	ZFP36L1	10	9137:9146	463.027697681363	1.06868598234076	0.136192375810495	0.769441116795399	0.6	0	0	0.4	0	0.1
M34	RPL5P34	10	9137:9146	463.027697681363	1.06868598234076	0.136192375810495	0.769441116795399	0.6	0	0	0.4	0	0.1
M34	RPS7P11	10	9137:9146	463.027697681363	1.06868598234076	0.136192375810495	0.769441116795399	0.6	0	0	0.4	0	0.1
M34	H3F3B	10	9137:9146	463.027697681363	1.06868598234076	0.136192375810495	0.769441116795399	0.6	0	0	0.4	0	0.1
M34	RPS7	10	9137:9146	463.027697681363	1.06868598234076	0.136192375810495	0.769441116795399	0.6	0	0	0.4	0	0.1
M34	RPS7P1	10	9137:9146	463.027697681363	1.06868598234076	0.136192375810495	0.769441116795399	0.6	0	0	0.4	0	0.1
M3	RN7SL832P	18	9147:9164	121.693144969648	2.23752076210255	0.185350466537135	0.303256998062854	0.888888888888889	0.111111111111111	0	0	0	0.111111111111111
M3	UBE2S	18	9147:9164	121.693144969648	2.23752076210255	0.185350466537135	0.303256998062854	0.888888888888889	0.111111111111111	0	0	0	0.111111111111111
M3	CCNL1	18	9147:9164	121.693144969648	2.23752076210255	0.185350466537135	0.303256998062854	0.888888888888889	0.111111111111111	0	0	0	0.111111111111111
M3	DDX3X	18	9147:9164	121.693144969648	2.23752076210255	0.185350466537135	0.303256998062854	0.888888888888889	0.111111111111111	0	0	0	0.111111111111111
M3	PTP4A1	18	9147:9164	121.693144969648	2.23752076210255	0.185350466537135	0.303256998062854	0.888888888888889	0.111111111111111	0	0	0	0.111111111111111
M3	IER5	18	9147:9164	121.693144969648	2.23752076210255	0.185350466537135	0.303256998062854	0.888888888888889	0.111111111111111	0	0	0	0.111111111111111
M3	BTG2	18	9147:9164	121.693144969648	2.23752076210255	0.185350466537135	0.303256998062854	0.888888888888889	0.111111111111111	0	0	0	0.111111111111111
M3	ARL4D	18	9147:9164	121.693144969648	2.23752076210255	0.185350466537135	0.303256998062854	0.888888888888889	0.111111111111111	0	0	0	0.111111111111111
M3	EGR2	18	9147:9164	121.693144969648	2.23752076210255	0.185350466537135	0.303256998062854	0.888888888888889	0.111111111111111	0	0	0	0.111111111111111
M3	TOB1	18	9147:9164	121.693144969648	2.23752076210255	0.185350466537135	0.303256998062854	0.888888888888889	0.111111111111111	0	0	0	0.111111111111111
M3	AC116366.6	18	9147:9164	121.693144969648	2.23752076210255	0.185350466537135	0.303256998062854	0.888888888888889	0.111111111111111	0	0	0	0.111111111111111
M3	IRF1	18	9147:9164	121.693144969648	2.23752076210255	0.185350466537135	0.303256998062854	0.888888888888889	0.111111111111111	0	0	0	0.111111111111111
M3	SLC38A2	18	9147:9164	121.693144969648	2.23752076210255	0.185350466537135	0.303256998062854	0.888888888888889	0.111111111111111	0	0	0	0.111111111111111
M3	NFKBIA	18	9147:9164	121.693144969648	2.23752076210255	0.185350466537135	0.303256998062854	0.888888888888889	0.111111111111111	0	0	0	0.111111111111111
M3	CDKN1A	18	9147:9164	121.693144969648	2.23752076210255	0.185350466537135	0.303256998062854	0.888888888888889	0.111111111111111	0	0	0	0.111111111111111
M3	KLHL15	18	9147:9164	121.693144969648	2.23752076210255	0.185350466537135	0.303256998062854	0.888888888888889	0.111111111111111	0	0	0	0.111111111111111
M3	PCF11	18	9147:9164	121.693144969648	2.23752076210255	0.185350466537135	0.303256998062854	0.888888888888889	0.111111111111111	0	0	0	0.111111111111111
M3	EIF5	18	9147:9164	121.693144969648	2.23752076210255	0.185350466537135	0.303256998062854	0.888888888888889	0.111111111111111	0	0	0	0.111111111111111
M19	SPTY2D1	12	9165:9176	180.606204351466	1.67445929487545	0.132951045002509	0.414390265896268	0.916666666666667	0.0833333333333333	0	0	0	0
M19	FUS	12	9165:9176	180.606204351466	1.67445929487545	0.132951045002509	0.414390265896268	0.916666666666667	0.0833333333333333	0	0	0	0
M19	SNHG1	12	9165:9176	180.606204351466	1.67445929487545	0.132951045002509	0.414390265896268	0.916666666666667	0.0833333333333333	0	0	0	0
M19	RGAG4	12	9165:9176	180.606204351466	1.67445929487545	0.132951045002509	0.414390265896268	0.916666666666667	0.0833333333333333	0	0	0	0
M19	PLK2	12	9165:9176	180.606204351466	1.67445929487545	0.132951045002509	0.414390265896268	0.916666666666667	0.0833333333333333	0	0	0	0
M19	HEXIM1	12	9165:9176	180.606204351466	1.67445929487545	0.132951045002509	0.414390265896268	0.916666666666667	0.0833333333333333	0	0	0	0
M19	NABP1	12	9165:9176	180.606204351466	1.67445929487545	0.132951045002509	0.414390265896268	0.916666666666667	0.0833333333333333	0	0	0	0
M19	ATP1A1	12	9165:9176	180.606204351466	1.67445929487545	0.132951045002509	0.414390265896268	0.916666666666667	0.0833333333333333	0	0	0	0
M19	EIF4A2	12	9165:9176	180.606204351466	1.67445929487545	0.132951045002509	0.414390265896268	0.916666666666667	0.0833333333333333	0	0	0	0
M19	IVNS1ABP	12	9165:9176	180.606204351466	1.67445929487545	0.132951045002509	0.414390265896268	0.916666666666667	0.0833333333333333	0	0	0	0
M19	UAP1	12	9165:9176	180.606204351466	1.67445929487545	0.132951045002509	0.414390265896268	0.916666666666667	0.0833333333333333	0	0	0	0
M19	AMD1	12	9165:9176	180.606204351466	1.67445929487545	0.132951045002509	0.414390265896268	0.916666666666667	0.0833333333333333	0	0	0	0
M13	EIF4A3	13	9177:9189	679.554814590953	1.16705995332755	0.194640856139879	0.448332182699143	0.923076923076923	0	0	0.0769230769230769	0	0.153846153846154
M13	TUBA1A	13	9177:9189	679.554814590953	1.16705995332755	0.194640856139879	0.448332182699143	0.923076923076923	0	0	0.0769230769230769	0	0.153846153846154
M13	TCEAL9	13	9177:9189	679.554814590953	1.16705995332755	0.194640856139879	0.448332182699143	0.923076923076923	0	0	0.0769230769230769	0	0.153846153846154
M13	CLK1	13	9177:9189	679.554814590953	1.16705995332755	0.194640856139879	0.448332182699143	0.923076923076923	0	0	0.0769230769230769	0	0.153846153846154
M13	HSPA8	13	9177:9189	679.554814590953	1.16705995332755	0.194640856139879	0.448332182699143	0.923076923076923	0	0	0.0769230769230769	0	0.153846153846154
M13	DNAJA1	13	9177:9189	679.554814590953	1.16705995332755	0.194640856139879	0.448332182699143	0.923076923076923	0	0	0.0769230769230769	0	0.153846153846154
M13	ATF4	13	9177:9189	679.554814590953	1.16705995332755	0.194640856139879	0.448332182699143	0.923076923076923	0	0	0.0769230769230769	0	0.153846153846154
M13	BAG3	13	9177:9189	679.554814590953	1.16705995332755	0.194640856139879	0.448332182699143	0.923076923076923	0	0	0.0769230769230769	0	0.153846153846154
M13	ADAMTS1	13	9177:9189	679.554814590953	1.16705995332755	0.194640856139879	0.448332182699143	0.923076923076923	0	0	0.0769230769230769	0	0.153846153846154
M13	JUND	13	9177:9189	679.554814590953	1.16705995332755	0.194640856139879	0.448332182699143	0.923076923076923	0	0	0.0769230769230769	0	0.153846153846154
M13	HSP90AA2P	13	9177:9189	679.554814590953	1.16705995332755	0.194640856139879	0.448332182699143	0.923076923076923	0	0	0.0769230769230769	0	0.153846153846154
M13	SRSF7	13	9177:9189	679.554814590953	1.16705995332755	0.194640856139879	0.448332182699143	0.923076923076923	0	0	0.0769230769230769	0	0.153846153846154
M13	HSP90AA1	13	9177:9189	679.554814590953	1.16705995332755	0.194640856139879	0.448332182699143	0.923076923076923	0	0	0.0769230769230769	0	0.153846153846154
M9	EGR3	15	9190:9204	306.234467894409	1.6542732005792	0.205844398814187	0.332192241777382	1	0	0	0	0	0.2
M9	UBC	15	9190:9204	306.234467894409	1.6542732005792	0.205844398814187	0.332192241777382	1	0	0	0	0	0.2
M9	ATF3	15	9190:9204	306.234467894409	1.6542732005792	0.205844398814187	0.332192241777382	1	0	0	0	0	0.2
M9	JUNB	15	9190:9204	306.234467894409	1.6542732005792	0.205844398814187	0.332192241777382	1	0	0	0	0	0.2
M9	SRSF3	15	9190:9204	306.234467894409	1.6542732005792	0.205844398814187	0.332192241777382	1	0	0	0	0	0.2
M9	MORF4L2	15	9190:9204	306.234467894409	1.6542732005792	0.205844398814187	0.332192241777382	1	0	0	0	0	0.2
M9	TPI1	15	9190:9204	306.234467894409	1.6542732005792	0.205844398814187	0.332192241777382	1	0	0	0	0	0.2
M9	DDX5	15	9190:9204	306.234467894409	1.6542732005792	0.205844398814187	0.332192241777382	1	0	0	0	0	0.2
M9	RHOB	15	9190:9204	306.234467894409	1.6542732005792	0.205844398814187	0.332192241777382	1	0	0	0	0	0.2
M9	DNAJB1	15	9190:9204	306.234467894409	1.6542732005792	0.205844398814187	0.332192241777382	1	0	0	0	0	0.2
M9	CALM1	15	9190:9204	306.234467894409	1.6542732005792	0.205844398814187	0.332192241777382	1	0	0	0	0	0.2
M9	HSPE1	15	9190:9204	306.234467894409	1.6542732005792	0.205844398814187	0.332192241777382	1	0	0	0	0	0.2
M9	NFKBIZ	15	9190:9204	306.234467894409	1.6542732005792	0.205844398814187	0.332192241777382	1	0	0	0	0	0.2
M9	DUSP5	15	9190:9204	306.234467894409	1.6542732005792	0.205844398814187	0.332192241777382	1	0	0	0	0	0.2
M9	EIF1	15	9190:9204	306.234467894409	1.6542732005792	0.205844398814187	0.332192241777382	1	0	0	0	0	0.2
M1	GADD45B	25	9205:9229	969.886532493131	1.85856273518647	0.310830160234159	0.425683711189016	0.96	0.04	0	0	0	0.28
M1	KLF4	25	9205:9229	969.886532493131	1.85856273518647	0.310830160234159	0.425683711189016	0.96	0.04	0	0	0	0.28
M1	SOCS3	25	9205:9229	969.886532493131	1.85856273518647	0.310830160234159	0.425683711189016	0.96	0.04	0	0	0	0.28
M1	MAFF	25	9205:9229	969.886532493131	1.85856273518647	0.310830160234159	0.425683711189016	0.96	0.04	0	0	0	0.28
M1	IER2	25	9205:9229	969.886532493131	1.85856273518647	0.310830160234159	0.425683711189016	0.96	0.04	0	0	0	0.28
M1	CYR61	25	9205:9229	969.886532493131	1.85856273518647	0.310830160234159	0.425683711189016	0.96	0.04	0	0	0	0.28
M1	IER3	25	9205:9229	969.886532493131	1.85856273518647	0.310830160234159	0.425683711189016	0.96	0.04	0	0	0	0.28
M1	JUN	25	9205:9229	969.886532493131	1.85856273518647	0.310830160234159	0.425683711189016	0.96	0.04	0	0	0	0.28
M1	DUSP1	25	9205:9229	969.886532493131	1.85856273518647	0.310830160234159	0.425683711189016	0.96	0.04	0	0	0	0.28
M1	HSPA1A	25	9205:9229	969.886532493131	1.85856273518647	0.310830160234159	0.425683711189016	0.96	0.04	0	0	0	0.28
M1	HSPA1B	25	9205:9229	969.886532493131	1.85856273518647	0.310830160234159	0.425683711189016	0.96	0.04	0	0	0	0.28
M1	CTD-3252C9.4	25	9205:9229	969.886532493131	1.85856273518647	0.310830160234159	0.425683711189016	0.96	0.04	0	0	0	0.28
M1	ZFP36	25	9205:9229	969.886532493131	1.85856273518647	0.310830160234159	0.425683711189016	0.96	0.04	0	0	0	0.28
M1	HSPH1	25	9205:9229	969.886532493131	1.85856273518647	0.310830160234159	0.425683711189016	0.96	0.04	0	0	0	0.28
M1	PPP1R15A	25	9205:9229	969.886532493131	1.85856273518647	0.310830160234159	0.425683711189016	0.96	0.04	0	0	0	0.28
M1	EGR1	25	9205:9229	969.886532493131	1.85856273518647	0.310830160234159	0.425683711189016	0.96	0.04	0	0	0	0.28
M1	CSRNP1	25	9205:9229	969.886532493131	1.85856273518647	0.310830160234159	0.425683711189016	0.96	0.04	0	0	0	0.28
M1	HSP90AB1	25	9205:9229	969.886532493131	1.85856273518647	0.310830160234159	0.425683711189016	0.96	0.04	0	0	0	0.28
M1	MCL1	25	9205:9229	969.886532493131	1.85856273518647	0.310830160234159	0.425683711189016	0.96	0.04	0	0	0	0.28
M1	UBB	25	9205:9229	969.886532493131	1.85856273518647	0.310830160234159	0.425683711189016	0.96	0.04	0	0	0	0.28
M1	TUBB4B	25	9205:9229	969.886532493131	1.85856273518647	0.310830160234159	0.425683711189016	0.96	0.04	0	0	0	0.28
M1	TCP1	25	9205:9229	969.886532493131	1.85856273518647	0.310830160234159	0.425683711189016	0.96	0.04	0	0	0	0.28
M1	ADM	25	9205:9229	969.886532493131	1.85856273518647	0.310830160234159	0.425683711189016	0.96	0.04	0	0	0	0.28
M1	FOS	25	9205:9229	969.886532493131	1.85856273518647	0.310830160234159	0.425683711189016	0.96	0.04	0	0	0	0.28
M1	FOSB	25	9205:9229	969.886532493131	1.85856273518647	0.310830160234159	0.425683711189016	0.96	0.04	0	0	0	0.28
M5	EEF1A1P5	17	9230:9246	810.197733602405	1.00009116676741	0.210525913500699	0.552345313621194	0.294117647058824	0	0.117647058823529	0.588235294117647	0	0
M5	EEF1A1P6	17	9230:9246	810.197733602405	1.00009116676741	0.210525913500699	0.552345313621194	0.294117647058824	0	0.117647058823529	0.588235294117647	0	0
M5	HNRNPA1P48	17	9230:9246	810.197733602405	1.00009116676741	0.210525913500699	0.552345313621194	0.294117647058824	0	0.117647058823529	0.588235294117647	0	0
M5	MIR1244-3	17	9230:9246	810.197733602405	1.00009116676741	0.210525913500699	0.552345313621194	0.294117647058824	0	0.117647058823529	0.588235294117647	0	0
M5	EEF1A1P11	17	9230:9246	810.197733602405	1.00009116676741	0.210525913500699	0.552345313621194	0.294117647058824	0	0.117647058823529	0.588235294117647	0	0
M5	HNRNPA1	17	9230:9246	810.197733602405	1.00009116676741	0.210525913500699	0.552345313621194	0.294117647058824	0	0.117647058823529	0.588235294117647	0	0
M5	RPL7	17	9230:9246	810.197733602405	1.00009116676741	0.210525913500699	0.552345313621194	0.294117647058824	0	0.117647058823529	0.588235294117647	0	0
M5	RPL7P32	17	9230:9246	810.197733602405	1.00009116676741	0.210525913500699	0.552345313621194	0.294117647058824	0	0.117647058823529	0.588235294117647	0	0
M5	EIF1AXP1	17	9230:9246	810.197733602405	1.00009116676741	0.210525913500699	0.552345313621194	0.294117647058824	0	0.117647058823529	0.588235294117647	0	0
M5	MIR1244-2	17	9230:9246	810.197733602405	1.00009116676741	0.210525913500699	0.552345313621194	0.294117647058824	0	0.117647058823529	0.588235294117647	0	0
M5	EIF1AX	17	9230:9246	810.197733602405	1.00009116676741	0.210525913500699	0.552345313621194	0.294117647058824	0	0.117647058823529	0.588235294117647	0	0
M5	RPL7P9	17	9230:9246	810.197733602405	1.00009116676741	0.210525913500699	0.552345313621194	0.294117647058824	0	0.117647058823529	0.588235294117647	0	0
M5	HNRNPA1L2	17	9230:9246	810.197733602405	1.00009116676741	0.210525913500699	0.552345313621194	0.294117647058824	0	0.117647058823529	0.588235294117647	0	0
M5	PTMAP5	17	9230:9246	810.197733602405	1.00009116676741	0.210525913500699	0.552345313621194	0.294117647058824	0	0.117647058823529	0.588235294117647	0	0
M5	RPL7P23	17	9230:9246	810.197733602405	1.00009116676741	0.210525913500699	0.552345313621194	0.294117647058824	0	0.117647058823529	0.588235294117647	0	0
M5	RPL7P1	17	9230:9246	810.197733602405	1.00009116676741	0.210525913500699	0.552345313621194	0.294117647058824	0	0.117647058823529	0.588235294117647	0	0
M5	EEF1A1	17	9230:9246	810.197733602405	1.00009116676741	0.210525913500699	0.552345313621194	0.294117647058824	0	0.117647058823529	0.588235294117647	0	0
M23	RPL14	11	9247:9257	1317.13507441237	0.694134836646904	0.201804675235991	0.665406016307529	0.636363636363636	0	0	0.363636363636364	0	0
M23	RPL9	11	9247:9257	1317.13507441237	0.694134836646904	0.201804675235991	0.665406016307529	0.636363636363636	0	0	0.363636363636364	0	0
M23	RPL9P9	11	9247:9257	1317.13507441237	0.694134836646904	0.201804675235991	0.665406016307529	0.636363636363636	0	0	0.363636363636364	0	0
M23	RPL10A	11	9247:9257	1317.13507441237	0.694134836646904	0.201804675235991	0.665406016307529	0.636363636363636	0	0	0.363636363636364	0	0
M23	RPL5	11	9247:9257	1317.13507441237	0.694134836646904	0.201804675235991	0.665406016307529	0.636363636363636	0	0	0.363636363636364	0	0
M23	RPL35A	11	9247:9257	1317.13507441237	0.694134836646904	0.201804675235991	0.665406016307529	0.636363636363636	0	0	0.363636363636364	0	0
M23	RPL14P1	11	9247:9257	1317.13507441237	0.694134836646904	0.201804675235991	0.665406016307529	0.636363636363636	0	0	0.363636363636364	0	0
M23	RPL10AP6	11	9247:9257	1317.13507441237	0.694134836646904	0.201804675235991	0.665406016307529	0.636363636363636	0	0	0.363636363636364	0	0
M23	NAP1L1	11	9247:9257	1317.13507441237	0.694134836646904	0.201804675235991	0.665406016307529	0.636363636363636	0	0	0.363636363636364	0	0
M23	RPL4	11	9247:9257	1317.13507441237	0.694134836646904	0.201804675235991	0.665406016307529	0.636363636363636	0	0	0.363636363636364	0	0
M23	RPL10AP2	11	9247:9257	1317.13507441237	0.694134836646904	0.201804675235991	0.665406016307529	0.636363636363636	0	0	0.363636363636364	0	0
M24	RPL27A	11	9258:9268	1145.6749896844	0.613964240814051	0.225943612531916	0.337016950705232	0.909090909090909	0	0	0.0909090909090909	0	0
M24	RPS8	11	9258:9268	1145.6749896844	0.613964240814051	0.225943612531916	0.337016950705232	0.909090909090909	0	0	0.0909090909090909	0	0
M24	RPL3P4	11	9258:9268	1145.6749896844	0.613964240814051	0.225943612531916	0.337016950705232	0.909090909090909	0	0	0.0909090909090909	0	0
M24	RPLP2	11	9258:9268	1145.6749896844	0.613964240814051	0.225943612531916	0.337016950705232	0.909090909090909	0	0	0.0909090909090909	0	0
M24	RPLP1	11	9258:9268	1145.6749896844	0.613964240814051	0.225943612531916	0.337016950705232	0.909090909090909	0	0	0.0909090909090909	0	0
M24	GLTSCR2	11	9258:9268	1145.6749896844	0.613964240814051	0.225943612531916	0.337016950705232	0.909090909090909	0	0	0.0909090909090909	0	0
M24	RPL27	11	9258:9268	1145.6749896844	0.613964240814051	0.225943612531916	0.337016950705232	0.909090909090909	0	0	0.0909090909090909	0	0
M24	RPL3	11	9258:9268	1145.6749896844	0.613964240814051	0.225943612531916	0.337016950705232	0.909090909090909	0	0	0.0909090909090909	0	0
M24	RPL26	11	9258:9268	1145.6749896844	0.613964240814051	0.225943612531916	0.337016950705232	0.909090909090909	0	0	0.0909090909090909	0	0
M24	TPT1	11	9258:9268	1145.6749896844	0.613964240814051	0.225943612531916	0.337016950705232	0.909090909090909	0	0	0.0909090909090909	0	0
M24	RPS6	11	9258:9268	1145.6749896844	0.613964240814051	0.225943612531916	0.337016950705232	0.909090909090909	0	0	0.0909090909090909	0	0
M35	NT5C3B	10	9269:9278	85.4623894989012	2.26048985084386	0.0716297138412956	0.707103643735255	1	0	0	0	0	0.1
M35	BLMH	10	9269:9278	85.4623894989012	2.26048985084386	0.0716297138412956	0.707103643735255	1	0	0	0	0	0.1
M35	MYL12A	10	9269:9278	85.4623894989012	2.26048985084386	0.0716297138412956	0.707103643735255	1	0	0	0	0	0.1
M35	THAP4	10	9269:9278	85.4623894989012	2.26048985084386	0.0716297138412956	0.707103643735255	1	0	0	0	0	0.1
M35	RNF181	10	9269:9278	85.4623894989012	2.26048985084386	0.0716297138412956	0.707103643735255	1	0	0	0	0	0.1
M35	AIMP1	10	9269:9278	85.4623894989012	2.26048985084386	0.0716297138412956	0.707103643735255	1	0	0	0	0	0.1
M35	PROSER1	10	9269:9278	85.4623894989012	2.26048985084386	0.0716297138412956	0.707103643735255	1	0	0	0	0	0.1
M35	GNPAT	10	9269:9278	85.4623894989012	2.26048985084386	0.0716297138412956	0.707103643735255	1	0	0	0	0	0.1
M35	EFCAB13	10	9269:9278	85.4623894989012	2.26048985084386	0.0716297138412956	0.707103643735255	1	0	0	0	0	0.1
M35	EXOC2	10	9269:9278	85.4623894989012	2.26048985084386	0.0716297138412956	0.707103643735255	1	0	0	0	0	0.1
M14	POFUT2	13	9279:9291	1093.30215008551	0.922314978064728	0.169022045775722	0.356104218288721	1	0	0	0	0	0.0769230769230769
M14	YIPF3	13	9279:9291	1093.30215008551	0.922314978064728	0.169022045775722	0.356104218288721	1	0	0	0	0	0.0769230769230769
M14	TMSB10	13	9279:9291	1093.30215008551	0.922314978064728	0.169022045775722	0.356104218288721	1	0	0	0	0	0.0769230769230769
M14	MYL6	13	9279:9291	1093.30215008551	0.922314978064728	0.169022045775722	0.356104218288721	1	0	0	0	0	0.0769230769230769
M14	UBL5	13	9279:9291	1093.30215008551	0.922314978064728	0.169022045775722	0.356104218288721	1	0	0	0	0	0.0769230769230769
M14	ILF2	13	9279:9291	1093.30215008551	0.922314978064728	0.169022045775722	0.356104218288721	1	0	0	0	0	0.0769230769230769
M14	MAP4	13	9279:9291	1093.30215008551	0.922314978064728	0.169022045775722	0.356104218288721	1	0	0	0	0	0.0769230769230769
M14	NEDD8	13	9279:9291	1093.30215008551	0.922314978064728	0.169022045775722	0.356104218288721	1	0	0	0	0	0.0769230769230769
M14	PARK7	13	9279:9291	1093.30215008551	0.922314978064728	0.169022045775722	0.356104218288721	1	0	0	0	0	0.0769230769230769
M14	CD63	13	9279:9291	1093.30215008551	0.922314978064728	0.169022045775722	0.356104218288721	1	0	0	0	0	0.0769230769230769
M14	OLFML3	13	9279:9291	1093.30215008551	0.922314978064728	0.169022045775722	0.356104218288721	1	0	0	0	0	0.0769230769230769
M14	SSRP1	13	9279:9291	1093.30215008551	0.922314978064728	0.169022045775722	0.356104218288721	1	0	0	0	0	0.0769230769230769
M14	CKAP4	13	9279:9291	1093.30215008551	0.922314978064728	0.169022045775722	0.356104218288721	1	0	0	0	0	0.0769230769230769
M15	WARS	13	9292:9304	193.815838462159	2.34346273026174	0.139609347435679	0.493924580051582	1	0	0	0	0	0
M15	MAMDC2	13	9292:9304	193.815838462159	2.34346273026174	0.139609347435679	0.493924580051582	1	0	0	0	0	0
M15	FILIP1L	13	9292:9304	193.815838462159	2.34346273026174	0.139609347435679	0.493924580051582	1	0	0	0	0	0
M15	HS3ST3B1	13	9292:9304	193.815838462159	2.34346273026174	0.139609347435679	0.493924580051582	1	0	0	0	0	0
M15	EFEMP1	13	9292:9304	193.815838462159	2.34346273026174	0.139609347435679	0.493924580051582	1	0	0	0	0	0
M15	AK5	13	9292:9304	193.815838462159	2.34346273026174	0.139609347435679	0.493924580051582	1	0	0	0	0	0
M15	PLAU	13	9292:9304	193.815838462159	2.34346273026174	0.139609347435679	0.493924580051582	1	0	0	0	0	0
M15	CSMD3	13	9292:9304	193.815838462159	2.34346273026174	0.139609347435679	0.493924580051582	1	0	0	0	0	0
M15	PTGS1	13	9292:9304	193.815838462159	2.34346273026174	0.139609347435679	0.493924580051582	1	0	0	0	0	0
M15	HLA-C	13	9292:9304	193.815838462159	2.34346273026174	0.139609347435679	0.493924580051582	1	0	0	0	0	0
M15	HLA-B	13	9292:9304	193.815838462159	2.34346273026174	0.139609347435679	0.493924580051582	1	0	0	0	0	0
M15	RBP1	13	9292:9304	193.815838462159	2.34346273026174	0.139609347435679	0.493924580051582	1	0	0	0	0	0
M15	CDH13	13	9292:9304	193.815838462159	2.34346273026174	0.139609347435679	0.493924580051582	1	0	0	0	0	0
M25	TGFBI	11	9305:9315	459.544076818123	1.83576829687928	0.164909435174997	0.50780681832354	1	0	0	0	0	0
M25	IGFBP3	11	9305:9315	459.544076818123	1.83576829687928	0.164909435174997	0.50780681832354	1	0	0	0	0	0
M25	CTSC	11	9305:9315	459.544076818123	1.83576829687928	0.164909435174997	0.50780681832354	1	0	0	0	0	0
M25	FEZ1	11	9305:9315	459.544076818123	1.83576829687928	0.164909435174997	0.50780681832354	1	0	0	0	0	0
M25	FRMD6	11	9305:9315	459.544076818123	1.83576829687928	0.164909435174997	0.50780681832354	1	0	0	0	0	0
M25	MXRA5	11	9305:9315	459.544076818123	1.83576829687928	0.164909435174997	0.50780681832354	1	0	0	0	0	0
M25	IGFBP7	11	9305:9315	459.544076818123	1.83576829687928	0.164909435174997	0.50780681832354	1	0	0	0	0	0
M25	DPP4	11	9305:9315	459.544076818123	1.83576829687928	0.164909435174997	0.50780681832354	1	0	0	0	0	0
M25	GPC4	11	9305:9315	459.544076818123	1.83576829687928	0.164909435174997	0.50780681832354	1	0	0	0	0	0
M25	SPARC	11	9305:9315	459.544076818123	1.83576829687928	0.164909435174997	0.50780681832354	1	0	0	0	0	0
M25	PDE1C	11	9305:9315	459.544076818123	1.83576829687928	0.164909435174997	0.50780681832354	1	0	0	0	0	0
M36	RYR1	10	9316:9325	19.5289847261617	3.82536990729681	0.107820428776671	0.511070278215298	0.6	0	0.1	0.3	0	0
M36	NRP1	10	9316:9325	19.5289847261617	3.82536990729681	0.107820428776671	0.511070278215298	0.6	0	0.1	0.3	0	0
M36	KANK1	10	9316:9325	19.5289847261617	3.82536990729681	0.107820428776671	0.511070278215298	0.6	0	0.1	0.3	0	0
M36	GOLGA2P5	10	9316:9325	19.5289847261617	3.82536990729681	0.107820428776671	0.511070278215298	0.6	0	0.1	0.3	0	0
M36	RP13-228J13.8	10	9316:9325	19.5289847261617	3.82536990729681	0.107820428776671	0.511070278215298	0.6	0	0.1	0.3	0	0
M36	ARHGAP26	10	9316:9325	19.5289847261617	3.82536990729681	0.107820428776671	0.511070278215298	0.6	0	0.1	0.3	0	0
M36	TG	10	9316:9325	19.5289847261617	3.82536990729681	0.107820428776671	0.511070278215298	0.6	0	0.1	0.3	0	0
M36	PTK2B	10	9316:9325	19.5289847261617	3.82536990729681	0.107820428776671	0.511070278215298	0.6	0	0.1	0.3	0	0
M36	USP32P2	10	9316:9325	19.5289847261617	3.82536990729681	0.107820428776671	0.511070278215298	0.6	0	0.1	0.3	0	0
M36	RNA5SP89	10	9316:9325	19.5289847261617	3.82536990729681	0.107820428776671	0.511070278215298	0.6	0	0.1	0.3	0	0
M20	TMC5	12	9326:9337	22.8148487868101	3.27125089047189	0.106832824714642	0.480673511145341	0.583333333333333	0.416666666666667	0	0	0	0
M20	CPS1	12	9326:9337	22.8148487868101	3.27125089047189	0.106832824714642	0.480673511145341	0.583333333333333	0.416666666666667	0	0	0	0
M20	EMCN	12	9326:9337	22.8148487868101	3.27125089047189	0.106832824714642	0.480673511145341	0.583333333333333	0.416666666666667	0	0	0	0
M20	C8orf17	12	9326:9337	22.8148487868101	3.27125089047189	0.106832824714642	0.480673511145341	0.583333333333333	0.416666666666667	0	0	0	0
M20	ZSWIM8	12	9326:9337	22.8148487868101	3.27125089047189	0.106832824714642	0.480673511145341	0.583333333333333	0.416666666666667	0	0	0	0
M20	HCK	12	9326:9337	22.8148487868101	3.27125089047189	0.106832824714642	0.480673511145341	0.583333333333333	0.416666666666667	0	0	0	0
M20	RP11-692C24.1	12	9326:9337	22.8148487868101	3.27125089047189	0.106832824714642	0.480673511145341	0.583333333333333	0.416666666666667	0	0	0	0
M20	MYO15A	12	9326:9337	22.8148487868101	3.27125089047189	0.106832824714642	0.480673511145341	0.583333333333333	0.416666666666667	0	0	0	0
M20	RP11-85I17.2	12	9326:9337	22.8148487868101	3.27125089047189	0.106832824714642	0.480673511145341	0.583333333333333	0.416666666666667	0	0	0	0
M20	RP11-640L9.2	12	9326:9337	22.8148487868101	3.27125089047189	0.106832824714642	0.480673511145341	0.583333333333333	0.416666666666667	0	0	0	0
M20	RP11-230F18.5	12	9326:9337	22.8148487868101	3.27125089047189	0.106832824714642	0.480673511145341	0.583333333333333	0.416666666666667	0	0	0	0
M20	RILPL1	12	9326:9337	22.8148487868101	3.27125089047189	0.106832824714642	0.480673511145341	0.583333333333333	0.416666666666667	0	0	0	0
M37	FMN2	10	9338:9347	32.4371063587175	2.83573654036761	0.111617402105874	0.514428990979673	0.6	0.2	0	0.2	0	0
M37	EEF1DP6	10	9338:9347	32.4371063587175	2.83573654036761	0.111617402105874	0.514428990979673	0.6	0.2	0	0.2	0	0
M37	LRRC69	10	9338:9347	32.4371063587175	2.83573654036761	0.111617402105874	0.514428990979673	0.6	0.2	0	0.2	0	0
M37	CACNA1A	10	9338:9347	32.4371063587175	2.83573654036761	0.111617402105874	0.514428990979673	0.6	0.2	0	0.2	0	0
M37	FRY	10	9338:9347	32.4371063587175	2.83573654036761	0.111617402105874	0.514428990979673	0.6	0.2	0	0.2	0	0
M37	RP11-360N9.2	10	9338:9347	32.4371063587175	2.83573654036761	0.111617402105874	0.514428990979673	0.6	0.2	0	0.2	0	0
M37	COX7CP1	10	9338:9347	32.4371063587175	2.83573654036761	0.111617402105874	0.514428990979673	0.6	0.2	0	0.2	0	0
M37	ATP8B1	10	9338:9347	32.4371063587175	2.83573654036761	0.111617402105874	0.514428990979673	0.6	0.2	0	0.2	0	0
M37	DNAH6	10	9338:9347	32.4371063587175	2.83573654036761	0.111617402105874	0.514428990979673	0.6	0.2	0	0.2	0	0
M37	RP5-1043L3.1	10	9338:9347	32.4371063587175	2.83573654036761	0.111617402105874	0.514428990979673	0.6	0.2	0	0.2	0	0
M10	TCOF1	15	9348:9362	42.9681089177669	3.25451405793342	0.107566555224042	0.483123722153412	0.6	0.266666666666667	0	0.133333333333333	0	0.133333333333333
M10	OSER1-AS1	15	9348:9362	42.9681089177669	3.25451405793342	0.107566555224042	0.483123722153412	0.6	0.266666666666667	0	0.133333333333333	0	0.133333333333333
M10	RP11-247I13.6	15	9348:9362	42.9681089177669	3.25451405793342	0.107566555224042	0.483123722153412	0.6	0.266666666666667	0	0.133333333333333	0	0.133333333333333
M10	RNF157	15	9348:9362	42.9681089177669	3.25451405793342	0.107566555224042	0.483123722153412	0.6	0.266666666666667	0	0.133333333333333	0	0.133333333333333
M10	TGM4	15	9348:9362	42.9681089177669	3.25451405793342	0.107566555224042	0.483123722153412	0.6	0.266666666666667	0	0.133333333333333	0	0.133333333333333
M10	HM13	15	9348:9362	42.9681089177669	3.25451405793342	0.107566555224042	0.483123722153412	0.6	0.266666666666667	0	0.133333333333333	0	0.133333333333333
M10	C2orf48	15	9348:9362	42.9681089177669	3.25451405793342	0.107566555224042	0.483123722153412	0.6	0.266666666666667	0	0.133333333333333	0	0.133333333333333
M10	EBF2	15	9348:9362	42.9681089177669	3.25451405793342	0.107566555224042	0.483123722153412	0.6	0.266666666666667	0	0.133333333333333	0	0.133333333333333
M10	AC004951.6	15	9348:9362	42.9681089177669	3.25451405793342	0.107566555224042	0.483123722153412	0.6	0.266666666666667	0	0.133333333333333	0	0.133333333333333
M10	KIAA2012	15	9348:9362	42.9681089177669	3.25451405793342	0.107566555224042	0.483123722153412	0.6	0.266666666666667	0	0.133333333333333	0	0.133333333333333
M10	AC004893.11	15	9348:9362	42.9681089177669	3.25451405793342	0.107566555224042	0.483123722153412	0.6	0.266666666666667	0	0.133333333333333	0	0.133333333333333
M10	ZNF440	15	9348:9362	42.9681089177669	3.25451405793342	0.107566555224042	0.483123722153412	0.6	0.266666666666667	0	0.133333333333333	0	0.133333333333333
M10	ANKRD44	15	9348:9362	42.9681089177669	3.25451405793342	0.107566555224042	0.483123722153412	0.6	0.266666666666667	0	0.133333333333333	0	0.133333333333333
M10	RPS5P2	15	9348:9362	42.9681089177669	3.25451405793342	0.107566555224042	0.483123722153412	0.6	0.266666666666667	0	0.133333333333333	0	0.133333333333333
M10	RIMS2	15	9348:9362	42.9681089177669	3.25451405793342	0.107566555224042	0.483123722153412	0.6	0.266666666666667	0	0.133333333333333	0	0.133333333333333
M2	RPS24	22	9363:9384	1145.22048015926	0.635609653018044	0.248122908610812	0.378785148738668	0.863636363636364	0	0	0.136363636363636	0	0
M2	RPL31	22	9363:9384	1145.22048015926	0.635609653018044	0.248122908610812	0.378785148738668	0.863636363636364	0	0	0.136363636363636	0	0
M2	RPL23	22	9363:9384	1145.22048015926	0.635609653018044	0.248122908610812	0.378785148738668	0.863636363636364	0	0	0.136363636363636	0	0
M2	RPL19	22	9363:9384	1145.22048015926	0.635609653018044	0.248122908610812	0.378785148738668	0.863636363636364	0	0	0.136363636363636	0	0
M2	RPL37A	22	9363:9384	1145.22048015926	0.635609653018044	0.248122908610812	0.378785148738668	0.863636363636364	0	0	0.136363636363636	0	0
M2	RPL8	22	9363:9384	1145.22048015926	0.635609653018044	0.248122908610812	0.378785148738668	0.863636363636364	0	0	0.136363636363636	0	0
M2	RPS12	22	9363:9384	1145.22048015926	0.635609653018044	0.248122908610812	0.378785148738668	0.863636363636364	0	0	0.136363636363636	0	0
M2	RPL34	22	9363:9384	1145.22048015926	0.635609653018044	0.248122908610812	0.378785148738668	0.863636363636364	0	0	0.136363636363636	0	0
M2	RPS17	22	9363:9384	1145.22048015926	0.635609653018044	0.248122908610812	0.378785148738668	0.863636363636364	0	0	0.136363636363636	0	0
M2	RPS20	22	9363:9384	1145.22048015926	0.635609653018044	0.248122908610812	0.378785148738668	0.863636363636364	0	0	0.136363636363636	0	0
M2	RPL11	22	9363:9384	1145.22048015926	0.635609653018044	0.248122908610812	0.378785148738668	0.863636363636364	0	0	0.136363636363636	0	0
M2	RPS3	22	9363:9384	1145.22048015926	0.635609653018044	0.248122908610812	0.378785148738668	0.863636363636364	0	0	0.136363636363636	0	0
M2	RPL13AP7	22	9363:9384	1145.22048015926	0.635609653018044	0.248122908610812	0.378785148738668	0.863636363636364	0	0	0.136363636363636	0	0
M2	RPL13AP5	22	9363:9384	1145.22048015926	0.635609653018044	0.248122908610812	0.378785148738668	0.863636363636364	0	0	0.136363636363636	0	0
M2	RPL13AP25	22	9363:9384	1145.22048015926	0.635609653018044	0.248122908610812	0.378785148738668	0.863636363636364	0	0	0.136363636363636	0	0
M2	RPL13A	22	9363:9384	1145.22048015926	0.635609653018044	0.248122908610812	0.378785148738668	0.863636363636364	0	0	0.136363636363636	0	0
M2	RPS11	22	9363:9384	1145.22048015926	0.635609653018044	0.248122908610812	0.378785148738668	0.863636363636364	0	0	0.136363636363636	0	0
M2	RPL22	22	9363:9384	1145.22048015926	0.635609653018044	0.248122908610812	0.378785148738668	0.863636363636364	0	0	0.136363636363636	0	0
M2	NACA	22	9363:9384	1145.22048015926	0.635609653018044	0.248122908610812	0.378785148738668	0.863636363636364	0	0	0.136363636363636	0	0
M2	COX6C	22	9363:9384	1145.22048015926	0.635609653018044	0.248122908610812	0.378785148738668	0.863636363636364	0	0	0.136363636363636	0	0
M2	RPS21	22	9363:9384	1145.22048015926	0.635609653018044	0.248122908610812	0.378785148738668	0.863636363636364	0	0	0.136363636363636	0	0
M2	RPS16	22	9363:9384	1145.22048015926	0.635609653018044	0.248122908610812	0.378785148738668	0.863636363636364	0	0	0.136363636363636	0	0
M21	CDCA7	12	9385:9396	167.554852019905	2.50115450657228	0.185412703383269	0.357628424000514	0.916666666666667	0	0	0.0833333333333333	0	0
M21	GINS2	12	9385:9396	167.554852019905	2.50115450657228	0.185412703383269	0.357628424000514	0.916666666666667	0	0	0.0833333333333333	0	0
M21	MCM3	12	9385:9396	167.554852019905	2.50115450657228	0.185412703383269	0.357628424000514	0.916666666666667	0	0	0.0833333333333333	0	0
M21	TUBA1B	12	9385:9396	167.554852019905	2.50115450657228	0.185412703383269	0.357628424000514	0.916666666666667	0	0	0.0833333333333333	0	0
M21	TYMS	12	9385:9396	167.554852019905	2.50115450657228	0.185412703383269	0.357628424000514	0.916666666666667	0	0	0.0833333333333333	0	0
M21	CHEK1	12	9385:9396	167.554852019905	2.50115450657228	0.185412703383269	0.357628424000514	0.916666666666667	0	0	0.0833333333333333	0	0
M21	AC022182.2	12	9385:9396	167.554852019905	2.50115450657228	0.185412703383269	0.357628424000514	0.916666666666667	0	0	0.0833333333333333	0	0
M21	MCM6	12	9385:9396	167.554852019905	2.50115450657228	0.185412703383269	0.357628424000514	0.916666666666667	0	0	0.0833333333333333	0	0
M21	MCM5	12	9385:9396	167.554852019905	2.50115450657228	0.185412703383269	0.357628424000514	0.916666666666667	0	0	0.0833333333333333	0	0
M21	NASP	12	9385:9396	167.554852019905	2.50115450657228	0.185412703383269	0.357628424000514	0.916666666666667	0	0	0.0833333333333333	0	0
M21	KNTC1	12	9385:9396	167.554852019905	2.50115450657228	0.185412703383269	0.357628424000514	0.916666666666667	0	0	0.0833333333333333	0	0
M21	TIMELESS	12	9385:9396	167.554852019905	2.50115450657228	0.185412703383269	0.357628424000514	0.916666666666667	0	0	0.0833333333333333	0	0
