cluster	gene	size	boundary	avgExpr	cvExpr	avgCor	cvCor	protein_coding	lncRNA	sncRNA	pseudogene	Ig/TcR	tf
M31	MEG3	11	8716:8726	519.007293745832	1.24083221578113	0.0975043702635799	0.596093581653553	0.818181818181818	0.181818181818182	0	0	0	0.0909090909090909
M31	RUFY2	11	8716:8726	519.007293745832	1.24083221578113	0.0975043702635799	0.596093581653553	0.818181818181818	0.181818181818182	0	0	0	0.0909090909090909
M31	WWP1	11	8716:8726	519.007293745832	1.24083221578113	0.0975043702635799	0.596093581653553	0.818181818181818	0.181818181818182	0	0	0	0.0909090909090909
M31	WSB1	11	8716:8726	519.007293745832	1.24083221578113	0.0975043702635799	0.596093581653553	0.818181818181818	0.181818181818182	0	0	0	0.0909090909090909
M31	KCNQ1OT1	11	8716:8726	519.007293745832	1.24083221578113	0.0975043702635799	0.596093581653553	0.818181818181818	0.181818181818182	0	0	0	0.0909090909090909
M31	GPATCH8	11	8716:8726	519.007293745832	1.24083221578113	0.0975043702635799	0.596093581653553	0.818181818181818	0.181818181818182	0	0	0	0.0909090909090909
M31	LRCH3	11	8716:8726	519.007293745832	1.24083221578113	0.0975043702635799	0.596093581653553	0.818181818181818	0.181818181818182	0	0	0	0.0909090909090909
M31	HIF3A	11	8716:8726	519.007293745832	1.24083221578113	0.0975043702635799	0.596093581653553	0.818181818181818	0.181818181818182	0	0	0	0.0909090909090909
M31	KLHL24	11	8716:8726	519.007293745832	1.24083221578113	0.0975043702635799	0.596093581653553	0.818181818181818	0.181818181818182	0	0	0	0.0909090909090909
M31	NKTR	11	8716:8726	519.007293745832	1.24083221578113	0.0975043702635799	0.596093581653553	0.818181818181818	0.181818181818182	0	0	0	0.0909090909090909
M31	LTBP4	11	8716:8726	519.007293745832	1.24083221578113	0.0975043702635799	0.596093581653553	0.818181818181818	0.181818181818182	0	0	0	0.0909090909090909
M13	PID1	14	8727:8740	71.5101495337359	2.28313205844981	0.115492525813543	0.411194707991582	1	0	0	0	0	0.0714285714285714
M13	COL24A1	14	8727:8740	71.5101495337359	2.28313205844981	0.115492525813543	0.411194707991582	1	0	0	0	0	0.0714285714285714
M13	C1QTNF7	14	8727:8740	71.5101495337359	2.28313205844981	0.115492525813543	0.411194707991582	1	0	0	0	0	0.0714285714285714
M13	RERG	14	8727:8740	71.5101495337359	2.28313205844981	0.115492525813543	0.411194707991582	1	0	0	0	0	0.0714285714285714
M13	MEIS2	14	8727:8740	71.5101495337359	2.28313205844981	0.115492525813543	0.411194707991582	1	0	0	0	0	0.0714285714285714
M13	DPYSL3	14	8727:8740	71.5101495337359	2.28313205844981	0.115492525813543	0.411194707991582	1	0	0	0	0	0.0714285714285714
M13	GPC3	14	8727:8740	71.5101495337359	2.28313205844981	0.115492525813543	0.411194707991582	1	0	0	0	0	0.0714285714285714
M13	MDGA2	14	8727:8740	71.5101495337359	2.28313205844981	0.115492525813543	0.411194707991582	1	0	0	0	0	0.0714285714285714
M13	TIAM1	14	8727:8740	71.5101495337359	2.28313205844981	0.115492525813543	0.411194707991582	1	0	0	0	0	0.0714285714285714
M13	FREM1	14	8727:8740	71.5101495337359	2.28313205844981	0.115492525813543	0.411194707991582	1	0	0	0	0	0.0714285714285714
M13	SAMD5	14	8727:8740	71.5101495337359	2.28313205844981	0.115492525813543	0.411194707991582	1	0	0	0	0	0.0714285714285714
M13	PPIC	14	8727:8740	71.5101495337359	2.28313205844981	0.115492525813543	0.411194707991582	1	0	0	0	0	0.0714285714285714
M13	ABCA6	14	8727:8740	71.5101495337359	2.28313205844981	0.115492525813543	0.411194707991582	1	0	0	0	0	0.0714285714285714
M13	COL6A5	14	8727:8740	71.5101495337359	2.28313205844981	0.115492525813543	0.411194707991582	1	0	0	0	0	0.0714285714285714
M8	MT-CO3	16	8741:8756	2033.00174691766	0.957195924384309	0.253886609491875	0.534307065786376	0.6875	0	0.125	0.1875	0	0
M8	MT-RNR1	16	8741:8756	2033.00174691766	0.957195924384309	0.253886609491875	0.534307065786376	0.6875	0	0.125	0.1875	0	0
M8	MT-CO2	16	8741:8756	2033.00174691766	0.957195924384309	0.253886609491875	0.534307065786376	0.6875	0	0.125	0.1875	0	0
M8	MT-ND1	16	8741:8756	2033.00174691766	0.957195924384309	0.253886609491875	0.534307065786376	0.6875	0	0.125	0.1875	0	0
M8	MT-CO1	16	8741:8756	2033.00174691766	0.957195924384309	0.253886609491875	0.534307065786376	0.6875	0	0.125	0.1875	0	0
M8	MT-CYB	16	8741:8756	2033.00174691766	0.957195924384309	0.253886609491875	0.534307065786376	0.6875	0	0.125	0.1875	0	0
M8	MT-ND3	16	8741:8756	2033.00174691766	0.957195924384309	0.253886609491875	0.534307065786376	0.6875	0	0.125	0.1875	0	0
M8	MT-RNR2	16	8741:8756	2033.00174691766	0.957195924384309	0.253886609491875	0.534307065786376	0.6875	0	0.125	0.1875	0	0
M8	MTCO1P12	16	8741:8756	2033.00174691766	0.957195924384309	0.253886609491875	0.534307065786376	0.6875	0	0.125	0.1875	0	0
M8	MT-ND2	16	8741:8756	2033.00174691766	0.957195924384309	0.253886609491875	0.534307065786376	0.6875	0	0.125	0.1875	0	0
M8	MT-ATP6	16	8741:8756	2033.00174691766	0.957195924384309	0.253886609491875	0.534307065786376	0.6875	0	0.125	0.1875	0	0
M8	MTND1P23	16	8741:8756	2033.00174691766	0.957195924384309	0.253886609491875	0.534307065786376	0.6875	0	0.125	0.1875	0	0
M8	MTND2P28	16	8741:8756	2033.00174691766	0.957195924384309	0.253886609491875	0.534307065786376	0.6875	0	0.125	0.1875	0	0
M8	MTRNR2L12	16	8741:8756	2033.00174691766	0.957195924384309	0.253886609491875	0.534307065786376	0.6875	0	0.125	0.1875	0	0
M8	MT-ND4	16	8741:8756	2033.00174691766	0.957195924384309	0.253886609491875	0.534307065786376	0.6875	0	0.125	0.1875	0	0
M8	MT-ND5	16	8741:8756	2033.00174691766	0.957195924384309	0.253886609491875	0.534307065786376	0.6875	0	0.125	0.1875	0	0
M5	SLITRK6	17	8757:8773	1290.57951542598	0.922859397305309	0.13942453469065	0.599708991225889	1	0	0	0	0	0
M5	FAT4	17	8757:8773	1290.57951542598	0.922859397305309	0.13942453469065	0.599708991225889	1	0	0	0	0	0
M5	FBN1	17	8757:8773	1290.57951542598	0.922859397305309	0.13942453469065	0.599708991225889	1	0	0	0	0	0
M5	SPARC	17	8757:8773	1290.57951542598	0.922859397305309	0.13942453469065	0.599708991225889	1	0	0	0	0	0
M5	COL4A1	17	8757:8773	1290.57951542598	0.922859397305309	0.13942453469065	0.599708991225889	1	0	0	0	0	0
M5	ADGRL3	17	8757:8773	1290.57951542598	0.922859397305309	0.13942453469065	0.599708991225889	1	0	0	0	0	0
M5	PCDH18	17	8757:8773	1290.57951542598	0.922859397305309	0.13942453469065	0.599708991225889	1	0	0	0	0	0
M5	NLGN4X	17	8757:8773	1290.57951542598	0.922859397305309	0.13942453469065	0.599708991225889	1	0	0	0	0	0
M5	COL1A2	17	8757:8773	1290.57951542598	0.922859397305309	0.13942453469065	0.599708991225889	1	0	0	0	0	0
M5	CYBRD1	17	8757:8773	1290.57951542598	0.922859397305309	0.13942453469065	0.599708991225889	1	0	0	0	0	0
M5	NID1	17	8757:8773	1290.57951542598	0.922859397305309	0.13942453469065	0.599708991225889	1	0	0	0	0	0
M5	AHNAK	17	8757:8773	1290.57951542598	0.922859397305309	0.13942453469065	0.599708991225889	1	0	0	0	0	0
M5	COL1A1	17	8757:8773	1290.57951542598	0.922859397305309	0.13942453469065	0.599708991225889	1	0	0	0	0	0
M5	FAT1	17	8757:8773	1290.57951542598	0.922859397305309	0.13942453469065	0.599708991225889	1	0	0	0	0	0
M5	CALU	17	8757:8773	1290.57951542598	0.922859397305309	0.13942453469065	0.599708991225889	1	0	0	0	0	0
M5	COL5A2	17	8757:8773	1290.57951542598	0.922859397305309	0.13942453469065	0.599708991225889	1	0	0	0	0	0
M5	COL3A1	17	8757:8773	1290.57951542598	0.922859397305309	0.13942453469065	0.599708991225889	1	0	0	0	0	0
M41	LOX	10	8774:8783	77.2539607940098	1.89429709450712	0.0998597670342551	0.383443897967006	1	0	0	0	0	0
M41	LPAR1	10	8774:8783	77.2539607940098	1.89429709450712	0.0998597670342551	0.383443897967006	1	0	0	0	0	0
M41	RFTN1	10	8774:8783	77.2539607940098	1.89429709450712	0.0998597670342551	0.383443897967006	1	0	0	0	0	0
M41	NCKAP5	10	8774:8783	77.2539607940098	1.89429709450712	0.0998597670342551	0.383443897967006	1	0	0	0	0	0
M41	SVEP1	10	8774:8783	77.2539607940098	1.89429709450712	0.0998597670342551	0.383443897967006	1	0	0	0	0	0
M41	SUN1	10	8774:8783	77.2539607940098	1.89429709450712	0.0998597670342551	0.383443897967006	1	0	0	0	0	0
M41	STOM	10	8774:8783	77.2539607940098	1.89429709450712	0.0998597670342551	0.383443897967006	1	0	0	0	0	0
M41	DPP4	10	8774:8783	77.2539607940098	1.89429709450712	0.0998597670342551	0.383443897967006	1	0	0	0	0	0
M41	LIFR	10	8774:8783	77.2539607940098	1.89429709450712	0.0998597670342551	0.383443897967006	1	0	0	0	0	0
M41	OSBPL10	10	8774:8783	77.2539607940098	1.89429709450712	0.0998597670342551	0.383443897967006	1	0	0	0	0	0
M21	MYO1B	12	8784:8795	284.298347298691	1.44204085005769	0.106736586155356	0.460885387906198	1	0	0	0	0	0.25
M21	NELFE	12	8784:8795	284.298347298691	1.44204085005769	0.106736586155356	0.460885387906198	1	0	0	0	0	0.25
M21	AHR	12	8784:8795	284.298347298691	1.44204085005769	0.106736586155356	0.460885387906198	1	0	0	0	0	0.25
M21	CDH11	12	8784:8795	284.298347298691	1.44204085005769	0.106736586155356	0.460885387906198	1	0	0	0	0	0.25
M21	COL14A1	12	8784:8795	284.298347298691	1.44204085005769	0.106736586155356	0.460885387906198	1	0	0	0	0	0.25
M21	ZEB2	12	8784:8795	284.298347298691	1.44204085005769	0.106736586155356	0.460885387906198	1	0	0	0	0	0.25
M21	NR2F2	12	8784:8795	284.298347298691	1.44204085005769	0.106736586155356	0.460885387906198	1	0	0	0	0	0.25
M21	PTPRK	12	8784:8795	284.298347298691	1.44204085005769	0.106736586155356	0.460885387906198	1	0	0	0	0	0.25
M21	ROBO1	12	8784:8795	284.298347298691	1.44204085005769	0.106736586155356	0.460885387906198	1	0	0	0	0	0.25
M21	MARCKS	12	8784:8795	284.298347298691	1.44204085005769	0.106736586155356	0.460885387906198	1	0	0	0	0	0.25
M21	PLOD2	12	8784:8795	284.298347298691	1.44204085005769	0.106736586155356	0.460885387906198	1	0	0	0	0	0.25
M21	LAMA2	12	8784:8795	284.298347298691	1.44204085005769	0.106736586155356	0.460885387906198	1	0	0	0	0	0.25
M4	WNT2B	18	8796:8813	515.485616311577	1.7311880773826	0.126483471158932	0.525328413667801	1	0	0	0	0	0
M4	ITGB8	18	8796:8813	515.485616311577	1.7311880773826	0.126483471158932	0.525328413667801	1	0	0	0	0	0
M4	NEO1	18	8796:8813	515.485616311577	1.7311880773826	0.126483471158932	0.525328413667801	1	0	0	0	0	0
M4	CHD3	18	8796:8813	515.485616311577	1.7311880773826	0.126483471158932	0.525328413667801	1	0	0	0	0	0
M4	RGL1	18	8796:8813	515.485616311577	1.7311880773826	0.126483471158932	0.525328413667801	1	0	0	0	0	0
M4	ROBO2	18	8796:8813	515.485616311577	1.7311880773826	0.126483471158932	0.525328413667801	1	0	0	0	0	0
M4	C1QTNF3	18	8796:8813	515.485616311577	1.7311880773826	0.126483471158932	0.525328413667801	1	0	0	0	0	0
M4	DDR2	18	8796:8813	515.485616311577	1.7311880773826	0.126483471158932	0.525328413667801	1	0	0	0	0	0
M4	VCAM1	18	8796:8813	515.485616311577	1.7311880773826	0.126483471158932	0.525328413667801	1	0	0	0	0	0
M4	ABI3BP	18	8796:8813	515.485616311577	1.7311880773826	0.126483471158932	0.525328413667801	1	0	0	0	0	0
M4	CNTNAP3	18	8796:8813	515.485616311577	1.7311880773826	0.126483471158932	0.525328413667801	1	0	0	0	0	0
M4	SH3BP4	18	8796:8813	515.485616311577	1.7311880773826	0.126483471158932	0.525328413667801	1	0	0	0	0	0
M4	CNTNAP3B	18	8796:8813	515.485616311577	1.7311880773826	0.126483471158932	0.525328413667801	1	0	0	0	0	0
M4	FHL1	18	8796:8813	515.485616311577	1.7311880773826	0.126483471158932	0.525328413667801	1	0	0	0	0	0
M4	ZNF106	18	8796:8813	515.485616311577	1.7311880773826	0.126483471158932	0.525328413667801	1	0	0	0	0	0
M4	FBLN1	18	8796:8813	515.485616311577	1.7311880773826	0.126483471158932	0.525328413667801	1	0	0	0	0	0
M4	SLIT3	18	8796:8813	515.485616311577	1.7311880773826	0.126483471158932	0.525328413667801	1	0	0	0	0	0
M4	FN1	18	8796:8813	515.485616311577	1.7311880773826	0.126483471158932	0.525328413667801	1	0	0	0	0	0
M22	TGFBI	12	8814:8825	402.789385151599	1.83429322269427	0.163684056180894	0.322745250817744	1	0	0	0	0	0
M22	OLFML3	12	8814:8825	402.789385151599	1.83429322269427	0.163684056180894	0.322745250817744	1	0	0	0	0	0
M22	PSAP	12	8814:8825	402.789385151599	1.83429322269427	0.163684056180894	0.322745250817744	1	0	0	0	0	0
M22	FSTL1	12	8814:8825	402.789385151599	1.83429322269427	0.163684056180894	0.322745250817744	1	0	0	0	0	0
M22	C1R	12	8814:8825	402.789385151599	1.83429322269427	0.163684056180894	0.322745250817744	1	0	0	0	0	0
M22	IFI6	12	8814:8825	402.789385151599	1.83429322269427	0.163684056180894	0.322745250817744	1	0	0	0	0	0
M22	IGFBP7	12	8814:8825	402.789385151599	1.83429322269427	0.163684056180894	0.322745250817744	1	0	0	0	0	0
M22	FMOD	12	8814:8825	402.789385151599	1.83429322269427	0.163684056180894	0.322745250817744	1	0	0	0	0	0
M22	GPC4	12	8814:8825	402.789385151599	1.83429322269427	0.163684056180894	0.322745250817744	1	0	0	0	0	0
M22	GUCY1B3	12	8814:8825	402.789385151599	1.83429322269427	0.163684056180894	0.322745250817744	1	0	0	0	0	0
M22	C1S	12	8814:8825	402.789385151599	1.83429322269427	0.163684056180894	0.322745250817744	1	0	0	0	0	0
M22	GUCY1A3	12	8814:8825	402.789385151599	1.83429322269427	0.163684056180894	0.322745250817744	1	0	0	0	0	0
M42	ASPA	10	8826:8835	241.005924263738	2.19082473609623	0.217322302091431	0.481995506415511	0.9	0.1	0	0	0	0.2
M42	TNC	10	8826:8835	241.005924263738	2.19082473609623	0.217322302091431	0.481995506415511	0.9	0.1	0	0	0	0.2
M42	SRPX	10	8826:8835	241.005924263738	2.19082473609623	0.217322302091431	0.481995506415511	0.9	0.1	0	0	0	0.2
M42	GALNT10	10	8826:8835	241.005924263738	2.19082473609623	0.217322302091431	0.481995506415511	0.9	0.1	0	0	0	0.2
M42	COL21A1	10	8826:8835	241.005924263738	2.19082473609623	0.217322302091431	0.481995506415511	0.9	0.1	0	0	0	0.2
M42	ADAMTSL3	10	8826:8835	241.005924263738	2.19082473609623	0.217322302091431	0.481995506415511	0.9	0.1	0	0	0	0.2
M42	MAF	10	8826:8835	241.005924263738	2.19082473609623	0.217322302091431	0.481995506415511	0.9	0.1	0	0	0	0.2
M42	VIPR2	10	8826:8835	241.005924263738	2.19082473609623	0.217322302091431	0.481995506415511	0.9	0.1	0	0	0	0.2
M42	NR2F1	10	8826:8835	241.005924263738	2.19082473609623	0.217322302091431	0.481995506415511	0.9	0.1	0	0	0	0.2
M42	RP11-715J22.6	10	8826:8835	241.005924263738	2.19082473609623	0.217322302091431	0.481995506415511	0.9	0.1	0	0	0	0.2
M43	NAF1	10	8836:8845	27.7712782206635	3.11579406308787	0.0596363114898371	0.577182652051425	0.9	0.1	0	0	0	0
M43	CTA-29F11.1	10	8836:8845	27.7712782206635	3.11579406308787	0.0596363114898371	0.577182652051425	0.9	0.1	0	0	0	0
M43	CPSF1	10	8836:8845	27.7712782206635	3.11579406308787	0.0596363114898371	0.577182652051425	0.9	0.1	0	0	0	0
M43	BRPF3	10	8836:8845	27.7712782206635	3.11579406308787	0.0596363114898371	0.577182652051425	0.9	0.1	0	0	0	0
M43	BRMS1L	10	8836:8845	27.7712782206635	3.11579406308787	0.0596363114898371	0.577182652051425	0.9	0.1	0	0	0	0
M43	ZDHHC15	10	8836:8845	27.7712782206635	3.11579406308787	0.0596363114898371	0.577182652051425	0.9	0.1	0	0	0	0
M43	HEATR5A	10	8836:8845	27.7712782206635	3.11579406308787	0.0596363114898371	0.577182652051425	0.9	0.1	0	0	0	0
M43	ADAMTS3	10	8836:8845	27.7712782206635	3.11579406308787	0.0596363114898371	0.577182652051425	0.9	0.1	0	0	0	0
M43	CSNK1G1	10	8836:8845	27.7712782206635	3.11579406308787	0.0596363114898371	0.577182652051425	0.9	0.1	0	0	0	0
M43	C4orf33	10	8836:8845	27.7712782206635	3.11579406308787	0.0596363114898371	0.577182652051425	0.9	0.1	0	0	0	0
M44	PRDM2	10	8846:8855	279.057610795879	1.22721659600143	0.0844461803552418	0.409140706190537	1	0	0	0	0	0.2
M44	MED13	10	8846:8855	279.057610795879	1.22721659600143	0.0844461803552418	0.409140706190537	1	0	0	0	0	0.2
M44	RB1CC1	10	8846:8855	279.057610795879	1.22721659600143	0.0844461803552418	0.409140706190537	1	0	0	0	0	0.2
M44	RBFOX2	10	8846:8855	279.057610795879	1.22721659600143	0.0844461803552418	0.409140706190537	1	0	0	0	0	0.2
M44	CHD6	10	8846:8855	279.057610795879	1.22721659600143	0.0844461803552418	0.409140706190537	1	0	0	0	0	0.2
M44	QSER1	10	8846:8855	279.057610795879	1.22721659600143	0.0844461803552418	0.409140706190537	1	0	0	0	0	0.2
M44	TET1	10	8846:8855	279.057610795879	1.22721659600143	0.0844461803552418	0.409140706190537	1	0	0	0	0	0.2
M44	CNOT7	10	8846:8855	279.057610795879	1.22721659600143	0.0844461803552418	0.409140706190537	1	0	0	0	0	0.2
M44	NR3C1	10	8846:8855	279.057610795879	1.22721659600143	0.0844461803552418	0.409140706190537	1	0	0	0	0	0.2
M44	PCM1	10	8846:8855	279.057610795879	1.22721659600143	0.0844461803552418	0.409140706190537	1	0	0	0	0	0.2
M17	TTC3	13	8856:8868	303.876043198948	1.14023255858841	0.0863667059133848	0.505850416169433	1	0	0	0	0	0.230769230769231
M17	TNRC6B	13	8856:8868	303.876043198948	1.14023255858841	0.0863667059133848	0.505850416169433	1	0	0	0	0	0.230769230769231
M17	FBXO11	13	8856:8868	303.876043198948	1.14023255858841	0.0863667059133848	0.505850416169433	1	0	0	0	0	0.230769230769231
M17	SRRM2	13	8856:8868	303.876043198948	1.14023255858841	0.0863667059133848	0.505850416169433	1	0	0	0	0	0.230769230769231
M17	SENP6	13	8856:8868	303.876043198948	1.14023255858841	0.0863667059133848	0.505850416169433	1	0	0	0	0	0.230769230769231
M17	PLEKHH2	13	8856:8868	303.876043198948	1.14023255858841	0.0863667059133848	0.505850416169433	1	0	0	0	0	0.230769230769231
M17	PLAGL1	13	8856:8868	303.876043198948	1.14023255858841	0.0863667059133848	0.505850416169433	1	0	0	0	0	0.230769230769231
M17	KMT2A	13	8856:8868	303.876043198948	1.14023255858841	0.0863667059133848	0.505850416169433	1	0	0	0	0	0.230769230769231
M17	CDC73	13	8856:8868	303.876043198948	1.14023255858841	0.0863667059133848	0.505850416169433	1	0	0	0	0	0.230769230769231
M17	JAK1	13	8856:8868	303.876043198948	1.14023255858841	0.0863667059133848	0.505850416169433	1	0	0	0	0	0.230769230769231
M17	TET2	13	8856:8868	303.876043198948	1.14023255858841	0.0863667059133848	0.505850416169433	1	0	0	0	0	0.230769230769231
M17	SRSF11	13	8856:8868	303.876043198948	1.14023255858841	0.0863667059133848	0.505850416169433	1	0	0	0	0	0.230769230769231
M17	HOXA5	13	8856:8868	303.876043198948	1.14023255858841	0.0863667059133848	0.505850416169433	1	0	0	0	0	0.230769230769231
M12	NBPF14	15	8869:8883	117.787533522072	1.43318540050545	0.191616676031205	0.941574733614677	0.866666666666667	0	0	0.133333333333333	0	0
M12	NBPF11	15	8869:8883	117.787533522072	1.43318540050545	0.191616676031205	0.941574733614677	0.866666666666667	0	0	0.133333333333333	0	0
M12	NBPF19	15	8869:8883	117.787533522072	1.43318540050545	0.191616676031205	0.941574733614677	0.866666666666667	0	0	0.133333333333333	0	0
M12	NBPF9	15	8869:8883	117.787533522072	1.43318540050545	0.191616676031205	0.941574733614677	0.866666666666667	0	0	0.133333333333333	0	0
M12	NBPF8	15	8869:8883	117.787533522072	1.43318540050545	0.191616676031205	0.941574733614677	0.866666666666667	0	0	0.133333333333333	0	0
M12	NBPF20	15	8869:8883	117.787533522072	1.43318540050545	0.191616676031205	0.941574733614677	0.866666666666667	0	0	0.133333333333333	0	0
M12	NBPF10	15	8869:8883	117.787533522072	1.43318540050545	0.191616676031205	0.941574733614677	0.866666666666667	0	0	0.133333333333333	0	0
M12	NBPF26	15	8869:8883	117.787533522072	1.43318540050545	0.191616676031205	0.941574733614677	0.866666666666667	0	0	0.133333333333333	0	0
M12	ICE2	15	8869:8883	117.787533522072	1.43318540050545	0.191616676031205	0.941574733614677	0.866666666666667	0	0	0.133333333333333	0	0
M12	CTR9	15	8869:8883	117.787533522072	1.43318540050545	0.191616676031205	0.941574733614677	0.866666666666667	0	0	0.133333333333333	0	0
M12	SDCCAG8	15	8869:8883	117.787533522072	1.43318540050545	0.191616676031205	0.941574733614677	0.866666666666667	0	0	0.133333333333333	0	0
M12	NBPF12	15	8869:8883	117.787533522072	1.43318540050545	0.191616676031205	0.941574733614677	0.866666666666667	0	0	0.133333333333333	0	0
M12	NBPF25P	15	8869:8883	117.787533522072	1.43318540050545	0.191616676031205	0.941574733614677	0.866666666666667	0	0	0.133333333333333	0	0
M12	NBPF15	15	8869:8883	117.787533522072	1.43318540050545	0.191616676031205	0.941574733614677	0.866666666666667	0	0	0.133333333333333	0	0
M12	PGM3	15	8869:8883	117.787533522072	1.43318540050545	0.191616676031205	0.941574733614677	0.866666666666667	0	0	0.133333333333333	0	0
M32	EIF4B	11	8884:8894	342.446443868235	1.15491731210216	0.120563662892572	1.052144114781	0.727272727272727	0	0	0.272727272727273	0	0.0909090909090909
M32	DCAF7	11	8884:8894	342.446443868235	1.15491731210216	0.120563662892572	1.052144114781	0.727272727272727	0	0	0.272727272727273	0	0.0909090909090909
M32	BAZ2B	11	8884:8894	342.446443868235	1.15491731210216	0.120563662892572	1.052144114781	0.727272727272727	0	0	0.272727272727273	0	0.0909090909090909
M32	EIF4BP6	11	8884:8894	342.446443868235	1.15491731210216	0.120563662892572	1.052144114781	0.727272727272727	0	0	0.272727272727273	0	0.0909090909090909
M32	EIF4G3	11	8884:8894	342.446443868235	1.15491731210216	0.120563662892572	1.052144114781	0.727272727272727	0	0	0.272727272727273	0	0.0909090909090909
M32	FAM13A	11	8884:8894	342.446443868235	1.15491731210216	0.120563662892572	1.052144114781	0.727272727272727	0	0	0.272727272727273	0	0.0909090909090909
M32	EIF4BP7	11	8884:8894	342.446443868235	1.15491731210216	0.120563662892572	1.052144114781	0.727272727272727	0	0	0.272727272727273	0	0.0909090909090909
M32	BPTF	11	8884:8894	342.446443868235	1.15491731210216	0.120563662892572	1.052144114781	0.727272727272727	0	0	0.272727272727273	0	0.0909090909090909
M32	RBMS3	11	8884:8894	342.446443868235	1.15491731210216	0.120563662892572	1.052144114781	0.727272727272727	0	0	0.272727272727273	0	0.0909090909090909
M32	EIF4BP3	11	8884:8894	342.446443868235	1.15491731210216	0.120563662892572	1.052144114781	0.727272727272727	0	0	0.272727272727273	0	0.0909090909090909
M32	MKLN1	11	8884:8894	342.446443868235	1.15491731210216	0.120563662892572	1.052144114781	0.727272727272727	0	0	0.272727272727273	0	0.0909090909090909
M23	LUC7L3	12	8895:8906	289.695060883125	1.25184357669868	0.104559124693235	0.918735925884787	0.916666666666667	0.0833333333333333	0	0	0	0.0833333333333333
M23	FMNL2	12	8895:8906	289.695060883125	1.25184357669868	0.104559124693235	0.918735925884787	0.916666666666667	0.0833333333333333	0	0	0	0.0833333333333333
M23	ANKRD36C	12	8895:8906	289.695060883125	1.25184357669868	0.104559124693235	0.918735925884787	0.916666666666667	0.0833333333333333	0	0	0	0.0833333333333333
M23	HECTD4	12	8895:8906	289.695060883125	1.25184357669868	0.104559124693235	0.918735925884787	0.916666666666667	0.0833333333333333	0	0	0	0.0833333333333333
M23	PLEKHA5	12	8895:8906	289.695060883125	1.25184357669868	0.104559124693235	0.918735925884787	0.916666666666667	0.0833333333333333	0	0	0	0.0833333333333333
M23	ANKRD36B	12	8895:8906	289.695060883125	1.25184357669868	0.104559124693235	0.918735925884787	0.916666666666667	0.0833333333333333	0	0	0	0.0833333333333333
M23	ANKRD36	12	8895:8906	289.695060883125	1.25184357669868	0.104559124693235	0.918735925884787	0.916666666666667	0.0833333333333333	0	0	0	0.0833333333333333
M23	PNISR	12	8895:8906	289.695060883125	1.25184357669868	0.104559124693235	0.918735925884787	0.916666666666667	0.0833333333333333	0	0	0	0.0833333333333333
M23	ADGRA2	12	8895:8906	289.695060883125	1.25184357669868	0.104559124693235	0.918735925884787	0.916666666666667	0.0833333333333333	0	0	0	0.0833333333333333
M23	HOXB3	12	8895:8906	289.695060883125	1.25184357669868	0.104559124693235	0.918735925884787	0.916666666666667	0.0833333333333333	0	0	0	0.0833333333333333
M23	RHOBTB3	12	8895:8906	289.695060883125	1.25184357669868	0.104559124693235	0.918735925884787	0.916666666666667	0.0833333333333333	0	0	0	0.0833333333333333
M23	C5orf66	12	8895:8906	289.695060883125	1.25184357669868	0.104559124693235	0.918735925884787	0.916666666666667	0.0833333333333333	0	0	0	0.0833333333333333
M18	EIF3E	13	8907:8919	377.519550005815	1.01484063973463	0.113523963195198	0.851142370746514	0.692307692307692	0	0	0.307692307692308	0	0.153846153846154
M18	PSMB5	13	8907:8919	377.519550005815	1.01484063973463	0.113523963195198	0.851142370746514	0.692307692307692	0	0	0.307692307692308	0	0.153846153846154
M18	CCNI	13	8907:8919	377.519550005815	1.01484063973463	0.113523963195198	0.851142370746514	0.692307692307692	0	0	0.307692307692308	0	0.153846153846154
M18	RPL15P3	13	8907:8919	377.519550005815	1.01484063973463	0.113523963195198	0.851142370746514	0.692307692307692	0	0	0.307692307692308	0	0.153846153846154
M18	RPL15	13	8907:8919	377.519550005815	1.01484063973463	0.113523963195198	0.851142370746514	0.692307692307692	0	0	0.307692307692308	0	0.153846153846154
M18	LITAF	13	8907:8919	377.519550005815	1.01484063973463	0.113523963195198	0.851142370746514	0.692307692307692	0	0	0.307692307692308	0	0.153846153846154
M18	AC009245.3	13	8907:8919	377.519550005815	1.01484063973463	0.113523963195198	0.851142370746514	0.692307692307692	0	0	0.307692307692308	0	0.153846153846154
M18	MIB1	13	8907:8919	377.519550005815	1.01484063973463	0.113523963195198	0.851142370746514	0.692307692307692	0	0	0.307692307692308	0	0.153846153846154
M18	RPL6	13	8907:8919	377.519550005815	1.01484063973463	0.113523963195198	0.851142370746514	0.692307692307692	0	0	0.307692307692308	0	0.153846153846154
M18	RP11-408P14.1	13	8907:8919	377.519550005815	1.01484063973463	0.113523963195198	0.851142370746514	0.692307692307692	0	0	0.307692307692308	0	0.153846153846154
M18	FOXF1	13	8907:8919	377.519550005815	1.01484063973463	0.113523963195198	0.851142370746514	0.692307692307692	0	0	0.307692307692308	0	0.153846153846154
M18	RPL6P27	13	8907:8919	377.519550005815	1.01484063973463	0.113523963195198	0.851142370746514	0.692307692307692	0	0	0.307692307692308	0	0.153846153846154
M18	GNAS	13	8907:8919	377.519550005815	1.01484063973463	0.113523963195198	0.851142370746514	0.692307692307692	0	0	0.307692307692308	0	0.153846153846154
M33	REV3L	11	8920:8930	290.316161366913	1.08625818722137	0.065602927158548	0.534015144485654	1	0	0	0	0	0.0909090909090909
M33	KMT2E	11	8920:8930	290.316161366913	1.08625818722137	0.065602927158548	0.534015144485654	1	0	0	0	0	0.0909090909090909
M33	SEPT7	11	8920:8930	290.316161366913	1.08625818722137	0.065602927158548	0.534015144485654	1	0	0	0	0	0.0909090909090909
M33	OSBPL8	11	8920:8930	290.316161366913	1.08625818722137	0.065602927158548	0.534015144485654	1	0	0	0	0	0.0909090909090909
M33	ZMYM2	11	8920:8930	290.316161366913	1.08625818722137	0.065602927158548	0.534015144485654	1	0	0	0	0	0.0909090909090909
M33	KDM3B	11	8920:8930	290.316161366913	1.08625818722137	0.065602927158548	0.534015144485654	1	0	0	0	0	0.0909090909090909
M33	FAM120A	11	8920:8930	290.316161366913	1.08625818722137	0.065602927158548	0.534015144485654	1	0	0	0	0	0.0909090909090909
M33	ABI2	11	8920:8930	290.316161366913	1.08625818722137	0.065602927158548	0.534015144485654	1	0	0	0	0	0.0909090909090909
M33	SLC25A36	11	8920:8930	290.316161366913	1.08625818722137	0.065602927158548	0.534015144485654	1	0	0	0	0	0.0909090909090909
M33	NFIB	11	8920:8930	290.316161366913	1.08625818722137	0.065602927158548	0.534015144485654	1	0	0	0	0	0.0909090909090909
M33	RBL2	11	8920:8930	290.316161366913	1.08625818722137	0.065602927158548	0.534015144485654	1	0	0	0	0	0.0909090909090909
M3	RPS3AP47	22	8931:8952	1035.21684952345	0.805595816364526	0.19408813866807	0.530495115517668	0.454545454545455	0	0	0.545454545454545	0	0
M3	RPL27	22	8931:8952	1035.21684952345	0.805595816364526	0.19408813866807	0.530495115517668	0.454545454545455	0	0	0.545454545454545	0	0
M3	HNRNPA1P48	22	8931:8952	1035.21684952345	0.805595816364526	0.19408813866807	0.530495115517668	0.454545454545455	0	0	0.545454545454545	0	0
M3	RPL26	22	8931:8952	1035.21684952345	0.805595816364526	0.19408813866807	0.530495115517668	0.454545454545455	0	0	0.545454545454545	0	0
M3	RPL3P4	22	8931:8952	1035.21684952345	0.805595816364526	0.19408813866807	0.530495115517668	0.454545454545455	0	0	0.545454545454545	0	0
M3	TPT1	22	8931:8952	1035.21684952345	0.805595816364526	0.19408813866807	0.530495115517668	0.454545454545455	0	0	0.545454545454545	0	0
M3	RPS3AP6	22	8931:8952	1035.21684952345	0.805595816364526	0.19408813866807	0.530495115517668	0.454545454545455	0	0	0.545454545454545	0	0
M3	EEF1A1P5	22	8931:8952	1035.21684952345	0.805595816364526	0.19408813866807	0.530495115517668	0.454545454545455	0	0	0.545454545454545	0	0
M3	RPS3AP26	22	8931:8952	1035.21684952345	0.805595816364526	0.19408813866807	0.530495115517668	0.454545454545455	0	0	0.545454545454545	0	0
M3	RPS3A	22	8931:8952	1035.21684952345	0.805595816364526	0.19408813866807	0.530495115517668	0.454545454545455	0	0	0.545454545454545	0	0
M3	RPS21	22	8931:8952	1035.21684952345	0.805595816364526	0.19408813866807	0.530495115517668	0.454545454545455	0	0	0.545454545454545	0	0
M3	RP11-371A22.1	22	8931:8952	1035.21684952345	0.805595816364526	0.19408813866807	0.530495115517668	0.454545454545455	0	0	0.545454545454545	0	0
M3	HNRNPA1	22	8931:8952	1035.21684952345	0.805595816364526	0.19408813866807	0.530495115517668	0.454545454545455	0	0	0.545454545454545	0	0
M3	RPL3	22	8931:8952	1035.21684952345	0.805595816364526	0.19408813866807	0.530495115517668	0.454545454545455	0	0	0.545454545454545	0	0
M3	RPS3AP49	22	8931:8952	1035.21684952345	0.805595816364526	0.19408813866807	0.530495115517668	0.454545454545455	0	0	0.545454545454545	0	0
M3	EEF1A1	22	8931:8952	1035.21684952345	0.805595816364526	0.19408813866807	0.530495115517668	0.454545454545455	0	0	0.545454545454545	0	0
M3	EEF1A1P11	22	8931:8952	1035.21684952345	0.805595816364526	0.19408813866807	0.530495115517668	0.454545454545455	0	0	0.545454545454545	0	0
M3	AC010468.1	22	8931:8952	1035.21684952345	0.805595816364526	0.19408813866807	0.530495115517668	0.454545454545455	0	0	0.545454545454545	0	0
M3	GLTSCR2	22	8931:8952	1035.21684952345	0.805595816364526	0.19408813866807	0.530495115517668	0.454545454545455	0	0	0.545454545454545	0	0
M3	RPS24	22	8931:8952	1035.21684952345	0.805595816364526	0.19408813866807	0.530495115517668	0.454545454545455	0	0	0.545454545454545	0	0
M3	RPL5P34	22	8931:8952	1035.21684952345	0.805595816364526	0.19408813866807	0.530495115517668	0.454545454545455	0	0	0.545454545454545	0	0
M3	EEF1A1P6	22	8931:8952	1035.21684952345	0.805595816364526	0.19408813866807	0.530495115517668	0.454545454545455	0	0	0.545454545454545	0	0
M45	RPL13AP5	10	8953:8962	514.125874922202	1.21931870071841	0.174147749555455	0.754952255366631	0.3	0	0	0.7	0	0
M45	RP11-864N7.2	10	8953:8962	514.125874922202	1.21931870071841	0.174147749555455	0.754952255366631	0.3	0	0	0.7	0	0
M45	RPL13AP25	10	8953:8962	514.125874922202	1.21931870071841	0.174147749555455	0.754952255366631	0.3	0	0	0.7	0	0
M45	RPL10AP6	10	8953:8962	514.125874922202	1.21931870071841	0.174147749555455	0.754952255366631	0.3	0	0	0.7	0	0
M45	CTD-2287O16.1	10	8953:8962	514.125874922202	1.21931870071841	0.174147749555455	0.754952255366631	0.3	0	0	0.7	0	0
M45	RPL10A	10	8953:8962	514.125874922202	1.21931870071841	0.174147749555455	0.754952255366631	0.3	0	0	0.7	0	0
M45	RPS25	10	8953:8962	514.125874922202	1.21931870071841	0.174147749555455	0.754952255366631	0.3	0	0	0.7	0	0
M45	RPL13A	10	8953:8962	514.125874922202	1.21931870071841	0.174147749555455	0.754952255366631	0.3	0	0	0.7	0	0
M45	RPL10AP2	10	8953:8962	514.125874922202	1.21931870071841	0.174147749555455	0.754952255366631	0.3	0	0	0.7	0	0
M45	RPL13AP7	10	8953:8962	514.125874922202	1.21931870071841	0.174147749555455	0.754952255366631	0.3	0	0	0.7	0	0
M24	RPS10	12	8963:8974	120.03215796701	1.3524214318168	0.110139386873684	0.773914355717883	0.5	0	0	0.5	0	0
M24	COX6C	12	8963:8974	120.03215796701	1.3524214318168	0.110139386873684	0.773914355717883	0.5	0	0	0.5	0	0
M24	RP11-425L10.1	12	8963:8974	120.03215796701	1.3524214318168	0.110139386873684	0.773914355717883	0.5	0	0	0.5	0	0
M24	RPS19	12	8963:8974	120.03215796701	1.3524214318168	0.110139386873684	0.773914355717883	0.5	0	0	0.5	0	0
M24	RP4-706A16.3	12	8963:8974	120.03215796701	1.3524214318168	0.110139386873684	0.773914355717883	0.5	0	0	0.5	0	0
M24	RPL17P36	12	8963:8974	120.03215796701	1.3524214318168	0.110139386873684	0.773914355717883	0.5	0	0	0.5	0	0
M24	RP11-20O24.4	12	8963:8974	120.03215796701	1.3524214318168	0.110139386873684	0.773914355717883	0.5	0	0	0.5	0	0
M24	PPIA	12	8963:8974	120.03215796701	1.3524214318168	0.110139386873684	0.773914355717883	0.5	0	0	0.5	0	0
M24	RPL39	12	8963:8974	120.03215796701	1.3524214318168	0.110139386873684	0.773914355717883	0.5	0	0	0.5	0	0
M24	RPS29	12	8963:8974	120.03215796701	1.3524214318168	0.110139386873684	0.773914355717883	0.5	0	0	0.5	0	0
M24	RP11-592N21.1	12	8963:8974	120.03215796701	1.3524214318168	0.110139386873684	0.773914355717883	0.5	0	0	0.5	0	0
M24	AC144530.1	12	8963:8974	120.03215796701	1.3524214318168	0.110139386873684	0.773914355717883	0.5	0	0	0.5	0	0
M6	PDGFD	17	8975:8991	109.584368031126	1.8549379782623	0.110618932586727	0.345341413039349	0.941176470588235	0.0588235294117647	0	0	0	0.0588235294117647
M6	TACR1	17	8975:8991	109.584368031126	1.8549379782623	0.110618932586727	0.345341413039349	0.941176470588235	0.0588235294117647	0	0	0	0.0588235294117647
M6	SIPA1L1	17	8975:8991	109.584368031126	1.8549379782623	0.110618932586727	0.345341413039349	0.941176470588235	0.0588235294117647	0	0	0	0.0588235294117647
M6	ECE1	17	8975:8991	109.584368031126	1.8549379782623	0.110618932586727	0.345341413039349	0.941176470588235	0.0588235294117647	0	0	0	0.0588235294117647
M6	RND3	17	8975:8991	109.584368031126	1.8549379782623	0.110618932586727	0.345341413039349	0.941176470588235	0.0588235294117647	0	0	0	0.0588235294117647
M6	VSTM2A	17	8975:8991	109.584368031126	1.8549379782623	0.110618932586727	0.345341413039349	0.941176470588235	0.0588235294117647	0	0	0	0.0588235294117647
M6	SRPX2	17	8975:8991	109.584368031126	1.8549379782623	0.110618932586727	0.345341413039349	0.941176470588235	0.0588235294117647	0	0	0	0.0588235294117647
M6	RHOU	17	8975:8991	109.584368031126	1.8549379782623	0.110618932586727	0.345341413039349	0.941176470588235	0.0588235294117647	0	0	0	0.0588235294117647
M6	TMEM100	17	8975:8991	109.584368031126	1.8549379782623	0.110618932586727	0.345341413039349	0.941176470588235	0.0588235294117647	0	0	0	0.0588235294117647
M6	MGLL	17	8975:8991	109.584368031126	1.8549379782623	0.110618932586727	0.345341413039349	0.941176470588235	0.0588235294117647	0	0	0	0.0588235294117647
M6	PAG1	17	8975:8991	109.584368031126	1.8549379782623	0.110618932586727	0.345341413039349	0.941176470588235	0.0588235294117647	0	0	0	0.0588235294117647
M6	ETV1	17	8975:8991	109.584368031126	1.8549379782623	0.110618932586727	0.345341413039349	0.941176470588235	0.0588235294117647	0	0	0	0.0588235294117647
M6	SEMA4D	17	8975:8991	109.584368031126	1.8549379782623	0.110618932586727	0.345341413039349	0.941176470588235	0.0588235294117647	0	0	0	0.0588235294117647
M6	CPED1	17	8975:8991	109.584368031126	1.8549379782623	0.110618932586727	0.345341413039349	0.941176470588235	0.0588235294117647	0	0	0	0.0588235294117647
M6	HIPK2	17	8975:8991	109.584368031126	1.8549379782623	0.110618932586727	0.345341413039349	0.941176470588235	0.0588235294117647	0	0	0	0.0588235294117647
M6	ENPP2	17	8975:8991	109.584368031126	1.8549379782623	0.110618932586727	0.345341413039349	0.941176470588235	0.0588235294117647	0	0	0	0.0588235294117647
M6	AC002511.2	17	8975:8991	109.584368031126	1.8549379782623	0.110618932586727	0.345341413039349	0.941176470588235	0.0588235294117647	0	0	0	0.0588235294117647
M19	TNFRSF19	13	8992:9004	313.127096008056	1.53104043430391	0.132250135885052	0.392815750189763	1	0	0	0	0	0
M19	ANPEP	13	8992:9004	313.127096008056	1.53104043430391	0.132250135885052	0.392815750189763	1	0	0	0	0	0
M19	PMEPA1	13	8992:9004	313.127096008056	1.53104043430391	0.132250135885052	0.392815750189763	1	0	0	0	0	0
M19	SERTAD4	13	8992:9004	313.127096008056	1.53104043430391	0.132250135885052	0.392815750189763	1	0	0	0	0	0
M19	SCARA5	13	8992:9004	313.127096008056	1.53104043430391	0.132250135885052	0.392815750189763	1	0	0	0	0	0
M19	WNT4	13	8992:9004	313.127096008056	1.53104043430391	0.132250135885052	0.392815750189763	1	0	0	0	0	0
M19	COL5A1	13	8992:9004	313.127096008056	1.53104043430391	0.132250135885052	0.392815750189763	1	0	0	0	0	0
M19	COL27A1	13	8992:9004	313.127096008056	1.53104043430391	0.132250135885052	0.392815750189763	1	0	0	0	0	0
M19	SPRY2	13	8992:9004	313.127096008056	1.53104043430391	0.132250135885052	0.392815750189763	1	0	0	0	0	0
M19	LTBP2	13	8992:9004	313.127096008056	1.53104043430391	0.132250135885052	0.392815750189763	1	0	0	0	0	0
M19	TSPAN33	13	8992:9004	313.127096008056	1.53104043430391	0.132250135885052	0.392815750189763	1	0	0	0	0	0
M19	VNN2	13	8992:9004	313.127096008056	1.53104043430391	0.132250135885052	0.392815750189763	1	0	0	0	0	0
M19	COL15A1	13	8992:9004	313.127096008056	1.53104043430391	0.132250135885052	0.392815750189763	1	0	0	0	0	0
M34	PLAT	11	9005:9015	282.864509300905	2.33263071574431	0.12312352636617	0.44528710675339	1	0	0	0	0	0
M34	OLFML2A	11	9005:9015	282.864509300905	2.33263071574431	0.12312352636617	0.44528710675339	1	0	0	0	0	0
M34	NRG1	11	9005:9015	282.864509300905	2.33263071574431	0.12312352636617	0.44528710675339	1	0	0	0	0	0
M34	LAMB1	11	9005:9015	282.864509300905	2.33263071574431	0.12312352636617	0.44528710675339	1	0	0	0	0	0
M34	NMNAT3	11	9005:9015	282.864509300905	2.33263071574431	0.12312352636617	0.44528710675339	1	0	0	0	0	0
M34	EGFR	11	9005:9015	282.864509300905	2.33263071574431	0.12312352636617	0.44528710675339	1	0	0	0	0	0
M34	MATN2	11	9005:9015	282.864509300905	2.33263071574431	0.12312352636617	0.44528710675339	1	0	0	0	0	0
M34	SLC7A7	11	9005:9015	282.864509300905	2.33263071574431	0.12312352636617	0.44528710675339	1	0	0	0	0	0
M34	SCN7A	11	9005:9015	282.864509300905	2.33263071574431	0.12312352636617	0.44528710675339	1	0	0	0	0	0
M34	NDNF	11	9005:9015	282.864509300905	2.33263071574431	0.12312352636617	0.44528710675339	1	0	0	0	0	0
M34	ISLR	11	9005:9015	282.864509300905	2.33263071574431	0.12312352636617	0.44528710675339	1	0	0	0	0	0
M20	DACH1	13	9016:9028	351.633174459391	1.5769945752434	0.14357016631267	0.465515672601539	1	0	0	0	0	0.0769230769230769
M20	AKAP12	13	9016:9028	351.633174459391	1.5769945752434	0.14357016631267	0.465515672601539	1	0	0	0	0	0.0769230769230769
M20	PDGFRA	13	9016:9028	351.633174459391	1.5769945752434	0.14357016631267	0.465515672601539	1	0	0	0	0	0.0769230769230769
M20	BMP5	13	9016:9028	351.633174459391	1.5769945752434	0.14357016631267	0.465515672601539	1	0	0	0	0	0.0769230769230769
M20	NDST4	13	9016:9028	351.633174459391	1.5769945752434	0.14357016631267	0.465515672601539	1	0	0	0	0	0.0769230769230769
M20	COL4A6	13	9016:9028	351.633174459391	1.5769945752434	0.14357016631267	0.465515672601539	1	0	0	0	0	0.0769230769230769
M20	SLC18B1	13	9016:9028	351.633174459391	1.5769945752434	0.14357016631267	0.465515672601539	1	0	0	0	0	0.0769230769230769
M20	SEMA3A	13	9016:9028	351.633174459391	1.5769945752434	0.14357016631267	0.465515672601539	1	0	0	0	0	0.0769230769230769
M20	ANTXR1	13	9016:9028	351.633174459391	1.5769945752434	0.14357016631267	0.465515672601539	1	0	0	0	0	0.0769230769230769
M20	VCAN	13	9016:9028	351.633174459391	1.5769945752434	0.14357016631267	0.465515672601539	1	0	0	0	0	0.0769230769230769
M20	PDK4	13	9016:9028	351.633174459391	1.5769945752434	0.14357016631267	0.465515672601539	1	0	0	0	0	0.0769230769230769
M20	COL4A5	13	9016:9028	351.633174459391	1.5769945752434	0.14357016631267	0.465515672601539	1	0	0	0	0	0.0769230769230769
M20	SYNPO2	13	9016:9028	351.633174459391	1.5769945752434	0.14357016631267	0.465515672601539	1	0	0	0	0	0.0769230769230769
M25	GPC6	12	9029:9040	355.554464426607	1.11495408078246	0.139816746385646	0.511027716576481	1	0	0	0	0	0.0833333333333333
M25	DLG2	12	9029:9040	355.554464426607	1.11495408078246	0.139816746385646	0.511027716576481	1	0	0	0	0	0.0833333333333333
M25	ATP2B4	12	9029:9040	355.554464426607	1.11495408078246	0.139816746385646	0.511027716576481	1	0	0	0	0	0.0833333333333333
M25	MMP2	12	9029:9040	355.554464426607	1.11495408078246	0.139816746385646	0.511027716576481	1	0	0	0	0	0.0833333333333333
M25	PLXDC2	12	9029:9040	355.554464426607	1.11495408078246	0.139816746385646	0.511027716576481	1	0	0	0	0	0.0833333333333333
M25	NTRK3	12	9029:9040	355.554464426607	1.11495408078246	0.139816746385646	0.511027716576481	1	0	0	0	0	0.0833333333333333
M25	CREB3L2	12	9029:9040	355.554464426607	1.11495408078246	0.139816746385646	0.511027716576481	1	0	0	0	0	0.0833333333333333
M25	MFAP4	12	9029:9040	355.554464426607	1.11495408078246	0.139816746385646	0.511027716576481	1	0	0	0	0	0.0833333333333333
M25	VEGFA	12	9029:9040	355.554464426607	1.11495408078246	0.139816746385646	0.511027716576481	1	0	0	0	0	0.0833333333333333
M25	TPCN1	12	9029:9040	355.554464426607	1.11495408078246	0.139816746385646	0.511027716576481	1	0	0	0	0	0.0833333333333333
M25	PROM1	12	9029:9040	355.554464426607	1.11495408078246	0.139816746385646	0.511027716576481	1	0	0	0	0	0.0833333333333333
M25	COLEC12	12	9029:9040	355.554464426607	1.11495408078246	0.139816746385646	0.511027716576481	1	0	0	0	0	0.0833333333333333
M14	NELL1	14	9041:9054	361.90171591089	1.29530460392682	0.184894022206454	0.367836260249856	0.928571428571429	0.0714285714285714	0	0	0	0
M14	CXCR4	14	9041:9054	361.90171591089	1.29530460392682	0.184894022206454	0.367836260249856	0.928571428571429	0.0714285714285714	0	0	0	0
M14	CXCL14	14	9041:9054	361.90171591089	1.29530460392682	0.184894022206454	0.367836260249856	0.928571428571429	0.0714285714285714	0	0	0	0
M14	GFRA1	14	9041:9054	361.90171591089	1.29530460392682	0.184894022206454	0.367836260249856	0.928571428571429	0.0714285714285714	0	0	0	0
M14	DLL1	14	9041:9054	361.90171591089	1.29530460392682	0.184894022206454	0.367836260249856	0.928571428571429	0.0714285714285714	0	0	0	0
M14	FENDRR	14	9041:9054	361.90171591089	1.29530460392682	0.184894022206454	0.367836260249856	0.928571428571429	0.0714285714285714	0	0	0	0
M14	HHIP	14	9041:9054	361.90171591089	1.29530460392682	0.184894022206454	0.367836260249856	0.928571428571429	0.0714285714285714	0	0	0	0
M14	A2M	14	9041:9054	361.90171591089	1.29530460392682	0.184894022206454	0.367836260249856	0.928571428571429	0.0714285714285714	0	0	0	0
M14	PTCH1	14	9041:9054	361.90171591089	1.29530460392682	0.184894022206454	0.367836260249856	0.928571428571429	0.0714285714285714	0	0	0	0
M14	F2R	14	9041:9054	361.90171591089	1.29530460392682	0.184894022206454	0.367836260249856	0.928571428571429	0.0714285714285714	0	0	0	0
M14	SLC26A2	14	9041:9054	361.90171591089	1.29530460392682	0.184894022206454	0.367836260249856	0.928571428571429	0.0714285714285714	0	0	0	0
M14	LTBP1	14	9041:9054	361.90171591089	1.29530460392682	0.184894022206454	0.367836260249856	0.928571428571429	0.0714285714285714	0	0	0	0
M14	MAMDC2	14	9041:9054	361.90171591089	1.29530460392682	0.184894022206454	0.367836260249856	0.928571428571429	0.0714285714285714	0	0	0	0
M14	PCDH17	14	9041:9054	361.90171591089	1.29530460392682	0.184894022206454	0.367836260249856	0.928571428571429	0.0714285714285714	0	0	0	0
M9	RPL11	16	9055:9070	1228.66391573963	0.635446052705698	0.22706204616792	0.432423951410035	0.875	0	0	0.125	0	0
M9	RPL19	16	9055:9070	1228.66391573963	0.635446052705698	0.22706204616792	0.432423951410035	0.875	0	0	0.125	0	0
M9	RPS16	16	9055:9070	1228.66391573963	0.635446052705698	0.22706204616792	0.432423951410035	0.875	0	0	0.125	0	0
M9	RPS6	16	9055:9070	1228.66391573963	0.635446052705698	0.22706204616792	0.432423951410035	0.875	0	0	0.125	0	0
M9	RPL27A	16	9055:9070	1228.66391573963	0.635446052705698	0.22706204616792	0.432423951410035	0.875	0	0	0.125	0	0
M9	TOMM7	16	9055:9070	1228.66391573963	0.635446052705698	0.22706204616792	0.432423951410035	0.875	0	0	0.125	0	0
M9	RPS3	16	9055:9070	1228.66391573963	0.635446052705698	0.22706204616792	0.432423951410035	0.875	0	0	0.125	0	0
M9	RPS20	16	9055:9070	1228.66391573963	0.635446052705698	0.22706204616792	0.432423951410035	0.875	0	0	0.125	0	0
M9	RP11-466H18.1	16	9055:9070	1228.66391573963	0.635446052705698	0.22706204616792	0.432423951410035	0.875	0	0	0.125	0	0
M9	RPS12	16	9055:9070	1228.66391573963	0.635446052705698	0.22706204616792	0.432423951410035	0.875	0	0	0.125	0	0
M9	RPS17	16	9055:9070	1228.66391573963	0.635446052705698	0.22706204616792	0.432423951410035	0.875	0	0	0.125	0	0
M9	RP11-234A1.1	16	9055:9070	1228.66391573963	0.635446052705698	0.22706204616792	0.432423951410035	0.875	0	0	0.125	0	0
M9	RPL34	16	9055:9070	1228.66391573963	0.635446052705698	0.22706204616792	0.432423951410035	0.875	0	0	0.125	0	0
M9	RPLP1	16	9055:9070	1228.66391573963	0.635446052705698	0.22706204616792	0.432423951410035	0.875	0	0	0.125	0	0
M9	RPS18	16	9055:9070	1228.66391573963	0.635446052705698	0.22706204616792	0.432423951410035	0.875	0	0	0.125	0	0
M9	RPLP2	16	9055:9070	1228.66391573963	0.635446052705698	0.22706204616792	0.432423951410035	0.875	0	0	0.125	0	0
M10	NACA	16	9071:9086	689.783464209952	0.889890465345453	0.119842604651758	0.497574686337659	0.75	0.0625	0	0.1875	0	0
M10	NAP1L1	16	9071:9086	689.783464209952	0.889890465345453	0.119842604651758	0.497574686337659	0.75	0.0625	0	0.1875	0	0
M10	RPL12	16	9071:9086	689.783464209952	0.889890465345453	0.119842604651758	0.497574686337659	0.75	0.0625	0	0.1875	0	0
M10	UQCRB	16	9071:9086	689.783464209952	0.889890465345453	0.119842604651758	0.497574686337659	0.75	0.0625	0	0.1875	0	0
M10	RPL14	16	9071:9086	689.783464209952	0.889890465345453	0.119842604651758	0.497574686337659	0.75	0.0625	0	0.1875	0	0
M10	SC22CB-1E7.1	16	9071:9086	689.783464209952	0.889890465345453	0.119842604651758	0.497574686337659	0.75	0.0625	0	0.1875	0	0
M10	RP11-478C6.4	16	9071:9086	689.783464209952	0.889890465345453	0.119842604651758	0.497574686337659	0.75	0.0625	0	0.1875	0	0
M10	EEF2	16	9071:9086	689.783464209952	0.889890465345453	0.119842604651758	0.497574686337659	0.75	0.0625	0	0.1875	0	0
M10	RPL36	16	9071:9086	689.783464209952	0.889890465345453	0.119842604651758	0.497574686337659	0.75	0.0625	0	0.1875	0	0
M10	SNHG6	16	9071:9086	689.783464209952	0.889890465345453	0.119842604651758	0.497574686337659	0.75	0.0625	0	0.1875	0	0
M10	RPL22	16	9071:9086	689.783464209952	0.889890465345453	0.119842604651758	0.497574686337659	0.75	0.0625	0	0.1875	0	0
M10	RPS11	16	9071:9086	689.783464209952	0.889890465345453	0.119842604651758	0.497574686337659	0.75	0.0625	0	0.1875	0	0
M10	RPL38	16	9071:9086	689.783464209952	0.889890465345453	0.119842604651758	0.497574686337659	0.75	0.0625	0	0.1875	0	0
M10	RPL35	16	9071:9086	689.783464209952	0.889890465345453	0.119842604651758	0.497574686337659	0.75	0.0625	0	0.1875	0	0
M10	RPL37	16	9071:9086	689.783464209952	0.889890465345453	0.119842604651758	0.497574686337659	0.75	0.0625	0	0.1875	0	0
M10	RPL14P1	16	9071:9086	689.783464209952	0.889890465345453	0.119842604651758	0.497574686337659	0.75	0.0625	0	0.1875	0	0
M15	FTH1P2	14	9087:9100	204.824268961342	1.77825150490979	0.15187068855523	0.731596595907896	0.0714285714285714	0	0	0.928571428571429	0	0
M15	TPT1P4	14	9087:9100	204.824268961342	1.77825150490979	0.15187068855523	0.731596595907896	0.0714285714285714	0	0	0.928571428571429	0	0
M15	FTH1P12	14	9087:9100	204.824268961342	1.77825150490979	0.15187068855523	0.731596595907896	0.0714285714285714	0	0	0.928571428571429	0	0
M15	FTH1P7	14	9087:9100	204.824268961342	1.77825150490979	0.15187068855523	0.731596595907896	0.0714285714285714	0	0	0.928571428571429	0	0
M15	FTH1P20	14	9087:9100	204.824268961342	1.77825150490979	0.15187068855523	0.731596595907896	0.0714285714285714	0	0	0.928571428571429	0	0
M15	RP11-778D9.4	14	9087:9100	204.824268961342	1.77825150490979	0.15187068855523	0.731596595907896	0.0714285714285714	0	0	0.928571428571429	0	0
M15	RP11-69L16.5	14	9087:9100	204.824268961342	1.77825150490979	0.15187068855523	0.731596595907896	0.0714285714285714	0	0	0.928571428571429	0	0
M15	FTH1P8	14	9087:9100	204.824268961342	1.77825150490979	0.15187068855523	0.731596595907896	0.0714285714285714	0	0	0.928571428571429	0	0
M15	FTH1P11	14	9087:9100	204.824268961342	1.77825150490979	0.15187068855523	0.731596595907896	0.0714285714285714	0	0	0.928571428571429	0	0
M15	FTH1P5	14	9087:9100	204.824268961342	1.77825150490979	0.15187068855523	0.731596595907896	0.0714285714285714	0	0	0.928571428571429	0	0
M15	TPT1P9	14	9087:9100	204.824268961342	1.77825150490979	0.15187068855523	0.731596595907896	0.0714285714285714	0	0	0.928571428571429	0	0
M15	FTH1P10	14	9087:9100	204.824268961342	1.77825150490979	0.15187068855523	0.731596595907896	0.0714285714285714	0	0	0.928571428571429	0	0
M15	FTH1P16	14	9087:9100	204.824268961342	1.77825150490979	0.15187068855523	0.731596595907896	0.0714285714285714	0	0	0.928571428571429	0	0
M15	FTH1	14	9087:9100	204.824268961342	1.77825150490979	0.15187068855523	0.731596595907896	0.0714285714285714	0	0	0.928571428571429	0	0
M46	PARK7	10	9101:9110	755.668080340827	0.962291426104463	0.115413071046159	0.372752399388095	1	0	0	0	0	0.1
M46	CALM2	10	9101:9110	755.668080340827	0.962291426104463	0.115413071046159	0.372752399388095	1	0	0	0	0	0.1
M46	STARD7	10	9101:9110	755.668080340827	0.962291426104463	0.115413071046159	0.372752399388095	1	0	0	0	0	0.1
M46	PTP4A2	10	9101:9110	755.668080340827	0.962291426104463	0.115413071046159	0.372752399388095	1	0	0	0	0	0.1
M46	SSRP1	10	9101:9110	755.668080340827	0.962291426104463	0.115413071046159	0.372752399388095	1	0	0	0	0	0.1
M46	SRP14	10	9101:9110	755.668080340827	0.962291426104463	0.115413071046159	0.372752399388095	1	0	0	0	0	0.1
M46	NDUFS5	10	9101:9110	755.668080340827	0.962291426104463	0.115413071046159	0.372752399388095	1	0	0	0	0	0.1
M46	UBL5	10	9101:9110	755.668080340827	0.962291426104463	0.115413071046159	0.372752399388095	1	0	0	0	0	0.1
M46	KPNB1	10	9101:9110	755.668080340827	0.962291426104463	0.115413071046159	0.372752399388095	1	0	0	0	0	0.1
M46	GHITM	10	9101:9110	755.668080340827	0.962291426104463	0.115413071046159	0.372752399388095	1	0	0	0	0	0.1
M35	UQCRC1	11	9111:9121	91.180013090523	2.15472874232914	0.0667459409003562	0.478890947669583	1	0	0	0	0	0
M35	ETHE1	11	9111:9121	91.180013090523	2.15472874232914	0.0667459409003562	0.478890947669583	1	0	0	0	0	0
M35	SEPHS2	11	9111:9121	91.180013090523	2.15472874232914	0.0667459409003562	0.478890947669583	1	0	0	0	0	0
M35	SEC24C	11	9111:9121	91.180013090523	2.15472874232914	0.0667459409003562	0.478890947669583	1	0	0	0	0	0
M35	WDR6	11	9111:9121	91.180013090523	2.15472874232914	0.0667459409003562	0.478890947669583	1	0	0	0	0	0
M35	DNAJC8	11	9111:9121	91.180013090523	2.15472874232914	0.0667459409003562	0.478890947669583	1	0	0	0	0	0
M35	NTAN1	11	9111:9121	91.180013090523	2.15472874232914	0.0667459409003562	0.478890947669583	1	0	0	0	0	0
M35	LATS2	11	9111:9121	91.180013090523	2.15472874232914	0.0667459409003562	0.478890947669583	1	0	0	0	0	0
M35	PDCD6	11	9111:9121	91.180013090523	2.15472874232914	0.0667459409003562	0.478890947669583	1	0	0	0	0	0
M35	MRPL44	11	9111:9121	91.180013090523	2.15472874232914	0.0667459409003562	0.478890947669583	1	0	0	0	0	0
M35	RRS1	11	9111:9121	91.180013090523	2.15472874232914	0.0667459409003562	0.478890947669583	1	0	0	0	0	0
M7	TPM4	17	9122:9138	194.982080610484	1.85348974913978	0.141496480512636	0.422338034557789	1	0	0	0	0	0
M7	CORO1C	17	9122:9138	194.982080610484	1.85348974913978	0.141496480512636	0.422338034557789	1	0	0	0	0	0
M7	VAT1L	17	9122:9138	194.982080610484	1.85348974913978	0.141496480512636	0.422338034557789	1	0	0	0	0	0
M7	MYLK	17	9122:9138	194.982080610484	1.85348974913978	0.141496480512636	0.422338034557789	1	0	0	0	0	0
M7	LMOD1	17	9122:9138	194.982080610484	1.85348974913978	0.141496480512636	0.422338034557789	1	0	0	0	0	0
M7	MYOCD	17	9122:9138	194.982080610484	1.85348974913978	0.141496480512636	0.422338034557789	1	0	0	0	0	0
M7	PDLIM3	17	9122:9138	194.982080610484	1.85348974913978	0.141496480512636	0.422338034557789	1	0	0	0	0	0
M7	VCL	17	9122:9138	194.982080610484	1.85348974913978	0.141496480512636	0.422338034557789	1	0	0	0	0	0
M7	SYTL2	17	9122:9138	194.982080610484	1.85348974913978	0.141496480512636	0.422338034557789	1	0	0	0	0	0
M7	ACTA2	17	9122:9138	194.982080610484	1.85348974913978	0.141496480512636	0.422338034557789	1	0	0	0	0	0
M7	PTRF	17	9122:9138	194.982080610484	1.85348974913978	0.141496480512636	0.422338034557789	1	0	0	0	0	0
M7	TPM1	17	9122:9138	194.982080610484	1.85348974913978	0.141496480512636	0.422338034557789	1	0	0	0	0	0
M7	NEXN	17	9122:9138	194.982080610484	1.85348974913978	0.141496480512636	0.422338034557789	1	0	0	0	0	0
M7	PARVA	17	9122:9138	194.982080610484	1.85348974913978	0.141496480512636	0.422338034557789	1	0	0	0	0	0
M7	NBPF3	17	9122:9138	194.982080610484	1.85348974913978	0.141496480512636	0.422338034557789	1	0	0	0	0	0
M7	ADAMTS5	17	9122:9138	194.982080610484	1.85348974913978	0.141496480512636	0.422338034557789	1	0	0	0	0	0
M7	PLS3	17	9122:9138	194.982080610484	1.85348974913978	0.141496480512636	0.422338034557789	1	0	0	0	0	0
M47	GRK7	10	9139:9148	20.8572804785469	3.303125094247	0.0657618617312898	0.564413293318123	0.7	0.2	0	0.1	0	0
M47	TTC12	10	9139:9148	20.8572804785469	3.303125094247	0.0657618617312898	0.564413293318123	0.7	0.2	0	0.1	0	0
M47	ADD3-AS1	10	9139:9148	20.8572804785469	3.303125094247	0.0657618617312898	0.564413293318123	0.7	0.2	0	0.1	0	0
M47	RPL21P18	10	9139:9148	20.8572804785469	3.303125094247	0.0657618617312898	0.564413293318123	0.7	0.2	0	0.1	0	0
M47	ABCC3	10	9139:9148	20.8572804785469	3.303125094247	0.0657618617312898	0.564413293318123	0.7	0.2	0	0.1	0	0
M47	CAMK1D	10	9139:9148	20.8572804785469	3.303125094247	0.0657618617312898	0.564413293318123	0.7	0.2	0	0.1	0	0
M47	KIAA1549L	10	9139:9148	20.8572804785469	3.303125094247	0.0657618617312898	0.564413293318123	0.7	0.2	0	0.1	0	0
M47	CA12	10	9139:9148	20.8572804785469	3.303125094247	0.0657618617312898	0.564413293318123	0.7	0.2	0	0.1	0	0
M47	NOSTRIN	10	9139:9148	20.8572804785469	3.303125094247	0.0657618617312898	0.564413293318123	0.7	0.2	0	0.1	0	0
M47	RP11-420N3.2	10	9139:9148	20.8572804785469	3.303125094247	0.0657618617312898	0.564413293318123	0.7	0.2	0	0.1	0	0
M48	RP11-151H2.1	10	9149:9158	52.637594222532	2.84555162570783	0.0721402278165421	0.543318695993749	0.5	0.4	0	0.1	0	0
M48	PAPPA2	10	9149:9158	52.637594222532	2.84555162570783	0.0721402278165421	0.543318695993749	0.5	0.4	0	0.1	0	0
M48	RP11-499P20.2	10	9149:9158	52.637594222532	2.84555162570783	0.0721402278165421	0.543318695993749	0.5	0.4	0	0.1	0	0
M48	DDX25	10	9149:9158	52.637594222532	2.84555162570783	0.0721402278165421	0.543318695993749	0.5	0.4	0	0.1	0	0
M48	RP3-323A16.1	10	9149:9158	52.637594222532	2.84555162570783	0.0721402278165421	0.543318695993749	0.5	0.4	0	0.1	0	0
M48	GPR1-AS	10	9149:9158	52.637594222532	2.84555162570783	0.0721402278165421	0.543318695993749	0.5	0.4	0	0.1	0	0
M48	NCKAP1L	10	9149:9158	52.637594222532	2.84555162570783	0.0721402278165421	0.543318695993749	0.5	0.4	0	0.1	0	0
M48	RP11-83M16.5	10	9149:9158	52.637594222532	2.84555162570783	0.0721402278165421	0.543318695993749	0.5	0.4	0	0.1	0	0
M48	WDR92	10	9149:9158	52.637594222532	2.84555162570783	0.0721402278165421	0.543318695993749	0.5	0.4	0	0.1	0	0
M48	ATP5I	10	9149:9158	52.637594222532	2.84555162570783	0.0721402278165421	0.543318695993749	0.5	0.4	0	0.1	0	0
M26	RP5-1065J22.8	12	9159:9170	22.8368903342885	3.48344510949735	0.0709373455957588	0.544670474555649	0.666666666666667	0.166666666666667	0	0.166666666666667	0	0
M26	ADGRG3	12	9159:9170	22.8368903342885	3.48344510949735	0.0709373455957588	0.544670474555649	0.666666666666667	0.166666666666667	0	0.166666666666667	0	0
M26	C5orf63	12	9159:9170	22.8368903342885	3.48344510949735	0.0709373455957588	0.544670474555649	0.666666666666667	0.166666666666667	0	0.166666666666667	0	0
M26	DOPEY2	12	9159:9170	22.8368903342885	3.48344510949735	0.0709373455957588	0.544670474555649	0.666666666666667	0.166666666666667	0	0.166666666666667	0	0
M26	BIRC3	12	9159:9170	22.8368903342885	3.48344510949735	0.0709373455957588	0.544670474555649	0.666666666666667	0.166666666666667	0	0.166666666666667	0	0
M26	BACH1-AS1	12	9159:9170	22.8368903342885	3.48344510949735	0.0709373455957588	0.544670474555649	0.666666666666667	0.166666666666667	0	0.166666666666667	0	0
M26	ATP6V0D1	12	9159:9170	22.8368903342885	3.48344510949735	0.0709373455957588	0.544670474555649	0.666666666666667	0.166666666666667	0	0.166666666666667	0	0
M26	LRRC69	12	9159:9170	22.8368903342885	3.48344510949735	0.0709373455957588	0.544670474555649	0.666666666666667	0.166666666666667	0	0.166666666666667	0	0
M26	GDA	12	9159:9170	22.8368903342885	3.48344510949735	0.0709373455957588	0.544670474555649	0.666666666666667	0.166666666666667	0	0.166666666666667	0	0
M26	RP11-34P1.1	12	9159:9170	22.8368903342885	3.48344510949735	0.0709373455957588	0.544670474555649	0.666666666666667	0.166666666666667	0	0.166666666666667	0	0
M26	RP11-466F5.6	12	9159:9170	22.8368903342885	3.48344510949735	0.0709373455957588	0.544670474555649	0.666666666666667	0.166666666666667	0	0.166666666666667	0	0
M26	BCAS1	12	9159:9170	22.8368903342885	3.48344510949735	0.0709373455957588	0.544670474555649	0.666666666666667	0.166666666666667	0	0.166666666666667	0	0
M27	RP11-426J5.3	12	9171:9182	22.9928481179367	3.42561615136508	0.0714157342562211	0.515363013334055	0.583333333333333	0.416666666666667	0	0	0	0
M27	AC006296.2	12	9171:9182	22.9928481179367	3.42561615136508	0.0714157342562211	0.515363013334055	0.583333333333333	0.416666666666667	0	0	0	0
M27	ENKUR	12	9171:9182	22.9928481179367	3.42561615136508	0.0714157342562211	0.515363013334055	0.583333333333333	0.416666666666667	0	0	0	0
M27	DENND1A	12	9171:9182	22.9928481179367	3.42561615136508	0.0714157342562211	0.515363013334055	0.583333333333333	0.416666666666667	0	0	0	0
M27	GRK4	12	9171:9182	22.9928481179367	3.42561615136508	0.0714157342562211	0.515363013334055	0.583333333333333	0.416666666666667	0	0	0	0
M27	SLC4A1	12	9171:9182	22.9928481179367	3.42561615136508	0.0714157342562211	0.515363013334055	0.583333333333333	0.416666666666667	0	0	0	0
M27	WWC1	12	9171:9182	22.9928481179367	3.42561615136508	0.0714157342562211	0.515363013334055	0.583333333333333	0.416666666666667	0	0	0	0
M27	TTN	12	9171:9182	22.9928481179367	3.42561615136508	0.0714157342562211	0.515363013334055	0.583333333333333	0.416666666666667	0	0	0	0
M27	RP11-318C2.1	12	9171:9182	22.9928481179367	3.42561615136508	0.0714157342562211	0.515363013334055	0.583333333333333	0.416666666666667	0	0	0	0
M27	FHAD1	12	9171:9182	22.9928481179367	3.42561615136508	0.0714157342562211	0.515363013334055	0.583333333333333	0.416666666666667	0	0	0	0
M27	FLVCR1-AS1	12	9171:9182	22.9928481179367	3.42561615136508	0.0714157342562211	0.515363013334055	0.583333333333333	0.416666666666667	0	0	0	0
M27	RP11-165M1.1	12	9171:9182	22.9928481179367	3.42561615136508	0.0714157342562211	0.515363013334055	0.583333333333333	0.416666666666667	0	0	0	0
M28	PTRH1	12	9183:9194	22.8888687363151	3.59419432070096	0.07761872355038	0.446552327339565	0.5	0.25	0	0.25	0	0
M28	RPL19P14	12	9183:9194	22.8888687363151	3.59419432070096	0.07761872355038	0.446552327339565	0.5	0.25	0	0.25	0	0
M28	GALNT6	12	9183:9194	22.8888687363151	3.59419432070096	0.07761872355038	0.446552327339565	0.5	0.25	0	0.25	0	0
M28	POLN	12	9183:9194	22.8888687363151	3.59419432070096	0.07761872355038	0.446552327339565	0.5	0.25	0	0.25	0	0
M28	RP11-873E20.1	12	9183:9194	22.8888687363151	3.59419432070096	0.07761872355038	0.446552327339565	0.5	0.25	0	0.25	0	0
M28	SUMF2	12	9183:9194	22.8888687363151	3.59419432070096	0.07761872355038	0.446552327339565	0.5	0.25	0	0.25	0	0
M28	RP4-671O14.7	12	9183:9194	22.8888687363151	3.59419432070096	0.07761872355038	0.446552327339565	0.5	0.25	0	0.25	0	0
M28	RP11-166O4.6	12	9183:9194	22.8888687363151	3.59419432070096	0.07761872355038	0.446552327339565	0.5	0.25	0	0.25	0	0
M28	CTA-351J1.1	12	9183:9194	22.8888687363151	3.59419432070096	0.07761872355038	0.446552327339565	0.5	0.25	0	0.25	0	0
M28	RP11-15G8.1	12	9183:9194	22.8888687363151	3.59419432070096	0.07761872355038	0.446552327339565	0.5	0.25	0	0.25	0	0
M28	TIMM50	12	9183:9194	22.8888687363151	3.59419432070096	0.07761872355038	0.446552327339565	0.5	0.25	0	0.25	0	0
M28	FCAR	12	9183:9194	22.8888687363151	3.59419432070096	0.07761872355038	0.446552327339565	0.5	0.25	0	0.25	0	0
M49	HOOK2	10	9195:9204	26.0958449470351	3.49561025629366	0.0756524927575709	0.549698342635813	0.7	0.1	0	0.2	0	0
M49	RPS12P16	10	9195:9204	26.0958449470351	3.49561025629366	0.0756524927575709	0.549698342635813	0.7	0.1	0	0.2	0	0
M49	ZNF346	10	9195:9204	26.0958449470351	3.49561025629366	0.0756524927575709	0.549698342635813	0.7	0.1	0	0.2	0	0
M49	BPI	10	9195:9204	26.0958449470351	3.49561025629366	0.0756524927575709	0.549698342635813	0.7	0.1	0	0.2	0	0
M49	KRT18P8	10	9195:9204	26.0958449470351	3.49561025629366	0.0756524927575709	0.549698342635813	0.7	0.1	0	0.2	0	0
M49	KCNJ6	10	9195:9204	26.0958449470351	3.49561025629366	0.0756524927575709	0.549698342635813	0.7	0.1	0	0.2	0	0
M49	TRPM3	10	9195:9204	26.0958449470351	3.49561025629366	0.0756524927575709	0.549698342635813	0.7	0.1	0	0.2	0	0
M49	PCAT5	10	9195:9204	26.0958449470351	3.49561025629366	0.0756524927575709	0.549698342635813	0.7	0.1	0	0.2	0	0
M49	PDE4C	10	9195:9204	26.0958449470351	3.49561025629366	0.0756524927575709	0.549698342635813	0.7	0.1	0	0.2	0	0
M49	EGF	10	9195:9204	26.0958449470351	3.49561025629366	0.0756524927575709	0.549698342635813	0.7	0.1	0	0.2	0	0
M50	RP11-626G3.1	10	9205:9214	31.2545836865155	2.85176677895218	0.0959961521249321	0.31569375360697	0.6	0.4	0	0	0	0
M50	MYO15A	10	9205:9214	31.2545836865155	2.85176677895218	0.0959961521249321	0.31569375360697	0.6	0.4	0	0	0	0
M50	HM13	10	9205:9214	31.2545836865155	2.85176677895218	0.0959961521249321	0.31569375360697	0.6	0.4	0	0	0	0
M50	PSG2	10	9205:9214	31.2545836865155	2.85176677895218	0.0959961521249321	0.31569375360697	0.6	0.4	0	0	0	0
M50	RP3-394A18.1	10	9205:9214	31.2545836865155	2.85176677895218	0.0959961521249321	0.31569375360697	0.6	0.4	0	0	0	0
M50	SFXN5	10	9205:9214	31.2545836865155	2.85176677895218	0.0959961521249321	0.31569375360697	0.6	0.4	0	0	0	0
M50	CTD-2014B16.3	10	9205:9214	31.2545836865155	2.85176677895218	0.0959961521249321	0.31569375360697	0.6	0.4	0	0	0	0
M50	CTD-2547G23.2	10	9205:9214	31.2545836865155	2.85176677895218	0.0959961521249321	0.31569375360697	0.6	0.4	0	0	0	0
M50	GREM1	10	9205:9214	31.2545836865155	2.85176677895218	0.0959961521249321	0.31569375360697	0.6	0.4	0	0	0	0
M50	MYH11	10	9205:9214	31.2545836865155	2.85176677895218	0.0959961521249321	0.31569375360697	0.6	0.4	0	0	0	0
M51	RN7SKP90	10	9215:9224	13.542599520128	3.70861465816826	0.0676545687256677	0.461537722648976	0.8	0.1	0.1	0	0	0
M51	FAM184B	10	9215:9224	13.542599520128	3.70861465816826	0.0676545687256677	0.461537722648976	0.8	0.1	0.1	0	0	0
M51	ATP8B1	10	9215:9224	13.542599520128	3.70861465816826	0.0676545687256677	0.461537722648976	0.8	0.1	0.1	0	0	0
M51	MASP1	10	9215:9224	13.542599520128	3.70861465816826	0.0676545687256677	0.461537722648976	0.8	0.1	0.1	0	0	0
M51	CCDC168	10	9215:9224	13.542599520128	3.70861465816826	0.0676545687256677	0.461537722648976	0.8	0.1	0.1	0	0	0
M51	TSPAN16	10	9215:9224	13.542599520128	3.70861465816826	0.0676545687256677	0.461537722648976	0.8	0.1	0.1	0	0	0
M51	KCNE1	10	9215:9224	13.542599520128	3.70861465816826	0.0676545687256677	0.461537722648976	0.8	0.1	0.1	0	0	0
M51	ANKS1B	10	9215:9224	13.542599520128	3.70861465816826	0.0676545687256677	0.461537722648976	0.8	0.1	0.1	0	0	0
M51	AP003025.2	10	9215:9224	13.542599520128	3.70861465816826	0.0676545687256677	0.461537722648976	0.8	0.1	0.1	0	0	0
M51	PCK2	10	9215:9224	13.542599520128	3.70861465816826	0.0676545687256677	0.461537722648976	0.8	0.1	0.1	0	0	0
M52	GAPVD1	10	9225:9234	119.424374296372	1.53127088196101	0.0662666476376203	0.553816304993462	1	0	0	0	0	0
M52	POLK	10	9225:9234	119.424374296372	1.53127088196101	0.0662666476376203	0.553816304993462	1	0	0	0	0	0
M52	DHX36	10	9225:9234	119.424374296372	1.53127088196101	0.0662666476376203	0.553816304993462	1	0	0	0	0	0
M52	KDM5B	10	9225:9234	119.424374296372	1.53127088196101	0.0662666476376203	0.553816304993462	1	0	0	0	0	0
M52	CDC40	10	9225:9234	119.424374296372	1.53127088196101	0.0662666476376203	0.553816304993462	1	0	0	0	0	0
M52	KMT5B	10	9225:9234	119.424374296372	1.53127088196101	0.0662666476376203	0.553816304993462	1	0	0	0	0	0
M52	RAD17	10	9225:9234	119.424374296372	1.53127088196101	0.0662666476376203	0.553816304993462	1	0	0	0	0	0
M52	KIF1B	10	9225:9234	119.424374296372	1.53127088196101	0.0662666476376203	0.553816304993462	1	0	0	0	0	0
M52	LUC7L2	10	9225:9234	119.424374296372	1.53127088196101	0.0662666476376203	0.553816304993462	1	0	0	0	0	0
M52	PHLDB2	10	9225:9234	119.424374296372	1.53127088196101	0.0662666476376203	0.553816304993462	1	0	0	0	0	0
M29	IRF1	12	9235:9246	112.163816714137	2.30052947218343	0.106348901653429	0.528656916212352	0.75	0.166666666666667	0.0833333333333333	0	0	0.0833333333333333
M29	NXF1	12	9235:9246	112.163816714137	2.30052947218343	0.106348901653429	0.528656916212352	0.75	0.166666666666667	0.0833333333333333	0	0	0.0833333333333333
M29	FAM53C	12	9235:9246	112.163816714137	2.30052947218343	0.106348901653429	0.528656916212352	0.75	0.166666666666667	0.0833333333333333	0	0	0.0833333333333333
M29	MAT2A	12	9235:9246	112.163816714137	2.30052947218343	0.106348901653429	0.528656916212352	0.75	0.166666666666667	0.0833333333333333	0	0	0.0833333333333333
M29	JMJD6	12	9235:9246	112.163816714137	2.30052947218343	0.106348901653429	0.528656916212352	0.75	0.166666666666667	0.0833333333333333	0	0	0.0833333333333333
M29	IRS2	12	9235:9246	112.163816714137	2.30052947218343	0.106348901653429	0.528656916212352	0.75	0.166666666666667	0.0833333333333333	0	0	0.0833333333333333
M29	POLG2	12	9235:9246	112.163816714137	2.30052947218343	0.106348901653429	0.528656916212352	0.75	0.166666666666667	0.0833333333333333	0	0	0.0833333333333333
M29	ANKRD42	12	9235:9246	112.163816714137	2.30052947218343	0.106348901653429	0.528656916212352	0.75	0.166666666666667	0.0833333333333333	0	0	0.0833333333333333
M29	SRSF5	12	9235:9246	112.163816714137	2.30052947218343	0.106348901653429	0.528656916212352	0.75	0.166666666666667	0.0833333333333333	0	0	0.0833333333333333
M29	SNHG5	12	9235:9246	112.163816714137	2.30052947218343	0.106348901653429	0.528656916212352	0.75	0.166666666666667	0.0833333333333333	0	0	0.0833333333333333
M29	AC116366.6	12	9235:9246	112.163816714137	2.30052947218343	0.106348901653429	0.528656916212352	0.75	0.166666666666667	0.0833333333333333	0	0	0.0833333333333333
M29	RN7SL473P	12	9235:9246	112.163816714137	2.30052947218343	0.106348901653429	0.528656916212352	0.75	0.166666666666667	0.0833333333333333	0	0	0.0833333333333333
M53	RNASEH2A	10	9247:9256	61.7583179834747	3.0885947420128	0.0980783638217856	0.464099274459137	1	0	0	0	0	0.1
M53	TMEM97	10	9247:9256	61.7583179834747	3.0885947420128	0.0980783638217856	0.464099274459137	1	0	0	0	0	0.1
M53	GINS2	10	9247:9256	61.7583179834747	3.0885947420128	0.0980783638217856	0.464099274459137	1	0	0	0	0	0.1
M53	RFC3	10	9247:9256	61.7583179834747	3.0885947420128	0.0980783638217856	0.464099274459137	1	0	0	0	0	0.1
M53	CENPF	10	9247:9256	61.7583179834747	3.0885947420128	0.0980783638217856	0.464099274459137	1	0	0	0	0	0.1
M53	ZNF90	10	9247:9256	61.7583179834747	3.0885947420128	0.0980783638217856	0.464099274459137	1	0	0	0	0	0.1
M53	HELLS	10	9247:9256	61.7583179834747	3.0885947420128	0.0980783638217856	0.464099274459137	1	0	0	0	0	0.1
M53	MCM4	10	9247:9256	61.7583179834747	3.0885947420128	0.0980783638217856	0.464099274459137	1	0	0	0	0	0.1
M53	MCM7	10	9247:9256	61.7583179834747	3.0885947420128	0.0980783638217856	0.464099274459137	1	0	0	0	0	0.1
M53	TIMELESS	10	9247:9256	61.7583179834747	3.0885947420128	0.0980783638217856	0.464099274459137	1	0	0	0	0	0.1
M36	TPRG1L	11	9257:9267	198.395792742259	1.63597940046778	0.0713800174365938	0.531368434423473	1	0	0	0	0	0.0909090909090909
M36	COPS5	11	9257:9267	198.395792742259	1.63597940046778	0.0713800174365938	0.531368434423473	1	0	0	0	0	0.0909090909090909
M36	SRP19	11	9257:9267	198.395792742259	1.63597940046778	0.0713800174365938	0.531368434423473	1	0	0	0	0	0.0909090909090909
M36	CALM3	11	9257:9267	198.395792742259	1.63597940046778	0.0713800174365938	0.531368434423473	1	0	0	0	0	0.0909090909090909
M36	SNRPB2	11	9257:9267	198.395792742259	1.63597940046778	0.0713800174365938	0.531368434423473	1	0	0	0	0	0.0909090909090909
M36	UQCRFS1	11	9257:9267	198.395792742259	1.63597940046778	0.0713800174365938	0.531368434423473	1	0	0	0	0	0.0909090909090909
M36	HNRNPD	11	9257:9267	198.395792742259	1.63597940046778	0.0713800174365938	0.531368434423473	1	0	0	0	0	0.0909090909090909
M36	ZNF362	11	9257:9267	198.395792742259	1.63597940046778	0.0713800174365938	0.531368434423473	1	0	0	0	0	0.0909090909090909
M36	CHCHD3	11	9257:9267	198.395792742259	1.63597940046778	0.0713800174365938	0.531368434423473	1	0	0	0	0	0.0909090909090909
M36	CCT5	11	9257:9267	198.395792742259	1.63597940046778	0.0713800174365938	0.531368434423473	1	0	0	0	0	0.0909090909090909
M36	PSMA4	11	9257:9267	198.395792742259	1.63597940046778	0.0713800174365938	0.531368434423473	1	0	0	0	0	0.0909090909090909
M2	SNHG12	31	9268:9298	219.577715119619	1.89144862265993	0.173380533145285	0.362679575030412	0.870967741935484	0.0967741935483871	0	0.032258064516129	0	0.129032258064516
M2	BRD2	31	9268:9298	219.577715119619	1.89144862265993	0.173380533145285	0.362679575030412	0.870967741935484	0.0967741935483871	0	0.032258064516129	0	0.129032258064516
M2	KLF2	31	9268:9298	219.577715119619	1.89144862265993	0.173380533145285	0.362679575030412	0.870967741935484	0.0967741935483871	0	0.032258064516129	0	0.129032258064516
M2	UBE2S	31	9268:9298	219.577715119619	1.89144862265993	0.173380533145285	0.362679575030412	0.870967741935484	0.0967741935483871	0	0.032258064516129	0	0.129032258064516
M2	INTS6	31	9268:9298	219.577715119619	1.89144862265993	0.173380533145285	0.362679575030412	0.870967741935484	0.0967741935483871	0	0.032258064516129	0	0.129032258064516
M2	IFRD1	31	9268:9298	219.577715119619	1.89144862265993	0.173380533145285	0.362679575030412	0.870967741935484	0.0967741935483871	0	0.032258064516129	0	0.129032258064516
M2	NABP1	31	9268:9298	219.577715119619	1.89144862265993	0.173380533145285	0.362679575030412	0.870967741935484	0.0967741935483871	0	0.032258064516129	0	0.129032258064516
M2	SLC38A2	31	9268:9298	219.577715119619	1.89144862265993	0.173380533145285	0.362679575030412	0.870967741935484	0.0967741935483871	0	0.032258064516129	0	0.129032258064516
M2	PCF11	31	9268:9298	219.577715119619	1.89144862265993	0.173380533145285	0.362679575030412	0.870967741935484	0.0967741935483871	0	0.032258064516129	0	0.129032258064516
M2	THUMPD3-AS1	31	9268:9298	219.577715119619	1.89144862265993	0.173380533145285	0.362679575030412	0.870967741935484	0.0967741935483871	0	0.032258064516129	0	0.129032258064516
M2	DNAJB1	31	9268:9298	219.577715119619	1.89144862265993	0.173380533145285	0.362679575030412	0.870967741935484	0.0967741935483871	0	0.032258064516129	0	0.129032258064516
M2	MYADM	31	9268:9298	219.577715119619	1.89144862265993	0.173380533145285	0.362679575030412	0.870967741935484	0.0967741935483871	0	0.032258064516129	0	0.129032258064516
M2	BTG2	31	9268:9298	219.577715119619	1.89144862265993	0.173380533145285	0.362679575030412	0.870967741935484	0.0967741935483871	0	0.032258064516129	0	0.129032258064516
M2	CALM1	31	9268:9298	219.577715119619	1.89144862265993	0.173380533145285	0.362679575030412	0.870967741935484	0.0967741935483871	0	0.032258064516129	0	0.129032258064516
M2	CTD-3252C9.4	31	9268:9298	219.577715119619	1.89144862265993	0.173380533145285	0.362679575030412	0.870967741935484	0.0967741935483871	0	0.032258064516129	0	0.129032258064516
M2	DUSP5	31	9268:9298	219.577715119619	1.89144862265993	0.173380533145285	0.362679575030412	0.870967741935484	0.0967741935483871	0	0.032258064516129	0	0.129032258064516
M2	SRSF3	31	9268:9298	219.577715119619	1.89144862265993	0.173380533145285	0.362679575030412	0.870967741935484	0.0967741935483871	0	0.032258064516129	0	0.129032258064516
M2	SLC2A3	31	9268:9298	219.577715119619	1.89144862265993	0.173380533145285	0.362679575030412	0.870967741935484	0.0967741935483871	0	0.032258064516129	0	0.129032258064516
M2	MAFF	31	9268:9298	219.577715119619	1.89144862265993	0.173380533145285	0.362679575030412	0.870967741935484	0.0967741935483871	0	0.032258064516129	0	0.129032258064516
M2	HSP90AA1	31	9268:9298	219.577715119619	1.89144862265993	0.173380533145285	0.362679575030412	0.870967741935484	0.0967741935483871	0	0.032258064516129	0	0.129032258064516
M2	DNAJB4	31	9268:9298	219.577715119619	1.89144862265993	0.173380533145285	0.362679575030412	0.870967741935484	0.0967741935483871	0	0.032258064516129	0	0.129032258064516
M2	HERPUD1	31	9268:9298	219.577715119619	1.89144862265993	0.173380533145285	0.362679575030412	0.870967741935484	0.0967741935483871	0	0.032258064516129	0	0.129032258064516
M2	HSP90AA2P	31	9268:9298	219.577715119619	1.89144862265993	0.173380533145285	0.362679575030412	0.870967741935484	0.0967741935483871	0	0.032258064516129	0	0.129032258064516
M2	EIF4A3	31	9268:9298	219.577715119619	1.89144862265993	0.173380533145285	0.362679575030412	0.870967741935484	0.0967741935483871	0	0.032258064516129	0	0.129032258064516
M2	ZBTB11	31	9268:9298	219.577715119619	1.89144862265993	0.173380533145285	0.362679575030412	0.870967741935484	0.0967741935483871	0	0.032258064516129	0	0.129032258064516
M2	ADAMTS1	31	9268:9298	219.577715119619	1.89144862265993	0.173380533145285	0.362679575030412	0.870967741935484	0.0967741935483871	0	0.032258064516129	0	0.129032258064516
M2	DDX3X	31	9268:9298	219.577715119619	1.89144862265993	0.173380533145285	0.362679575030412	0.870967741935484	0.0967741935483871	0	0.032258064516129	0	0.129032258064516
M2	CCNL1	31	9268:9298	219.577715119619	1.89144862265993	0.173380533145285	0.362679575030412	0.870967741935484	0.0967741935483871	0	0.032258064516129	0	0.129032258064516
M2	DDIT3	31	9268:9298	219.577715119619	1.89144862265993	0.173380533145285	0.362679575030412	0.870967741935484	0.0967741935483871	0	0.032258064516129	0	0.129032258064516
M2	NFKBIZ	31	9268:9298	219.577715119619	1.89144862265993	0.173380533145285	0.362679575030412	0.870967741935484	0.0967741935483871	0	0.032258064516129	0	0.129032258064516
M2	GADD45A	31	9268:9298	219.577715119619	1.89144862265993	0.173380533145285	0.362679575030412	0.870967741935484	0.0967741935483871	0	0.032258064516129	0	0.129032258064516
M11	SPTY2D1	16	9299:9314	606.386901465118	1.69254212657587	0.125441892029616	0.317079927377774	0.9375	0.0625	0	0	0	0.0625
M11	BAG3	16	9299:9314	606.386901465118	1.69254212657587	0.125441892029616	0.317079927377774	0.9375	0.0625	0	0	0	0.0625
M11	ARL4D	16	9299:9314	606.386901465118	1.69254212657587	0.125441892029616	0.317079927377774	0.9375	0.0625	0	0	0	0.0625
M11	RP11-326I11.3	16	9299:9314	606.386901465118	1.69254212657587	0.125441892029616	0.317079927377774	0.9375	0.0625	0	0	0	0.0625
M11	SERTAD3	16	9299:9314	606.386901465118	1.69254212657587	0.125441892029616	0.317079927377774	0.9375	0.0625	0	0	0	0.0625
M11	PTP4A1	16	9299:9314	606.386901465118	1.69254212657587	0.125441892029616	0.317079927377774	0.9375	0.0625	0	0	0	0.0625
M11	TOB1	16	9299:9314	606.386901465118	1.69254212657587	0.125441892029616	0.317079927377774	0.9375	0.0625	0	0	0	0.0625
M11	SAP18	16	9299:9314	606.386901465118	1.69254212657587	0.125441892029616	0.317079927377774	0.9375	0.0625	0	0	0	0.0625
M11	MORF4L2	16	9299:9314	606.386901465118	1.69254212657587	0.125441892029616	0.317079927377774	0.9375	0.0625	0	0	0	0.0625
M11	PLK2	16	9299:9314	606.386901465118	1.69254212657587	0.125441892029616	0.317079927377774	0.9375	0.0625	0	0	0	0.0625
M11	RGS2	16	9299:9314	606.386901465118	1.69254212657587	0.125441892029616	0.317079927377774	0.9375	0.0625	0	0	0	0.0625
M11	HSPA5	16	9299:9314	606.386901465118	1.69254212657587	0.125441892029616	0.317079927377774	0.9375	0.0625	0	0	0	0.0625
M11	XBP1	16	9299:9314	606.386901465118	1.69254212657587	0.125441892029616	0.317079927377774	0.9375	0.0625	0	0	0	0.0625
M11	EIF5	16	9299:9314	606.386901465118	1.69254212657587	0.125441892029616	0.317079927377774	0.9375	0.0625	0	0	0	0.0625
M11	HSP90AB1	16	9299:9314	606.386901465118	1.69254212657587	0.125441892029616	0.317079927377774	0.9375	0.0625	0	0	0	0.0625
M11	EIF4A2	16	9299:9314	606.386901465118	1.69254212657587	0.125441892029616	0.317079927377774	0.9375	0.0625	0	0	0	0.0625
M1	KLF10	35	9315:9349	445.007775340506	2.07099615800316	0.27135453035558	0.414647629467568	1	0	0	0	0	0.4
M1	ATF3	35	9315:9349	445.007775340506	2.07099615800316	0.27135453035558	0.414647629467568	1	0	0	0	0	0.4
M1	SNAI1	35	9315:9349	445.007775340506	2.07099615800316	0.27135453035558	0.414647629467568	1	0	0	0	0	0.4
M1	H2AFZ	35	9315:9349	445.007775340506	2.07099615800316	0.27135453035558	0.414647629467568	1	0	0	0	0	0.4
M1	CSRNP1	35	9315:9349	445.007775340506	2.07099615800316	0.27135453035558	0.414647629467568	1	0	0	0	0	0.4
M1	EGR2	35	9315:9349	445.007775340506	2.07099615800316	0.27135453035558	0.414647629467568	1	0	0	0	0	0.4
M1	ADM	35	9315:9349	445.007775340506	2.07099615800316	0.27135453035558	0.414647629467568	1	0	0	0	0	0.4
M1	IER5	35	9315:9349	445.007775340506	2.07099615800316	0.27135453035558	0.414647629467568	1	0	0	0	0	0.4
M1	ID3	35	9315:9349	445.007775340506	2.07099615800316	0.27135453035558	0.414647629467568	1	0	0	0	0	0.4
M1	ID2	35	9315:9349	445.007775340506	2.07099615800316	0.27135453035558	0.414647629467568	1	0	0	0	0	0.4
M1	CDKN1A	35	9315:9349	445.007775340506	2.07099615800316	0.27135453035558	0.414647629467568	1	0	0	0	0	0.4
M1	JUNB	35	9315:9349	445.007775340506	2.07099615800316	0.27135453035558	0.414647629467568	1	0	0	0	0	0.4
M1	DUSP1	35	9315:9349	445.007775340506	2.07099615800316	0.27135453035558	0.414647629467568	1	0	0	0	0	0.4
M1	RASD1	35	9315:9349	445.007775340506	2.07099615800316	0.27135453035558	0.414647629467568	1	0	0	0	0	0.4
M1	FOS	35	9315:9349	445.007775340506	2.07099615800316	0.27135453035558	0.414647629467568	1	0	0	0	0	0.4
M1	FOSB	35	9315:9349	445.007775340506	2.07099615800316	0.27135453035558	0.414647629467568	1	0	0	0	0	0.4
M1	GADD45B	35	9315:9349	445.007775340506	2.07099615800316	0.27135453035558	0.414647629467568	1	0	0	0	0	0.4
M1	JUND	35	9315:9349	445.007775340506	2.07099615800316	0.27135453035558	0.414647629467568	1	0	0	0	0	0.4
M1	ZFP36	35	9315:9349	445.007775340506	2.07099615800316	0.27135453035558	0.414647629467568	1	0	0	0	0	0.4
M1	PPP1R15A	35	9315:9349	445.007775340506	2.07099615800316	0.27135453035558	0.414647629467568	1	0	0	0	0	0.4
M1	SOCS3	35	9315:9349	445.007775340506	2.07099615800316	0.27135453035558	0.414647629467568	1	0	0	0	0	0.4
M1	HSPH1	35	9315:9349	445.007775340506	2.07099615800316	0.27135453035558	0.414647629467568	1	0	0	0	0	0.4
M1	TUBB4B	35	9315:9349	445.007775340506	2.07099615800316	0.27135453035558	0.414647629467568	1	0	0	0	0	0.4
M1	CYR61	35	9315:9349	445.007775340506	2.07099615800316	0.27135453035558	0.414647629467568	1	0	0	0	0	0.4
M1	EIF1	35	9315:9349	445.007775340506	2.07099615800316	0.27135453035558	0.414647629467568	1	0	0	0	0	0.4
M1	HSPA1B	35	9315:9349	445.007775340506	2.07099615800316	0.27135453035558	0.414647629467568	1	0	0	0	0	0.4
M1	EGR1	35	9315:9349	445.007775340506	2.07099615800316	0.27135453035558	0.414647629467568	1	0	0	0	0	0.4
M1	RHOB	35	9315:9349	445.007775340506	2.07099615800316	0.27135453035558	0.414647629467568	1	0	0	0	0	0.4
M1	UBC	35	9315:9349	445.007775340506	2.07099615800316	0.27135453035558	0.414647629467568	1	0	0	0	0	0.4
M1	HSPA1A	35	9315:9349	445.007775340506	2.07099615800316	0.27135453035558	0.414647629467568	1	0	0	0	0	0.4
M1	JUN	35	9315:9349	445.007775340506	2.07099615800316	0.27135453035558	0.414647629467568	1	0	0	0	0	0.4
M1	IER3	35	9315:9349	445.007775340506	2.07099615800316	0.27135453035558	0.414647629467568	1	0	0	0	0	0.4
M1	MCL1	35	9315:9349	445.007775340506	2.07099615800316	0.27135453035558	0.414647629467568	1	0	0	0	0	0.4
M1	IER2	35	9315:9349	445.007775340506	2.07099615800316	0.27135453035558	0.414647629467568	1	0	0	0	0	0.4
M1	KLF4	35	9315:9349	445.007775340506	2.07099615800316	0.27135453035558	0.414647629467568	1	0	0	0	0	0.4
M37	ZFAND5	11	9350:9360	166.310733920079	1.43284057726632	0.100778552752268	0.377894053506282	1	0	0	0	0	0.0909090909090909
M37	TSC22D1	11	9350:9360	166.310733920079	1.43284057726632	0.100778552752268	0.377894053506282	1	0	0	0	0	0.0909090909090909
M37	PNRC1	11	9350:9360	166.310733920079	1.43284057726632	0.100778552752268	0.377894053506282	1	0	0	0	0	0.0909090909090909
M37	NEU1	11	9350:9360	166.310733920079	1.43284057726632	0.100778552752268	0.377894053506282	1	0	0	0	0	0.0909090909090909
M37	MEX3C	11	9350:9360	166.310733920079	1.43284057726632	0.100778552752268	0.377894053506282	1	0	0	0	0	0.0909090909090909
M37	PPP1R15B	11	9350:9360	166.310733920079	1.43284057726632	0.100778552752268	0.377894053506282	1	0	0	0	0	0.0909090909090909
M37	DCP1A	11	9350:9360	166.310733920079	1.43284057726632	0.100778552752268	0.377894053506282	1	0	0	0	0	0.0909090909090909
M37	HNRNPH1	11	9350:9360	166.310733920079	1.43284057726632	0.100778552752268	0.377894053506282	1	0	0	0	0	0.0909090909090909
M37	NFKBIA	11	9350:9360	166.310733920079	1.43284057726632	0.100778552752268	0.377894053506282	1	0	0	0	0	0.0909090909090909
M37	PHLDA1	11	9350:9360	166.310733920079	1.43284057726632	0.100778552752268	0.377894053506282	1	0	0	0	0	0.0909090909090909
M37	BTG1	11	9350:9360	166.310733920079	1.43284057726632	0.100778552752268	0.377894053506282	1	0	0	0	0	0.0909090909090909
M38	BTG3	11	9361:9371	60.3290395021729	2.09775636432238	0.0591115990897495	0.587771746913996	1	0	0	0	0	0.0909090909090909
M38	DNAJC13	11	9361:9371	60.3290395021729	2.09775636432238	0.0591115990897495	0.587771746913996	1	0	0	0	0	0.0909090909090909
M38	KCTD3	11	9361:9371	60.3290395021729	2.09775636432238	0.0591115990897495	0.587771746913996	1	0	0	0	0	0.0909090909090909
M38	SBDS	11	9361:9371	60.3290395021729	2.09775636432238	0.0591115990897495	0.587771746913996	1	0	0	0	0	0.0909090909090909
M38	STRN3	11	9361:9371	60.3290395021729	2.09775636432238	0.0591115990897495	0.587771746913996	1	0	0	0	0	0.0909090909090909
M38	CREB1	11	9361:9371	60.3290395021729	2.09775636432238	0.0591115990897495	0.587771746913996	1	0	0	0	0	0.0909090909090909
M38	C14orf28	11	9361:9371	60.3290395021729	2.09775636432238	0.0591115990897495	0.587771746913996	1	0	0	0	0	0.0909090909090909
M38	SSH1	11	9361:9371	60.3290395021729	2.09775636432238	0.0591115990897495	0.587771746913996	1	0	0	0	0	0.0909090909090909
M38	STXBP4	11	9361:9371	60.3290395021729	2.09775636432238	0.0591115990897495	0.587771746913996	1	0	0	0	0	0.0909090909090909
M38	EPHA3	11	9361:9371	60.3290395021729	2.09775636432238	0.0591115990897495	0.587771746913996	1	0	0	0	0	0.0909090909090909
M38	DHX15	11	9361:9371	60.3290395021729	2.09775636432238	0.0591115990897495	0.587771746913996	1	0	0	0	0	0.0909090909090909
M30	CCT7	12	9372:9383	163.727478096468	2.2832860400616	0.0974237272919643	0.533878715868453	1	0	0	0	0	0
M30	RPS14	12	9372:9383	163.727478096468	2.2832860400616	0.0974237272919643	0.533878715868453	1	0	0	0	0	0
M30	USP22	12	9372:9383	163.727478096468	2.2832860400616	0.0974237272919643	0.533878715868453	1	0	0	0	0	0
M30	MICAL1	12	9372:9383	163.727478096468	2.2832860400616	0.0974237272919643	0.533878715868453	1	0	0	0	0	0
M30	HLA-E	12	9372:9383	163.727478096468	2.2832860400616	0.0974237272919643	0.533878715868453	1	0	0	0	0	0
M30	VPS51	12	9372:9383	163.727478096468	2.2832860400616	0.0974237272919643	0.533878715868453	1	0	0	0	0	0
M30	TRPC4AP	12	9372:9383	163.727478096468	2.2832860400616	0.0974237272919643	0.533878715868453	1	0	0	0	0	0
M30	FCGRT	12	9372:9383	163.727478096468	2.2832860400616	0.0974237272919643	0.533878715868453	1	0	0	0	0	0
M30	POMGNT1	12	9372:9383	163.727478096468	2.2832860400616	0.0974237272919643	0.533878715868453	1	0	0	0	0	0
M30	BAP1	12	9372:9383	163.727478096468	2.2832860400616	0.0974237272919643	0.533878715868453	1	0	0	0	0	0
M30	RHOC	12	9372:9383	163.727478096468	2.2832860400616	0.0974237272919643	0.533878715868453	1	0	0	0	0	0
M30	UBXN1	12	9372:9383	163.727478096468	2.2832860400616	0.0974237272919643	0.533878715868453	1	0	0	0	0	0
M16	TMEM132D	14	9384:9397	15.6780968855568	3.3036398724864	0.0766455305226678	0.477071589348459	0.571428571428571	0.357142857142857	0	0.0714285714285714	0	0.0714285714285714
M16	CRX	14	9384:9397	15.6780968855568	3.3036398724864	0.0766455305226678	0.477071589348459	0.571428571428571	0.357142857142857	0	0.0714285714285714	0	0.0714285714285714
M16	CTA-212A2.3	14	9384:9397	15.6780968855568	3.3036398724864	0.0766455305226678	0.477071589348459	0.571428571428571	0.357142857142857	0	0.0714285714285714	0	0.0714285714285714
M16	GJA8	14	9384:9397	15.6780968855568	3.3036398724864	0.0766455305226678	0.477071589348459	0.571428571428571	0.357142857142857	0	0.0714285714285714	0	0.0714285714285714
M16	RP11-84A19.4	14	9384:9397	15.6780968855568	3.3036398724864	0.0766455305226678	0.477071589348459	0.571428571428571	0.357142857142857	0	0.0714285714285714	0	0.0714285714285714
M16	RP3-412A9.17	14	9384:9397	15.6780968855568	3.3036398724864	0.0766455305226678	0.477071589348459	0.571428571428571	0.357142857142857	0	0.0714285714285714	0	0.0714285714285714
M16	NAV2-AS3	14	9384:9397	15.6780968855568	3.3036398724864	0.0766455305226678	0.477071589348459	0.571428571428571	0.357142857142857	0	0.0714285714285714	0	0.0714285714285714
M16	RP11-164H13.1	14	9384:9397	15.6780968855568	3.3036398724864	0.0766455305226678	0.477071589348459	0.571428571428571	0.357142857142857	0	0.0714285714285714	0	0.0714285714285714
M16	MYOM1	14	9384:9397	15.6780968855568	3.3036398724864	0.0766455305226678	0.477071589348459	0.571428571428571	0.357142857142857	0	0.0714285714285714	0	0.0714285714285714
M16	MYO3B	14	9384:9397	15.6780968855568	3.3036398724864	0.0766455305226678	0.477071589348459	0.571428571428571	0.357142857142857	0	0.0714285714285714	0	0.0714285714285714
M16	NAP1L6	14	9384:9397	15.6780968855568	3.3036398724864	0.0766455305226678	0.477071589348459	0.571428571428571	0.357142857142857	0	0.0714285714285714	0	0.0714285714285714
M16	NFASC	14	9384:9397	15.6780968855568	3.3036398724864	0.0766455305226678	0.477071589348459	0.571428571428571	0.357142857142857	0	0.0714285714285714	0	0.0714285714285714
M16	NLRP12	14	9384:9397	15.6780968855568	3.3036398724864	0.0766455305226678	0.477071589348459	0.571428571428571	0.357142857142857	0	0.0714285714285714	0	0.0714285714285714
M16	TPT1P3	14	9384:9397	15.6780968855568	3.3036398724864	0.0766455305226678	0.477071589348459	0.571428571428571	0.357142857142857	0	0.0714285714285714	0	0.0714285714285714
M54	SRSF2	10	9398:9407	190.21110761298	1.80604215443153	0.0923243437109976	0.441219983921088	0.6	0.4	0	0	0	0
M54	TCP1	10	9398:9407	190.21110761298	1.80604215443153	0.0923243437109976	0.441219983921088	0.6	0.4	0	0	0	0
M54	DYNLL1	10	9398:9407	190.21110761298	1.80604215443153	0.0923243437109976	0.441219983921088	0.6	0.4	0	0	0	0
M54	UBALD2	10	9398:9407	190.21110761298	1.80604215443153	0.0923243437109976	0.441219983921088	0.6	0.4	0	0	0	0
M54	HSPE1	10	9398:9407	190.21110761298	1.80604215443153	0.0923243437109976	0.441219983921088	0.6	0.4	0	0	0	0
M54	RN7SL832P	10	9398:9407	190.21110761298	1.80604215443153	0.0923243437109976	0.441219983921088	0.6	0.4	0	0	0	0
M54	CTC-351M12.1	10	9398:9407	190.21110761298	1.80604215443153	0.0923243437109976	0.441219983921088	0.6	0.4	0	0	0	0
M54	HSPD1	10	9398:9407	190.21110761298	1.80604215443153	0.0923243437109976	0.441219983921088	0.6	0.4	0	0	0	0
M54	MZF1-AS1	10	9398:9407	190.21110761298	1.80604215443153	0.0923243437109976	0.441219983921088	0.6	0.4	0	0	0	0
M54	ILF3-AS1	10	9398:9407	190.21110761298	1.80604215443153	0.0923243437109976	0.441219983921088	0.6	0.4	0	0	0	0
M39	TUBB6	11	9408:9418	143.128161985786	2.47405389170265	0.136839781686876	0.541161525211918	1	0	0	0	0	0
M39	CHEK1	11	9408:9418	143.128161985786	2.47405389170265	0.136839781686876	0.541161525211918	1	0	0	0	0	0
M39	LSM3	11	9408:9418	143.128161985786	2.47405389170265	0.136839781686876	0.541161525211918	1	0	0	0	0	0
M39	CSTF1	11	9408:9418	143.128161985786	2.47405389170265	0.136839781686876	0.541161525211918	1	0	0	0	0	0
M39	TYMS	11	9408:9418	143.128161985786	2.47405389170265	0.136839781686876	0.541161525211918	1	0	0	0	0	0
M39	MCM6	11	9408:9418	143.128161985786	2.47405389170265	0.136839781686876	0.541161525211918	1	0	0	0	0	0
M39	MCM3	11	9408:9418	143.128161985786	2.47405389170265	0.136839781686876	0.541161525211918	1	0	0	0	0	0
M39	TUBA1B	11	9408:9418	143.128161985786	2.47405389170265	0.136839781686876	0.541161525211918	1	0	0	0	0	0
M39	MCM2	11	9408:9418	143.128161985786	2.47405389170265	0.136839781686876	0.541161525211918	1	0	0	0	0	0
M39	MCM5	11	9408:9418	143.128161985786	2.47405389170265	0.136839781686876	0.541161525211918	1	0	0	0	0	0
M39	CDCA7	11	9408:9418	143.128161985786	2.47405389170265	0.136839781686876	0.541161525211918	1	0	0	0	0	0
M55	TM4SF1	10	9419:9428	317.289413794519	2.48215499303737	0.128818236732716	0.382934539106807	1	0	0	0	0	0.1
M55	PTGER4	10	9419:9428	317.289413794519	2.48215499303737	0.128818236732716	0.382934539106807	1	0	0	0	0	0.1
M55	P2RY1	10	9419:9428	317.289413794519	2.48215499303737	0.128818236732716	0.382934539106807	1	0	0	0	0	0.1
M55	SOX9	10	9419:9428	317.289413794519	2.48215499303737	0.128818236732716	0.382934539106807	1	0	0	0	0	0.1
M55	KHDRBS3	10	9419:9428	317.289413794519	2.48215499303737	0.128818236732716	0.382934539106807	1	0	0	0	0	0.1
M55	PAMR1	10	9419:9428	317.289413794519	2.48215499303737	0.128818236732716	0.382934539106807	1	0	0	0	0	0.1
M55	HLA-A	10	9419:9428	317.289413794519	2.48215499303737	0.128818236732716	0.382934539106807	1	0	0	0	0	0.1
M55	B2M	10	9419:9428	317.289413794519	2.48215499303737	0.128818236732716	0.382934539106807	1	0	0	0	0	0.1
M55	PTGS1	10	9419:9428	317.289413794519	2.48215499303737	0.128818236732716	0.382934539106807	1	0	0	0	0	0.1
M55	PLAU	10	9419:9428	317.289413794519	2.48215499303737	0.128818236732716	0.382934539106807	1	0	0	0	0	0.1
M40	UFC1	11	9429:9439	869.894665077229	1.49710856354821	0.114095914614588	0.671497860914893	1	0	0	0	0	0.0909090909090909
M40	SKP1	11	9429:9439	869.894665077229	1.49710856354821	0.114095914614588	0.671497860914893	1	0	0	0	0	0.0909090909090909
M40	PPIL3	11	9429:9439	869.894665077229	1.49710856354821	0.114095914614588	0.671497860914893	1	0	0	0	0	0.0909090909090909
M40	TBC1D16	11	9429:9439	869.894665077229	1.49710856354821	0.114095914614588	0.671497860914893	1	0	0	0	0	0.0909090909090909
M40	TUBA1A	11	9429:9439	869.894665077229	1.49710856354821	0.114095914614588	0.671497860914893	1	0	0	0	0	0.0909090909090909
M40	UBB	11	9429:9439	869.894665077229	1.49710856354821	0.114095914614588	0.671497860914893	1	0	0	0	0	0.0909090909090909
M40	ATF4	11	9429:9439	869.894665077229	1.49710856354821	0.114095914614588	0.671497860914893	1	0	0	0	0	0.0909090909090909
M40	CLK1	11	9429:9439	869.894665077229	1.49710856354821	0.114095914614588	0.671497860914893	1	0	0	0	0	0.0909090909090909
M40	SAT1	11	9429:9439	869.894665077229	1.49710856354821	0.114095914614588	0.671497860914893	1	0	0	0	0	0.0909090909090909
M40	CDYL	11	9429:9439	869.894665077229	1.49710856354821	0.114095914614588	0.671497860914893	1	0	0	0	0	0.0909090909090909
M40	CFAP20	11	9429:9439	869.894665077229	1.49710856354821	0.114095914614588	0.671497860914893	1	0	0	0	0	0.0909090909090909
