predicted.id	prediction.score.Fibro.SCN7A	prediction.score.Fibro.SFRP2	prediction.score.Fibro.Prol	prediction.score.Fibro.GUCY1A3	prediction.score.SKM	prediction.score.Fibro.COL11A1	prediction.score.Endo	prediction.score.Immune	prediction.score.SM	prediction.score.Glial	prediction.score.max
GJ_1_1-1	Endo	0.00380344279988147	0.00751693782247877	0	0.00601091567939631	0	0	0.98260342381317	6.52798850726049e-05	0	0	0.98260342381317
GJ_1_1-2	Fibro-SCN7A	0.930754925421376	0	0	0.00945594885315746	2.74893381917949e-06	0.028383125793328	0	0.0314032509983184	0	0	0.930754925421376
GJ_1_1-3	Fibro-SFRP2	0.18414949680016	0.445030958946121	0	0.0256066176157923	0	0.345212926637926	0	0	0	0	0.445030958946121
GJ_1_1-5	Fibro-SCN7A	0.518428141032014	0.136730912591268	0.0563485856380653	0.151362486964973	0	0	0.0606774555519043	0.00284844382064177	0.0736039744011333	0	0.518428141032014
GJ_1_1-6	Endo	0.004020849268169	0.0137586882491956	0	0.0171167260071469	0	0	0.964503189991896	0.00060054648359339	0	0	0.964503189991896
GJ_1_1-8	Fibro-SCN7A	0.658295217979289	0.282857212502856	0	0.0437803247467133	0	0.0150672447711417	0	0	0	0	0.658295217979289
GJ_1_2-1	Endo	0.137643190890737	0.0262972911217638	0	0.101712047236109	0	0	0.724333232707273	0.0100142380441174	0	0	0.724333232707273
GJ_1_2-2	Glial	0.0243914671200759	0.0346293102600279	0	0.394775396142581	0.00190106542750377	0.0772180879963784	0.0619583672864863	0.00363648410035867	0	0.401489821666588	0.401489821666588
GJ_1_2-3	SM	0.26164385233099	0.0226270755721441	0.00219690092454519	0.097249699680206	0.000639918769479694	0.0177616887500895	0.191170046447943	0.0507894896563442	0.355921327868259	0	0.355921327868259
GJ_1_2-4	Immune	0	0.0191022251714246	0	0.00373726157203464	0	0	0.00465769224776992	0.972502821008771	0	0	0.972502821008771
GJ_1_2-5	SM	0.00608436396797042	0.0480090578077096	0	0.0940907730011522	0.0159057252037958	0	0	0.0200653992901595	0.815844680729213	0	0.815844680729213
GJ_1_2-6	Fibro-SCN7A	0.627122059981331	0.00230002277355753	0	0.300227912987647	0	0.00610192025932571	0	0.0642480839981389	0	0	0.627122059981331
GJ_1_2-7	Fibro-SCN7A	0.519936946178542	0.184234102772074	0.0290734145585337	0.0271929463717609	0	0.226654308712875	0	0.0129082814062138	0	0	0.519936946178542
GJ_1_2-8	Fibro-GUCY1A3	0.0823263940265123	0.0115011266335079	0	0.448528503620206	0	0.247840909174483	0.209803066545289	0	0	0	0.448528503620206
GJ_1_3-1	Fibro-SCN7A	0.530249656548707	0.00984052742755911	0.013643969670433	0.305730976292	0	0.0994212163206839	0.0256631000417997	0	0.0154505536988175	0	0.530249656548707
GJ_1_3-2	Fibro-SCN7A	0.642085759625856	0.0183324500745019	0.00443840456716538	0.207156939695278	0	0.0730906153172522	0	0.0035796559800607	0.0513161747398859	0	0.642085759625856
GJ_1_3-3	Glial	0.105617089403692	0.0397506045377726	0	0.0780245475646666	0.0282912355438648	0.0430126247297928	0	0	0.00505929388247448	0.700244604337736	0.700244604337736
GJ_1_3-4	Fibro-SFRP2	0.231942381259162	0.532068875704663	0	0.155770422851299	0	0.0573846111236591	0	0.0228337090612174	0	0	0.532068875704663
GJ_1_3-5	Fibro-COL11A1	0.0236662554797828	0.00387687209079154	0	0.165675306389878	0	0.788040820177503	0.0187407458620449	0	0	0	0.788040820177503
GJ_1_3-6	Fibro-GUCY1A3	0.221358873392619	0.0108952302895368	0.0328124685583656	0.574233660401018	0	0.0924173198869937	0	0.0214250540581696	0	0.046857393413297	0.574233660401018
GJ_1_3-7	Fibro-SCN7A	0.873353223936082	0.0313710679179039	0.00762726690693062	0.0704645588797467	0	0.00520288762463943	0	0.0119809947346986	0	0	0.873353223936082
GJ_1_3-8	Fibro-SCN7A	0.540704188294821	0.109331760424188	0	0.312895913439933	0	0.0202483225297796	0.0168198153112778	0	0	0	0.540704188294821
GJ_1_4-1	Fibro-COL11A1	0.0288739620835427	0.0747093058763042	0.0135889861256439	0.0430849989211488	0	0.830896089387907	0	0.00034714401446924	0	0.00849951359098407	0.830896089387907
GJ_1_4-2	SM	0.196032001911662	0.0641900297034929	0.0288568969016262	0.137101513638052	0.0875360148644559	0	0	0	0.458471795176418	0.0278117478042923	0.458471795176418
GJ_1_4-3	Fibro-SCN7A	0.69757513401817	0.108151428972479	0	0.194273437009351	0	0	0	0	0	0	0.69757513401817
GJ_1_4-4	Endo	0.0632379845849366	0	0	0.0158101583592866	0	0.0495376454296178	0.84392127655033	0.0238559606920208	0	0.00363697438380903	0.84392127655033
GJ_1_4-5	SM	0.0480760764391515	0.0903952760350553	0.0445215333478894	0.144479113135442	0	0.00559079878736254	0	0.0358080902296056	0.631129112025493	0	0.631129112025493
GJ_1_4-6	Fibro-COL11A1	0.100310380042657	0.094437529647496	0.0478208431237957	0.284192174250497	0	0.295148710634149	0	0.10595606673127	0.0721342955701355	0	0.295148710634149
GJ_1_4-7	Fibro-SCN7A	0.521071358563895	0.102776125139648	0.357402154835481	0.0076613444383171	0	0.00483737745775149	0	0.00625163956490686	0	0	0.521071358563895
GJ_1_4-8	Fibro-SCN7A	0.227145448987247	0.0745595712524594	0.00944167643736718	0.106417640490126	0.0643363133410886	0.0873897405080084	0.20799487809312	0.00788622248734251	0.165819203032775	0.0490093053704667	0.227145448987247
GJ_1_5-1	Immune	0.0196005083721438	0.143049724902621	0	0.119056896943348	0	0.190543409089676	0	0.527093732149627	0.000655728542583848	0	0.527093732149627
GJ_1_5-2	SM	0.0209030137726124	0.112668837454443	0	0.0369287699407703	0.0608070062688679	0	0.109768890058447	0.0296966827184516	0.62657135215922	0.00265544762718719	0.62657135215922
GJ_1_5-3	Fibro-GUCY1A3	0.166771358157168	0.0162615436971137	0	0.734819014886829	0	0.0330330449821856	0.0491150382767035	0	0	0	0.734819014886829
GJ_1_5-4	SM	0.0291059259883937	0	0	0	0	0	0	0.008220086653909	0.962673987357698	0	0.962673987357698
GJ_1_5-5	Fibro-SFRP2	0.133976069566038	0.400986787182836	0.337941799552466	0.114530468655995	0	0	0	0.0114576441122883	0.00110723093037663	0	0.400986787182836
GJ_1_5-6	Fibro-SFRP2	0.342954562843884	0.511768531838825	0	0.110157548429811	0	0.035119356887481	0	0	0	0	0.511768531838825
GJ_1_5-8	Endo	0.0993732916146248	0.0375982002597004	0.0095811215317723	0.157584567896713	0	0.034484153262239	0.3370609198411	0.238046303806784	0	0.0862714417870669	0.3370609198411
GJ_1_6-1	SM	0.0838975886112484	0	0.00402763855518337	0.011940157553791	0	0.00620066538722227	0	0.0107354546287458	0.883198495263809	0	0.883198495263809
GJ_1_6-2	Immune	0	0.00118763291401178	0	0.000308617990039441	0	0	0.00504727817354162	0.993456470922407	0	0	0.993456470922407
GJ_1_6-3	Fibro-SCN7A	0.722841004848097	0.0302503174909048	0.0111208739040785	0.0988726323898896	0	0.0852275033699557	0	0.0516876679970743	0	0	0.722841004848097
GJ_1_6-4	Fibro-SCN7A	0.740720565423878	0.0641087005366757	0	0.0699382442701822	0	0.112254649821076	0	0.0129778399481881	0	0	0.740720565423878
GJ_1_6-5	Fibro-SCN7A	0.615302828845244	0.0442048090484572	0	0.299709073260873	0	0.0407832888454255	0	0	0	0	0.615302828845244
GJ_1_6-6	SM	0.00943174206363124	0.036547238104498	0.0168295247476661	0.0704786887614131	0.0182745422688597	0.00906113300593815	0	0.0389105747567731	0.800466556291221	0	0.800466556291221
GJ_1_6-7	SM	0.0643586404864434	0.0287567599439656	0.00579136654088263	0.0553449960408006	0.0901246086302462	0	0	0.0565050501443999	0.699118578213262	0	0.699118578213262
GJ_1_6-8	Fibro-SFRP2	0.212947569114265	0.499827078254598	0	0.217296391354215	0	0.00763872894325895	0	0.0622902323336625	0	0	0.499827078254598
GJ_1_7-1	SM	0.0221274242246692	0.0231154232516704	0	0.292422470231021	0.0302120252540374	0	0	0.0805553011139357	0.551567355924666	0	0.551567355924666
GJ_1_7-2	Fibro-SCN7A	0.820528160675511	0.0294137204870358	0	0.109968993767261	0	0.0196805451270843	0	0.0204085799431076	0	0	0.820528160675511
GJ_1_7-3	Endo	0.010685155718906	0.0226322727293056	0	0.0195277471552335	0.000527745884793769	0	0.789539317955467	0.157087760556294	0	0	0.789539317955467
GJ_1_7-4	Fibro-GUCY1A3	0.122172951490133	0.36194843875165	0	0.486421323243075	0	0.0294572865151416	0	0	0	0	0.486421323243075
GJ_1_7-5	Fibro-SCN7A	0.808882950484927	0.0182487942992085	0	0.0297145983119366	0	0.0469367995480834	0	0.0962168573558442	0	0	0.808882950484927
GJ_1_7-6	Fibro-SFRP2	0.202459367993375	0.42405477132381	0.0412317822931782	0.0986678532421312	0	0.231654184987532	0	0.00193204015997475	0	0	0.42405477132381
GJ_1_7-7	SM	0.0274614095334698	0.0145013424846561	0.0121267402571933	0.0278958209581734	0.0122218750665882	0.00554746657503153	0	0.0139248426276171	0.886320502497271	0	0.886320502497271
GJ_1_7-8	Endo	0.0829585645971705	0.0316670406794535	0	0.191923793329565	0	0.135755307281045	0.557695294112766	0	0	0	0.557695294112766
GJ_1_8-1	Fibro-GUCY1A3	0.0500525298852868	0.0245213548232956	0	0.589437375321469	0	0.16202889758483	0.173365485090596	0	0	0.00059435729452245	0.589437375321469
GJ_1_8-2	SM	0.0200731742771381	0.0475916645864267	0.0104596070555306	0.0853576731264016	0.0286430384499295	0	0	0.00488629277894143	0.802988549725632	0	0.802988549725632
GJ_1_8-3	Fibro-SCN7A	0.68120853998541	0.0828739624495743	0.128852534218085	0.0843215422880243	0	0.0226186373584067	0	0	0.000124783700499537	0	0.68120853998541
GJ_1_8-5	SM	0.0927265016458893	0.0100275502027336	0	0.0192426577586086	0.094542792885767	0	0	0.0279764223671725	0.755484075139829	0	0.755484075139829
GJ_1_8-6	Fibro-GUCY1A3	0.183509099081443	0.0224272682903716	0.00902102320368057	0.678961226152584	0.022687657182693	0.0327865035262396	0.00675718894083779	0	0.04385003362215	0	0.678961226152584
GJ_1_8-7	Fibro-SFRP2	0.176548557838996	0.639691372606669	0	0.113925772793622	0.00490987030590928	0.0296737675220053	0	0.0352506589327987	0	0	0.639691372606669
GJ_1_9-1	SM	0.0862219891295233	0.0200975844367059	0	0.0397318536019496	0.0042966355619464	0	0	0.0451334732285956	0.804518464041279	0	0.804518464041279
GJ_1_9-2	Fibro-SCN7A	0.463395452058834	0.0300070502999166	0.203465759996911	0.195408452346195	0	0	0	0.107723285298144	0	0	0.463395452058834
GJ_1_9-3	SM	0.0659590350048611	0.0331694795411285	0.0329381812973021	0.086645818249003	0.0260231743821792	0	0	0.02166852301517	0.733595788510356	0	0.733595788510356
GJ_1_9-4	Fibro-SCN7A	0.515609655498121	0.011743837658703	0.0156982576648971	0.146472540082874	0.0154836089742976	0.0369548151394894	0	0.00372284791620726	0.2527478376532	0.00156659941221014	0.515609655498121
GJ_1_9-5	Endo	0.0239067894113115	0.0080692163715932	0.00171637679313231	0.0299253950805476	0.00383528283958618	0	0.923451961799554	0.000689748670940086	0.00196529866349872	0.00643993036983603	0.923451961799554
GJ_1_9-6	Fibro-GUCY1A3	0.37889219978922	0.1110891780443	0	0.493147638101347	0	0	0	0.0168709840651324	0	0	0.493147638101347
GJ_1_9-7	Immune	0.00176343714513197	0.014275185098024	0	0.0114296252705718	0	0	0.015534709444469	0.947591177274432	0	0.00940586576737116	0.947591177274432
GJ_1_9-8	Endo	0.00556280389649455	0	0	0.00327680592578812	0	0.000769449103067679	0.914928071500617	0.0754628695740334	0	0	0.914928071500617
GJ_1_10-1	SM	0.347797988532736	0	0	0	0.0256878080548955	0	0	0.00775434486396324	0.618759858548405	0	0.618759858548405
GJ_1_10-2	Fibro-SCN7A	0.776376473685446	0.0118424174429191	0	0.14562285381025	0	0.0661582550613846	0	0	0	0	0.776376473685446
GJ_1_10-3	Fibro-SCN7A	0.539850056827046	0.332440671002429	0.00672805304397085	0.0650901686005667	0	0.00969553370808003	0	0.0461955168179067	0	0	0.539850056827046
GJ_1_10-4	Fibro-SCN7A	0.362603827738001	0.115000181297268	0	0.155949862171709	0	0.0108965387036818	0	0.355549590089341	0	0	0.362603827738001
GJ_1_10-5	SM	0.0696536574267769	0.0184955597968583	0	0.0172570020326507	0.028776294507244	0	0	0.0146832029622339	0.851134283274236	0	0.851134283274236
GJ_1_10-6	Immune	0.00374800215859806	0.0109601331758242	0	0	0	0	0	0.985291864665578	0	0	0.985291864665578
GJ_1_10-7	SM	0.238932188969001	0.016783924667017	0.00559776325697495	0.0436404807835579	0	0.0640190937341453	0	0	0.621510926251617	0.00951562233768719	0.621510926251617
GJ_1_10-8	SM	0.234221343945196	0.0103969843958207	0	0.159955406536987	0.263071178841777	0.0151757597703711	0	0.011002047797989	0.306177278711858	0	0.306177278711858
GJ_1_11-1	Fibro-SFRP2	0.0961018403902154	0.454416435332154	0.0717831791321001	0.104023543259786	0	0.273675001885744	0	0	0	0	0.454416435332154
GJ_1_11-2	Fibro-SCN7A	0.549763464142187	0.114027886808429	0.00593705733072093	0.0270918674077941	0	0.0078290304347043	0	0.295350693876164	0	0	0.549763464142187
GJ_1_11-3	Fibro-GUCY1A3	0.142322685997093	0.293855712737353	0	0.455518158081248	0.00136244099386877	0.0138241188249742	0.0340185732040479	0	0	0.059098310161416	0.455518158081248
GJ_1_11-4	SM	0.000360556421960249	0.164701087915724	0.020106417937083	0.327035385665653	0.0211897594867174	0.0082452925269884	0	0.0211978782500238	0.437163621795851	0	0.437163621795851
GJ_1_11-5	SM	0.00811052760851004	0.00205306052942481	0.00547429817281211	0.00393856256434446	0.0475353401517729	0	0	0	0.932888210973136	0	0.932888210973136
GJ_1_11-6	Fibro-SFRP2	0.24559732641476	0.511824044797012	0	0.131445674177492	0	0	0	0.111132954610736	0	0	0.511824044797012
GJ_1_11-7	SM	0.0255917370771625	0.00775156532949172	0	0.0176732557179474	0.113845154593033	0.00127772291720113	0	0.0511687353457896	0.782691829019374	0	0.782691829019374
GJ_1_11-8	Fibro-SCN7A	0.649217416937601	0.119546471489308	0	0.158629733690597	0	0.0675043483015759	0	0.00510202958091795	0	0	0.649217416937601
GJ_1_12-1	SM	0.200753681427357	0.00244587569777315	0	0.0021915610799927	0.0270693435477374	0.0635342011782823	0.0134008122247768	0.018136762198261	0.672467762645819	0	0.672467762645819
GJ_1_12-2	Fibro-SFRP2	0.374831854843948	0.502720906805479	0	0.0647990621700298	0	0.0118978575424349	0	0.045750318638108	0	0	0.502720906805479
GJ_1_12-3	SM	0.0146560087280509	0	0	0	0.196952605524195	0	0	0.138879762375659	0.649511623372095	0	0.649511623372095
GJ_1_12-4	Immune	0	0.0168660269627836	0	0.0111893883609311	0	0	0	0.971944584676285	0	0	0.971944584676285
GJ_1_12-5	Fibro-SCN7A	0.714541920676078	0	0	0.204918734171817	0	0.00963248879344669	0	0.0709068563586589	0	0	0.714541920676078
GJ_1_12-6	Fibro-SCN7A	0.364327408805382	0.184408902271867	0	0.055977242263645	0.203207066108957	0.125830819853081	0	0	0	0.0662485606970674	0.364327408805382
GJ_1_12-7	SM	0.254921374085979	0.022226632157375	0.00639702250349557	0.0970701808391105	0.0155713237309108	0	0	0.00102473814311685	0.602788728540012	0	0.602788728540012
GJ_1_12-8	Fibro-SCN7A	0.66615311822042	0.108700325337551	0	0.0680409228369421	0.0301241148708426	0.126981518734245	0	0	0	0	0.66615311822042
GJ_2_1-1	Immune	0.0511732904372165	0.310854373135699	0	0.0245256430226022	0.0365664094545969	0	0	0.576880283949886	0	0	0.576880283949886
GJ_2_1-2	Fibro-SCN7A	0.698987145858959	0.215764210379482	0	0.0580033444110778	0	0.0118399788851215	0	0.0154053204653589	0	0	0.698987145858959
GJ_2_1-3	Fibro-SCN7A	0.457044438389951	0.117175020672596	0	0.418103977568459	0	0.007676563368994	0	0	0	0	0.457044438389951
GJ_2_1-4	Fibro-SCN7A	0.602420667765617	0.284654592586039	0.0138335308217595	0.0105200162720012	0	0.00299938006463676	0	0	0.0855718124899473	0	0.602420667765617
GJ_2_1-5	Fibro-SFRP2	0.136250951829481	0.651764387491576	0.00839609067698228	0.01771252578979	0.000125783094652748	0.160134862764836	0	0	0.0198475733512406	0.00576782500144204	0.651764387491576
GJ_2_1-6	Fibro-SFRP2	0.0523645458798156	0.434037497954498	0	0.0376426670877915	0.000798900568309209	0.326008206846982	0	0	0.00659276298816743	0.142555418674437	0.434037497954498
GJ_2_1-7	Fibro-SFRP2	0.452685059665448	0.482326697311929	0	0.032066068360926	0	0	0	0.0329221746616975	0	0	0.482326697311929
GJ_2_1-8	Fibro-SCN7A	0.567592613402893	0.0356161803502776	0	0.296926225099204	0	0.099864981147625	0	0	0	0	0.567592613402893
GJ_2_2-1	Fibro-SCN7A	0.650783921377018	0.125082408095891	0.0140305004692751	0.206384888992994	0	0	0	0	0.00371828106482125	0	0.650783921377018
GJ_2_2-2	Fibro-SFRP2	0.129558862422637	0.42125192187448	0	0.0204907325754529	0.0437310661090286	0	0	0.383431214862802	0.00153620215560016	0	0.42125192187448
GJ_2_2-3	Fibro-SCN7A	0.718339409852639	0.0986846388464116	0.030763446239568	0.068944687779943	0	0	0	0	0.0235252246894192	0.059742592592019	0.718339409852639
GJ_2_2-4	Fibro-SFRP2	0.207267867388903	0.736352360307079	0.00164904163962334	0.0421963646802213	0	0	0	0.00124757735726223	0.0112867886269106	0	0.736352360307079
GJ_2_2-5	Fibro-GUCY1A3	0.0442239804743124	0.0400758048353518	0.00374672123357849	0.838659563621883	0	0.0247062787193341	0	0.0270185552522429	0.0215690958632975	0	0.838659563621883
GJ_2_2-6	Immune	0.144448883705263	0.361855309563202	0	0.0199444995818214	0.0254781070227751	0	0	0.448273200126939	0	0	0.448273200126939
GJ_2_2-7	Fibro-SCN7A	0.478737053107084	0.121394510225598	0	0.399868436667318	0	0	0	0	0	0	0.478737053107084
GJ_2_2-8	Fibro-SCN7A	0.553672795341692	0.231707419728199	0.0744314350282565	0.0786306329758	0	0	0	0	0.0488980609716656	0.0126596559543867	0.553672795341692
GJ_2_3-1	Fibro-SCN7A	0.788769640371043	0.120638706790617	0.00712775201067711	0.0834639008276629	0	0	0	0	0	0	0.788769640371043
GJ_2_3-2	Fibro-SFRP2	0.178400468778055	0.512423038918506	0.0223535447955862	0.0271548292892593	0	0.0224637320094841	0	0	0.184624732821595	0.052579653387514	0.512423038918506
GJ_2_3-3	Fibro-GUCY1A3	0.354315061924751	0.0598114476923096	0.0593932110290849	0.387491055879866	0	0	0	0	0.111926331649099	0.0270628918248895	0.387491055879866
GJ_2_3-4	Fibro-SCN7A	0.305180162120348	0.289989335619981	0.0135549744318931	0.288426674305641	0	0.102848853522137	0	0	0	0	0.305180162120348
GJ_2_3-5	Fibro-GUCY1A3	0.0493238555648582	0.00458738189364697	0.00437053578341898	0.840000918176359	0	0.0676854456206752	0.0165746358969323	0	0	0.017457227064109	0.840000918176359
GJ_2_3-6	Endo	0.00685993249017252	0.00079356180532658	4.27645287953925e-05	0.00598019107002231	0.000270436273712332	0	0.837183642627942	0.138196858286671	0	0.0106726129173578	0.837183642627942
GJ_2_3-7	Fibro-SFRP2	0.267195083139269	0.375250743001983	0.185677063206417	0	0	0	0	0	0.171877110652331	0	0.375250743001983
GJ_2_3-8	Fibro-SFRP2	0.194974737931013	0.478492629600268	0	0.269254396807058	0	0	0	0.0572782356616617	0	0	0.478492629600268
GJ_2_4-1	Fibro-SFRP2	0.0983980827839413	0.550788533215485	0	0.0368000523962564	0	0.0737023651331224	0.0451128946852581	0	0.057534771692725	0.137663300093212	0.550788533215485
GJ_2_4-2	Fibro-SFRP2	0.164115410125535	0.316921700063966	0.0842480993558698	0.0950340011269511	0.000798873228659106	0	0	0	0.171894212037541	0.166987704061478	0.316921700063966
GJ_2_4-3	Fibro-SFRP2	0.163950919268446	0.63770411812194	0	0.101791221177522	0.00206648324810031	0	0.00403835636822435	0	0.0200007316882325	0.0704481701275334	0.63770411812194
GJ_2_4-4	Fibro-SFRP2	0.327530818693453	0.35734432791595	0	0.291094293820644	0	0	0	0.0240305595699521	0	0	0.35734432791595
GJ_2_4-5	Fibro-SFRP2	0.219874676239183	0.433768589548808	0	0.330222177044482	0	0.0161345571675269	0	0	0	0	0.433768589548808
GJ_2_4-6	Immune	0.0804048365059605	0.385696775348911	0	0.000531050812473357	0.0267030313881457	0	0	0.50351714854608	0.00314715739842866	0	0.50351714854608
GJ_2_4-7	Fibro-SCN7A	0.642926309002053	0.170665088427675	0.0701411284866083	0.081948389875607	0	0.0343190842080574	0	0	0	0	0.642926309002053
GJ_2_4-8	Immune	0.104037711952362	0.302270083999578	0	0	0.00777920046638821	0	0.00957723258631376	0.576335770995358	0	0	0.576335770995358
GJ_2_5-1	Fibro-SCN7A	0.483292908124452	0.335194929497595	0.0229176602459725	0.136868166498986	0	0	0	0	0.0217263356329952	0	0.483292908124452
GJ_2_5-3	Fibro-SFRP2	0.0300474029117434	0.413076637660403	0	0.118298444260731	0.00172044114218939	0.0504489827629324	0	0	0.00363720194188985	0.382770889320111	0.413076637660403
GJ_2_5-4	Fibro-SFRP2	0.417525087664055	0.433226067212243	0.058896197890364	0.0669862506847555	0	0.0233663965485814	0	0	0	0	0.433226067212243
GJ_2_5-5	Fibro-SFRP2	0.350761439799495	0.600470201256358	0	0.0461971901375109	0	0	0	0	0	0.00257116880663659	0.600470201256358
GJ_2_5-6	Immune	0.108131729610165	0.302275546113008	0	0.00861930940531883	0.00951350588060582	0.00696054056859961	0.0350518804588737	0.511956652614678	0	0.0174908353487506	0.511956652614678
GJ_2_5-7	Immune	0.18414041183584	0.341131010012232	0.00340969570722265	0.016962962650824	0.0769390042159366	0	0	0.364804943901518	0.0126119716764264	0	0.364804943901518
GJ_2_5-8	Fibro-GUCY1A3	0.161897756746565	0.362105453198058	0	0.47426874728516	0	0	0	0.00172804277021729	0	0	0.47426874728516
GJ_2_6-1	Fibro-GUCY1A3	0.188412325153996	0.0768426398871388	0	0.728744455405001	0	0.0060005795538637	0	0	0	0	0.728744455405001
GJ_2_6-3	Immune	0.208833620589366	0.318271700516476	0.000859274051687444	0.0350342482161351	0	0	0	0.401196447079565	0.0358047095467703	0	0.401196447079565
GJ_2_6-4	Fibro-SCN7A	0.615097371325925	0.293232626675609	0.00377193502696883	0.0865771368743189	0	0.0010039350013141	0	0	0	0.000316995095863862	0.615097371325925
GJ_2_6-5	Fibro-SFRP2	0.249063364048032	0.576269792576731	0.0226499250177224	0.0674630379170992	0	0.0237247408334018	0	0	0.0608291396070132	0	0.576269792576731
GJ_2_6-6	Immune	0.108914049122365	0.332716424375138	0.00184357406594039	0.00266948591599131	0.034133886116196	0	0	0.51972258040437	0	0	0.51972258040437
GJ_2_6-7	Fibro-SCN7A	0.390303375534844	0.138435847629698	0	0.187445155622784	0	0.0119698051729406	0	0.124526207825258	0.147319608214475	0	0.390303375534844
GJ_2_6-8	Fibro-SCN7A	0.675124543601565	0.104848161268795	0.0316473628838612	0.0488408501872519	0.000541666612486193	0	0	0	0.121686877564327	0.0173105378817138	0.675124543601565
GJ_2_7-1	Fibro-SCN7A	0.514171670477049	0.190732883689698	0	0.120594012734435	0	0.174501433098817	0	0	0	0	0.514171670477049
GJ_2_7-2	Fibro-SCN7A	0.766300361523961	0.188131595466093	0.0121615565994576	0.0238923319122797	0	0.00271924692414521	0	0.00679490757406256	0	0	0.766300361523961
GJ_2_7-3	Immune	0.353900094784847	0.236936392056503	0.00523036893953265	0.0443187249364077	0	0	0	0.35961441928271	0	0	0.35961441928271
GJ_2_7-4	Fibro-SCN7A	0.625967060399824	0.246752942647887	0	0.0964432458517851	0	0.0308367511005039	0	0	0	0	0.625967060399824
GJ_2_7-5	Fibro-SFRP2	0.133469012972493	0.420547912243788	0	0	0.0400789264342763	0	0	0.405904148349442	0	0	0.420547912243788
GJ_2_7-6	Fibro-SFRP2	0.394688519127707	0.462226975942763	0.0312954165070724	0.0819086855028301	0.0105178063199214	0.0193625965997066	0	0	0	0	0.462226975942763
GJ_2_7-7	Fibro-COL11A1	0.125189017314644	0.0712377608476657	0.0684757125399313	0.0170657205858148	0.0120552657481927	0.472794635377036	0	0.0710884514494401	0.162093436137274	0	0.472794635377036
GJ_2_7-8	Fibro-SFRP2	0.356616737334421	0.566771153736189	0	0.0331405368940764	0	0	0	0.0434715720353141	0	0	0.566771153736189
GJ_2_8-1	Fibro-SFRP2	0.05963399518561	0.518343755032911	0.0917385967053047	0.0326393741193244	0	0.189285247078513	0	0.00315252406333059	0	0.105206507815007	0.518343755032911
GJ_2_8-2	Glial	0.0809555519627047	0.0458844603941703	0	0.0723052791479505	0.0597639576303734	0.00198544576394263	0	0.00682549965229584	0.127250490626989	0.605029314821573	0.605029314821573
GJ_2_8-3	Fibro-SFRP2	0.381341578803592	0.497343237927036	0	0.121315183269372	0	0	0	0	0	0	0.497343237927036
GJ_2_8-4	Fibro-SFRP2	0.339583941869421	0.390651400097754	0	0.182669353967017	0	0.0159824221797278	0	0	0.0711128818860805	0	0.390651400097754
GJ_2_8-5	Fibro-GUCY1A3	0.376469057517141	0.0895183158712081	0	0.508706430191129	0	0.0253061964205224	0	0	0	0	0.508706430191129
GJ_2_8-6	Fibro-SFRP2	0.307085927425147	0.501737239894509	0.0402698127952318	0.143399246209038	0	0.00095753575468826	0	0	0.00655023792138582	0	0.501737239894509
GJ_2_8-7	Fibro-SCN7A	0.714093021232744	0.216857651102506	0.00554365417216563	0.0549489031625604	0	0.00680601399211671	0	0	0	0.00175075633790778	0.714093021232744
GJ_2_8-8	Glial	0.0890947509765909	0.203502584547147	0	0.0674511534225997	0.0134884079103929	0.0181019943764222	0.00663638894086025	0	0	0.601724719825987	0.601724719825987
GJ_2_9-1	Fibro-SCN7A	0.705013598682441	0.153158281696193	0	0.118912455446458	0	0.0229156641749079	0	0	0	0	0.705013598682441
GJ_2_9-2	Fibro-SCN7A	0.567857990176444	0.178327686289454	0	0.228142983004264	0	0.0161168657648194	0	0.00955447476501826	0	0	0.567857990176444
GJ_2_9-3	Glial	0.182874655858316	0.0191367762178553	0	0.08221458112282	0.0240617056292715	0	0	0.0034124658913021	0.0123054223424652	0.67599439293797	0.67599439293797
GJ_2_9-4	Glial	0.281762701371468	0.141595044789196	0	0.104847708263157	0.00526009429251443	0.0189001791478017	0	0	0	0.447634272135863	0.447634272135863
GJ_2_9-5	Fibro-SFRP2	0.294706563867801	0.567333528089129	0.00196543726201773	0.119722732697109	0	0.0100605481743073	0	0	0.00621118990963542	0	0.567333528089129
GJ_2_9-7	Immune	0.0578082199110343	0.364301834415231	0	0.000440259962937037	0.0530111962001208	0	0	0.522420969311117	0.00201752019955968	0	0.522420969311117
GJ_2_9-8	Fibro-SCN7A	0.831917982080447	0.0587564374725437	0.016184735029811	0.0863995265979521	0	0.00674131881924629	0	0	0	0	0.831917982080447
GJ_2_10-1	Fibro-SCN7A	0.4150485226344	0.357551046386781	0.190022004294715	0.00821820321498324	0	0.00126751631137177	0	0.00218449871024804	0.0257082084475009	0	0.4150485226344
GJ_2_10-2	Fibro-SFRP2	0.300339339900493	0.508308837442508	0.0309965847670622	0.0213960301310495	0.00651543836170075	0.119799951235399	0	0	0.012643818161788	0	0.508308837442508
GJ_2_10-3	Fibro-SCN7A	0.434954207260216	0.351903323348379	0.088372872367351	0.00662672465095986	0	0.00221660644778766	0	0.0113977026102751	0.0582231067304	0.0463054565846308	0.434954207260216
GJ_2_10-4	Fibro-SCN7A	0.664816152115415	0.155959723747739	0.0103624805038928	0.0662976265366127	0	0.0502606653267461	0	0.0290392425267163	0.0232641092428778	0	0.664816152115415
GJ_2_10-5	Fibro-SCN7A	0.521544352197097	0.40283687588655	0.0302526548010735	0.0453661171152792	0	0	0	0	0	0	0.521544352197097
GJ_2_10-6	Fibro-SCN7A	0.706651834951828	0.163045077310489	0.0474143986545009	0.00710041653524129	0	0	0	0.0757882725479394	0	0	0.706651834951828
GJ_2_10-7	Fibro-SCN7A	0.833845668944078	0.112029174488049	0.0239937671539571	0.00125525164606442	0	0.00855383117859684	0	0.0203223065892545	0	0	0.833845668944078
GJ_2_10-8	Fibro-SCN7A	0.391180122462535	0.228470299619371	0.0085823430401994	0.36678409689354	0	0.00498313798435546	0	0	0	0	0.391180122462535
GJ_2_11-1	Fibro-SCN7A	0.742517254477067	0.0923073079051246	0	0.16099013865859	0	0.00418529895921844	0	0	0	0	0.742517254477067
GJ_2_11-2	Fibro-SFRP2	0.12869592431344	0.808255984947631	0.0354436186141411	0.0247303172188766	0	0.0028741549059112	0	0	0	0	0.808255984947631
GJ_2_11-3	Fibro-SFRP2	0.248447310971866	0.34907640071063	0.038804062959638	0.136209729414399	0.0047620750162996	0.0317479625548532	0	0	0.0709063483036799	0.120046110068634	0.34907640071063
GJ_2_11-4	Endo	0.00376716658737556	0.00724691930422179	0	0.00972547698797924	0	0	0.860366709140098	0.118893727980325	0	0	0.860366709140098
GJ_2_11-5	Fibro-SCN7A	0.743413578284054	0.160575736470614	0.0351601928515832	0.0278786039586877	0	0.0274940730365255	0	0	0	0.00547781539853475	0.743413578284054
GJ_2_11-6	Fibro-SFRP2	0.439276530004026	0.476950188732596	0.0387350183005826	0.0180978665357085	0	0.000636602377712702	0	0.0263037940493743	0	0	0.476950188732596
GJ_2_11-7	Fibro-SCN7A	0.429270854548236	0.120283956795732	0	0.368892221227053	0	0	0	0.0815529674289782	0	0	0.429270854548236
GJ_2_11-8	Fibro-SCN7A	0.468378463709896	0.437676925551971	0.00198016348235005	0.0722986058216592	0	0	0	0.0196658414341237	0	0	0.468378463709896
GJ_2_12-1	Fibro-SCN7A	0.469666540034053	0.212057306931973	0.0761182537083748	0.0542476085350553	0	0.15630227911615	0	0.0316080116743936	0	0	0.469666540034053
GJ_2_12-2	Fibro-GUCY1A3	0.337295192329436	0.120202670863434	0.0170630615173522	0.488818848818332	0	0.0366202264714456	0	0	0	0	0.488818848818332
GJ_2_12-3	Fibro-SFRP2	0.118061716474202	0.580830259633129	0.0185060886076148	0.133540737510239	0	0	0	0	0.0968984305853234	0.0521627671894927	0.580830259633129
GJ_2_12-4	Fibro-SCN7A	0.509917681849203	0.343273952331387	0	0.0356186304928959	0	0.111189735326513	0	0	0	0	0.509917681849203
GJ_2_12-5	Immune	0.103840340771606	0.368985072919134	0	0.00275027747546957	0.02351980143887	0	0	0.50090450739492	0	0	0.50090450739492
GJ_2_12-6	Fibro-SFRP2	0.151888014871774	0.420906140261163	0.0205435949684241	0.334049354241175	0	0.00591321754829846	0	0.00359511106693268	0.0347466531281587	0.0283579139140745	0.420906140261163
GJ_2_12-7	Fibro-SFRP2	0.0836302281924347	0.49749138986644	0	0.00729155516524697	0.0197702236395712	0	0	0.391816603136307	0	0	0.49749138986644
GJ_2_12-8	Fibro-SCN7A	0.634580455681988	0.113664956323729	0	0.251754587994282	0	0	0	0	0	0	0.634580455681988
GJ_3_1-1	Endo	0.101644341081211	0.129412149749743	0	0.139295464992597	0.000147043482195465	0.285298018730741	0.29836925966885	0	0	0.0458337222946625	0.29836925966885
GJ_3_1-2	Fibro-SCN7A	0.853466032766496	0.00447351145623397	0	0.132619258259263	0	0	0	0.00944119751800698	0	0	0.853466032766496
GJ_3_1-4	Fibro-SFRP2	0.17687835067792	0.710894364468807	0.0104375108033205	0.00329395794411945	0	0.0984958161058325	0	0	0	0	0.710894364468807
GJ_3_1-5	SM	0	0.0189114773644481	0.00783098555335423	0.0364104785088018	0.0338179038485865	0.00636280540229643	0	0.0143232943065326	0.882343055015981	0	0.882343055015981
GJ_3_1-6	Fibro-SCN7A	0.400557971263105	0.0639415717887732	0.00555078504512936	0.000580818904909964	0	0.386631975555042	0	0.0651096646108447	0.0776272128321952	0	0.400557971263105
GJ_3_1-7	Immune	0.00215700788543191	0.00531118166882947	0	0	0	0	0	0.992531810445739	0	0	0.992531810445739
GJ_3_1-8	Fibro-SCN7A	0.881876929191292	0.0548127238093558	0.0093700453098982	0.0437697938697219	0	0	0	0.0101705078197325	0	0	0.881876929191292
GJ_3_2-1	Fibro-SCN7A	0.854820982185368	0.0352542448932482	0.0150589991182592	0	0	0.094865773803125	0	0	0	0	0.854820982185368
GJ_3_2-2	SM	0.118217078690768	0.00130401969681245	0	0	0.0711398330063908	0.00572355893732665	0	0.0473629845790791	0.756252525089623	0	0.756252525089623
GJ_3_2-4	Fibro-SCN7A	0.637797430379009	0.224879419101545	0.00357545638862252	0.0618259835754691	0	0.0719217105553546	0	0	0	0	0.637797430379009
GJ_3_2-5	Fibro-SFRP2	0.0843924064084314	0.807373137435622	0.0190832896870931	0.0412740686396335	0	0.00623856111115646	0	0	0.0201214812277389	0.0215170554903255	0.807373137435622
GJ_3_2-6	SM	0.0773062986142684	0.0100602647550841	0	0	0.0129562001137523	0	0	0.0561590404304952	0.8435181960864	0	0.8435181960864
GJ_3_2-7	Fibro-SCN7A	0.406542559917469	0.0583675715641644	0.316200915983304	0.0127875714113621	0	0.206043987480582	0	0	5.73936431184778e-05	0	0.406542559917469
GJ_3_2-8	Endo	0.000722042316262343	0	0	0	0	0	0.93657943635225	0.0626985213314884	0	0	0.93657943635225
GJ_3_3-1	Fibro-SCN7A	0.788479173671799	0.18349117820765	0.00679342258293997	0.00609249985137146	0	0	0	0.01514372568624	0	0	0.788479173671799
GJ_3_3-2	Fibro-SCN7A	0.729681730173698	0.0830432912920677	0.00362289870658538	0.0594450836250011	0	0.124206996202649	0	0	0	0	0.729681730173698
GJ_3_3-3	Endo	0.00911986207661961	0	0	0.0158148376524726	0	0.000571718452767213	0.971867559188908	0	0	0.00262602262923283	0.971867559188908
GJ_3_3-4	SM	0.00642221983016369	0.000707650578927897	0.00311348386335362	0.000526563795717365	0.00533215078354351	0	0	0	0.983897931148294	0	0.983897931148294
GJ_3_3-5	Fibro-GUCY1A3	0.149015156275749	0.00333147474499644	0	0.64052915666545	0	0.207124212313804	0	0	0	0	0.64052915666545
GJ_3_3-6	Fibro-SCN7A	0.432483218567656	0.0273651165041864	0.016043752169877	0.0806642775190841	0.196726890090938	0.020549848989408	0	0	0.21988336316137	0.00628353299748078	0.432483218567656
GJ_3_3-8	Fibro-SFRP2	0.193185641851492	0.409424143087153	0.10237608357299	0.117198704120732	0	0	0	0.00140962472302476	0.176405802644608	0	0.409424143087153
GJ_3_4-1	SM	0.0535772096896416	0	0.00730201697132269	0	0	0	0	0.000411316912613955	0.938709456426422	0	0.938709456426422
GJ_3_4-3	Fibro-Prol	0.0831240852084821	0.0726668244300763	0.770195926425645	0.049914796029001	0	0.0011857574751344	0	0.0216976880857758	0.00121492234588505	0	0.770195926425645
GJ_3_4-4	SM	0.0388292690706573	0.0155623757909617	0.00918220463733302	0.0351355972479422	0	0.0182980604675995	0	0.00425600079925403	0.878736491986252	0	0.878736491986252
GJ_3_4-5	Fibro-GUCY1A3	0.425652405932199	0.0733637451498975	0.04316657462163	0.440535343785123	0	0.0172819305111503	0	0	0	0	0.440535343785123
GJ_3_4-6	SM	0.137659626756349	0.0121390735967022	0	0	0.00130371142005552	0	0	0.0079029552290593	0.840994632997834	0	0.840994632997834
GJ_3_4-7	Fibro-SCN7A	0.40361671981923	0.108217512062174	0.039658384505981	0.252094785767619	0	0.0622172210514692	0	0	0.134195376793526	0	0.40361671981923
GJ_3_4-8	Fibro-SCN7A	0.817796655246842	0.15168631704935	0.00211034479562795	0.0284066829081793	0	0	0	0	0	0	0.817796655246842
GJ_3_5-1	Fibro-COL11A1	0.301311024239625	0.06813230315971	0.247330002589926	0.0120880528299429	0	0.362975339640073	0	0	0.00816327754072287	0	0.362975339640073
GJ_3_5-2	Endo	0.0378789500689843	0.013777780448229	0.0231013410893578	0.00998733266603861	0	0	0.790013498060987	0.0878368997429523	0.00677062355616811	0.0306335743672827	0.790013498060987
GJ_3_5-3	Endo	0.00927420440498348	0.00493059311378735	0	0.0257961691581754	0	0.0212779334704572	0.896811980005896	0.00246762922471545	0	0.0394414906219858	0.896811980005896
GJ_3_5-4	Fibro-SCN7A	0.921063677996827	0	0.0318505134727186	0.00348842668152042	0	0.0206921128072129	0	0.0229052690417205	0	0	0.921063677996827
GJ_3_5-5	Fibro-SCN7A	0.369853337748576	0.321479619171339	0.154130937364634	0.00856716022063659	0	0.136511654744231	0	0	0.00945729075058353	0	0.369853337748576
GJ_3_5-6	SM	0.322567074838738	0	0	0	0.00280192723387625	0	0	0.00278060490436964	0.671850393023017	0	0.671850393023017
GJ_3_5-7	Fibro-SCN7A	0.63284517043241	0.00614790717250994	0.00452609303081984	0.151679551710036	0	0.204801277654225	0	0	0	0	0.63284517043241
GJ_3_5-8	Fibro-SFRP2	0.34061674326962	0.430094866750567	0.125693750464181	0.055424867661599	0	0	0	0.0439880622749364	0.00418170957909721	0	0.430094866750567
GJ_3_6-1	SM	0.0816438369986912	0	0	0	0.017755215720612	0	0	0.00965183376435329	0.890949113516343	0	0.890949113516343
GJ_3_6-2	SM	0.0683464982578552	0.000122091876007365	0.0131430290693296	0.00568912920582909	0.324517961339009	0.00194141260102852	0	0.00357653068426681	0.570916989784254	0.0117463571824202	0.570916989784254
GJ_3_6-3	SM	0.0142434869774962	0	0	0	0.00907863393445644	0	0	0.0161444591100354	0.960533419978013	0	0.960533419978013
GJ_3_6-4	SM	0.317409249205308	0.0224445034115215	0.0167516067215421	0	0.0118825327594257	0.00307637961981224	0	0.000446427176510796	0.62798930110588	0	0.62798930110588
GJ_3_6-5	Fibro-GUCY1A3	0.25900710927882	0.0841731366289313	0	0.607348654338754	0	0.0457581587488307	0	0.00371294100466421	0	0	0.607348654338754
GJ_3_6-6	Fibro-GUCY1A3	0.355232150038718	0.140594283320234	0.0180724470452329	0.472113140229495	0	0.0139879793663203	0	0	0	0	0.472113140229495
GJ_3_6-7	SKM	0.130841175157942	0.0429649288765772	0.00546065797962926	0.126526062171693	0.694207175814157	0	0	0	0	0	0.694207175814157
GJ_3_6-8	SM	0.155008636138913	0.0253665089909762	0.0576748084093605	0.0190189139424691	0.0164308500320824	0.0371767956377236	0	0.00406819522083796	0.685255291627638	0	0.685255291627638
GJ_3_7-1	SM	0.0446881150501129	0.00304163942029967	0	0	0	0	0	0.0118843491304342	0.931761936987041	0.00862395941211241	0.931761936987041
GJ_3_7-2	Fibro-GUCY1A3	0.170148745960575	0.0325376885841171	0	0.795296857230751	0	0.000861054163300795	0	0.00115565406125568	0	0	0.795296857230751
GJ_3_7-4	Endo	0.00613598381857586	0.00194680669343009	0	0	0	0	0.966243562384046	0.0256736471039488	0	0	0.966243562384046
GJ_3_7-5	SM	0.00240100306873134	0	0.00446198361509169	0	0.00997727020045389	0	0	0.0315680095477091	0.951591733568014	0	0.951591733568014
GJ_3_7-6	SM	0.0431794954904135	0.00529706425597263	0	0.0101722138875458	0.0511363860958415	0.0133242175176772	0	0.00479601462555552	0.872094608126993	0	0.872094608126993
GJ_3_7-7	Fibro-COL11A1	0.235664528398665	0.00580047277517927	0.0131584431564786	0.0107880364249027	0	0.725210942738171	0	0.00937757650660365	0	0	0.725210942738171
GJ_3_7-8	Fibro-SCN7A	0.86872073310233	0.0375053951744148	0.0498111086252221	0.0439627630980335	0	0	0	0	0	0	0.86872073310233
GJ_3_8-1	Fibro-Prol	0.176843578241644	0.116787710576798	0.624481393902036	0.020453866047776	0	0.0345940814539825	0	0.0268393697777643	0	0	0.624481393902036
GJ_3_8-2	Fibro-SCN7A	0.776593625284415	0.106446280230143	0	0.0150998062577034	0	0.101296843468223	0	0.00056344475951527	0	0	0.776593625284415
GJ_3_8-3	Fibro-SCN7A	0.623718122922853	0.0121592931421899	0.00949231741870571	0.341349467829466	0	0.000755746863764851	0	0.00146098737595924	0	0.0110640644470616	0.623718122922853
GJ_3_8-4	Immune	9.71579110466834e-05	0.00207975976276433	0	0.00196111071803855	0	0	0.00746012652111225	0.988401845087038	0	0	0.988401845087038
GJ_3_8-5	SM	0.0130062767521474	0	0.00193061685949555	0.00564213512199227	0.057273337126867	0	0	0.000627765891331472	0.916273729811445	0.005246138436721	0.916273729811445
GJ_3_8-6	Fibro-SCN7A	0.38046842000378	0.0209108388002529	0.237243896580527	0.272319290031324	0.0207734517962152	0.0139754025304899	0	0	0.0543087002574114	0	0.38046842000378
GJ_3_8-8	Fibro-GUCY1A3	0.0941659917569051	0.0200910472005991	0	0.885049495760206	0	0.000693465282290027	0	0	0	0	0.885049495760206
GJ_3_9-1	Immune	0.20655920928404	0.00588828067602662	0	0	0	0	0	0.776096189232602	0.00355189890892449	0.00790442189840704	0.776096189232602
GJ_3_9-2	Fibro-SCN7A	0.781360229812293	0.0233740921093808	0.0465261528359418	0.144814110168646	0	0	0	0	0.00299826261579082	0.000927152457948085	0.781360229812293
GJ_3_9-3	Fibro-SCN7A	0.560108756405897	0.114342986549656	0.00688410449302065	0.00224556452101076	0	0.316418588030415	0	0	0	0	0.560108756405897
GJ_3_9-4	SM	0.127370449028123	0	0	0	0	0	0	0.00300966742115771	0.869619883550719	0	0.869619883550719
GJ_3_9-5	Fibro-GUCY1A3	0.133482480159562	0.0137483698110694	0.170215062202189	0.663977258526512	0	0.0178795333442237	0	0.000697295956444308	0	0	0.663977258526512
GJ_3_9-6	Fibro-SFRP2	0.0507187270930973	0.833912777996139	0.053072921999979	0.0613502815194282	0	0.000945291391356509	0	0	0	0	0.833912777996139
GJ_3_9-7	SM	0.0285939737709115	0	0	0	0	0	0	0.0162841729384389	0.95512185329065	0	0.95512185329065
GJ_3_9-8	Fibro-GUCY1A3	0.423104680756997	0.132908236451276	0.00926759686300611	0.434719485928721	0	0	0	0	0	0	0.434719485928721
GJ_3_10-1	SM	0.0934970927419849	0.0632411102659195	0.0430243215406999	0	0	0	0	0.00929474780276423	0.764908998845629	0.0260337288030031	0.764908998845629
GJ_3_10-2	SM	0.0553008481887328	0	0	0	0.00635659455624394	0	0.00680436772983199	0	0.931538189525191	0	0.931538189525191
GJ_3_10-3	SM	0.0576986846823853	0.0387834857756988	0	0.0701473236550044	0	0	0	0.013986793859805	0.819383712027106	0	0.819383712027106
GJ_3_10-4	Fibro-SCN7A	0.718094423726107	0.0910495697037244	0	0.101483871652806	0	0	0	0.0893721349173619	0	0	0.718094423726107
GJ_3_10-5	SM	0.117219921734857	0.076838181608946	0.0347146666485026	0.105105123039318	0	0.0137748387855767	0	0.000613443714423008	0.651733824468378	0	0.651733824468378
GJ_3_10-6	Fibro-GUCY1A3	0.0336758759353479	0.00754325007320274	0	0.70938535968135	0.000557528273184297	0.107651682090509	0.0988427623290063	0	0	0.0423435416173992	0.70938535968135
GJ_3_10-7	Fibro-SCN7A	0.701127939808258	0.0360936228865602	0.152453758509307	0	0	0.110324678795875	0	0	0	0	0.701127939808258
GJ_3_10-8	SM	0.0695846092987186	0.0585011579209966	0	0.0682476200189747	0.0849588692010029	0.00413734575799196	0	0.0444968911121236	0.670073506690192	0	0.670073506690192
GJ_3_11-1	SM	0.254660652668928	0.158776444180566	0.0760508986087525	0.0725313028425641	0	0.168543844030004	0	0	0.269436857669185	0	0.269436857669185
GJ_3_11-2	Fibro-GUCY1A3	0.211934339734389	0.0387422764594881	0.032043351676548	0.686947761668415	0	0.00472560063454922	0	0.0256066698266111	0	0	0.686947761668415
GJ_3_11-3	Immune	0.104972871459972	0.0205628416071368	0.010363777415913	0.0475389618717825	0.0149496065973764	0	0	0.705635561481546	0.0959763795662739	0	0.705635561481546
GJ_3_11-4	Immune	0.109428961059025	0.262455175745539	0.066426718862873	0.00166752317196651	0.0307840644814658	0	0	0.289481776374283	0.239755780304847	0	0.289481776374283
GJ_3_11-5	SM	0.0413234856228248	0.0245233978801086	0.0109816184427085	0.000956086547013728	0	0.00292839548637864	0	0	0.919287016020966	0	0.919287016020966
GJ_3_11-6	Fibro-SFRP2	0.0711594899609507	0.434346573786576	0.108168611415005	0.0643281052386808	0.0143554016944726	0.230146351959723	0	0	0.077495465944592	0	0.434346573786576
GJ_3_11-7	SM	0.0247359583323741	0	0	0	0	0.0069290951164594	0	0	0.968334946551167	0	0.968334946551167
GJ_3_11-8	Fibro-SCN7A	0.770202625662209	0.0399682932266174	0.0370117390053242	0.0140386354884372	0	0.101292909491623	0	0.0374857971257895	0	0	0.770202625662209
GJ_3_12-1	SM	0.0630813680825639	0	0	0	0.00520518215478939	0	0	0.0169686514623099	0.914744798300337	0	0.914744798300337
GJ_3_12-2	SM	0.0479831984997516	0.000150398622117119	0	0.000288274723073693	0.422406575507152	0	0	0.0396445254192514	0.489527027228654	0	0.489527027228654
GJ_3_12-3	SM	0.107361323281664	0	0	0	0.0579730321054291	0	0	0.119832784064252	0.714832860548655	0	0.714832860548655
GJ_3_12-4	SM	0.031525021702486	0	0	0	0	0	0	0.00667892853169307	0.961796049765821	0	0.961796049765821
GJ_3_12-5	Fibro-SCN7A	0.596488372248353	0.0548135561439189	0.0205518212737171	0.0752403722525737	0	0.252796689865078	0	0.00010918821635933	0	0	0.596488372248353
GJ_3_12-6	SM	0.0147611514634124	0.00740546265066942	0	0.0142194323677623	0.0996586738728699	0	0	0.134820615753114	0.729134663892172	0	0.729134663892172
GJ_3_12-7	SKM	0.0481611231278486	0.0377153899327391	0.203759631910501	0.00146658208329142	0.650613894815194	0.0427706120605136	0	0.00442151509934982	0.0110912509705623	0	0.650613894815194
GJ_4_1-1	Fibro-SFRP2	0.201495324449119	0.391869992873299	0.0340367320674674	0.249753958194716	0	0.0410983730918537	0	0.0180081954228789	0.0637374239006668	0	0.391869992873299
GJ_4_1-2	SM	0.0363425550131582	0.00557741648615936	0	0	0.158342649589358	0	0	0	0.799737378911324	0	0.799737378911324
GJ_4_1-3	Fibro-COL11A1	0.112669115823342	0.00527431731649499	0	0.0149940398338397	0	0.866506412047257	0	0	0.000556114979066601	0	0.866506412047257
GJ_4_1-4	Fibro-SCN7A	0.799326758156575	0.0142142830730459	0.0870870530966978	0.0840250145725191	0	0	0	0.0153468911011618	0	0	0.799326758156575
GJ_4_1-5	Fibro-SFRP2	0.15553439270262	0.719285160033079	0	0.0637151656471265	0	0.0610852111040372	0	0	0.000380070513138464	0	0.719285160033079
GJ_4_1-6	Fibro-COL11A1	0.157848720749049	0.193221489928186	0.0575443642492033	0.0180963879014027	0	0.564671125406338	0	0	0.00861791176582145	0	0.564671125406338
GJ_4_1-7	Fibro-SCN7A	0.78267854118873	0.083235024742165	0.088787726763599	0.0452987073055062	0	0	0	0	0	0	0.78267854118873
GJ_4_2-1	SM	0.0324572709594999	0	0	0	0.00192847946681917	0	0	0.0333075771300472	0.932306672443634	0	0.932306672443634
GJ_4_2-2	SM	0.0900061549131646	0	0	0	0	0	0	0.00835181989060344	0.901642025196232	0	0.901642025196232
GJ_4_2-3	Fibro-Prol	0.036247597090645	0.365702864063273	0.484321321170947	0.0103322824795462	0	0.0966260308388381	0	0.000827685050419638	0.00594221930633181	0	0.484321321170947
GJ_4_2-4	Endo	0.00372353356120457	0.00999419150270231	0	0.0206337985588305	0	0	0.963468819149919	0.00217965722734378	0	0	0.963468819149919
GJ_4_2-5	Fibro-SCN7A	0.970478773128588	0.00945147000939133	0	0.0120383371178762	0	0.00803141974414492	0	0	0	0	0.970478773128588
GJ_4_2-7	Fibro-SCN7A	0.861476365790165	0.00325871405364963	0.11153457408452	0	0	0	0	0.0143646446612661	0.00936570141039987	0	0.861476365790165
GJ_4_2-8	SM	0.0517047596305533	0	0	0	0.02912247965695	0	0	0.000305183247384907	0.918867577465111	0	0.918867577465111
GJ_4_3-1	Fibro-GUCY1A3	0.417687301617475	0.0895470935937939	0	0.434928800986108	0	0.0578368038026228	0	0	0	0	0.434928800986108
GJ_4_3-2	Immune	0.000245649453469527	0.00676897678121584	0.000845316872813283	0	0	0	0	0.986195645422814	0.0059444114696875	0	0.986195645422814
GJ_4_3-3	SM	0.0014114418828443	0.00286636336435034	0.00344332805816459	0.000236424067424104	0.0233691728920746	0.00572934568799802	0	0.000852991477232553	0.962090932569911	0	0.962090932569911
GJ_4_3-4	SM	0.023304059214993	0.000878557469014563	0	0	0.0128648634980804	0	0	0.00345507296820799	0.959497446849704	0	0.959497446849704
GJ_4_3-5	Fibro-SFRP2	0.096633953237892	0.54299669102881	0.312403794958302	0.0366755277631267	0	0.00926163779196831	0	0	0.00202839521990157	0	0.54299669102881
GJ_4_3-6	SM	0.00346666511031686	0.0267763989239956	0.0165281763592794	0.0516058127613819	0.0448077981780047	0	0	0.0148901269515887	0.841925021715433	0	0.841925021715433
GJ_4_3-7	Fibro-SFRP2	0.361835563815635	0.455312183511391	0.04403865242824	0.138152525095624	0	0	0	0.000661075149110443	0	0	0.455312183511391
GJ_4_3-8	SM	0.00202069072621683	0.00966452013916152	0.0114106600600953	0.0113097396154103	0	0	0	0.00747891590883679	0.958115473550279	0	0.958115473550279
GJ_4_4-1	SM	0.140193368396647	0.0252773138113621	0	0.0166064200451398	0.00750494087769351	0	0	0	0.810417956869158	0	0.810417956869158
GJ_4_4-2	Endo	0.00619331373958334	0.00149825588899216	0	0.00611021771345827	0	0	0.985698331726639	0.000499880931326567	0	0	0.985698331726639
GJ_4_4-3	SM	0.0062849093758268	0.0353618161493838	0	0.0187578037368381	0.0307461360067083	0.0245328381714443	0	0.0163715765197907	0.867944920040008	0	0.867944920040008
GJ_4_4-4	Fibro-SCN7A	0.310186071217692	0.130343015844301	0.130856378183331	0.170034529887484	0	0.0860372505149647	0	0.0391996241339476	0.133343130218279	0	0.310186071217692
GJ_4_4-5	Fibro-SCN7A	0.52080551170697	0.0391312391163407	0.319236937607448	0.0493567011164604	0	0.0194467947452686	0	0.0353869036057119	0.0154877768597784	0.00114813524202143	0.52080551170697
GJ_4_4-6	Fibro-GUCY1A3	0.0789154312921873	0.0582019248424882	0	0.560263404280363	0	0.127302232159296	0.175317007425666	0	0	0	0.560263404280363
GJ_4_4-7	Immune	0.0196055742609474	0.00149643500943721	0.00290148464558537	0.00493192327702891	0	0	0	0.971064582807001	0	0	0.971064582807001
GJ_4_4-8	SM	0.044549489551092	0.0438851468886342	0.0047434737564948	0.0702246531468464	0.0204864293240312	0.0175381397292506	0	0.0289232354690428	0.769649432134608	0	0.769649432134608
GJ_4_5-1	Fibro-GUCY1A3	0.24082134329192	0.0425190514242322	0.00121813301624849	0.708186817667191	0	0.00725465460040834	0	0	0	0	0.708186817667191
GJ_4_5-4	SM	0.017585470730894	0.00166411849401775	0	0	0	0	0	0.00820293833073741	0.972547472444351	0	0.972547472444351
GJ_4_5-5	Fibro-SCN7A	0.583202223183784	0.180818069780737	0.0374369335104201	0	0	0.198542773525059	0	0	0	0	0.583202223183784
GJ_4_5-6	SM	0.105968012740846	0.00691448728585569	0	0.0100659272485659	0.000347069431885437	0	0	0.0255605086871229	0.851143994605724	0	0.851143994605724
GJ_4_5-7	Fibro-GUCY1A3	0.235095194253898	0.168727631285534	0	0.520955514108195	0	0.0752216603523738	0	0	0	0	0.520955514108195
GJ_4_5-8	Fibro-GUCY1A3	0.133061476392007	0.0161948426807467	0	0.763402121385288	0	0.083288891939654	0.00405266760230429	0	0	0	0.763402121385288
GJ_4_6-1	SM	0.0209633960749568	0.084037725484698	0	0.0155364682194262	0	0	0	0.00410638115998366	0.875356029060936	0	0.875356029060936
GJ_4_6-2	Fibro-COL11A1	0.149384704518641	0.0351312967326572	0.0252846353916943	0.0126266002436163	0	0.722594340574725	0	0	0.0549784225386658	0	0.722594340574725
GJ_4_6-3	Fibro-SCN7A	0.282191449095217	0.187896708807465	0.233898488741365	0.0383108886174053	0	0.183698523553717	0	0	0.0714732321091945	0.00253070907563646	0.282191449095217
GJ_4_6-4	SM	0.0641183295350038	0.00376326814383558	0	0.00721854880679605	0.165413366223725	0.000486681093836334	0	0.0181804818980403	0.740819324298763	0	0.740819324298763
GJ_4_6-5	Endo	0.00331920479381981	0.000639188074363941	0	0.00320357067806888	0	0	0.986708564547606	0.00612947190614049	0	0	0.986708564547606
GJ_4_6-6	SM	0.0145089364405402	0	0.00341743470238397	0.000174133683226372	0.00789474856691917	0	0	0.00241045462947839	0.971594291977452	0	0.971594291977452
GJ_4_6-8	Fibro-GUCY1A3	0.0368080156119165	0.125879351924649	0.0109722075874639	0.753966531211989	0	0.030780465194436	0	0.0415934284695462	0	0	0.753966531211989
GJ_4_7-1	Fibro-COL11A1	0.0691561379828177	0.0399732811020515	0	0.0845145825134611	0	0.80635599840167	0	0	0	0	0.80635599840167
GJ_4_7-2	SM	0.0696237922794899	0.0193193826442465	0.00646866876925662	0.00160958319747507	0.0961121028575707	0	0	0.00598625135939496	0.800880218892566	0	0.800880218892566
GJ_4_7-3	SM	0.0218919738601994	0.00192545841544645	0.001184934041888	0.00488023801501853	0.141629472006349	0	0	0	0.828487923661099	0	0.828487923661099
GJ_4_7-4	Endo	0.00195090671969838	0.010035155667723	0	0	5.09395712527195e-05	0	0.979320359692886	0.00342992283010226	0.00358565953519858	0.00162705598313869	0.979320359692886
GJ_4_7-5	Fibro-SCN7A	0.371361276049146	0.120492977289591	0.0399486817757885	0.172599417669765	0	0.295597647215709	0	0	0	0	0.371361276049146
GJ_4_7-6	Fibro-SCN7A	0.682995128640317	0.0791678031942457	0.00210558971164498	0.0403978016842426	0	0.113984037533899	0	0	0.0813496392356506	0	0.682995128640317
GJ_4_7-7	SM	0.0107950770356017	0.00151381951551839	0.000756792288919697	0	0.00874039655749041	0.00713270519249447	0	0.00929943458739587	0.961761774822579	0	0.961761774822579
GJ_4_7-8	SM	0.0448993072902049	0	0	0	0.108717535957837	0.000897298670334702	0	0.0162353019290291	0.829250556152594	0	0.829250556152594
GJ_4_8-1	SM	0.00137134861862356	0.000314377917324159	0	0	0.0640907566992916	0	0	0.0161084538369331	0.918115062927827	0	0.918115062927827
GJ_4_8-2	Fibro-SCN7A	0.471418050687936	0.173819966923842	0.0250098608528702	0.291574591985819	0	0.0381775295495324	0	0	0	0	0.471418050687936
GJ_4_8-3	Glial	0.150486651098726	0.012819392932179	0	0.0709869618685481	0.00302133313301906	0.0121752759547124	0	0.0715265731771279	0.0764451138507999	0.602538697984888	0.602538697984888
GJ_4_8-5	Fibro-SCN7A	0.797332477797468	0.0512809952859598	0.0867660167872809	0.0646205101292909	0	0	0	0	0	0	0.797332477797468
GJ_4_8-6	Endo	0.0106057900829184	0.000848949591130389	0	0.00691590701820676	0	0	0.978808669970452	0.00197173374616164	0.000848949591130389	0	0.978808669970452
GJ_4_8-7	Fibro-SCN7A	0.874498011798038	0.0107807944001311	0.0144337976809042	0.100287396120926	0	0	0	0	0	0	0.874498011798038
GJ_4_8-8	Fibro-GUCY1A3	0.138264174739974	0.0221877747151241	0	0.824343187033834	0	0.0152048635110687	0	0	0	0	0.824343187033834
GJ_4_9-1	Fibro-SCN7A	0.652185280659991	0.160215629316784	0	0.167331016642863	0	0	0	0	0.0202680733803615	0	0.652185280659991
GJ_4_9-2	Fibro-SCN7A	0.610307208225876	0.0921404599710742	0	0	0	0.117127135944336	0	0	0.180425195858714	0	0.610307208225876
GJ_4_9-3	Fibro-SFRP2	0.298309168904364	0.392814331108859	0.0603631950952482	0.135520495831717	0	0	0	0	0.112992809059812	0	0.392814331108859
GJ_4_9-4	SM	0.00394518190618355	0	0	0	0.0621924627592679	0.000619799245342959	0	0.0167167650687552	0.91652579102045	0	0.91652579102045
GJ_4_9-5	SM	0.0326931800901159	0	0	0	0.0407111167482918	0.0117232461194271	0	0.0335045504901517	0.881367906552014	0	0.881367906552014
GJ_4_9-6	Fibro-SCN7A	0.508740153296896	0.307501863201164	0.0363558277039499	0.131770772055602	0	0	0	0.0156313837423875	0	0	0.508740153296896
GJ_4_9-7	SM	0.023696892969728	0	0.000101676493119326	0	0.0223392431701681	0	0	0.00729872589008256	0.946563461476902	0	0.946563461476902
GJ_4_9-8	SM	0.119456296993796	0.0599214375760255	0.0208367574001816	0.0194897247081979	0.120593029264512	0	0	0.00254010455476154	0.657162649502525	0	0.657162649502525
GJ_4_10-1	Fibro-SCN7A	0.662707627150851	0.256073436442901	0.015185104326412	0.0660338320798359	0	0	0	0	0	0	0.662707627150851
GJ_4_10-2	Endo	0.00709097059561873	0	0.00656383415822252	0.000733180274809223	0	0	0.837043211370662	0.138067739101544	0	0.0105010644991442	0.837043211370662
GJ_4_10-3	Fibro-SCN7A	0.886857785441328	0.0206428066070104	0.0884862736353868	0	0	0	0	0.00401313431627495	0	0	0.886857785441328
GJ_4_10-4	SM	0.0232848941102035	0.0187099322801834	0	0.00628570890575969	0	0	0	0.0176262549985843	0.934093209705269	0	0.934093209705269
GJ_4_10-5	SM	0.0174732527636351	0.0122414886347948	0.00749997010759752	4.09524848475081e-05	0.15853069835559	0	0	0.0106441857561022	0.793569451897432	0	0.793569451897432
GJ_4_10-6	SM	0.153049592085084	0.00875105684403197	0	0	0.0421848925728718	0	0	0.00712899103942629	0.788885467458585	0	0.788885467458585
GJ_4_10-7	Fibro-SCN7A	0.594840262584217	0.00549304613159001	0.0232830810113668	0.0499103375678208	0.0730010769013066	0	0	0.0961384833974119	0.157333712406287	0	0.594840262584217
GJ_4_10-8	Fibro-SCN7A	0.793907670785816	0.0701911687857517	0	0.0945796537000127	0	0	0	0.0413215067284192	0	0	0.793907670785816
GJ_4_11-1	Endo	0.0127184032846697	0.000224941982370009	0.00719048863263605	0	0.00048495481600337	0	0.941051332460638	0.00044079834614029	0	0.0378890804775427	0.941051332460638
GJ_4_11-2	Fibro-SCN7A	0.481164639914714	0.0463569867663686	0	0.162308557841352	0.0784256581696921	0	0	0.00460893169289657	0.227135225614977	0	0.481164639914714
GJ_4_11-3	Fibro-SCN7A	0.9567784938414	0.0138254845513099	0.0264349467772432	0.000537890663776778	0	0.000828676963267414	0	0.00159450720300248	0	0	0.9567784938414
GJ_4_11-5	Fibro-SCN7A	0.931145494967254	0.00966996410423767	0.0137132267697535	0.0216012339117277	0	0.0234094814527918	0	0.000460598794236162	0	0	0.931145494967254
GJ_4_11-6	Fibro-GUCY1A3	0.280341101360844	0.105846949947262	0	0.613811948691893	0	0	0	0	0	0	0.613811948691893
GJ_4_11-7	SM	0.0748171098657973	0.0138617798596137	0.00195672788210779	0.0260299574053196	0	0.0108511822483073	0	0	0.872483242738855	0	0.872483242738855
GJ_4_11-8	SM	0.0738557112495954	0	0	0	0	0.00304293155901655	0	0.0314090291331637	0.891692328058225	0	0.891692328058225
GJ_4_12-1	SM	0.0042702352557202	0	0	0	0	0	0	0.0064036888709641	0.987047469160134	0.00227860671318248	0.987047469160134
GJ_4_12-2	SM	0.00673506345401298	0	0	0	0.0390243309359111	0	0	0.0119001107471984	0.942340494862878	0	0.942340494862878
GJ_4_12-3	Fibro-SCN7A	0.9179790260056	0.028427926537055	0.00982350927210383	0.0271896988625239	0	0	0	0.0165798393227167	0	0	0.9179790260056
GJ_4_12-4	SM	0.0557534533251522	0	0	0	0	0	0	0.0160187624102131	0.928227784264635	0	0.928227784264635
GJ_4_12-5	SM	0.0364144712064435	0.00742480616108179	0	0	0.0163528165908803	0	0.0651667818885607	0.0110384639095688	0.863602660243465	0	0.863602660243465
GJ_4_12-6	Fibro-SCN7A	0.971002427029023	0.0155838238370608	0	0.00631864813076075	0	0	0	0.00709510100315505	0	0	0.971002427029023
GJ_4_12-7	Fibro-SCN7A	0.887946189869944	0.0968609141847721	0.0151928959452845	0	0	0	0	0	0	0	0.887946189869944
GJ_4_12-8	SM	0.00365511527640638	0	0	0	0.0209947067371572	0	0.0612961893545966	0.0173022039959118	0.896751784635928	0	0.896751784635928
GJ_5_1-1	SM	0.112785285668792	0	0	0	0.104218050683695	0	0	0.054464393313746	0.728532270333767	0	0.728532270333767
GJ_5_1-2	SM	0.0626728268075243	0.000424603993884452	0	0	0	0	0	0.000546473245511661	0.936356095953079	0	0.936356095953079
GJ_5_1-4	Fibro-SCN7A	0.486679538360343	0.464714984733305	0	0.036046037086193	0	0.0125594398201591	0	0	0	0	0.486679538360343
GJ_5_1-5	Fibro-SCN7A	0.301470010732461	0.165325371469665	0.0320775110429399	0.0420561733867935	0	0.230083238764578	0	0	0.228987694603563	0	0.301470010732461
GJ_5_1-6	Fibro-SCN7A	0.694110801480001	0.058346625530099	0.0328365960748548	0.209167905134144	0	0	0	0.0055380717809008	0	0	0.694110801480001
GJ_5_1-7	SM	0.0171081250862561	0	0	0	0.00393425372507711	0	0	0.0174086072591029	0.961549013929563	0	0.961549013929563
GJ_5_1-8	Fibro-SCN7A	0.742310997661001	0.000434564156504164	0	0.0209370783774335	0	0.236211978031569	0	0	0.000105381773491756	0	0.742310997661001
GJ_5_2-1	Fibro-COL11A1	0.293559091578472	0.118425436925769	0.045987218536213	0.155922203903218	0	0.386106049056328	0	0	0	0	0.386106049056328
GJ_5_2-2	Endo	0.279502026258231	0.011389161385829	0	0.00805374722719897	0	0.269889028348616	0.431166036780126	0	0	0	0.431166036780126
GJ_5_2-3	Fibro-GUCY1A3	0.0553963405874297	0.108584728391662	0	0.70466450786093	0	0.0754743211832525	0.037674694205399	0.00182328154433322	0	0.0163821262269937	0.70466450786093
GJ_5_2-4	Fibro-COL11A1	0.113227959642125	0.155128934077864	0.000748266197812542	0.0239872137055276	0	0.70690762637667	0	0	0	0	0.70690762637667
GJ_5_2-5	Fibro-SCN7A	0.348227016948306	0.241047108908682	0.179813617475284	0.180480733569241	0	0.0403567660182238	0	0.0100747570802633	0	0	0.348227016948306
GJ_5_2-6	SM	0.0681090099951499	0	0	0	0.0438327655778335	0	0	0.0610670216245757	0.826991202802441	0	0.826991202802441
GJ_5_2-7	Fibro-GUCY1A3	0.139128340400746	0.0420302417442274	0	0.818841417855027	0	0	0	0	0	0	0.818841417855027
GJ_5_2-8	Endo	0.00741944244119769	0.0497703272416093	0	0	0	0	0.811750142377557	0	0.102011581661521	0.0290485062781152	0.811750142377557
GJ_5_3-1	SM	0.0187138343671592	0.000565642534244491	0	0	0.0810451213496407	0	0	0.0122494004245114	0.887426001324444	0	0.887426001324444
GJ_5_3-3	SM	0.0985855171550597	0	0.00747620039198298	0	0	0	0	0.0122112089439974	0.88172707350896	0	0.88172707350896
GJ_5_3-4	Immune	4.85629133206162e-05	3.23766265137821e-05	0	0	0	0	0	0.990981570708769	0.00893748975139665	0	0.990981570708769
GJ_5_3-5	SM	0.0267448050675842	0.0163660778905261	0.00303396914701405	0.0235847636728438	0.0254490983627052	0	0	0.0212630813428856	0.883558204516442	0	0.883558204516442
GJ_5_3-6	Fibro-COL11A1	0.133100307555362	0.237231328040624	0.028862836587782	0.168127697937416	0	0.432677829878816	0	0	0	0	0.432677829878816
GJ_5_3-7	SM	0.0187059166247537	0.0259984256202564	5.15681132061204e-05	0.0502164158141989	0.0150963262603287	0.000106505448188976	0	0.0112391992221682	0.878585642896899	0	0.878585642896899
GJ_5_4-1	Fibro-SFRP2	0.0552579309366322	0.732952408938164	0.0335226436045166	0.0186246836411423	0	0.147801317530047	0	0	0.00434599358206933	0.00749502176742789	0.732952408938164
GJ_5_4-2	Fibro-SCN7A	0.685954114553094	0.0846188204180057	0	0.148190963294861	0	0.0812361017340396	0	0	0	0	0.685954114553094
GJ_5_4-3	SM	0.000827144741693293	0.000679722148043743	0	0	0.0709370548539045	0	0	0.0865635442374743	0.840992534018884	0	0.840992534018884
GJ_5_4-4	SM	0.00505704091869571	0.020785486108442	0	0.0301551622150188	0.0127191456181708	0	0	0.032033447399839	0.899249717739834	0	0.899249717739834
GJ_5_4-5	SM	0.168583781141786	0.0494680370113173	0	0.161175335402469	0	0.0182941991880217	0	0.0198998353383402	0.582578811918065	0	0.582578811918065
GJ_5_4-6	Immune	0.00429640109695987	0.024451752101129	0	0.0216190205223157	0	0.0170580305756165	0	0.929391119194031	0.000592292647454907	0.00259138386249351	0.929391119194031
GJ_5_4-7	Immune	0.0748082295239894	0.0221686372597106	0.0381293921098363	0.00553921286451825	0	0	0.0935888617352953	0.745813176882444	0.0199524896242059	0	0.745813176882444
GJ_5_4-8	Fibro-SFRP2	0.0580102044648061	0.469545359243784	0	0.0417304592212803	0.00170185121388426	0.144255541607888	0.00893400732361492	0.0176708765505055	0.0166598589331495	0.241491841441087	0.469545359243784
GJ_5_5-1	Fibro-SFRP2	0.0903361618057754	0.8168228102842	0.00246052323092547	0.0482550304036549	0	0.0421254742754441	0	0	0	0	0.8168228102842
GJ_5_5-2	SM	0.0390864775296939	0	0	0.000305203286841501	0.0152047202646641	0.0109341007439844	0	0.0150020517627761	0.91946744641204	0	0.91946744641204
GJ_5_5-3	Endo	0.0854182895968095	0.0296096417768105	0	0	0	0.00590851043010357	0.693690883229797	0.140400441953184	0.00442703048388112	0.0405452025294149	0.693690883229797
GJ_5_5-4	SM	0.0862016933246922	0	0	0	0.00624115760432784	0	0	0.00388256845163709	0.903674580619343	0	0.903674580619343
GJ_5_5-5	Fibro-SFRP2	0.285124303542787	0.499221939057683	0.0836541246333345	0.131999632766195	0	0	0	0	0	0	0.499221939057683
GJ_5_5-6	Fibro-SCN7A	0.66699095518085	0.0770097282402719	0	0.0576676128745433	0	0	0	0.198331703704334	0	0	0.66699095518085
GJ_5_5-8	Endo	0.0478153997380924	0.150763164837427	0	0.176680606224813	0.000457252983810804	0	0.573880562906158	0	0	0.0504030133096975	0.573880562906158
GJ_5_6-1	SM	0.0268733214822132	0	0	0	0.00851881097799415	0	0	0.000286662615196251	0.964321204924596	0	0.964321204924596
GJ_5_6-2	SM	0.00559559914613821	0.0520823842785317	0	0.111785690975078	0.207857877317997	0.0184526699530015	0	0.0330805980999729	0.57114518022928	0	0.57114518022928
GJ_5_6-3	Fibro-SFRP2	0.295181675138398	0.470279567186209	0.103554848083881	0.0741438438300969	0	0.0445502822716	0	0	0.0122897834898154	0	0.470279567186209
GJ_5_6-4	Fibro-SCN7A	0.981195954649797	0.0186236290261607	0	0.000180416324042758	0	0	0	0	0	0	0.981195954649797
GJ_5_6-5	Fibro-SFRP2	0.167194039806329	0.826341948733882	0.00646401145978817	0	0	0	0	0	0	0	0.826341948733882
GJ_5_6-6	Fibro-GUCY1A3	0.213595647303571	0.0791003650398461	0	0.579198312616533	0	0.12810567504005	0	0	0	0	0.579198312616533
GJ_5_6-7	Fibro-GUCY1A3	0.158779917563668	0.0103636004664724	0	0.83085648196986	0	0	0	0	0	0	0.83085648196986
GJ_5_6-8	Fibro-SCN7A	0.819789741695628	0.145669483278616	0.0105539950832827	0.0239867799424743	0	0	0	0	0	0	0.819789741695628
GJ_5_7-2	Fibro-SFRP2	0.307279691915854	0.517235786268389	0.086067322350471	0.0186272322455089	0	0.067569486885942	0	0.00322048033383566	0	0	0.517235786268389
GJ_5_7-3	SM	0.247062639859786	0.133971517486546	0	0.0766646421551105	0	0	0	0	0.517252627266768	0.0250485732317896	0.517252627266768
GJ_5_7-4	SM	0.0968340550123884	0	0	0	0	0	0	0.00834515401825757	0.894820790969354	0	0.894820790969354
GJ_5_7-5	Endo	0.00483284646183559	0.00202307557542898	0	0.0123494764920555	0	0	0.979718829057046	0.00107577241363484	0	0	0.979718829057046
GJ_5_7-6	Fibro-COL11A1	0.270919354993115	0.0620373074744292	0.00126609258747517	0.00500810679410725	0	0.436807229899168	0	0.0197966471163346	0.20416526113537	0	0.436807229899168
GJ_5_7-7	Fibro-COL11A1	0.197282575169223	0.0566982691016402	0.184973708911107	0	0	0.302186245386693	0	0.0578223211301385	0.192433724809664	0.00860315549153349	0.302186245386693
GJ_5_7-8	Fibro-SCN7A	0.607093579453808	0.252384044774054	0.00181080049016172	0.0945637286404271	0	0.0441478466415492	0	0	0	0	0.607093579453808
GJ_5_8-1	Fibro-SCN7A	0.672646927027415	0.168541158286202	0	0.028403501232492	0	0.130408413453891	0	0	0	0	0.672646927027415
GJ_5_8-3	Fibro-SCN7A	0.69819212911768	0.0360897309496565	0	0.153117583695857	0	0.00151114390524755	0	0.111089412331559	0	0	0.69819212911768
GJ_5_8-5	SM	0.0518402212033059	0.0292151352449797	0	0.0555438197043638	0.221991389153263	0.00571143240403057	0	0.0382380654655707	0.597459936824486	0	0.597459936824486
GJ_5_8-6	Fibro-COL11A1	0.136966730350477	0.0364396821818501	0.0377107346243718	0.0152318831562368	0	0.773650969687064	0	0	0	0	0.773650969687064
GJ_5_8-7	Fibro-SCN7A	0.571998123686056	0.140546018997492	0.0181341880825729	0.236973968005171	0	0.0214783402105644	0	0.0108693610181439	0	0	0.571998123686056
GJ_5_8-8	SM	0.0385611205055813	0.0142387172983178	0	0.016090451062986	0	0	0	0.0071337414277296	0.923975969705386	0	0.923975969705386
GJ_5_9-1	SM	0.00915348082353187	0	0	0	0	0	0	0.0137884569160503	0.977058062260417	0	0.977058062260417
GJ_5_9-2	Fibro-GUCY1A3	0.0499164850470105	0.00109669605853683	0	0.890865375551429	0	0.0581214433430243	0	0	0	0	0.890865375551429
GJ_5_9-3	Fibro-SFRP2	0.355899537442499	0.510230151765002	0.00402736252749565	0.129842948265003	0	0	0	0	0	0	0.510230151765002
GJ_5_9-4	Glial	0.0482339695813099	0.240778325496347	0	0.0198630159140447	0.0038134387781985	0.0244629310218643	0.14673961696384	0	0.0102504107920591	0.505858291452337	0.505858291452337
GJ_5_9-5	Fibro-GUCY1A3	0.172850277146394	0.039851150478775	0	0.74236434394647	0	0.044934228428361	0	0	0	0	0.74236434394647
GJ_5_9-6	SM	0.0461060257419306	0.0178031080209774	0	0.0341888697791692	0.0458787394996743	0	0	0.0689671944590419	0.787056062499206	0	0.787056062499206
GJ_5_9-7	SM	0.0253861003097275	0	0	0	0.0103592391263174	0	0	0.0313460058900035	0.932908654673951	0	0.932908654673951
GJ_5_9-8	Fibro-GUCY1A3	0.286487008205334	0.0653632535730918	0.0112892431739953	0.309881188862602	0	0.00948464445461991	0	0.242257389946906	0.0752372717834507	0	0.309881188862602
GJ_5_10-1	Fibro-SFRP2	0.369873174520091	0.495746775823932	0.0430635441952698	0.0610451795693475	0	0.00109658299436026	0	0.00239129062942055	0.0267834522675788	0	0.495746775823932
GJ_5_10-2	SM	0.1474173777858	0	0	0.0187664336448216	0.0180350782010161	0.0193600474957057	0	0.0200272784090211	0.776393784463635	0	0.776393784463635
GJ_5_10-3	SM	0.00129231632618474	0	0	0	0.096050688991975	0	0	0.0297518764883007	0.87290511819354	0	0.87290511819354
GJ_5_10-4	Fibro-SCN7A	0.425449117367039	0.334981377052855	0.0128702122749273	0.197656268881727	0	0.0287511610404063	0	0.000291863383045533	0	0	0.425449117367039
GJ_5_10-5	Fibro-SFRP2	0.165721635335034	0.614661896092373	0.0201527313561995	0.0763326572364587	0	0.123131079979935	0	0	0	0	0.614661896092373
GJ_5_10-6	Fibro-GUCY1A3	0.241617377787128	0.278074999169949	0	0.480307623042923	0	0	0	0	0	0	0.480307623042923
GJ_5_10-7	Fibro-SCN7A	0.824874709408687	0.0242147831846682	0.00694306995816521	0.0437946865159223	0	0.0892536038331383	0	0.0109191470994186	0	0	0.824874709408687
GJ_5_10-8	Endo	0.0177567656791246	0.15041885150268	0	0.0240833043467557	0	0.015230269843403	0.602319849223054	0	0.134485923226933	0.0557050361780501	0.602319849223054
GJ_5_11-1	Fibro-SFRP2	0.0308785602363821	0.642576226084822	0	0.00232096427329887	0.00196528857557984	0.136844426697407	0.0451611188874266	0	0	0.140253415245085	0.642576226084822
GJ_5_11-3	Immune	0.33255020941845	0.218438686234457	0.0365602940579395	0.0408680144882751	0.0113383477770372	0	0	0.337714544976281	0.0225299030475609	0	0.337714544976281
GJ_5_11-5	SM	0.0351117077411551	0.0497218375021993	0	0.0960309152250507	0.135873183420631	0.0189500786060342	0	0.0481254082269075	0.616186869278022	0	0.616186869278022
GJ_5_11-8	Immune	0.0689670850490728	0.0275475887072308	0	0.151027660154968	0	0	0	0.752457666088728	0	0	0.752457666088728
GJ_5_12-1	SM	0.0292104960775066	0	0	0	0.00781961218716324	0	0	0.0201919353570341	0.942777956378296	0	0.942777956378296
GJ_5_12-2	SM	0.0128389329574222	0	0	0	0.0699607822246543	0.00468951588805467	0	0.0241550975183009	0.888355671411568	0	0.888355671411568
GJ_5_12-3	SM	0.0241795542291	0.00529805564082516	0	0	0.0240505747487253	0	0	0.0469385271909265	0.899533288190423	0	0.899533288190423
GJ_5_12-4	Immune	0.00750201155002411	0.00370953833877313	0.0134679110235961	0.0061672346052976	0	0.0122765665681589	0	0.956794823968339	8.19139458107709e-05	0	0.956794823968339
GJ_5_12-6	Endo	0.109163958008264	0.00286342877654307	0	0.016190923574446	0.00745297637076942	0	0.512220802577008	0.0170724575662884	0.335035453126681	0	0.512220802577008
GJ_5_12-7	SM	0.0764136788692508	0	0	0	0.0116400964668682	0	0	0.0426028404335005	0.86934338423038	0	0.86934338423038
GJ_5_12-8	Fibro-SFRP2	0.278153914129459	0.305157706736214	0.177543605975924	0.15839042150157	0.0629958555520637	0.0177584961047702	0	0	0	0	0.305157706736214
