cluster	gene	size	boundary	avgExpr	cvExpr	avgCor	cvCor	protein_coding	lncRNA	sncRNA	pseudogene	Ig/TcR	tf
M17	NBPF1	13	1:13	119.407473514714	1.35657364284479	0.281729606719788	0.565304996327163	0.846153846153846	0	0	0.153846153846154	0	0
M17	AC240274.1	13	1:13	119.407473514714	1.35657364284479	0.281729606719788	0.565304996327163	0.846153846153846	0	0	0.153846153846154	0	0
M17	NBPF12	13	1:13	119.407473514714	1.35657364284479	0.281729606719788	0.565304996327163	0.846153846153846	0	0	0.153846153846154	0	0
M17	NBPF11	13	1:13	119.407473514714	1.35657364284479	0.281729606719788	0.565304996327163	0.846153846153846	0	0	0.153846153846154	0	0
M17	NBPF15	13	1:13	119.407473514714	1.35657364284479	0.281729606719788	0.565304996327163	0.846153846153846	0	0	0.153846153846154	0	0
M17	NBPF25P	13	1:13	119.407473514714	1.35657364284479	0.281729606719788	0.565304996327163	0.846153846153846	0	0	0.153846153846154	0	0
M17	NBPF8	13	1:13	119.407473514714	1.35657364284479	0.281729606719788	0.565304996327163	0.846153846153846	0	0	0.153846153846154	0	0
M17	NBPF10	13	1:13	119.407473514714	1.35657364284479	0.281729606719788	0.565304996327163	0.846153846153846	0	0	0.153846153846154	0	0
M17	NBPF26	13	1:13	119.407473514714	1.35657364284479	0.281729606719788	0.565304996327163	0.846153846153846	0	0	0.153846153846154	0	0
M17	NBPF14	13	1:13	119.407473514714	1.35657364284479	0.281729606719788	0.565304996327163	0.846153846153846	0	0	0.153846153846154	0	0
M17	NBPF19	13	1:13	119.407473514714	1.35657364284479	0.281729606719788	0.565304996327163	0.846153846153846	0	0	0.153846153846154	0	0
M17	NBPF20	13	1:13	119.407473514714	1.35657364284479	0.281729606719788	0.565304996327163	0.846153846153846	0	0	0.153846153846154	0	0
M17	NBPF9	13	1:13	119.407473514714	1.35657364284479	0.281729606719788	0.565304996327163	0.846153846153846	0	0	0.153846153846154	0	0
M34	SEC31A	10	8733:8742	424.275782605569	1.09866606454694	0.0768655095124725	0.495747564277636	1	0	0	0	0	0.3
M34	LPP	10	8733:8742	424.275782605569	1.09866606454694	0.0768655095124725	0.495747564277636	1	0	0	0	0	0.3
M34	TCF4	10	8733:8742	424.275782605569	1.09866606454694	0.0768655095124725	0.495747564277636	1	0	0	0	0	0.3
M34	PRRC2C	10	8733:8742	424.275782605569	1.09866606454694	0.0768655095124725	0.495747564277636	1	0	0	0	0	0.3
M34	ELF2	10	8733:8742	424.275782605569	1.09866606454694	0.0768655095124725	0.495747564277636	1	0	0	0	0	0.3
M34	SOBP	10	8733:8742	424.275782605569	1.09866606454694	0.0768655095124725	0.495747564277636	1	0	0	0	0	0.3
M34	BPTF	10	8733:8742	424.275782605569	1.09866606454694	0.0768655095124725	0.495747564277636	1	0	0	0	0	0.3
M34	ZBTB37	10	8733:8742	424.275782605569	1.09866606454694	0.0768655095124725	0.495747564277636	1	0	0	0	0	0.3
M34	SPEN	10	8733:8742	424.275782605569	1.09866606454694	0.0768655095124725	0.495747564277636	1	0	0	0	0	0.3
M34	ZNF638	10	8733:8742	424.275782605569	1.09866606454694	0.0768655095124725	0.495747564277636	1	0	0	0	0	0.3
M2	PHIP	22	8743:8764	551.601661421422	0.915095574251065	0.113637775808946	0.501040911188883	0.909090909090909	0.0909090909090909	0	0	0	0.0909090909090909
M2	KCNQ1OT1	22	8743:8764	551.601661421422	0.915095574251065	0.113637775808946	0.501040911188883	0.909090909090909	0.0909090909090909	0	0	0	0.0909090909090909
M2	ANKRD36C	22	8743:8764	551.601661421422	0.915095574251065	0.113637775808946	0.501040911188883	0.909090909090909	0.0909090909090909	0	0	0	0.0909090909090909
M2	ATRX	22	8743:8764	551.601661421422	0.915095574251065	0.113637775808946	0.501040911188883	0.909090909090909	0.0909090909090909	0	0	0	0.0909090909090909
M2	ANKRD36	22	8743:8764	551.601661421422	0.915095574251065	0.113637775808946	0.501040911188883	0.909090909090909	0.0909090909090909	0	0	0	0.0909090909090909
M2	PHACTR2	22	8743:8764	551.601661421422	0.915095574251065	0.113637775808946	0.501040911188883	0.909090909090909	0.0909090909090909	0	0	0	0.0909090909090909
M2	CDH11	22	8743:8764	551.601661421422	0.915095574251065	0.113637775808946	0.501040911188883	0.909090909090909	0.0909090909090909	0	0	0	0.0909090909090909
M2	MEG3	22	8743:8764	551.601661421422	0.915095574251065	0.113637775808946	0.501040911188883	0.909090909090909	0.0909090909090909	0	0	0	0.0909090909090909
M2	NKTR	22	8743:8764	551.601661421422	0.915095574251065	0.113637775808946	0.501040911188883	0.909090909090909	0.0909090909090909	0	0	0	0.0909090909090909
M2	RHOBTB3	22	8743:8764	551.601661421422	0.915095574251065	0.113637775808946	0.501040911188883	0.909090909090909	0.0909090909090909	0	0	0	0.0909090909090909
M2	TIA1	22	8743:8764	551.601661421422	0.915095574251065	0.113637775808946	0.501040911188883	0.909090909090909	0.0909090909090909	0	0	0	0.0909090909090909
M2	ANKRD36B	22	8743:8764	551.601661421422	0.915095574251065	0.113637775808946	0.501040911188883	0.909090909090909	0.0909090909090909	0	0	0	0.0909090909090909
M2	KMT2A	22	8743:8764	551.601661421422	0.915095574251065	0.113637775808946	0.501040911188883	0.909090909090909	0.0909090909090909	0	0	0	0.0909090909090909
M2	SRSF11	22	8743:8764	551.601661421422	0.915095574251065	0.113637775808946	0.501040911188883	0.909090909090909	0.0909090909090909	0	0	0	0.0909090909090909
M2	BAZ2B	22	8743:8764	551.601661421422	0.915095574251065	0.113637775808946	0.501040911188883	0.909090909090909	0.0909090909090909	0	0	0	0.0909090909090909
M2	PLEKHH2	22	8743:8764	551.601661421422	0.915095574251065	0.113637775808946	0.501040911188883	0.909090909090909	0.0909090909090909	0	0	0	0.0909090909090909
M2	SBF2	22	8743:8764	551.601661421422	0.915095574251065	0.113637775808946	0.501040911188883	0.909090909090909	0.0909090909090909	0	0	0	0.0909090909090909
M2	WSB1	22	8743:8764	551.601661421422	0.915095574251065	0.113637775808946	0.501040911188883	0.909090909090909	0.0909090909090909	0	0	0	0.0909090909090909
M2	HIF3A	22	8743:8764	551.601661421422	0.915095574251065	0.113637775808946	0.501040911188883	0.909090909090909	0.0909090909090909	0	0	0	0.0909090909090909
M2	ASH1L	22	8743:8764	551.601661421422	0.915095574251065	0.113637775808946	0.501040911188883	0.909090909090909	0.0909090909090909	0	0	0	0.0909090909090909
M2	SRRM2	22	8743:8764	551.601661421422	0.915095574251065	0.113637775808946	0.501040911188883	0.909090909090909	0.0909090909090909	0	0	0	0.0909090909090909
M2	DDX17	22	8743:8764	551.601661421422	0.915095574251065	0.113637775808946	0.501040911188883	0.909090909090909	0.0909090909090909	0	0	0	0.0909090909090909
M25	FLNB	11	8765:8775	225.950859474736	2.3863923452507	0.203243223341763	0.480526527764886	0.909090909090909	0.0909090909090909	0	0	0	0.0909090909090909
M25	ADAMTSL3	11	8765:8775	225.950859474736	2.3863923452507	0.203243223341763	0.480526527764886	0.909090909090909	0.0909090909090909	0	0	0	0.0909090909090909
M25	CACNA1C	11	8765:8775	225.950859474736	2.3863923452507	0.203243223341763	0.480526527764886	0.909090909090909	0.0909090909090909	0	0	0	0.0909090909090909
M25	PID1	11	8765:8775	225.950859474736	2.3863923452507	0.203243223341763	0.480526527764886	0.909090909090909	0.0909090909090909	0	0	0	0.0909090909090909
M25	NR2F1	11	8765:8775	225.950859474736	2.3863923452507	0.203243223341763	0.480526527764886	0.909090909090909	0.0909090909090909	0	0	0	0.0909090909090909
M25	VIPR2	11	8765:8775	225.950859474736	2.3863923452507	0.203243223341763	0.480526527764886	0.909090909090909	0.0909090909090909	0	0	0	0.0909090909090909
M25	SRPX	11	8765:8775	225.950859474736	2.3863923452507	0.203243223341763	0.480526527764886	0.909090909090909	0.0909090909090909	0	0	0	0.0909090909090909
M25	RP11-715J22.6	11	8765:8775	225.950859474736	2.3863923452507	0.203243223341763	0.480526527764886	0.909090909090909	0.0909090909090909	0	0	0	0.0909090909090909
M25	ASPA	11	8765:8775	225.950859474736	2.3863923452507	0.203243223341763	0.480526527764886	0.909090909090909	0.0909090909090909	0	0	0	0.0909090909090909
M25	COL21A1	11	8765:8775	225.950859474736	2.3863923452507	0.203243223341763	0.480526527764886	0.909090909090909	0.0909090909090909	0	0	0	0.0909090909090909
M25	TNC	11	8765:8775	225.950859474736	2.3863923452507	0.203243223341763	0.480526527764886	0.909090909090909	0.0909090909090909	0	0	0	0.0909090909090909
M5	THBS1	20	8776:8795	192.953913860236	1.96413099379851	0.118837351408256	0.398757102115303	1	0	0	0	0	0.05
M5	PPIC	20	8776:8795	192.953913860236	1.96413099379851	0.118837351408256	0.398757102115303	1	0	0	0	0	0.05
M5	DDR2	20	8776:8795	192.953913860236	1.96413099379851	0.118837351408256	0.398757102115303	1	0	0	0	0	0.05
M5	SLIT3	20	8776:8795	192.953913860236	1.96413099379851	0.118837351408256	0.398757102115303	1	0	0	0	0	0.05
M5	PDE7B	20	8776:8795	192.953913860236	1.96413099379851	0.118837351408256	0.398757102115303	1	0	0	0	0	0.05
M5	FBLN1	20	8776:8795	192.953913860236	1.96413099379851	0.118837351408256	0.398757102115303	1	0	0	0	0	0.05
M5	SH3BP4	20	8776:8795	192.953913860236	1.96413099379851	0.118837351408256	0.398757102115303	1	0	0	0	0	0.05
M5	SVEP1	20	8776:8795	192.953913860236	1.96413099379851	0.118837351408256	0.398757102115303	1	0	0	0	0	0.05
M5	VCAM1	20	8776:8795	192.953913860236	1.96413099379851	0.118837351408256	0.398757102115303	1	0	0	0	0	0.05
M5	C1QTNF3	20	8776:8795	192.953913860236	1.96413099379851	0.118837351408256	0.398757102115303	1	0	0	0	0	0.05
M5	NCKAP5	20	8776:8795	192.953913860236	1.96413099379851	0.118837351408256	0.398757102115303	1	0	0	0	0	0.05
M5	CHD3	20	8776:8795	192.953913860236	1.96413099379851	0.118837351408256	0.398757102115303	1	0	0	0	0	0.05
M5	NLGN1	20	8776:8795	192.953913860236	1.96413099379851	0.118837351408256	0.398757102115303	1	0	0	0	0	0.05
M5	CNTNAP3B	20	8776:8795	192.953913860236	1.96413099379851	0.118837351408256	0.398757102115303	1	0	0	0	0	0.05
M5	MAF	20	8776:8795	192.953913860236	1.96413099379851	0.118837351408256	0.398757102115303	1	0	0	0	0	0.05
M5	FLRT2	20	8776:8795	192.953913860236	1.96413099379851	0.118837351408256	0.398757102115303	1	0	0	0	0	0.05
M5	CNTNAP3	20	8776:8795	192.953913860236	1.96413099379851	0.118837351408256	0.398757102115303	1	0	0	0	0	0.05
M5	WNT2B	20	8776:8795	192.953913860236	1.96413099379851	0.118837351408256	0.398757102115303	1	0	0	0	0	0.05
M5	COL14A1	20	8776:8795	192.953913860236	1.96413099379851	0.118837351408256	0.398757102115303	1	0	0	0	0	0.05
M5	ZNF106	20	8776:8795	192.953913860236	1.96413099379851	0.118837351408256	0.398757102115303	1	0	0	0	0	0.05
M14	MIR1244-2	14	8796:8809	622.271361502915	1.05871914975731	0.151629120064828	0.68456436461442	0.428571428571429	0	0.142857142857143	0.428571428571429	0	0.142857142857143
M14	BTG1	14	8796:8809	622.271361502915	1.05871914975731	0.151629120064828	0.68456436461442	0.428571428571429	0	0.142857142857143	0.428571428571429	0	0.142857142857143
M14	NPM1P6	14	8796:8809	622.271361502915	1.05871914975731	0.151629120064828	0.68456436461442	0.428571428571429	0	0.142857142857143	0.428571428571429	0	0.142857142857143
M14	NR2F2	14	8796:8809	622.271361502915	1.05871914975731	0.151629120064828	0.68456436461442	0.428571428571429	0	0.142857142857143	0.428571428571429	0	0.142857142857143
M14	RPL5P34	14	8796:8809	622.271361502915	1.05871914975731	0.151629120064828	0.68456436461442	0.428571428571429	0	0.142857142857143	0.428571428571429	0	0.142857142857143
M14	EEF1A1P5	14	8796:8809	622.271361502915	1.05871914975731	0.151629120064828	0.68456436461442	0.428571428571429	0	0.142857142857143	0.428571428571429	0	0.142857142857143
M14	NPM1	14	8796:8809	622.271361502915	1.05871914975731	0.151629120064828	0.68456436461442	0.428571428571429	0	0.142857142857143	0.428571428571429	0	0.142857142857143
M14	HMGN2	14	8796:8809	622.271361502915	1.05871914975731	0.151629120064828	0.68456436461442	0.428571428571429	0	0.142857142857143	0.428571428571429	0	0.142857142857143
M14	EEF1A1P6	14	8796:8809	622.271361502915	1.05871914975731	0.151629120064828	0.68456436461442	0.428571428571429	0	0.142857142857143	0.428571428571429	0	0.142857142857143
M14	PEG3	14	8796:8809	622.271361502915	1.05871914975731	0.151629120064828	0.68456436461442	0.428571428571429	0	0.142857142857143	0.428571428571429	0	0.142857142857143
M14	MIR1244-3	14	8796:8809	622.271361502915	1.05871914975731	0.151629120064828	0.68456436461442	0.428571428571429	0	0.142857142857143	0.428571428571429	0	0.142857142857143
M14	RP11-371A22.1	14	8796:8809	622.271361502915	1.05871914975731	0.151629120064828	0.68456436461442	0.428571428571429	0	0.142857142857143	0.428571428571429	0	0.142857142857143
M14	EEF1A1P11	14	8796:8809	622.271361502915	1.05871914975731	0.151629120064828	0.68456436461442	0.428571428571429	0	0.142857142857143	0.428571428571429	0	0.142857142857143
M14	EEF1A1	14	8796:8809	622.271361502915	1.05871914975731	0.151629120064828	0.68456436461442	0.428571428571429	0	0.142857142857143	0.428571428571429	0	0.142857142857143
M26	RPS3AP26	11	8810:8820	455.605563574312	0.982231767380237	0.200877369978191	0.60263100455637	0.272727272727273	0	0	0.727272727272727	0	0
M26	RP11-408P14.1	11	8810:8820	455.605563574312	0.982231767380237	0.200877369978191	0.60263100455637	0.272727272727273	0	0	0.727272727272727	0	0
M26	RPS3AP6	11	8810:8820	455.605563574312	0.982231767380237	0.200877369978191	0.60263100455637	0.272727272727273	0	0	0.727272727272727	0	0
M26	AC009245.3	11	8810:8820	455.605563574312	0.982231767380237	0.200877369978191	0.60263100455637	0.272727272727273	0	0	0.727272727272727	0	0
M26	RACK1	11	8810:8820	455.605563574312	0.982231767380237	0.200877369978191	0.60263100455637	0.272727272727273	0	0	0.727272727272727	0	0
M26	RPS3A	11	8810:8820	455.605563574312	0.982231767380237	0.200877369978191	0.60263100455637	0.272727272727273	0	0	0.727272727272727	0	0
M26	RPL6P27	11	8810:8820	455.605563574312	0.982231767380237	0.200877369978191	0.60263100455637	0.272727272727273	0	0	0.727272727272727	0	0
M26	RPL6	11	8810:8820	455.605563574312	0.982231767380237	0.200877369978191	0.60263100455637	0.272727272727273	0	0	0.727272727272727	0	0
M26	RPS3AP47	11	8810:8820	455.605563574312	0.982231767380237	0.200877369978191	0.60263100455637	0.272727272727273	0	0	0.727272727272727	0	0
M26	AC010468.1	11	8810:8820	455.605563574312	0.982231767380237	0.200877369978191	0.60263100455637	0.272727272727273	0	0	0.727272727272727	0	0
M26	RPS3AP49	11	8810:8820	455.605563574312	0.982231767380237	0.200877369978191	0.60263100455637	0.272727272727273	0	0	0.727272727272727	0	0
M12	MT-CYB	15	8821:8835	2160.43431036017	0.946442164320939	0.263331607643454	0.534884361508301	0.6	0	0.133333333333333	0.266666666666667	0	0
M12	MT-CO2	15	8821:8835	2160.43431036017	0.946442164320939	0.263331607643454	0.534884361508301	0.6	0	0.133333333333333	0.266666666666667	0	0
M12	MT-RNR2	15	8821:8835	2160.43431036017	0.946442164320939	0.263331607643454	0.534884361508301	0.6	0	0.133333333333333	0.266666666666667	0	0
M12	MTCO1P12	15	8821:8835	2160.43431036017	0.946442164320939	0.263331607643454	0.534884361508301	0.6	0	0.133333333333333	0.266666666666667	0	0
M12	MT-CO1	15	8821:8835	2160.43431036017	0.946442164320939	0.263331607643454	0.534884361508301	0.6	0	0.133333333333333	0.266666666666667	0	0
M12	MTND1P23	15	8821:8835	2160.43431036017	0.946442164320939	0.263331607643454	0.534884361508301	0.6	0	0.133333333333333	0.266666666666667	0	0
M12	MTND2P28	15	8821:8835	2160.43431036017	0.946442164320939	0.263331607643454	0.534884361508301	0.6	0	0.133333333333333	0.266666666666667	0	0
M12	MTATP6P1	15	8821:8835	2160.43431036017	0.946442164320939	0.263331607643454	0.534884361508301	0.6	0	0.133333333333333	0.266666666666667	0	0
M12	MT-ND4	15	8821:8835	2160.43431036017	0.946442164320939	0.263331607643454	0.534884361508301	0.6	0	0.133333333333333	0.266666666666667	0	0
M12	MT-ATP6	15	8821:8835	2160.43431036017	0.946442164320939	0.263331607643454	0.534884361508301	0.6	0	0.133333333333333	0.266666666666667	0	0
M12	MT-CO3	15	8821:8835	2160.43431036017	0.946442164320939	0.263331607643454	0.534884361508301	0.6	0	0.133333333333333	0.266666666666667	0	0
M12	MT-ND1	15	8821:8835	2160.43431036017	0.946442164320939	0.263331607643454	0.534884361508301	0.6	0	0.133333333333333	0.266666666666667	0	0
M12	MT-ND5	15	8821:8835	2160.43431036017	0.946442164320939	0.263331607643454	0.534884361508301	0.6	0	0.133333333333333	0.266666666666667	0	0
M12	MT-ND2	15	8821:8835	2160.43431036017	0.946442164320939	0.263331607643454	0.534884361508301	0.6	0	0.133333333333333	0.266666666666667	0	0
M12	MT-RNR1	15	8821:8835	2160.43431036017	0.946442164320939	0.263331607643454	0.534884361508301	0.6	0	0.133333333333333	0.266666666666667	0	0
M22	EIF4B	12	8836:8847	334.072025563752	1.25301695086109	0.105776014171264	1.16338333646365	0.75	0	0	0.25	0	0.166666666666667
M22	SEPT10	12	8836:8847	334.072025563752	1.25301695086109	0.105776014171264	1.16338333646365	0.75	0	0	0.25	0	0.166666666666667
M22	SOX4	12	8836:8847	334.072025563752	1.25301695086109	0.105776014171264	1.16338333646365	0.75	0	0	0.25	0	0.166666666666667
M22	NFIA	12	8836:8847	334.072025563752	1.25301695086109	0.105776014171264	1.16338333646365	0.75	0	0	0.25	0	0.166666666666667
M22	EIF4BP6	12	8836:8847	334.072025563752	1.25301695086109	0.105776014171264	1.16338333646365	0.75	0	0	0.25	0	0.166666666666667
M22	EIF4BP3	12	8836:8847	334.072025563752	1.25301695086109	0.105776014171264	1.16338333646365	0.75	0	0	0.25	0	0.166666666666667
M22	RBFOX2	12	8836:8847	334.072025563752	1.25301695086109	0.105776014171264	1.16338333646365	0.75	0	0	0.25	0	0.166666666666667
M22	EIF4BP7	12	8836:8847	334.072025563752	1.25301695086109	0.105776014171264	1.16338333646365	0.75	0	0	0.25	0	0.166666666666667
M22	SMCHD1	12	8836:8847	334.072025563752	1.25301695086109	0.105776014171264	1.16338333646365	0.75	0	0	0.25	0	0.166666666666667
M22	ARPP19	12	8836:8847	334.072025563752	1.25301695086109	0.105776014171264	1.16338333646365	0.75	0	0	0.25	0	0.166666666666667
M22	N4BP1	12	8836:8847	334.072025563752	1.25301695086109	0.105776014171264	1.16338333646365	0.75	0	0	0.25	0	0.166666666666667
M22	CAPZA1	12	8836:8847	334.072025563752	1.25301695086109	0.105776014171264	1.16338333646365	0.75	0	0	0.25	0	0.166666666666667
M27	ARHGAP5	11	8848:8858	315.144750902192	1.0326843901154	0.0904165513961825	0.425676315661404	1	0	0	0	0	0.272727272727273
M27	ZEB2	11	8848:8858	315.144750902192	1.0326843901154	0.0904165513961825	0.425676315661404	1	0	0	0	0	0.272727272727273
M27	TNRC6A	11	8848:8858	315.144750902192	1.0326843901154	0.0904165513961825	0.425676315661404	1	0	0	0	0	0.272727272727273
M27	TET1	11	8848:8858	315.144750902192	1.0326843901154	0.0904165513961825	0.425676315661404	1	0	0	0	0	0.272727272727273
M27	YWHAQ	11	8848:8858	315.144750902192	1.0326843901154	0.0904165513961825	0.425676315661404	1	0	0	0	0	0.272727272727273
M27	PLAGL1	11	8848:8858	315.144750902192	1.0326843901154	0.0904165513961825	0.425676315661404	1	0	0	0	0	0.272727272727273
M27	HECTD1	11	8848:8858	315.144750902192	1.0326843901154	0.0904165513961825	0.425676315661404	1	0	0	0	0	0.272727272727273
M27	MIB1	11	8848:8858	315.144750902192	1.0326843901154	0.0904165513961825	0.425676315661404	1	0	0	0	0	0.272727272727273
M27	TTC3	11	8848:8858	315.144750902192	1.0326843901154	0.0904165513961825	0.425676315661404	1	0	0	0	0	0.272727272727273
M27	ZNF644	11	8848:8858	315.144750902192	1.0326843901154	0.0904165513961825	0.425676315661404	1	0	0	0	0	0.272727272727273
M27	GPC6	11	8848:8858	315.144750902192	1.0326843901154	0.0904165513961825	0.425676315661404	1	0	0	0	0	0.272727272727273
M35	ATF7IP	10	8859:8868	229.215413715935	1.23571698369607	0.0875429142638914	0.453205741070464	1	0	0	0	0	0.3
M35	PBX1	10	8859:8868	229.215413715935	1.23571698369607	0.0875429142638914	0.453205741070464	1	0	0	0	0	0.3
M35	SP3	10	8859:8868	229.215413715935	1.23571698369607	0.0875429142638914	0.453205741070464	1	0	0	0	0	0.3
M35	EIF3E	10	8859:8868	229.215413715935	1.23571698369607	0.0875429142638914	0.453205741070464	1	0	0	0	0	0.3
M35	NRIP1	10	8859:8868	229.215413715935	1.23571698369607	0.0875429142638914	0.453205741070464	1	0	0	0	0	0.3
M35	PIAS1	10	8859:8868	229.215413715935	1.23571698369607	0.0875429142638914	0.453205741070464	1	0	0	0	0	0.3
M35	CCNI	10	8859:8868	229.215413715935	1.23571698369607	0.0875429142638914	0.453205741070464	1	0	0	0	0	0.3
M35	ARHGAP28	10	8859:8868	229.215413715935	1.23571698369607	0.0875429142638914	0.453205741070464	1	0	0	0	0	0.3
M35	CREBBP	10	8859:8868	229.215413715935	1.23571698369607	0.0875429142638914	0.453205741070464	1	0	0	0	0	0.3
M35	EIF2S3	10	8859:8868	229.215413715935	1.23571698369607	0.0875429142638914	0.453205741070464	1	0	0	0	0	0.3
M36	FREM1	10	8869:8878	60.656520309035	3.09333435700395	0.120590571709253	0.402719587805147	1	0	0	0	0	0
M36	EGFLAM	10	8869:8878	60.656520309035	3.09333435700395	0.120590571709253	0.402719587805147	1	0	0	0	0	0
M36	C1QTNF7	10	8869:8878	60.656520309035	3.09333435700395	0.120590571709253	0.402719587805147	1	0	0	0	0	0
M36	SAMD5	10	8869:8878	60.656520309035	3.09333435700395	0.120590571709253	0.402719587805147	1	0	0	0	0	0
M36	RERG	10	8869:8878	60.656520309035	3.09333435700395	0.120590571709253	0.402719587805147	1	0	0	0	0	0
M36	COL6A5	10	8869:8878	60.656520309035	3.09333435700395	0.120590571709253	0.402719587805147	1	0	0	0	0	0
M36	SYNPO	10	8869:8878	60.656520309035	3.09333435700395	0.120590571709253	0.402719587805147	1	0	0	0	0	0
M36	GPC3	10	8869:8878	60.656520309035	3.09333435700395	0.120590571709253	0.402719587805147	1	0	0	0	0	0
M36	CAPN6	10	8869:8878	60.656520309035	3.09333435700395	0.120590571709253	0.402719587805147	1	0	0	0	0	0
M36	LRRC7	10	8869:8878	60.656520309035	3.09333435700395	0.120590571709253	0.402719587805147	1	0	0	0	0	0
M37	VRK3	10	8879:8888	117.801138206597	2.20986504038476	0.0595592489641545	0.708584480286644	0.9	0	0	0.1	0	0.1
M37	RCN1	10	8879:8888	117.801138206597	2.20986504038476	0.0595592489641545	0.708584480286644	0.9	0	0	0.1	0	0.1
M37	SLC30A6	10	8879:8888	117.801138206597	2.20986504038476	0.0595592489641545	0.708584480286644	0.9	0	0	0.1	0	0.1
M37	RCN1P2	10	8879:8888	117.801138206597	2.20986504038476	0.0595592489641545	0.708584480286644	0.9	0	0	0.1	0	0.1
M37	CYTH2	10	8879:8888	117.801138206597	2.20986504038476	0.0595592489641545	0.708584480286644	0.9	0	0	0.1	0	0.1
M37	TGOLN2	10	8879:8888	117.801138206597	2.20986504038476	0.0595592489641545	0.708584480286644	0.9	0	0	0.1	0	0.1
M37	EIF2B3	10	8879:8888	117.801138206597	2.20986504038476	0.0595592489641545	0.708584480286644	0.9	0	0	0.1	0	0.1
M37	PTPN1	10	8879:8888	117.801138206597	2.20986504038476	0.0595592489641545	0.708584480286644	0.9	0	0	0.1	0	0.1
M37	ZNF691	10	8879:8888	117.801138206597	2.20986504038476	0.0595592489641545	0.708584480286644	0.9	0	0	0.1	0	0.1
M37	SELENOS	10	8879:8888	117.801138206597	2.20986504038476	0.0595592489641545	0.708584480286644	0.9	0	0	0.1	0	0.1
M38	GTF3C1	10	8889:8898	61.984662677232	2.25290065536431	0.0838611281069586	1.36483663481247	0.8	0	0	0.2	0	0.2
M38	GTF2IRD2	10	8889:8898	61.984662677232	2.25290065536431	0.0838611281069586	1.36483663481247	0.8	0	0	0.2	0	0.2
M38	PNRC2	10	8889:8898	61.984662677232	2.25290065536431	0.0838611281069586	1.36483663481247	0.8	0	0	0.2	0	0.2
M38	MAP7D1	10	8889:8898	61.984662677232	2.25290065536431	0.0838611281069586	1.36483663481247	0.8	0	0	0.2	0	0.2
M38	BSDC1	10	8889:8898	61.984662677232	2.25290065536431	0.0838611281069586	1.36483663481247	0.8	0	0	0.2	0	0.2
M38	MTRR	10	8889:8898	61.984662677232	2.25290065536431	0.0838611281069586	1.36483663481247	0.8	0	0	0.2	0	0.2
M38	GTF2IRD2B	10	8889:8898	61.984662677232	2.25290065536431	0.0838611281069586	1.36483663481247	0.8	0	0	0.2	0	0.2
M38	PLEKHA2	10	8889:8898	61.984662677232	2.25290065536431	0.0838611281069586	1.36483663481247	0.8	0	0	0.2	0	0.2
M38	GTF2IRD2P1	10	8889:8898	61.984662677232	2.25290065536431	0.0838611281069586	1.36483663481247	0.8	0	0	0.2	0	0.2
M38	PNRC2P1	10	8889:8898	61.984662677232	2.25290065536431	0.0838611281069586	1.36483663481247	0.8	0	0	0.2	0	0.2
M28	BEND3	11	8899:8909	33.6564649655091	3.27239080263842	0.0888196858615936	0.392381233416793	1	0	0	0	0	0.272727272727273
M28	NSD2	11	8899:8909	33.6564649655091	3.27239080263842	0.0888196858615936	0.392381233416793	1	0	0	0	0	0.272727272727273
M28	DSN1	11	8899:8909	33.6564649655091	3.27239080263842	0.0888196858615936	0.392381233416793	1	0	0	0	0	0.272727272727273
M28	MCM6	11	8899:8909	33.6564649655091	3.27239080263842	0.0888196858615936	0.392381233416793	1	0	0	0	0	0.272727272727273
M28	TCF19	11	8899:8909	33.6564649655091	3.27239080263842	0.0888196858615936	0.392381233416793	1	0	0	0	0	0.272727272727273
M28	RFC3	11	8899:8909	33.6564649655091	3.27239080263842	0.0888196858615936	0.392381233416793	1	0	0	0	0	0.272727272727273
M28	RBL1	11	8899:8909	33.6564649655091	3.27239080263842	0.0888196858615936	0.392381233416793	1	0	0	0	0	0.272727272727273
M28	KNTC1	11	8899:8909	33.6564649655091	3.27239080263842	0.0888196858615936	0.392381233416793	1	0	0	0	0	0.272727272727273
M28	MCM5	11	8899:8909	33.6564649655091	3.27239080263842	0.0888196858615936	0.392381233416793	1	0	0	0	0	0.272727272727273
M28	ZNF90	11	8899:8909	33.6564649655091	3.27239080263842	0.0888196858615936	0.392381233416793	1	0	0	0	0	0.272727272727273
M28	CDC7	11	8899:8909	33.6564649655091	3.27239080263842	0.0888196858615936	0.392381233416793	1	0	0	0	0	0.272727272727273
M29	SP140L	11	8910:8920	61.130180452115	2.5238610602866	0.0510610133974041	0.61917972181901	1	0	0	0	0	0.181818181818182
M29	CCDC71L	11	8910:8920	61.130180452115	2.5238610602866	0.0510610133974041	0.61917972181901	1	0	0	0	0	0.181818181818182
M29	ZNF251	11	8910:8920	61.130180452115	2.5238610602866	0.0510610133974041	0.61917972181901	1	0	0	0	0	0.181818181818182
M29	CD2AP	11	8910:8920	61.130180452115	2.5238610602866	0.0510610133974041	0.61917972181901	1	0	0	0	0	0.181818181818182
M29	MCCC2	11	8910:8920	61.130180452115	2.5238610602866	0.0510610133974041	0.61917972181901	1	0	0	0	0	0.181818181818182
M29	TPP2	11	8910:8920	61.130180452115	2.5238610602866	0.0510610133974041	0.61917972181901	1	0	0	0	0	0.181818181818182
M29	TIMM23	11	8910:8920	61.130180452115	2.5238610602866	0.0510610133974041	0.61917972181901	1	0	0	0	0	0.181818181818182
M29	FAHD1	11	8910:8920	61.130180452115	2.5238610602866	0.0510610133974041	0.61917972181901	1	0	0	0	0	0.181818181818182
M29	ATXN1	11	8910:8920	61.130180452115	2.5238610602866	0.0510610133974041	0.61917972181901	1	0	0	0	0	0.181818181818182
M29	LDAH	11	8910:8920	61.130180452115	2.5238610602866	0.0510610133974041	0.61917972181901	1	0	0	0	0	0.181818181818182
M29	COQ8A	11	8910:8920	61.130180452115	2.5238610602866	0.0510610133974041	0.61917972181901	1	0	0	0	0	0.181818181818182
M15	PSAP	14	8921:8934	1322.8905944407	1.278284395347	0.138145635424784	0.571371197389574	1	0	0	0	0	0
M15	IFI6	14	8921:8934	1322.8905944407	1.278284395347	0.138145635424784	0.571371197389574	1	0	0	0	0	0
M15	COL1A2	14	8921:8934	1322.8905944407	1.278284395347	0.138145635424784	0.571371197389574	1	0	0	0	0	0
M15	C1S	14	8921:8934	1322.8905944407	1.278284395347	0.138145635424784	0.571371197389574	1	0	0	0	0	0
M15	C1R	14	8921:8934	1322.8905944407	1.278284395347	0.138145635424784	0.571371197389574	1	0	0	0	0	0
M15	COL5A2	14	8921:8934	1322.8905944407	1.278284395347	0.138145635424784	0.571371197389574	1	0	0	0	0	0
M15	FMOD	14	8921:8934	1322.8905944407	1.278284395347	0.138145635424784	0.571371197389574	1	0	0	0	0	0
M15	COL3A1	14	8921:8934	1322.8905944407	1.278284395347	0.138145635424784	0.571371197389574	1	0	0	0	0	0
M15	COL1A1	14	8921:8934	1322.8905944407	1.278284395347	0.138145635424784	0.571371197389574	1	0	0	0	0	0
M15	LOX	14	8921:8934	1322.8905944407	1.278284395347	0.138145635424784	0.571371197389574	1	0	0	0	0	0
M15	QSOX1	14	8921:8934	1322.8905944407	1.278284395347	0.138145635424784	0.571371197389574	1	0	0	0	0	0
M15	OLFML3	14	8921:8934	1322.8905944407	1.278284395347	0.138145635424784	0.571371197389574	1	0	0	0	0	0
M15	CD63	14	8921:8934	1322.8905944407	1.278284395347	0.138145635424784	0.571371197389574	1	0	0	0	0	0
M15	SERPINH1	14	8921:8934	1322.8905944407	1.278284395347	0.138145635424784	0.571371197389574	1	0	0	0	0	0
M16	DCN	14	8935:8948	521.451997752746	1.13730091898828	0.166452619277702	0.486126673126876	1	0	0	0	0	0
M16	LUM	14	8935:8948	521.451997752746	1.13730091898828	0.166452619277702	0.486126673126876	1	0	0	0	0	0
M16	GPX8	14	8935:8948	521.451997752746	1.13730091898828	0.166452619277702	0.486126673126876	1	0	0	0	0	0
M16	AHNAK	14	8935:8948	521.451997752746	1.13730091898828	0.166452619277702	0.486126673126876	1	0	0	0	0	0
M16	SPARC	14	8935:8948	521.451997752746	1.13730091898828	0.166452619277702	0.486126673126876	1	0	0	0	0	0
M16	COL6A3	14	8935:8948	521.451997752746	1.13730091898828	0.166452619277702	0.486126673126876	1	0	0	0	0	0
M16	TIMP2	14	8935:8948	521.451997752746	1.13730091898828	0.166452619277702	0.486126673126876	1	0	0	0	0	0
M16	PMP22	14	8935:8948	521.451997752746	1.13730091898828	0.166452619277702	0.486126673126876	1	0	0	0	0	0
M16	IGFBP7	14	8935:8948	521.451997752746	1.13730091898828	0.166452619277702	0.486126673126876	1	0	0	0	0	0
M16	TGFBI	14	8935:8948	521.451997752746	1.13730091898828	0.166452619277702	0.486126673126876	1	0	0	0	0	0
M16	SERPINE2	14	8935:8948	521.451997752746	1.13730091898828	0.166452619277702	0.486126673126876	1	0	0	0	0	0
M16	GPC4	14	8935:8948	521.451997752746	1.13730091898828	0.166452619277702	0.486126673126876	1	0	0	0	0	0
M16	FBLN5	14	8935:8948	521.451997752746	1.13730091898828	0.166452619277702	0.486126673126876	1	0	0	0	0	0
M16	FSTL1	14	8935:8948	521.451997752746	1.13730091898828	0.166452619277702	0.486126673126876	1	0	0	0	0	0
M18	RFTN1	13	8949:8961	71.6934228334547	2.52618061295539	0.0856738173345701	0.406940539916556	1	0	0	0	0	0
M18	PDE1C	13	8949:8961	71.6934228334547	2.52618061295539	0.0856738173345701	0.406940539916556	1	0	0	0	0	0
M18	AK5	13	8949:8961	71.6934228334547	2.52618061295539	0.0856738173345701	0.406940539916556	1	0	0	0	0	0
M18	OSBPL10	13	8949:8961	71.6934228334547	2.52618061295539	0.0856738173345701	0.406940539916556	1	0	0	0	0	0
M18	DPP4	13	8949:8961	71.6934228334547	2.52618061295539	0.0856738173345701	0.406940539916556	1	0	0	0	0	0
M18	CSF1	13	8949:8961	71.6934228334547	2.52618061295539	0.0856738173345701	0.406940539916556	1	0	0	0	0	0
M18	FHL1	13	8949:8961	71.6934228334547	2.52618061295539	0.0856738173345701	0.406940539916556	1	0	0	0	0	0
M18	MSRB3	13	8949:8961	71.6934228334547	2.52618061295539	0.0856738173345701	0.406940539916556	1	0	0	0	0	0
M18	STAMBPL1	13	8949:8961	71.6934228334547	2.52618061295539	0.0856738173345701	0.406940539916556	1	0	0	0	0	0
M18	RDH10	13	8949:8961	71.6934228334547	2.52618061295539	0.0856738173345701	0.406940539916556	1	0	0	0	0	0
M18	PTRF	13	8949:8961	71.6934228334547	2.52618061295539	0.0856738173345701	0.406940539916556	1	0	0	0	0	0
M18	SLC6A6	13	8949:8961	71.6934228334547	2.52618061295539	0.0856738173345701	0.406940539916556	1	0	0	0	0	0
M18	IFITM3	13	8949:8961	71.6934228334547	2.52618061295539	0.0856738173345701	0.406940539916556	1	0	0	0	0	0
M39	PLAU	10	8962:8971	275.468805328523	2.29171489810643	0.163648933296916	0.401215248447339	1	0	0	0	0	0
M39	HLA-A	10	8962:8971	275.468805328523	2.29171489810643	0.163648933296916	0.401215248447339	1	0	0	0	0	0
M39	WARS	10	8962:8971	275.468805328523	2.29171489810643	0.163648933296916	0.401215248447339	1	0	0	0	0	0
M39	EFEMP1	10	8962:8971	275.468805328523	2.29171489810643	0.163648933296916	0.401215248447339	1	0	0	0	0	0
M39	HLA-C	10	8962:8971	275.468805328523	2.29171489810643	0.163648933296916	0.401215248447339	1	0	0	0	0	0
M39	IGFBP3	10	8962:8971	275.468805328523	2.29171489810643	0.163648933296916	0.401215248447339	1	0	0	0	0	0
M39	PTGS1	10	8962:8971	275.468805328523	2.29171489810643	0.163648933296916	0.401215248447339	1	0	0	0	0	0
M39	HLA-B	10	8962:8971	275.468805328523	2.29171489810643	0.163648933296916	0.401215248447339	1	0	0	0	0	0
M39	CTSC	10	8962:8971	275.468805328523	2.29171489810643	0.163648933296916	0.401215248447339	1	0	0	0	0	0
M39	B2M	10	8962:8971	275.468805328523	2.29171489810643	0.163648933296916	0.401215248447339	1	0	0	0	0	0
M7	RPS3	18	8972:8989	863.556804457071	0.933582417026328	0.147755290055791	0.630430672820935	0.777777777777778	0.111111111111111	0	0.111111111111111	0	0
M7	RPL11	18	8972:8989	863.556804457071	0.933582417026328	0.147755290055791	0.630430672820935	0.777777777777778	0.111111111111111	0	0.111111111111111	0	0
M7	RPS12	18	8972:8989	863.556804457071	0.933582417026328	0.147755290055791	0.630430672820935	0.777777777777778	0.111111111111111	0	0.111111111111111	0	0
M7	ZFAS1	18	8972:8989	863.556804457071	0.933582417026328	0.147755290055791	0.630430672820935	0.777777777777778	0.111111111111111	0	0.111111111111111	0	0
M7	PPIA	18	8972:8989	863.556804457071	0.933582417026328	0.147755290055791	0.630430672820935	0.777777777777778	0.111111111111111	0	0.111111111111111	0	0
M7	RPL34	18	8972:8989	863.556804457071	0.933582417026328	0.147755290055791	0.630430672820935	0.777777777777778	0.111111111111111	0	0.111111111111111	0	0
M7	RPLP1	18	8972:8989	863.556804457071	0.933582417026328	0.147755290055791	0.630430672820935	0.777777777777778	0.111111111111111	0	0.111111111111111	0	0
M7	RPL27A	18	8972:8989	863.556804457071	0.933582417026328	0.147755290055791	0.630430672820935	0.777777777777778	0.111111111111111	0	0.111111111111111	0	0
M7	RPS28	18	8972:8989	863.556804457071	0.933582417026328	0.147755290055791	0.630430672820935	0.777777777777778	0.111111111111111	0	0.111111111111111	0	0
M7	RPS17	18	8972:8989	863.556804457071	0.933582417026328	0.147755290055791	0.630430672820935	0.777777777777778	0.111111111111111	0	0.111111111111111	0	0
M7	RPLP2	18	8972:8989	863.556804457071	0.933582417026328	0.147755290055791	0.630430672820935	0.777777777777778	0.111111111111111	0	0.111111111111111	0	0
M7	RPS20P14	18	8972:8989	863.556804457071	0.933582417026328	0.147755290055791	0.630430672820935	0.777777777777778	0.111111111111111	0	0.111111111111111	0	0
M7	GLTSCR2	18	8972:8989	863.556804457071	0.933582417026328	0.147755290055791	0.630430672820935	0.777777777777778	0.111111111111111	0	0.111111111111111	0	0
M7	RP1-278E11.3	18	8972:8989	863.556804457071	0.933582417026328	0.147755290055791	0.630430672820935	0.777777777777778	0.111111111111111	0	0.111111111111111	0	0
M7	RPL12	18	8972:8989	863.556804457071	0.933582417026328	0.147755290055791	0.630430672820935	0.777777777777778	0.111111111111111	0	0.111111111111111	0	0
M7	RPS21	18	8972:8989	863.556804457071	0.933582417026328	0.147755290055791	0.630430672820935	0.777777777777778	0.111111111111111	0	0.111111111111111	0	0
M7	RPL39	18	8972:8989	863.556804457071	0.933582417026328	0.147755290055791	0.630430672820935	0.777777777777778	0.111111111111111	0	0.111111111111111	0	0
M7	GAS5	18	8972:8989	863.556804457071	0.933582417026328	0.147755290055791	0.630430672820935	0.777777777777778	0.111111111111111	0	0.111111111111111	0	0
M40	EFNB2	10	8990:8999	40.3206192401506	3.20686876262617	0.0760051803263286	0.517002287987502	1	0	0	0	0	0.1
M40	CSRP2	10	8990:8999	40.3206192401506	3.20686876262617	0.0760051803263286	0.517002287987502	1	0	0	0	0	0.1
M40	ASPN	10	8990:8999	40.3206192401506	3.20686876262617	0.0760051803263286	0.517002287987502	1	0	0	0	0	0.1
M40	RYR2	10	8990:8999	40.3206192401506	3.20686876262617	0.0760051803263286	0.517002287987502	1	0	0	0	0	0.1
M40	IGF1	10	8990:8999	40.3206192401506	3.20686876262617	0.0760051803263286	0.517002287987502	1	0	0	0	0	0.1
M40	RASSF2	10	8990:8999	40.3206192401506	3.20686876262617	0.0760051803263286	0.517002287987502	1	0	0	0	0	0.1
M40	PLCB1	10	8990:8999	40.3206192401506	3.20686876262617	0.0760051803263286	0.517002287987502	1	0	0	0	0	0.1
M40	IGFBP5	10	8990:8999	40.3206192401506	3.20686876262617	0.0760051803263286	0.517002287987502	1	0	0	0	0	0.1
M40	RGL1	10	8990:8999	40.3206192401506	3.20686876262617	0.0760051803263286	0.517002287987502	1	0	0	0	0	0.1
M40	GLI3	10	8990:8999	40.3206192401506	3.20686876262617	0.0760051803263286	0.517002287987502	1	0	0	0	0	0.1
M30	MKI67	11	9000:9010	180.832001303932	3.03754048551968	0.169367939243702	0.456191436886078	0.727272727272727	0.0909090909090909	0	0	0.181818181818182	0
M30	NCF2	11	9000:9010	180.832001303932	3.03754048551968	0.169367939243702	0.456191436886078	0.727272727272727	0.0909090909090909	0	0	0.181818181818182	0
M30	IGHM	11	9000:9010	180.832001303932	3.03754048551968	0.169367939243702	0.456191436886078	0.727272727272727	0.0909090909090909	0	0	0.181818181818182	0
M30	CLSPN	11	9000:9010	180.832001303932	3.03754048551968	0.169367939243702	0.456191436886078	0.727272727272727	0.0909090909090909	0	0	0.181818181818182	0
M30	IGLC2	11	9000:9010	180.832001303932	3.03754048551968	0.169367939243702	0.456191436886078	0.727272727272727	0.0909090909090909	0	0	0.181818181818182	0
M30	PCED1B-AS1	11	9000:9010	180.832001303932	3.03754048551968	0.169367939243702	0.456191436886078	0.727272727272727	0.0909090909090909	0	0	0.181818181818182	0
M30	TYMS	11	9000:9010	180.832001303932	3.03754048551968	0.169367939243702	0.456191436886078	0.727272727272727	0.0909090909090909	0	0	0.181818181818182	0
M30	CHEK1	11	9000:9010	180.832001303932	3.03754048551968	0.169367939243702	0.456191436886078	0.727272727272727	0.0909090909090909	0	0	0.181818181818182	0
M30	KPNB1	11	9000:9010	180.832001303932	3.03754048551968	0.169367939243702	0.456191436886078	0.727272727272727	0.0909090909090909	0	0	0.181818181818182	0
M30	ICMT	11	9000:9010	180.832001303932	3.03754048551968	0.169367939243702	0.456191436886078	0.727272727272727	0.0909090909090909	0	0	0.181818181818182	0
M30	TPX2	11	9000:9010	180.832001303932	3.03754048551968	0.169367939243702	0.456191436886078	0.727272727272727	0.0909090909090909	0	0	0.181818181818182	0
M19	TRMT112P6	13	9011:9023	315.544126788807	1.42587236618533	0.11651338682138	0.852703894645257	0.307692307692308	0	0	0.692307692307692	0	0
M19	RPL41	13	9011:9023	315.544126788807	1.42587236618533	0.11651338682138	0.852703894645257	0.307692307692308	0	0	0.692307692307692	0	0
M19	SC22CB-1E7.1	13	9011:9023	315.544126788807	1.42587236618533	0.11651338682138	0.852703894645257	0.307692307692308	0	0	0.692307692307692	0	0
M19	RPS20P35	13	9011:9023	315.544126788807	1.42587236618533	0.11651338682138	0.852703894645257	0.307692307692308	0	0	0.692307692307692	0	0
M19	PSMC6	13	9011:9023	315.544126788807	1.42587236618533	0.11651338682138	0.852703894645257	0.307692307692308	0	0	0.692307692307692	0	0
M19	RP11-478C6.4	13	9011:9023	315.544126788807	1.42587236618533	0.11651338682138	0.852703894645257	0.307692307692308	0	0	0.692307692307692	0	0
M19	RPL41P2	13	9011:9023	315.544126788807	1.42587236618533	0.11651338682138	0.852703894645257	0.307692307692308	0	0	0.692307692307692	0	0
M19	AC079922.2	13	9011:9023	315.544126788807	1.42587236618533	0.11651338682138	0.852703894645257	0.307692307692308	0	0	0.692307692307692	0	0
M19	RPL13AP5	13	9011:9023	315.544126788807	1.42587236618533	0.11651338682138	0.852703894645257	0.307692307692308	0	0	0.692307692307692	0	0
M19	RPL13A	13	9011:9023	315.544126788807	1.42587236618533	0.11651338682138	0.852703894645257	0.307692307692308	0	0	0.692307692307692	0	0
M19	RPL13AP25	13	9011:9023	315.544126788807	1.42587236618533	0.11651338682138	0.852703894645257	0.307692307692308	0	0	0.692307692307692	0	0
M19	RPL13AP7	13	9011:9023	315.544126788807	1.42587236618533	0.11651338682138	0.852703894645257	0.307692307692308	0	0	0.692307692307692	0	0
M19	TRMT112	13	9011:9023	315.544126788807	1.42587236618533	0.11651338682138	0.852703894645257	0.307692307692308	0	0	0.692307692307692	0	0
M41	GHITM	10	9024:9033	337.2396849599	1.92409611955744	0.0769352504933454	0.438540886905984	1	0	0	0	0	0
M41	PTP4A2	10	9024:9033	337.2396849599	1.92409611955744	0.0769352504933454	0.438540886905984	1	0	0	0	0	0
M41	CALM2	10	9024:9033	337.2396849599	1.92409611955744	0.0769352504933454	0.438540886905984	1	0	0	0	0	0
M41	MRPL13	10	9024:9033	337.2396849599	1.92409611955744	0.0769352504933454	0.438540886905984	1	0	0	0	0	0
M41	UBL5	10	9024:9033	337.2396849599	1.92409611955744	0.0769352504933454	0.438540886905984	1	0	0	0	0	0
M41	AP3M1	10	9024:9033	337.2396849599	1.92409611955744	0.0769352504933454	0.438540886905984	1	0	0	0	0	0
M41	SF3B6	10	9024:9033	337.2396849599	1.92409611955744	0.0769352504933454	0.438540886905984	1	0	0	0	0	0
M41	COTL1	10	9024:9033	337.2396849599	1.92409611955744	0.0769352504933454	0.438540886905984	1	0	0	0	0	0
M41	RPA1	10	9024:9033	337.2396849599	1.92409611955744	0.0769352504933454	0.438540886905984	1	0	0	0	0	0
M41	STX4	10	9024:9033	337.2396849599	1.92409611955744	0.0769352504933454	0.438540886905984	1	0	0	0	0	0
M8	GNL2	18	9034:9051	810.016430616004	1.3660351039727	0.132147327908662	0.533232667436435	1	0	0	0	0	0
M8	MYL6	18	9034:9051	810.016430616004	1.3660351039727	0.132147327908662	0.533232667436435	1	0	0	0	0	0
M8	CENPF	18	9034:9051	810.016430616004	1.3660351039727	0.132147327908662	0.533232667436435	1	0	0	0	0	0
M8	TMSB10	18	9034:9051	810.016430616004	1.3660351039727	0.132147327908662	0.533232667436435	1	0	0	0	0	0
M8	RANBP1	18	9034:9051	810.016430616004	1.3660351039727	0.132147327908662	0.533232667436435	1	0	0	0	0	0
M8	BIRC5	18	9034:9051	810.016430616004	1.3660351039727	0.132147327908662	0.533232667436435	1	0	0	0	0	0
M8	COX4I1	18	9034:9051	810.016430616004	1.3660351039727	0.132147327908662	0.533232667436435	1	0	0	0	0	0
M8	ILF2	18	9034:9051	810.016430616004	1.3660351039727	0.132147327908662	0.533232667436435	1	0	0	0	0	0
M8	EBNA1BP2	18	9034:9051	810.016430616004	1.3660351039727	0.132147327908662	0.533232667436435	1	0	0	0	0	0
M8	STMN1	18	9034:9051	810.016430616004	1.3660351039727	0.132147327908662	0.533232667436435	1	0	0	0	0	0
M8	LARP1	18	9034:9051	810.016430616004	1.3660351039727	0.132147327908662	0.533232667436435	1	0	0	0	0	0
M8	YWHAH	18	9034:9051	810.016430616004	1.3660351039727	0.132147327908662	0.533232667436435	1	0	0	0	0	0
M8	PARK7	18	9034:9051	810.016430616004	1.3660351039727	0.132147327908662	0.533232667436435	1	0	0	0	0	0
M8	TUBA1B	18	9034:9051	810.016430616004	1.3660351039727	0.132147327908662	0.533232667436435	1	0	0	0	0	0
M8	NEDD8	18	9034:9051	810.016430616004	1.3660351039727	0.132147327908662	0.533232667436435	1	0	0	0	0	0
M8	MAP4	18	9034:9051	810.016430616004	1.3660351039727	0.132147327908662	0.533232667436435	1	0	0	0	0	0
M8	TUBA1A	18	9034:9051	810.016430616004	1.3660351039727	0.132147327908662	0.533232667436435	1	0	0	0	0	0
M8	SF3B2	18	9034:9051	810.016430616004	1.3660351039727	0.132147327908662	0.533232667436435	1	0	0	0	0	0
M31	RP11-3D4.3	11	9052:9062	47.1413264423649	2.93464533930911	0.0829370893363708	0.391916852382114	0.818181818181818	0.0909090909090909	0	0.0909090909090909	0	0.0909090909090909
M31	ARSG	11	9052:9062	47.1413264423649	2.93464533930911	0.0829370893363708	0.391916852382114	0.818181818181818	0.0909090909090909	0	0.0909090909090909	0	0.0909090909090909
M31	MYBPHL	11	9052:9062	47.1413264423649	2.93464533930911	0.0829370893363708	0.391916852382114	0.818181818181818	0.0909090909090909	0	0.0909090909090909	0	0.0909090909090909
M31	CHN2	11	9052:9062	47.1413264423649	2.93464533930911	0.0829370893363708	0.391916852382114	0.818181818181818	0.0909090909090909	0	0.0909090909090909	0	0.0909090909090909
M31	BAZ2A	11	9052:9062	47.1413264423649	2.93464533930911	0.0829370893363708	0.391916852382114	0.818181818181818	0.0909090909090909	0	0.0909090909090909	0	0.0909090909090909
M31	CAMK1D	11	9052:9062	47.1413264423649	2.93464533930911	0.0829370893363708	0.391916852382114	0.818181818181818	0.0909090909090909	0	0.0909090909090909	0	0.0909090909090909
M31	KCNB1	11	9052:9062	47.1413264423649	2.93464533930911	0.0829370893363708	0.391916852382114	0.818181818181818	0.0909090909090909	0	0.0909090909090909	0	0.0909090909090909
M31	EEF1DP6	11	9052:9062	47.1413264423649	2.93464533930911	0.0829370893363708	0.391916852382114	0.818181818181818	0.0909090909090909	0	0.0909090909090909	0	0.0909090909090909
M31	GLB1L	11	9052:9062	47.1413264423649	2.93464533930911	0.0829370893363708	0.391916852382114	0.818181818181818	0.0909090909090909	0	0.0909090909090909	0	0.0909090909090909
M31	ANKS4B	11	9052:9062	47.1413264423649	2.93464533930911	0.0829370893363708	0.391916852382114	0.818181818181818	0.0909090909090909	0	0.0909090909090909	0	0.0909090909090909
M31	IKBKB	11	9052:9062	47.1413264423649	2.93464533930911	0.0829370893363708	0.391916852382114	0.818181818181818	0.0909090909090909	0	0.0909090909090909	0	0.0909090909090909
M42	AARSD1	10	9063:9072	23.5776982820148	3.12908218573138	0.0851527591415422	0.380334633370205	0.7	0.2	0	0.1	0	0
M42	HMGB3P5	10	9063:9072	23.5776982820148	3.12908218573138	0.0851527591415422	0.380334633370205	0.7	0.2	0	0.1	0	0
M42	LAMA1	10	9063:9072	23.5776982820148	3.12908218573138	0.0851527591415422	0.380334633370205	0.7	0.2	0	0.1	0	0
M42	ADGRF5	10	9063:9072	23.5776982820148	3.12908218573138	0.0851527591415422	0.380334633370205	0.7	0.2	0	0.1	0	0
M42	TIMM50	10	9063:9072	23.5776982820148	3.12908218573138	0.0851527591415422	0.380334633370205	0.7	0.2	0	0.1	0	0
M42	RP5-1043L3.1	10	9063:9072	23.5776982820148	3.12908218573138	0.0851527591415422	0.380334633370205	0.7	0.2	0	0.1	0	0
M42	GPM6A	10	9063:9072	23.5776982820148	3.12908218573138	0.0851527591415422	0.380334633370205	0.7	0.2	0	0.1	0	0
M42	RP5-892K4.1	10	9063:9072	23.5776982820148	3.12908218573138	0.0851527591415422	0.380334633370205	0.7	0.2	0	0.1	0	0
M42	CSMD2	10	9063:9072	23.5776982820148	3.12908218573138	0.0851527591415422	0.380334633370205	0.7	0.2	0	0.1	0	0
M42	NAP1L6	10	9063:9072	23.5776982820148	3.12908218573138	0.0851527591415422	0.380334633370205	0.7	0.2	0	0.1	0	0
M20	FAM153B	13	9073:9085	385.94585758874	2.55082783107178	0.0874621712418473	0.463167433364833	0.615384615384615	0.230769230769231	0	0.153846153846154	0	0
M20	RAB13	13	9073:9085	385.94585758874	2.55082783107178	0.0874621712418473	0.463167433364833	0.615384615384615	0.230769230769231	0	0.153846153846154	0	0
M20	RP11-267N12.2	13	9073:9085	385.94585758874	2.55082783107178	0.0874621712418473	0.463167433364833	0.615384615384615	0.230769230769231	0	0.153846153846154	0	0
M20	GPR1-AS	13	9073:9085	385.94585758874	2.55082783107178	0.0874621712418473	0.463167433364833	0.615384615384615	0.230769230769231	0	0.153846153846154	0	0
M20	ECM2	13	9073:9085	385.94585758874	2.55082783107178	0.0874621712418473	0.463167433364833	0.615384615384615	0.230769230769231	0	0.153846153846154	0	0
M20	ANP32B	13	9073:9085	385.94585758874	2.55082783107178	0.0874621712418473	0.463167433364833	0.615384615384615	0.230769230769231	0	0.153846153846154	0	0
M20	CARD14	13	9073:9085	385.94585758874	2.55082783107178	0.0874621712418473	0.463167433364833	0.615384615384615	0.230769230769231	0	0.153846153846154	0	0
M20	LINC02043	13	9073:9085	385.94585758874	2.55082783107178	0.0874621712418473	0.463167433364833	0.615384615384615	0.230769230769231	0	0.153846153846154	0	0
M20	RUBCN	13	9073:9085	385.94585758874	2.55082783107178	0.0874621712418473	0.463167433364833	0.615384615384615	0.230769230769231	0	0.153846153846154	0	0
M20	RPL35P9	13	9073:9085	385.94585758874	2.55082783107178	0.0874621712418473	0.463167433364833	0.615384615384615	0.230769230769231	0	0.153846153846154	0	0
M20	RP3-323A16.1	13	9073:9085	385.94585758874	2.55082783107178	0.0874621712418473	0.463167433364833	0.615384615384615	0.230769230769231	0	0.153846153846154	0	0
M20	TSPAN3	13	9073:9085	385.94585758874	2.55082783107178	0.0874621712418473	0.463167433364833	0.615384615384615	0.230769230769231	0	0.153846153846154	0	0
M20	CKAP4	13	9073:9085	385.94585758874	2.55082783107178	0.0874621712418473	0.463167433364833	0.615384615384615	0.230769230769231	0	0.153846153846154	0	0
M43	RP11-626G3.1	10	9086:9095	16.8895787952359	3.24475458867254	0.0678500552935066	0.533161894613056	0.5	0.3	0	0.2	0	0
M43	DGAT2	10	9086:9095	16.8895787952359	3.24475458867254	0.0678500552935066	0.533161894613056	0.5	0.3	0	0.2	0	0
M43	CCDC150	10	9086:9095	16.8895787952359	3.24475458867254	0.0678500552935066	0.533161894613056	0.5	0.3	0	0.2	0	0
M43	ZNRF3-AS1	10	9086:9095	16.8895787952359	3.24475458867254	0.0678500552935066	0.533161894613056	0.5	0.3	0	0.2	0	0
M43	LUZP4P1	10	9086:9095	16.8895787952359	3.24475458867254	0.0678500552935066	0.533161894613056	0.5	0.3	0	0.2	0	0
M43	RPL12P50	10	9086:9095	16.8895787952359	3.24475458867254	0.0678500552935066	0.533161894613056	0.5	0.3	0	0.2	0	0
M43	RP4-635A23.6	10	9086:9095	16.8895787952359	3.24475458867254	0.0678500552935066	0.533161894613056	0.5	0.3	0	0.2	0	0
M43	PRR11	10	9086:9095	16.8895787952359	3.24475458867254	0.0678500552935066	0.533161894613056	0.5	0.3	0	0.2	0	0
M43	DPF3	10	9086:9095	16.8895787952359	3.24475458867254	0.0678500552935066	0.533161894613056	0.5	0.3	0	0.2	0	0
M43	VWA3B	10	9086:9095	16.8895787952359	3.24475458867254	0.0678500552935066	0.533161894613056	0.5	0.3	0	0.2	0	0
M21	RND3	13	9096:9108	118.953330969775	2.01543755713019	0.0831070583079835	0.492727751348409	0.923076923076923	0.0769230769230769	0	0	0	0.0769230769230769
M21	ETV1	13	9096:9108	118.953330969775	2.01543755713019	0.0831070583079835	0.492727751348409	0.923076923076923	0.0769230769230769	0	0	0	0.0769230769230769
M21	SLC7A7	13	9096:9108	118.953330969775	2.01543755713019	0.0831070583079835	0.492727751348409	0.923076923076923	0.0769230769230769	0	0	0	0.0769230769230769
M21	ISLR	13	9096:9108	118.953330969775	2.01543755713019	0.0831070583079835	0.492727751348409	0.923076923076923	0.0769230769230769	0	0	0	0.0769230769230769
M21	SYK	13	9096:9108	118.953330969775	2.01543755713019	0.0831070583079835	0.492727751348409	0.923076923076923	0.0769230769230769	0	0	0	0.0769230769230769
M21	AC002511.2	13	9096:9108	118.953330969775	2.01543755713019	0.0831070583079835	0.492727751348409	0.923076923076923	0.0769230769230769	0	0	0	0.0769230769230769
M21	CCDC102B	13	9096:9108	118.953330969775	2.01543755713019	0.0831070583079835	0.492727751348409	0.923076923076923	0.0769230769230769	0	0	0	0.0769230769230769
M21	PLAT	13	9096:9108	118.953330969775	2.01543755713019	0.0831070583079835	0.492727751348409	0.923076923076923	0.0769230769230769	0	0	0	0.0769230769230769
M21	BGN	13	9096:9108	118.953330969775	2.01543755713019	0.0831070583079835	0.492727751348409	0.923076923076923	0.0769230769230769	0	0	0	0.0769230769230769
M21	RAB37	13	9096:9108	118.953330969775	2.01543755713019	0.0831070583079835	0.492727751348409	0.923076923076923	0.0769230769230769	0	0	0	0.0769230769230769
M21	PPP3CA	13	9096:9108	118.953330969775	2.01543755713019	0.0831070583079835	0.492727751348409	0.923076923076923	0.0769230769230769	0	0	0	0.0769230769230769
M21	CASK	13	9096:9108	118.953330969775	2.01543755713019	0.0831070583079835	0.492727751348409	0.923076923076923	0.0769230769230769	0	0	0	0.0769230769230769
M21	SHANK2	13	9096:9108	118.953330969775	2.01543755713019	0.0831070583079835	0.492727751348409	0.923076923076923	0.0769230769230769	0	0	0	0.0769230769230769
M11	TRIB2	16	9109:9124	373.271597938799	1.7851008742377	0.138431426903059	0.455055058753403	1	0	0	0	0	0
M11	NNAT	16	9109:9124	373.271597938799	1.7851008742377	0.138431426903059	0.455055058753403	1	0	0	0	0	0
M11	S1PR3	16	9109:9124	373.271597938799	1.7851008742377	0.138431426903059	0.455055058753403	1	0	0	0	0	0
M11	NDST4	16	9109:9124	373.271597938799	1.7851008742377	0.138431426903059	0.455055058753403	1	0	0	0	0	0
M11	CHST11	16	9109:9124	373.271597938799	1.7851008742377	0.138431426903059	0.455055058753403	1	0	0	0	0	0
M11	MATN2	16	9109:9124	373.271597938799	1.7851008742377	0.138431426903059	0.455055058753403	1	0	0	0	0	0
M11	BMP5	16	9109:9124	373.271597938799	1.7851008742377	0.138431426903059	0.455055058753403	1	0	0	0	0	0
M11	PDGFRA	16	9109:9124	373.271597938799	1.7851008742377	0.138431426903059	0.455055058753403	1	0	0	0	0	0
M11	VCAN	16	9109:9124	373.271597938799	1.7851008742377	0.138431426903059	0.455055058753403	1	0	0	0	0	0
M11	RHOU	16	9109:9124	373.271597938799	1.7851008742377	0.138431426903059	0.455055058753403	1	0	0	0	0	0
M11	PIK3R1	16	9109:9124	373.271597938799	1.7851008742377	0.138431426903059	0.455055058753403	1	0	0	0	0	0
M11	OLFML2A	16	9109:9124	373.271597938799	1.7851008742377	0.138431426903059	0.455055058753403	1	0	0	0	0	0
M11	LAMB1	16	9109:9124	373.271597938799	1.7851008742377	0.138431426903059	0.455055058753403	1	0	0	0	0	0
M11	COL4A5	16	9109:9124	373.271597938799	1.7851008742377	0.138431426903059	0.455055058753403	1	0	0	0	0	0
M11	COL4A6	16	9109:9124	373.271597938799	1.7851008742377	0.138431426903059	0.455055058753403	1	0	0	0	0	0
M11	SEMA4D	16	9109:9124	373.271597938799	1.7851008742377	0.138431426903059	0.455055058753403	1	0	0	0	0	0
M9	SERTAD4	18	9125:9142	251.14283596469	1.57584554020156	0.136168232958419	0.327099092548369	1	0	0	0	0	0
M9	SPRY2	18	9125:9142	251.14283596469	1.57584554020156	0.136168232958419	0.327099092548369	1	0	0	0	0	0
M9	VSTM2A	18	9125:9142	251.14283596469	1.57584554020156	0.136168232958419	0.327099092548369	1	0	0	0	0	0
M9	TNFRSF19	18	9125:9142	251.14283596469	1.57584554020156	0.136168232958419	0.327099092548369	1	0	0	0	0	0
M9	ECE1	18	9125:9142	251.14283596469	1.57584554020156	0.136168232958419	0.327099092548369	1	0	0	0	0	0
M9	PDGFD	18	9125:9142	251.14283596469	1.57584554020156	0.136168232958419	0.327099092548369	1	0	0	0	0	0
M9	MGLL	18	9125:9142	251.14283596469	1.57584554020156	0.136168232958419	0.327099092548369	1	0	0	0	0	0
M9	SGCD	18	9125:9142	251.14283596469	1.57584554020156	0.136168232958419	0.327099092548369	1	0	0	0	0	0
M9	PROM1	18	9125:9142	251.14283596469	1.57584554020156	0.136168232958419	0.327099092548369	1	0	0	0	0	0
M9	TMEM100	18	9125:9142	251.14283596469	1.57584554020156	0.136168232958419	0.327099092548369	1	0	0	0	0	0
M9	WNT4	18	9125:9142	251.14283596469	1.57584554020156	0.136168232958419	0.327099092548369	1	0	0	0	0	0
M9	EDNRB	18	9125:9142	251.14283596469	1.57584554020156	0.136168232958419	0.327099092548369	1	0	0	0	0	0
M9	HTRA1	18	9125:9142	251.14283596469	1.57584554020156	0.136168232958419	0.327099092548369	1	0	0	0	0	0
M9	SCN7A	18	9125:9142	251.14283596469	1.57584554020156	0.136168232958419	0.327099092548369	1	0	0	0	0	0
M9	NCAM1	18	9125:9142	251.14283596469	1.57584554020156	0.136168232958419	0.327099092548369	1	0	0	0	0	0
M9	LTBP2	18	9125:9142	251.14283596469	1.57584554020156	0.136168232958419	0.327099092548369	1	0	0	0	0	0
M9	PMEPA1	18	9125:9142	251.14283596469	1.57584554020156	0.136168232958419	0.327099092548369	1	0	0	0	0	0
M9	TSPAN33	18	9125:9142	251.14283596469	1.57584554020156	0.136168232958419	0.327099092548369	1	0	0	0	0	0
M32	MFAP4	11	9143:9153	381.567085622059	1.08736230009058	0.119993027278199	0.630500673052433	1	0	0	0	0	0.0909090909090909
M32	ITPR1	11	9143:9153	381.567085622059	1.08736230009058	0.119993027278199	0.630500673052433	1	0	0	0	0	0.0909090909090909
M32	MLXIP	11	9143:9153	381.567085622059	1.08736230009058	0.119993027278199	0.630500673052433	1	0	0	0	0	0.0909090909090909
M32	TNFRSF1B	11	9143:9153	381.567085622059	1.08736230009058	0.119993027278199	0.630500673052433	1	0	0	0	0	0.0909090909090909
M32	PALD1	11	9143:9153	381.567085622059	1.08736230009058	0.119993027278199	0.630500673052433	1	0	0	0	0	0.0909090909090909
M32	COLEC12	11	9143:9153	381.567085622059	1.08736230009058	0.119993027278199	0.630500673052433	1	0	0	0	0	0.0909090909090909
M32	MMP2	11	9143:9153	381.567085622059	1.08736230009058	0.119993027278199	0.630500673052433	1	0	0	0	0	0.0909090909090909
M32	VEGFA	11	9143:9153	381.567085622059	1.08736230009058	0.119993027278199	0.630500673052433	1	0	0	0	0	0.0909090909090909
M32	NTRK3	11	9143:9153	381.567085622059	1.08736230009058	0.119993027278199	0.630500673052433	1	0	0	0	0	0.0909090909090909
M32	SCD5	11	9143:9153	381.567085622059	1.08736230009058	0.119993027278199	0.630500673052433	1	0	0	0	0	0.0909090909090909
M32	NID1	11	9143:9153	381.567085622059	1.08736230009058	0.119993027278199	0.630500673052433	1	0	0	0	0	0.0909090909090909
M6	RPL5	19	9154:9172	1309.70436452643	0.601421996406141	0.2144468250319	0.486506587439455	0.684210526315789	0	0	0.315789473684211	0	0
M6	RPL4	19	9154:9172	1309.70436452643	0.601421996406141	0.2144468250319	0.486506587439455	0.684210526315789	0	0	0.315789473684211	0	0
M6	RPL38	19	9154:9172	1309.70436452643	0.601421996406141	0.2144468250319	0.486506587439455	0.684210526315789	0	0	0.315789473684211	0	0
M6	RP11-234A1.1	19	9154:9172	1309.70436452643	0.601421996406141	0.2144468250319	0.486506587439455	0.684210526315789	0	0	0.315789473684211	0	0
M6	RPL9	19	9154:9172	1309.70436452643	0.601421996406141	0.2144468250319	0.486506587439455	0.684210526315789	0	0	0.315789473684211	0	0
M6	RPL9P9	19	9154:9172	1309.70436452643	0.601421996406141	0.2144468250319	0.486506587439455	0.684210526315789	0	0	0.315789473684211	0	0
M6	RPS23P8	19	9154:9172	1309.70436452643	0.601421996406141	0.2144468250319	0.486506587439455	0.684210526315789	0	0	0.315789473684211	0	0
M6	HNRNPA1	19	9154:9172	1309.70436452643	0.601421996406141	0.2144468250319	0.486506587439455	0.684210526315789	0	0	0.315789473684211	0	0
M6	RPS18	19	9154:9172	1309.70436452643	0.601421996406141	0.2144468250319	0.486506587439455	0.684210526315789	0	0	0.315789473684211	0	0
M6	RPL3	19	9154:9172	1309.70436452643	0.601421996406141	0.2144468250319	0.486506587439455	0.684210526315789	0	0	0.315789473684211	0	0
M6	RPL26	19	9154:9172	1309.70436452643	0.601421996406141	0.2144468250319	0.486506587439455	0.684210526315789	0	0	0.315789473684211	0	0
M6	RPL3P4	19	9154:9172	1309.70436452643	0.601421996406141	0.2144468250319	0.486506587439455	0.684210526315789	0	0	0.315789473684211	0	0
M6	HNRNPA1P48	19	9154:9172	1309.70436452643	0.601421996406141	0.2144468250319	0.486506587439455	0.684210526315789	0	0	0.315789473684211	0	0
M6	RPS8	19	9154:9172	1309.70436452643	0.601421996406141	0.2144468250319	0.486506587439455	0.684210526315789	0	0	0.315789473684211	0	0
M6	TPT1	19	9154:9172	1309.70436452643	0.601421996406141	0.2144468250319	0.486506587439455	0.684210526315789	0	0	0.315789473684211	0	0
M6	RP11-466H18.1	19	9154:9172	1309.70436452643	0.601421996406141	0.2144468250319	0.486506587439455	0.684210526315789	0	0	0.315789473684211	0	0
M6	RPS6	19	9154:9172	1309.70436452643	0.601421996406141	0.2144468250319	0.486506587439455	0.684210526315789	0	0	0.315789473684211	0	0
M6	RPS23	19	9154:9172	1309.70436452643	0.601421996406141	0.2144468250319	0.486506587439455	0.684210526315789	0	0	0.315789473684211	0	0
M6	RPS29	19	9154:9172	1309.70436452643	0.601421996406141	0.2144468250319	0.486506587439455	0.684210526315789	0	0	0.315789473684211	0	0
M10	CTD-2287O16.1	17	9173:9189	721.637489321998	0.871942083653209	0.16121537898695	0.584145194527405	0.882352941176471	0	0	0.117647058823529	0	0
M10	RPL14P1	17	9173:9189	721.637489321998	0.871942083653209	0.16121537898695	0.584145194527405	0.882352941176471	0	0	0.117647058823529	0	0
M10	TOMM7	17	9173:9189	721.637489321998	0.871942083653209	0.16121537898695	0.584145194527405	0.882352941176471	0	0	0.117647058823529	0	0
M10	RPS25	17	9173:9189	721.637489321998	0.871942083653209	0.16121537898695	0.584145194527405	0.882352941176471	0	0	0.117647058823529	0	0
M10	RPL27	17	9173:9189	721.637489321998	0.871942083653209	0.16121537898695	0.584145194527405	0.882352941176471	0	0	0.117647058823529	0	0
M10	UQCRB	17	9173:9189	721.637489321998	0.871942083653209	0.16121537898695	0.584145194527405	0.882352941176471	0	0	0.117647058823529	0	0
M10	RPS24	17	9173:9189	721.637489321998	0.871942083653209	0.16121537898695	0.584145194527405	0.882352941176471	0	0	0.117647058823529	0	0
M10	CD164	17	9173:9189	721.637489321998	0.871942083653209	0.16121537898695	0.584145194527405	0.882352941176471	0	0	0.117647058823529	0	0
M10	RPS20	17	9173:9189	721.637489321998	0.871942083653209	0.16121537898695	0.584145194527405	0.882352941176471	0	0	0.117647058823529	0	0
M10	RPL32	17	9173:9189	721.637489321998	0.871942083653209	0.16121537898695	0.584145194527405	0.882352941176471	0	0	0.117647058823529	0	0
M10	RPL37A	17	9173:9189	721.637489321998	0.871942083653209	0.16121537898695	0.584145194527405	0.882352941176471	0	0	0.117647058823529	0	0
M10	RPS27A	17	9173:9189	721.637489321998	0.871942083653209	0.16121537898695	0.584145194527405	0.882352941176471	0	0	0.117647058823529	0	0
M10	RPL14	17	9173:9189	721.637489321998	0.871942083653209	0.16121537898695	0.584145194527405	0.882352941176471	0	0	0.117647058823529	0	0
M10	RPL23	17	9173:9189	721.637489321998	0.871942083653209	0.16121537898695	0.584145194527405	0.882352941176471	0	0	0.117647058823529	0	0
M10	NAP1L1	17	9173:9189	721.637489321998	0.871942083653209	0.16121537898695	0.584145194527405	0.882352941176471	0	0	0.117647058823529	0	0
M10	RPL31	17	9173:9189	721.637489321998	0.871942083653209	0.16121537898695	0.584145194527405	0.882352941176471	0	0	0.117647058823529	0	0
M10	RPL36	17	9173:9189	721.637489321998	0.871942083653209	0.16121537898695	0.584145194527405	0.882352941176471	0	0	0.117647058823529	0	0
M44	AC144530.1	10	9190:9199	121.703170962803	1.58857146707799	0.121815303880716	0.92349437626614	0.2	0	0	0.8	0	0
M44	RPL17P36	10	9190:9199	121.703170962803	1.58857146707799	0.121815303880716	0.92349437626614	0.2	0	0	0.8	0	0
M44	RP11-592N21.1	10	9190:9199	121.703170962803	1.58857146707799	0.121815303880716	0.92349437626614	0.2	0	0	0.8	0	0
M44	EEF1B2	10	9190:9199	121.703170962803	1.58857146707799	0.121815303880716	0.92349437626614	0.2	0	0	0.8	0	0
M44	RP4-706A16.3	10	9190:9199	121.703170962803	1.58857146707799	0.121815303880716	0.92349437626614	0.2	0	0	0.8	0	0
M44	RP11-20O24.4	10	9190:9199	121.703170962803	1.58857146707799	0.121815303880716	0.92349437626614	0.2	0	0	0.8	0	0
M44	EEF1B2P3	10	9190:9199	121.703170962803	1.58857146707799	0.121815303880716	0.92349437626614	0.2	0	0	0.8	0	0
M44	RPS5	10	9190:9199	121.703170962803	1.58857146707799	0.121815303880716	0.92349437626614	0.2	0	0	0.8	0	0
M44	EEF1B2P6	10	9190:9199	121.703170962803	1.58857146707799	0.121815303880716	0.92349437626614	0.2	0	0	0.8	0	0
M44	RP11-864N7.2	10	9190:9199	121.703170962803	1.58857146707799	0.121815303880716	0.92349437626614	0.2	0	0	0.8	0	0
M23	ADM	12	9200:9211	895.00726781071	1.62593822006102	0.149182050022124	0.375150390194138	1	0	0	0	0	0.25
M23	SNAI1	12	9200:9211	895.00726781071	1.62593822006102	0.149182050022124	0.375150390194138	1	0	0	0	0	0.25
M23	TCP1	12	9200:9211	895.00726781071	1.62593822006102	0.149182050022124	0.375150390194138	1	0	0	0	0	0.25
M23	ID2	12	9200:9211	895.00726781071	1.62593822006102	0.149182050022124	0.375150390194138	1	0	0	0	0	0.25
M23	UBB	12	9200:9211	895.00726781071	1.62593822006102	0.149182050022124	0.375150390194138	1	0	0	0	0	0.25
M23	DYNLL1	12	9200:9211	895.00726781071	1.62593822006102	0.149182050022124	0.375150390194138	1	0	0	0	0	0.25
M23	CLK1	12	9200:9211	895.00726781071	1.62593822006102	0.149182050022124	0.375150390194138	1	0	0	0	0	0.25
M23	UBC	12	9200:9211	895.00726781071	1.62593822006102	0.149182050022124	0.375150390194138	1	0	0	0	0	0.25
M23	ID3	12	9200:9211	895.00726781071	1.62593822006102	0.149182050022124	0.375150390194138	1	0	0	0	0	0.25
M23	H2AFZ	12	9200:9211	895.00726781071	1.62593822006102	0.149182050022124	0.375150390194138	1	0	0	0	0	0.25
M23	SAT1	12	9200:9211	895.00726781071	1.62593822006102	0.149182050022124	0.375150390194138	1	0	0	0	0	0.25
M23	H3F3B	12	9200:9211	895.00726781071	1.62593822006102	0.149182050022124	0.375150390194138	1	0	0	0	0	0.25
M45	ARL6IP1	10	9212:9221	181.045522940387	1.35812592488098	0.12868947611064	0.310744857748025	1	0	0	0	0	0.3
M45	MYLIP	10	9212:9221	181.045522940387	1.35812592488098	0.12868947611064	0.310744857748025	1	0	0	0	0	0.3
M45	ZFP36L1	10	9212:9221	181.045522940387	1.35812592488098	0.12868947611064	0.310744857748025	1	0	0	0	0	0.3
M45	RGS2	10	9212:9221	181.045522940387	1.35812592488098	0.12868947611064	0.310744857748025	1	0	0	0	0	0.3
M45	SLC38A2	10	9212:9221	181.045522940387	1.35812592488098	0.12868947611064	0.310744857748025	1	0	0	0	0	0.3
M45	ARRDC3	10	9212:9221	181.045522940387	1.35812592488098	0.12868947611064	0.310744857748025	1	0	0	0	0	0.3
M45	PNRC1	10	9212:9221	181.045522940387	1.35812592488098	0.12868947611064	0.310744857748025	1	0	0	0	0	0.3
M45	DNAJB4	10	9212:9221	181.045522940387	1.35812592488098	0.12868947611064	0.310744857748025	1	0	0	0	0	0.3
M45	MAFB	10	9212:9221	181.045522940387	1.35812592488098	0.12868947611064	0.310744857748025	1	0	0	0	0	0.3
M45	TSC22D1	10	9212:9221	181.045522940387	1.35812592488098	0.12868947611064	0.310744857748025	1	0	0	0	0	0.3
M24	HERPUD1	12	9222:9233	361.891289542358	1.76706118667762	0.226499238316821	0.409917899930678	0.833333333333333	0.0833333333333333	0	0.0833333333333333	0	0.166666666666667
M24	EGR2	12	9222:9233	361.891289542358	1.76706118667762	0.226499238316821	0.409917899930678	0.833333333333333	0.0833333333333333	0	0.0833333333333333	0	0.166666666666667
M24	JUND	12	9222:9233	361.891289542358	1.76706118667762	0.226499238316821	0.409917899930678	0.833333333333333	0.0833333333333333	0	0.0833333333333333	0	0.166666666666667
M24	DNAJB1	12	9222:9233	361.891289542358	1.76706118667762	0.226499238316821	0.409917899930678	0.833333333333333	0.0833333333333333	0	0.0833333333333333	0	0.166666666666667
M24	HSPD1	12	9222:9233	361.891289542358	1.76706118667762	0.226499238316821	0.409917899930678	0.833333333333333	0.0833333333333333	0	0.0833333333333333	0	0.166666666666667
M24	CTD-3252C9.4	12	9222:9233	361.891289542358	1.76706118667762	0.226499238316821	0.409917899930678	0.833333333333333	0.0833333333333333	0	0.0833333333333333	0	0.166666666666667
M24	HSP90AA2P	12	9222:9233	361.891289542358	1.76706118667762	0.226499238316821	0.409917899930678	0.833333333333333	0.0833333333333333	0	0.0833333333333333	0	0.166666666666667
M24	HSPE1	12	9222:9233	361.891289542358	1.76706118667762	0.226499238316821	0.409917899930678	0.833333333333333	0.0833333333333333	0	0.0833333333333333	0	0.166666666666667
M24	HSPH1	12	9222:9233	361.891289542358	1.76706118667762	0.226499238316821	0.409917899930678	0.833333333333333	0.0833333333333333	0	0.0833333333333333	0	0.166666666666667
M24	HSPA1B	12	9222:9233	361.891289542358	1.76706118667762	0.226499238316821	0.409917899930678	0.833333333333333	0.0833333333333333	0	0.0833333333333333	0	0.166666666666667
M24	HSP90AA1	12	9222:9233	361.891289542358	1.76706118667762	0.226499238316821	0.409917899930678	0.833333333333333	0.0833333333333333	0	0.0833333333333333	0	0.166666666666667
M24	HSPA1A	12	9222:9233	361.891289542358	1.76706118667762	0.226499238316821	0.409917899930678	0.833333333333333	0.0833333333333333	0	0.0833333333333333	0	0.166666666666667
M1	JUNB	65	9234:9298	421.448164443426	1.88735816802017	0.179390509404078	0.5434340000073	1	0	0	0	0	0.246153846153846
M1	ZFAND5	65	9234:9298	421.448164443426	1.88735816802017	0.179390509404078	0.5434340000073	1	0	0	0	0	0.246153846153846
M1	CDKN2AIP	65	9234:9298	421.448164443426	1.88735816802017	0.179390509404078	0.5434340000073	1	0	0	0	0	0.246153846153846
M1	SAP18	65	9234:9298	421.448164443426	1.88735816802017	0.179390509404078	0.5434340000073	1	0	0	0	0	0.246153846153846
M1	PHLDA1	65	9234:9298	421.448164443426	1.88735816802017	0.179390509404078	0.5434340000073	1	0	0	0	0	0.246153846153846
M1	PTP4A1	65	9234:9298	421.448164443426	1.88735816802017	0.179390509404078	0.5434340000073	1	0	0	0	0	0.246153846153846
M1	C6orf62	65	9234:9298	421.448164443426	1.88735816802017	0.179390509404078	0.5434340000073	1	0	0	0	0	0.246153846153846
M1	CALM1	65	9234:9298	421.448164443426	1.88735816802017	0.179390509404078	0.5434340000073	1	0	0	0	0	0.246153846153846
M1	CHORDC1	65	9234:9298	421.448164443426	1.88735816802017	0.179390509404078	0.5434340000073	1	0	0	0	0	0.246153846153846
M1	CHMP1B	65	9234:9298	421.448164443426	1.88735816802017	0.179390509404078	0.5434340000073	1	0	0	0	0	0.246153846153846
M1	ZNF844	65	9234:9298	421.448164443426	1.88735816802017	0.179390509404078	0.5434340000073	1	0	0	0	0	0.246153846153846
M1	SPTY2D1	65	9234:9298	421.448164443426	1.88735816802017	0.179390509404078	0.5434340000073	1	0	0	0	0	0.246153846153846
M1	KLHL15	65	9234:9298	421.448164443426	1.88735816802017	0.179390509404078	0.5434340000073	1	0	0	0	0	0.246153846153846
M1	TIPARP	65	9234:9298	421.448164443426	1.88735816802017	0.179390509404078	0.5434340000073	1	0	0	0	0	0.246153846153846
M1	CCNL1	65	9234:9298	421.448164443426	1.88735816802017	0.179390509404078	0.5434340000073	1	0	0	0	0	0.246153846153846
M1	IRF1	65	9234:9298	421.448164443426	1.88735816802017	0.179390509404078	0.5434340000073	1	0	0	0	0	0.246153846153846
M1	NFKBIZ	65	9234:9298	421.448164443426	1.88735816802017	0.179390509404078	0.5434340000073	1	0	0	0	0	0.246153846153846
M1	ODC1	65	9234:9298	421.448164443426	1.88735816802017	0.179390509404078	0.5434340000073	1	0	0	0	0	0.246153846153846
M1	BUD31	65	9234:9298	421.448164443426	1.88735816802017	0.179390509404078	0.5434340000073	1	0	0	0	0	0.246153846153846
M1	GADD45B	65	9234:9298	421.448164443426	1.88735816802017	0.179390509404078	0.5434340000073	1	0	0	0	0	0.246153846153846
M1	DNAJA1	65	9234:9298	421.448164443426	1.88735816802017	0.179390509404078	0.5434340000073	1	0	0	0	0	0.246153846153846
M1	ATF4	65	9234:9298	421.448164443426	1.88735816802017	0.179390509404078	0.5434340000073	1	0	0	0	0	0.246153846153846
M1	ATF3	65	9234:9298	421.448164443426	1.88735816802017	0.179390509404078	0.5434340000073	1	0	0	0	0	0.246153846153846
M1	CDKN1A	65	9234:9298	421.448164443426	1.88735816802017	0.179390509404078	0.5434340000073	1	0	0	0	0	0.246153846153846
M1	IER3	65	9234:9298	421.448164443426	1.88735816802017	0.179390509404078	0.5434340000073	1	0	0	0	0	0.246153846153846
M1	XBP1	65	9234:9298	421.448164443426	1.88735816802017	0.179390509404078	0.5434340000073	1	0	0	0	0	0.246153846153846
M1	CYR61	65	9234:9298	421.448164443426	1.88735816802017	0.179390509404078	0.5434340000073	1	0	0	0	0	0.246153846153846
M1	ZBTB11	65	9234:9298	421.448164443426	1.88735816802017	0.179390509404078	0.5434340000073	1	0	0	0	0	0.246153846153846
M1	EIF4A2	65	9234:9298	421.448164443426	1.88735816802017	0.179390509404078	0.5434340000073	1	0	0	0	0	0.246153846153846
M1	HSP90AB1	65	9234:9298	421.448164443426	1.88735816802017	0.179390509404078	0.5434340000073	1	0	0	0	0	0.246153846153846
M1	DUSP1	65	9234:9298	421.448164443426	1.88735816802017	0.179390509404078	0.5434340000073	1	0	0	0	0	0.246153846153846
M1	IER2	65	9234:9298	421.448164443426	1.88735816802017	0.179390509404078	0.5434340000073	1	0	0	0	0	0.246153846153846
M1	KLF4	65	9234:9298	421.448164443426	1.88735816802017	0.179390509404078	0.5434340000073	1	0	0	0	0	0.246153846153846
M1	JUN	65	9234:9298	421.448164443426	1.88735816802017	0.179390509404078	0.5434340000073	1	0	0	0	0	0.246153846153846
M1	EGR1	65	9234:9298	421.448164443426	1.88735816802017	0.179390509404078	0.5434340000073	1	0	0	0	0	0.246153846153846
M1	FOS	65	9234:9298	421.448164443426	1.88735816802017	0.179390509404078	0.5434340000073	1	0	0	0	0	0.246153846153846
M1	FOSB	65	9234:9298	421.448164443426	1.88735816802017	0.179390509404078	0.5434340000073	1	0	0	0	0	0.246153846153846
M1	PPP1R15A	65	9234:9298	421.448164443426	1.88735816802017	0.179390509404078	0.5434340000073	1	0	0	0	0	0.246153846153846
M1	BTG2	65	9234:9298	421.448164443426	1.88735816802017	0.179390509404078	0.5434340000073	1	0	0	0	0	0.246153846153846
M1	EIF4A3	65	9234:9298	421.448164443426	1.88735816802017	0.179390509404078	0.5434340000073	1	0	0	0	0	0.246153846153846
M1	DDX3X	65	9234:9298	421.448164443426	1.88735816802017	0.179390509404078	0.5434340000073	1	0	0	0	0	0.246153846153846
M1	IER5	65	9234:9298	421.448164443426	1.88735816802017	0.179390509404078	0.5434340000073	1	0	0	0	0	0.246153846153846
M1	RHOB	65	9234:9298	421.448164443426	1.88735816802017	0.179390509404078	0.5434340000073	1	0	0	0	0	0.246153846153846
M1	EIF1	65	9234:9298	421.448164443426	1.88735816802017	0.179390509404078	0.5434340000073	1	0	0	0	0	0.246153846153846
M1	DUSP5	65	9234:9298	421.448164443426	1.88735816802017	0.179390509404078	0.5434340000073	1	0	0	0	0	0.246153846153846
M1	TUBB4B	65	9234:9298	421.448164443426	1.88735816802017	0.179390509404078	0.5434340000073	1	0	0	0	0	0.246153846153846
M1	MORF4L2	65	9234:9298	421.448164443426	1.88735816802017	0.179390509404078	0.5434340000073	1	0	0	0	0	0.246153846153846
M1	DNAJB9	65	9234:9298	421.448164443426	1.88735816802017	0.179390509404078	0.5434340000073	1	0	0	0	0	0.246153846153846
M1	LMNA	65	9234:9298	421.448164443426	1.88735816802017	0.179390509404078	0.5434340000073	1	0	0	0	0	0.246153846153846
M1	CEBPD	65	9234:9298	421.448164443426	1.88735816802017	0.179390509404078	0.5434340000073	1	0	0	0	0	0.246153846153846
M1	GADD45A	65	9234:9298	421.448164443426	1.88735816802017	0.179390509404078	0.5434340000073	1	0	0	0	0	0.246153846153846
M1	HSPA5	65	9234:9298	421.448164443426	1.88735816802017	0.179390509404078	0.5434340000073	1	0	0	0	0	0.246153846153846
M1	PLK2	65	9234:9298	421.448164443426	1.88735816802017	0.179390509404078	0.5434340000073	1	0	0	0	0	0.246153846153846
M1	IFRD1	65	9234:9298	421.448164443426	1.88735816802017	0.179390509404078	0.5434340000073	1	0	0	0	0	0.246153846153846
M1	MCL1	65	9234:9298	421.448164443426	1.88735816802017	0.179390509404078	0.5434340000073	1	0	0	0	0	0.246153846153846
M1	SOCS3	65	9234:9298	421.448164443426	1.88735816802017	0.179390509404078	0.5434340000073	1	0	0	0	0	0.246153846153846
M1	ZFP36	65	9234:9298	421.448164443426	1.88735816802017	0.179390509404078	0.5434340000073	1	0	0	0	0	0.246153846153846
M1	ING1	65	9234:9298	421.448164443426	1.88735816802017	0.179390509404078	0.5434340000073	1	0	0	0	0	0.246153846153846
M1	SRSF3	65	9234:9298	421.448164443426	1.88735816802017	0.179390509404078	0.5434340000073	1	0	0	0	0	0.246153846153846
M1	NFKBIA	65	9234:9298	421.448164443426	1.88735816802017	0.179390509404078	0.5434340000073	1	0	0	0	0	0.246153846153846
M1	EGR3	65	9234:9298	421.448164443426	1.88735816802017	0.179390509404078	0.5434340000073	1	0	0	0	0	0.246153846153846
M1	SERTAD1	65	9234:9298	421.448164443426	1.88735816802017	0.179390509404078	0.5434340000073	1	0	0	0	0	0.246153846153846
M1	KLF10	65	9234:9298	421.448164443426	1.88735816802017	0.179390509404078	0.5434340000073	1	0	0	0	0	0.246153846153846
M1	CSRNP1	65	9234:9298	421.448164443426	1.88735816802017	0.179390509404078	0.5434340000073	1	0	0	0	0	0.246153846153846
M1	TOB1	65	9234:9298	421.448164443426	1.88735816802017	0.179390509404078	0.5434340000073	1	0	0	0	0	0.246153846153846
M3	FUS	21	9299:9319	199.720280005531	1.97323084839552	0.115413775995026	0.373492231967046	0.80952380952381	0.142857142857143	0	0.0476190476190476	0	0.0476190476190476
M3	RSRP1	21	9299:9319	199.720280005531	1.97323084839552	0.115413775995026	0.373492231967046	0.80952380952381	0.142857142857143	0	0.0476190476190476	0	0.0476190476190476
M3	TRA2B	21	9299:9319	199.720280005531	1.97323084839552	0.115413775995026	0.373492231967046	0.80952380952381	0.142857142857143	0	0.0476190476190476	0	0.0476190476190476
M3	SRSF7	21	9299:9319	199.720280005531	1.97323084839552	0.115413775995026	0.373492231967046	0.80952380952381	0.142857142857143	0	0.0476190476190476	0	0.0476190476190476
M3	DDX5	21	9299:9319	199.720280005531	1.97323084839552	0.115413775995026	0.373492231967046	0.80952380952381	0.142857142857143	0	0.0476190476190476	0	0.0476190476190476
M3	NABP1	21	9299:9319	199.720280005531	1.97323084839552	0.115413775995026	0.373492231967046	0.80952380952381	0.142857142857143	0	0.0476190476190476	0	0.0476190476190476
M3	INTS6	21	9299:9319	199.720280005531	1.97323084839552	0.115413775995026	0.373492231967046	0.80952380952381	0.142857142857143	0	0.0476190476190476	0	0.0476190476190476
M3	LSMEM1	21	9299:9319	199.720280005531	1.97323084839552	0.115413775995026	0.373492231967046	0.80952380952381	0.142857142857143	0	0.0476190476190476	0	0.0476190476190476
M3	MZF1-AS1	21	9299:9319	199.720280005531	1.97323084839552	0.115413775995026	0.373492231967046	0.80952380952381	0.142857142857143	0	0.0476190476190476	0	0.0476190476190476
M3	RPL7P19	21	9299:9319	199.720280005531	1.97323084839552	0.115413775995026	0.373492231967046	0.80952380952381	0.142857142857143	0	0.0476190476190476	0	0.0476190476190476
M3	IVNS1ABP	21	9299:9319	199.720280005531	1.97323084839552	0.115413775995026	0.373492231967046	0.80952380952381	0.142857142857143	0	0.0476190476190476	0	0.0476190476190476
M3	POLG2	21	9299:9319	199.720280005531	1.97323084839552	0.115413775995026	0.373492231967046	0.80952380952381	0.142857142857143	0	0.0476190476190476	0	0.0476190476190476
M3	SNHG1	21	9299:9319	199.720280005531	1.97323084839552	0.115413775995026	0.373492231967046	0.80952380952381	0.142857142857143	0	0.0476190476190476	0	0.0476190476190476
M3	FAM53C	21	9299:9319	199.720280005531	1.97323084839552	0.115413775995026	0.373492231967046	0.80952380952381	0.142857142857143	0	0.0476190476190476	0	0.0476190476190476
M3	MYADM	21	9299:9319	199.720280005531	1.97323084839552	0.115413775995026	0.373492231967046	0.80952380952381	0.142857142857143	0	0.0476190476190476	0	0.0476190476190476
M3	BRD2	21	9299:9319	199.720280005531	1.97323084839552	0.115413775995026	0.373492231967046	0.80952380952381	0.142857142857143	0	0.0476190476190476	0	0.0476190476190476
M3	UBE2S	21	9299:9319	199.720280005531	1.97323084839552	0.115413775995026	0.373492231967046	0.80952380952381	0.142857142857143	0	0.0476190476190476	0	0.0476190476190476
M3	MAFF	21	9299:9319	199.720280005531	1.97323084839552	0.115413775995026	0.373492231967046	0.80952380952381	0.142857142857143	0	0.0476190476190476	0	0.0476190476190476
M3	SNHG12	21	9299:9319	199.720280005531	1.97323084839552	0.115413775995026	0.373492231967046	0.80952380952381	0.142857142857143	0	0.0476190476190476	0	0.0476190476190476
M3	HEXIM1	21	9299:9319	199.720280005531	1.97323084839552	0.115413775995026	0.373492231967046	0.80952380952381	0.142857142857143	0	0.0476190476190476	0	0.0476190476190476
M3	ADAMTS1	21	9299:9319	199.720280005531	1.97323084839552	0.115413775995026	0.373492231967046	0.80952380952381	0.142857142857143	0	0.0476190476190476	0	0.0476190476190476
M33	COL9A1	11	9320:9330	312.702362504126	1.79833701320532	0.102318485374732	0.613388372348845	0.909090909090909	0	0	0.0909090909090909	0	0.0909090909090909
M33	TMEM176A	11	9320:9330	312.702362504126	1.79833701320532	0.102318485374732	0.613388372348845	0.909090909090909	0	0	0.0909090909090909	0	0.0909090909090909
M33	COL4A1	11	9320:9330	312.702362504126	1.79833701320532	0.102318485374732	0.613388372348845	0.909090909090909	0	0	0.0909090909090909	0	0.0909090909090909
M33	DACH2	11	9320:9330	312.702362504126	1.79833701320532	0.102318485374732	0.613388372348845	0.909090909090909	0	0	0.0909090909090909	0	0.0909090909090909
M33	TMEM176B	11	9320:9330	312.702362504126	1.79833701320532	0.102318485374732	0.613388372348845	0.909090909090909	0	0	0.0909090909090909	0	0.0909090909090909
M33	LAMA4	11	9320:9330	312.702362504126	1.79833701320532	0.102318485374732	0.613388372348845	0.909090909090909	0	0	0.0909090909090909	0	0.0909090909090909
M33	CH17-472G23.4	11	9320:9330	312.702362504126	1.79833701320532	0.102318485374732	0.613388372348845	0.909090909090909	0	0	0.0909090909090909	0	0.0909090909090909
M33	PDE4DIP	11	9320:9330	312.702362504126	1.79833701320532	0.102318485374732	0.613388372348845	0.909090909090909	0	0	0.0909090909090909	0	0.0909090909090909
M33	LAMC1	11	9320:9330	312.702362504126	1.79833701320532	0.102318485374732	0.613388372348845	0.909090909090909	0	0	0.0909090909090909	0	0.0909090909090909
M33	MMP1	11	9320:9330	312.702362504126	1.79833701320532	0.102318485374732	0.613388372348845	0.909090909090909	0	0	0.0909090909090909	0	0.0909090909090909
M33	CSMD3	11	9320:9330	312.702362504126	1.79833701320532	0.102318485374732	0.613388372348845	0.909090909090909	0	0	0.0909090909090909	0	0.0909090909090909
M4	ENC1	21	9331:9351	288.248121427931	1.6567627376708	0.116576546137403	0.480422582400088	0.952380952380952	0.0476190476190476	0	0	0	0.0952380952380952
M4	FENDRR	21	9331:9351	288.248121427931	1.6567627376708	0.116576546137403	0.480422582400088	0.952380952380952	0.0476190476190476	0	0	0	0.0952380952380952
M4	EDAR	21	9331:9351	288.248121427931	1.6567627376708	0.116576546137403	0.480422582400088	0.952380952380952	0.0476190476190476	0	0	0	0.0952380952380952
M4	MMP10	21	9331:9351	288.248121427931	1.6567627376708	0.116576546137403	0.480422582400088	0.952380952380952	0.0476190476190476	0	0	0	0.0952380952380952
M4	CDH13	21	9331:9351	288.248121427931	1.6567627376708	0.116576546137403	0.480422582400088	0.952380952380952	0.0476190476190476	0	0	0	0.0952380952380952
M4	ALS2CL	21	9331:9351	288.248121427931	1.6567627376708	0.116576546137403	0.480422582400088	0.952380952380952	0.0476190476190476	0	0	0	0.0952380952380952
M4	THSD4	21	9331:9351	288.248121427931	1.6567627376708	0.116576546137403	0.480422582400088	0.952380952380952	0.0476190476190476	0	0	0	0.0952380952380952
M4	ZEB1	21	9331:9351	288.248121427931	1.6567627376708	0.116576546137403	0.480422582400088	0.952380952380952	0.0476190476190476	0	0	0	0.0952380952380952
M4	DDHD1	21	9331:9351	288.248121427931	1.6567627376708	0.116576546137403	0.480422582400088	0.952380952380952	0.0476190476190476	0	0	0	0.0952380952380952
M4	VSTM4	21	9331:9351	288.248121427931	1.6567627376708	0.116576546137403	0.480422582400088	0.952380952380952	0.0476190476190476	0	0	0	0.0952380952380952
M4	SLC26A2	21	9331:9351	288.248121427931	1.6567627376708	0.116576546137403	0.480422582400088	0.952380952380952	0.0476190476190476	0	0	0	0.0952380952380952
M4	PTCH1	21	9331:9351	288.248121427931	1.6567627376708	0.116576546137403	0.480422582400088	0.952380952380952	0.0476190476190476	0	0	0	0.0952380952380952
M4	ATP2B4	21	9331:9351	288.248121427931	1.6567627376708	0.116576546137403	0.480422582400088	0.952380952380952	0.0476190476190476	0	0	0	0.0952380952380952
M4	PDPN	21	9331:9351	288.248121427931	1.6567627376708	0.116576546137403	0.480422582400088	0.952380952380952	0.0476190476190476	0	0	0	0.0952380952380952
M4	VNN2	21	9331:9351	288.248121427931	1.6567627376708	0.116576546137403	0.480422582400088	0.952380952380952	0.0476190476190476	0	0	0	0.0952380952380952
M4	NSG1	21	9331:9351	288.248121427931	1.6567627376708	0.116576546137403	0.480422582400088	0.952380952380952	0.0476190476190476	0	0	0	0.0952380952380952
M4	OLFM1	21	9331:9351	288.248121427931	1.6567627376708	0.116576546137403	0.480422582400088	0.952380952380952	0.0476190476190476	0	0	0	0.0952380952380952
M4	SYNPO2	21	9331:9351	288.248121427931	1.6567627376708	0.116576546137403	0.480422582400088	0.952380952380952	0.0476190476190476	0	0	0	0.0952380952380952
M4	F2R	21	9331:9351	288.248121427931	1.6567627376708	0.116576546137403	0.480422582400088	0.952380952380952	0.0476190476190476	0	0	0	0.0952380952380952
M4	PPARGC1B	21	9331:9351	288.248121427931	1.6567627376708	0.116576546137403	0.480422582400088	0.952380952380952	0.0476190476190476	0	0	0	0.0952380952380952
M4	FOXL1	21	9331:9351	288.248121427931	1.6567627376708	0.116576546137403	0.480422582400088	0.952380952380952	0.0476190476190476	0	0	0	0.0952380952380952
M13	EMP2	15	9352:9366	255.945403529463	1.43687002082906	0.0832469572580295	0.404191266498864	0.933333333333333	0.0666666666666667	0	0	0	0.0666666666666667
M13	ALDH2	15	9352:9366	255.945403529463	1.43687002082906	0.0832469572580295	0.404191266498864	0.933333333333333	0.0666666666666667	0	0	0	0.0666666666666667
M13	NELL1	15	9352:9366	255.945403529463	1.43687002082906	0.0832469572580295	0.404191266498864	0.933333333333333	0.0666666666666667	0	0	0	0.0666666666666667
M13	A2M	15	9352:9366	255.945403529463	1.43687002082906	0.0832469572580295	0.404191266498864	0.933333333333333	0.0666666666666667	0	0	0	0.0666666666666667
M13	SEMA3A	15	9352:9366	255.945403529463	1.43687002082906	0.0832469572580295	0.404191266498864	0.933333333333333	0.0666666666666667	0	0	0	0.0666666666666667
M13	PCDH17	15	9352:9366	255.945403529463	1.43687002082906	0.0832469572580295	0.404191266498864	0.933333333333333	0.0666666666666667	0	0	0	0.0666666666666667
M13	AC003090.1	15	9352:9366	255.945403529463	1.43687002082906	0.0832469572580295	0.404191266498864	0.933333333333333	0.0666666666666667	0	0	0	0.0666666666666667
M13	TBX3	15	9352:9366	255.945403529463	1.43687002082906	0.0832469572580295	0.404191266498864	0.933333333333333	0.0666666666666667	0	0	0	0.0666666666666667
M13	PXDN	15	9352:9366	255.945403529463	1.43687002082906	0.0832469572580295	0.404191266498864	0.933333333333333	0.0666666666666667	0	0	0	0.0666666666666667
M13	SLC18B1	15	9352:9366	255.945403529463	1.43687002082906	0.0832469572580295	0.404191266498864	0.933333333333333	0.0666666666666667	0	0	0	0.0666666666666667
M13	AKAP12	15	9352:9366	255.945403529463	1.43687002082906	0.0832469572580295	0.404191266498864	0.933333333333333	0.0666666666666667	0	0	0	0.0666666666666667
M13	CRISPLD2	15	9352:9366	255.945403529463	1.43687002082906	0.0832469572580295	0.404191266498864	0.933333333333333	0.0666666666666667	0	0	0	0.0666666666666667
M13	HIPK2	15	9352:9366	255.945403529463	1.43687002082906	0.0832469572580295	0.404191266498864	0.933333333333333	0.0666666666666667	0	0	0	0.0666666666666667
M13	KREMEN1	15	9352:9366	255.945403529463	1.43687002082906	0.0832469572580295	0.404191266498864	0.933333333333333	0.0666666666666667	0	0	0	0.0666666666666667
M13	COL27A1	15	9352:9366	255.945403529463	1.43687002082906	0.0832469572580295	0.404191266498864	0.933333333333333	0.0666666666666667	0	0	0	0.0666666666666667
