human	PD10Mono1cell1	13374008	2722471	262366	117595	10271576	1261053	13173	1247880	33	13431	29.6166
human	PD10Mono1cell2	1901009	872703	10160	430392	587754	72126	26065	46061	31	2672	7.1500
human	PD10Mono1cell3	1779929	990245	7639	304013	478032	62040	19805	42235	40	2722	7.3333
human	PD10Mono1cell4	1452313	934566	15862	169121	332764	38724	10553	28171	26	2064	6.7166
human	PD10Mono1cell5	1570041	698394	6232	368543	496872	61561	23343	38218	32	2003	6.9000
human	PD10Mono1cell6	2561819	1455391	11938	381299	713191	78380	24914	53466	37	2708	8.9500
human	PD10Mono1cell7	4114636	2246653	24163	561748	1282072	123713	32035	91678	36	3378	12.1500
human	PD10Mono1cell8	380408	38203	55	339396	2754	24878	23136	1742	31	819	4.4000
human	PD10Mono1cell9	2701952	1391453	11260	448476	850763	106500	29324	77176	39	5112	9.1500
human	PD10Mono1cell10	1755153	803701	10645	412584	528223	69397	26381	43016	33	2214	7.2666
human	PD10Mono1cell11	1132583	590192	6854	202062	333475	52148	16036	36112	35	2672	5.9500
human	PD10Mono1cell12	526957	328024	2417	61746	134770	20351	5672	14679	27	1590	4.7666
human	PD10Mono1cell13	2356306	1167215	16436	359672	812983	88919	24209	64710	36	3044	8.4666
human	PD10Mono1cell14	3028188	1750982	12731	423184	841291	99424	28458	70966	35	3089	9.9500
human	PD10Mono1cell15	3686253	2062843	15705	390266	1217439	116892	24906	91986	31	3387	11.1666
human	PD10Mono1cell16	2179557	1244603	9632	258641	666681	75141	20130	55011	30	2583	8.1333
human	PD10Mono1cell17	1873894	874424	10097	390580	598793	72014	24925	47089	31	2728	7.4166
human	PD10Mono1cell18	579225	252493	3787	158666	164279	28213	12589	15624	32	1347	4.8500
human	PD10Mono1cell19	1422790	734651	6897	277367	403875	53439	19329	34110	28	1901	6.5666
human	PD10Mono1cell20	1223316	725752	4720	159460	333384	35679	10275	25404	25	1713	6.1666
human	PD10Mono1cell21	1768191	841790	7357	376088	542956	64371	21860	42511	31	2374	7.3166
human	PD10Mono1cell22	777044	497107	3864	91371	184702	31119	9617	21502	31	2370	5.3333
human	PD10Mono1cell23	2333762	1231989	12658	432320	656795	75999	27863	48136	29	2422	8.5666
human	PD10Mono1cell24	2379738	1292949	8888	304211	773690	82031	20920	61111	33	2710	8.5500
human	PD10Mono1cell25	3052064	1440799	14240	450341	1146684	119745	28715	91030	34	3837	9.9333
human	PD10Mono1cell26	2407168	1217529	9776	422757	757106	88263	26458	61805	34	2934	8.6166
human	PD10Mono1cell27	1584205	779759	8824	231795	563827	68798	17878	50920	27	2831	6.8500
human	PD10Mono1cell28	366269	229595	4327	58699	73648	13546	5143	8403	27	1125	4.4166
human	PD10Mono1cell29	2666688	1528266	9512	407517	721393	82761	26842	55919	37	2631	9.1666
human	PD10Mono1cell30	2308040	1319977	11927	322683	653453	83157	23968	59189	33	3266	8.5166
human	PD10Mono1cell31	2911196	1507377	7832	490709	905278	101985	30750	71235	33	3093	9.6500
human	PD10Mono1cell32	2129269	1091421	7019	316306	714523	80845	22176	58669	29	2805	7.9166
human	PD10Mono1cell33	2095620	1162018	8911	320413	604278	90035	28654	61381	32	2818	7.8833
human	PD10Mono1cell34	901960	329861	2736	318671	250692	53487	26168	27319	33	1418	5.4166
human	PD10Mono1cell35	1059612	550255	4176	241971	263210	54303	22784	31519	29	1823	5.8000
human	PD10Mono1cell36	386257	204660	635	110878	70084	18858	9983	8875	26	834	4.3833
human	PD10Mono1cell37	2630071	1363705	10803	331512	924051	120726	30116	90610	29	2659	8.9000
human	PD10Mono1cell38	919933	436941	2953	234276	245763	51677	22959	28718	35	1768	5.5333
human	PD10Mono1cell39	2610445	1472450	10664	413320	714011	107422	35067	72355	32	2707	9.0666
human	PD10Mono1cell40	1450632	620643	16734	293724	519531	88613	28324	60289	34	2598	6.5666
human	PD10Mono1cell41	2542045	1311595	5172	452069	773209	175464	58382	117082	28	3291	8.8166
human	PD10Mono1cell42	2207713	1164287	4739	455879	582808	153989	60424	93565	33	2370	8.1166
human	PD10Mono1cell43	1415687	749434	4391	311596	350266	98734	43125	55609	37	1978	6.4666
human	PD10Mono1cell44	901093	550373	918	171240	178562	50671	20685	29986	28	1532	5.4333
human	PD10Mono1cell45	484251	198337	2310	153615	129989	50786	25699	25087	28	1448	4.5500
human	PD10Mono1cell46	1541566	484847	15393	411247	630079	153340	55179	98161	33	2446	6.7666
human	PD10Mono1cell47	2422454	571205	37066	470876	1343307	259043	56788	202255	34	3796	8.4500
human	PD10Mono1cell48	1762534	883218	6840	334868	537608	133990	47173	86817	30	2312	7.2666
human	PD10Mono1cell49	2542263	1292045	11984	411929	826305	113814	34312	79502	36	3002	8.8333
human	PD10Mono1cell50	1724791	725814	6031	456055	536891	88402	35669	52733	31	2043	7.1333
human	PD10Mono1cell51	1187703	544729	4718	302082	336174	62189	26129	36060	29	1789	6.1000
human	PD10Mono1cell52	577047	305936	1930	145727	123454	23658	11378	12280	24	997	4.7333
human	PD10Mono1cell53	1035478	370511	3071	391836	270060	59040	32223	26817	31	1488	5.7333
human	PD10Mono1cell54	2574195	1402615	8072	401800	761708	110282	33738	76544	30	2948	8.8500
human	PD10Mono1cell55	47077	22035	45	20866	4131	6654	4660	1994	31	818	3.7000
human	PD10Mono1cell56	2068200	1195873	13413	236572	622342	84629	22733	61896	32	2586	7.8500
human	PD10Mono1cell57	1120185	617672	5868	221848	274797	94017	36941	57076	40	2975	5.9333
human	PD10Mono1cell58	1092293	274090	3254	474694	340255	133890	68662	65228	32	1846	5.8000
human	PD10Mono1cell59	1205771	579370	2966	272354	351081	102566	40621	61945	31	2270	6.1000
human	PD10Mono1cell60	1052156	676389	3247	97592	274928	60318	15646	44672	31	1610	5.7666
human	PD10Mono1cell61	1146191	422793	4652	325277	393469	120682	50527	70155	33	1796	5.9833
human	PD10Mono1cell62	2266468	1301299	8189	464680	492300	145167	62577	82590	33	2557	8.4166
human	PD10Mono1cell63	3019393	1648797	9992	473589	887015	193292	61995	131297	38	3018	9.9000
human	PD10Mono1cell64	1677667	999401	9028	241386	427852	114369	38407	75962	31	2452	7.1000
human	PD10Mono1cell65	2195922	1061113	9049	483751	642009	94014	33568	60446	29	3076	8.1000
human	PD10Mono1cell66	1134322	227499	9631	449790	447402	71035	29893	41142	32	1959	5.9166
human	PD10Mono1cell67	1416682	574255	17557	243108	581762	79975	19993	59982	37	2902	6.3833
human	PD10Mono1cell68	21892	14386	15	6177	1314	1774	1291	483	18	255	3.6833
human	PD10Mono1cell69	1024272	451240	2753	359890	210389	46479	26629	19850	32	1299	5.6833
human	PD10Mono1cell70	425220	224433	1065	157449	42273	20430	15030	5400	32	970	4.5000
human	PD10Mono1cell71	381542	68981	34	306856	5671	24663	23440	1223	35	515	4.3333
human	PD10Mono1cell72	2148351	1140916	9667	284507	713261	88105	23110	64995	32	2899	8.0166
human	PD10Mono1cell73	2068257	1042659	12667	351926	661005	95100	29069	66031	32	3103	7.7833
human	PD10Mono1cell74	2066808	1076280	19932	390962	579634	87050	29572	57478	28	2505	7.8666
human	PD10Mono1cell75	1067537	509169	3874	253050	301444	52970	21679	31291	29	1780	5.8000
human	PD10Mono1cell76	134770	78520	1144	22686	32420	8099	3087	5012	29	915	3.8666
human	PD10Mono1cell77	2094766	1080515	7849	350608	655794	88339	28281	60058	35	2394	7.8000
human	PD10Mono1cell78	1431097	674248	9683	264013	483153	72702	22655	50047	34	2723	6.4500
human	PD10Mono1cell79	87945	38814	423	23672	25036	11689	4864	6825	31	1631	3.7666
human	PD10Mono1cell80	722189	88920	12673	317390	303206	60061	26428	33633	31	1954	5.0000
human	PD10Mono1cell81	1874672	1015261	14339	308844	536228	149331	48045	101286	35	3120	7.5833
human	PD10Mono1cell82	620751	141090	1779	322569	155313	80060	49819	30241	29	1449	4.8166
human	PD10Mono1cell83	309896	169422	1773	46572	92129	35341	11529	23812	30	1947	4.2166
human	PD10Mono1cell84	801441	507598	6156	132660	155027	47429	19147	28282	25	1230	5.2833
human	PD10Mono1cell85	1069542	320929	7258	387911	353444	127447	60932	66515	30	2007	5.7666
human	PD10Mono1cell86	1917711	935809	9803	340722	631377	165172	50896	114276	36	3087	7.5666
human	PD10Mono1cell87	1633307	324574	15667	468926	824140	198757	61912	136845	34	2933	6.7666
human	PD10Mono1cell88	370043	73623	7071	98404	190945	64671	19989	44682	32	2281	4.2666
human	PD10Mono1cell89	1088104	528565	4021	229112	326406	61744	22831	38913	31	2363	5.8166
human	PD10Mono1cell90	1399907	617735	6650	293298	482224	80963	26454	54509	31	2169	6.4333
human	PD10Mono1cell91	238966	73567	2166	82262	80971	22802	10531	12271	29	1448	4.0333
human	PD10Mono1cell92	21903	15372	18	5979	534	1675	1372	303	23	176	3.6000
human	PD10Mono1cell93	397693	46285	3571	157547	190290	41008	16853	24155	31	1593	4.3000
human	PD10Mono1cell94	1813495	1063196	6240	279864	464195	80176	26094	54082	26	2562	7.3166
human	PD10Mono1cell95	194234	67864	1938	28663	95769	25799	5485	20314	31	2497	3.9000
human	PD10Mono1cell96	226862	57404	2143	70649	96666	25243	9537	15706	29	1570	4.0000
human	PD10Mono2cell1	2153796	1119744	10370	382981	640701	78908	24485	54423	31	2846	8.1166
human	PD10Mono2cell2	2602972	1428535	18570	405374	750493	84965	25111	59854	33	3020	9.0500
human	PD10Mono2cell3	2120013	1088193	11012	298728	722080	83565	20927	62638	32	3261	7.9833
human	PD10Mono2cell4	1580975	956678	5497	142758	476042	45353	9645	35708	28	2374	6.9500
human	PD10Mono2cell5	2581425	1425241	13497	395389	747298	81181	24565	56616	36	2928	9.0666
human	PD10Mono2cell6	4352964	2458102	39912	416514	1438436	145072	27882	117190	32	4438	12.5833
human	PD10Mono2cell7	3127576	1618144	26375	458665	1024392	103834	28012	75822	33	3086	10.1166
human	PD10Mono2cell8	1518111	773111	6544	276907	461549	55458	19657	35801	29	2267	6.8333
human	PD10Mono2cell9	695515	363261	3092	123518	205644	35688	13059	22629	34	2168	5.1166
human	PD10Mono2cell10	2034520	1087749	7855	399792	539124	76149	27160	48989	33	2750	7.9000
human	PD10Mono2cell11	1106584	603322	5667	194000	303595	49974	16722	33252	33	2647	6.0000
human	PD10Mono2cell12	1087551	654641	4438	132888	295584	34631	9032	25599	26	2011	5.9166
human	PD10Mono2cell13	2446924	1269207	16181	370079	791457	93349	25457	67892	35	3137	8.7166
human	PD10Mono2cell14	3464871	1996671	25244	393003	1049953	116726	28111	88615	37	3767	10.8166
human	PD10Mono2cell15	3270211	1482675	20823	427344	1339369	137754	27869	109885	39	3951	10.4166
human	PD10Mono2cell16	2058120	1118641	14234	238391	686854	84357	19097	65260	32	3283	7.8666
human	PD10Mono2cell17	1879185	983275	6686	378862	510362	66989	24369	42620	36	2370	7.5333
human	PD10Mono2cell18	2813706	1579653	18907	342177	872969	89633	21941	67692	30	3014	9.5500
human	PD10Mono2cell19	1116949	590563	6630	213435	306321	46160	16233	29927	35	2293	6.0000
human	PD10Mono2cell20	1230475	767906	3717	106420	352432	37265	7721	29544	25	2289	6.1666
human	PD10Mono2cell21	3158321	1651613	21458	342680	1142570	110345	22201	88144	34	3483	10.1666
human	PD10Mono2cell22	3727692	2014487	19740	374881	1318584	129410	25778	103632	39	4029	11.3666
human	PD10Mono2cell23	2009064	1046010	9292	338870	614892	70363	22282	48081	31	2583	7.8666
human	PD10Mono2cell24	1992910	1180182	10325	259326	543077	67369	18675	48694	30	2851	7.8500
human	PD10Mono2cell25	1563290	827046	10916	281903	443425	63724	21322	42402	34	2691	6.9666
human	PD10Mono2cell26	2890627	1523957	12608	381591	972471	103899	24931	78968	35	3386	9.5833
human	PD10Mono2cell27	1839695	1028370	11672	228658	570995	74103	18350	55753	34	3066	7.4333
human	PD10Mono2cell28	171084	90532	340	60970	19242	7984	5514	2470	25	609	4.0500
human	PD10Mono2cell29	1754793	860335	12358	294906	587194	69790	20954	48836	32	2547	7.2333
human	PD10Mono2cell30	2433074	1379489	20648	302161	730776	84296	21965	62331	34	3277	8.6333
human	PD10Mono2cell31	2499714	1359268	8699	364791	766956	86241	25310	60931	35	3013	8.7166
human	PD10Mono2cell32	2127815	1208922	10312	258516	650065	76849	19659	57190	34	3058	8.0000
human	PD10Mono2cell33	2443897	1251017	15154	341281	836445	119321	28270	91051	32	3349	8.6166
human	PD10Mono2cell34	841643	253859	3148	335235	249401	54925	27889	27036	31	1553	5.3000
human	PD10Mono2cell35	1300013	702244	4450	211860	381459	64170	21114	43056	27	2220	6.3333
human	PD10Mono2cell36	905362	575454	2718	73734	253456	36339	7651	28688	23	2040	5.5000
human	PD10Mono2cell37	746335	241336	2756	228576	273667	47739	20820	26919	32	1467	5.0666
human	PD10Mono2cell38	2414198	1431668	8792	316282	657456	99943	28696	71247	34	3183	8.7333
human	PD10Mono2cell39	1547692	743448	6819	346472	450953	74711	29020	45691	31	2084	6.8166
human	PD10Mono2cell40	2438225	1131229	29026	205314	1072656	134914	20350	114564	31	3809	8.6833
human	PD10Mono2cell41	2718845	1460303	8533	345465	904544	196776	49186	147590	34	3115	9.2833
human	PD10Mono2cell42	3412185	1981405	22277	459769	948734	220921	62972	157949	34	3141	10.7500
human	PD10Mono2cell43	1438712	795881	3310	273406	366115	106197	38840	67357	31	2458	6.6000
human	PD10Mono2cell44	1434769	965222	3021	140621	325905	70317	18660	51657	25	2193	6.6833
human	PD10Mono2cell45	90238	49110	33	35163	5932	11993	9526	2467	31	887	3.8333
human	PD10Mono2cell46	3853349	2363854	16532	502282	970681	208200	62554	145646	32	3233	11.9000
human	PD10Mono2cell47	3513397	2074671	17421	438422	982883	205361	55272	150089	33	3327	11.0333
human	PD10Mono2cell48	2340053	1368881	8688	250013	712471	157314	37609	119705	38	2969	8.5833
human	PD10Mono2cell49	2122174	1131080	15626	352077	623391	94183	30518	63665	33	2606	8.0166
human	PD10Mono2cell50	1247523	516965	14984	325410	390164	68785	27248	41537	31	2130	6.2333
human	PD10Mono2cell51	1745715	969291	11523	235523	529378	83349	22442	60907	28	2971	7.1833
human	PD10Mono2cell52	1086157	657331	2559	156329	269938	37422	11453	25969	30	1728	5.8666
human	PD10Mono2cell53	65029	30600	60	31353	3016	7042	5671	1371	25	633	3.8000
human	PD10Mono2cell54	2921454	1614233	21383	346952	938886	126290	30516	95774	32	3195	9.5833
human	PD10Mono2cell55	3172391	1793951	12400	436378	929662	122489	33419	89070	34	3110	10.2000
human	PD10Mono2cell56	1202668	480088	6580	234280	481720	74281	21972	52309	27	2412	6.0500
human	PD10Mono2cell57	2128965	1150126	11674	324756	642409	167832	49207	118625	34	3158	8.0833
human	PD10Mono2cell58	3034346	1548277	22856	340893	1122320	264732	53500	211232	30	3942	9.8333
human	PD10Mono2cell59	1228183	634929	5145	266821	321288	104554	40691	63863	35	2439	6.1500
human	PD10Mono2cell60	655815	352744	2842	136075	164154	51622	20281	31341	27	1581	5.0166
human	PD10Mono2cell61	496365	267931	3569	74906	149959	54529	18034	36495	31	2028	4.5500
human	PD10Mono2cell62	3168861	1801311	18773	374042	974735	218878	55844	163034	32	3550	10.1000
human	PD10Mono2cell63	4056260	2323370	21700	492151	1219039	255490	64191	191299	33	3554	11.9333
human	PD10Mono2cell64	93502	46362	194	28583	18363	15341	8485	6856	32	1397	3.7666
human	PD10Mono2cell65	2615509	1538447	8234	358704	710124	93679	27169	66510	32	2819	8.9833
human	PD10Mono2cell66	2052015	855939	20597	386931	788548	97880	27219	70661	35	2794	7.8833
human	PD10Mono2cell67	2150978	1122451	15690	243216	769621	97680	20500	77180	31	3222	8.0500
human	PD10Mono2cell68	1527913	974434	5931	166700	380848	49195	12315	36880	28	2261	6.8666
human	PD10Mono2cell69	3296362	977977	46088	453727	1818570	189756	31449	158307	35	4040	10.2000
human	PD10Mono2cell70	2553611	1360585	10824	388249	793953	100525	29643	70882	30	3009	8.9000
human	PD10Mono2cell71	165065	70865	661	48812	44727	15162	7004	8158	31	1603	3.9500
human	PD10Mono2cell72	2139750	1253280	9015	194646	682809	86512	16943	69569	35	3222	8.0000
human	PD10Mono2cell73	2161217	1171521	14943	323339	651414	94230	26602	67628	33	3011	8.0333
human	PD10Mono2cell74	2415505	1120434	25249	361730	908092	119276	27696	91580	30	3474	8.5166
human	PD10Mono2cell75	922444	213887	8922	244579	455056	77114	22576	54538	35	2869	5.4000
human	PD10Mono2cell76	165574	113957	1525	20174	29918	7556	2996	4560	19	940	3.9000
human	PD10Mono2cell77	195558	64950	948	67315	62345	18844	9157	9687	29	1437	3.9333
human	PD10Mono2cell78	3300504	1866304	15805	334927	1083468	133965	29120	104845	34	3707	10.3500
human	PD10Mono2cell79	525515	295486	4403	44825	180801	36609	7321	29288	30	3210	4.6500
human	PD10Mono2cell80	1775803	975067	10786	237727	552223	79699	21722	57977	37	2770	7.2166
human	PD10Mono2cell81	509556	170522	1591	196996	140447	64304	35086	29218	30	1617	4.6166
human	PD10Mono2cell82	1690745	872198	14661	317377	486509	148633	50920	97713	31	2358	7.1166
human	PD10Mono2cell83	565060	280082	2959	150755	131264	58328	27497	30831	37	1669	4.7500
human	PD10Mono2cell84	1036566	670659	14623	119244	232040	58729	17102	41627	24	1698	5.7833
human	PD10Mono2cell85	1274280	606571	3004	233847	430858	122918	41739	81179	38	2050	6.1833
human	PD10Mono2cell86	259000	154264	1529	39050	64157	30046	11324	18722	35	1974	4.0666
human	PD10Mono2cell87	812426	223969	5648	269588	313221	102158	42066	60092	34	2089	5.2500
human	PD10Mono2cell88	206866	95416	1101	33555	76794	31025	9948	21077	29	1734	3.9666
human	PD10Mono2cell89	1031549	523553	6719	135125	366152	61634	15410	46224	32	2494	5.6166
human	PD10Mono2cell90	19338	9081	12	9754	491	2966	2634	332	27	241	3.6166
human	PD10Mono2cell91	299669	157687	2761	49827	89394	21780	7499	14281	26	1405	4.1833
human	PD10Mono2cell92	16858	12008	18	3897	935	1391	990	401	22	230	3.5833
human	PD10Mono2cell93	151479	31910	1163	94562	23844	15508	11823	3685	28	533	3.8500
human	PD10Mono2cell94	157572	107397	9	47948	2218	8520	7684	836	30	474	3.9000
human	PD10Mono2cell95	176506	86609	777	42783	46337	15530	7393	8137	32	1157	3.9000
human	PD10Mono2cell96	138768	30757	21	107278	712	12661	12391	270	28	168	3.8666
human	PD10Mono3cell1	3391409	2049154	13900	461593	866762	92626	26788	65838	31	3020	10.6333
human	PD10Mono3cell2	807638	183389	3506	416011	204732	41698	23197	18501	32	1702	5.2333
human	PD10Mono3cell3	1223538	287148	15991	388069	532330	66223	23426	42797	31	2430	6.0500
human	PD10Mono3cell4	952882	584993	4174	159600	204115	25546	9441	16105	22	1508	5.6000
human	PD10Mono3cell5	1806893	853029	5759	390833	557272	60878	23619	37259	33	2149	7.3833
human	PD10Mono3cell6	3832531	2293405	18570	484289	1036267	105759	29687	76072	31	3216	11.6833
human	PD10Mono3cell7	4667253	2725107	27318	592079	1322749	123278	31453	91825	37	3542	13.3833
human	PD10Mono3cell8	1982009	1044515	7435	324434	605625	68386	20800	47586	35	2642	7.7833
human	PD10Mono3cell9	1779344	874507	8463	319027	577347	74621	22988	51633	32	2679	7.4000
human	PD10Mono3cell10	3008456	1711234	22126	437630	837466	96406	27533	68873	34	3101	9.9166
human	PD10Mono3cell11	1887464	982911	17008	294744	592801	76510	21513	54997	35	2985	7.5833
human	PD10Mono3cell12	1065120	677312	10810	110547	266451	30623	7947	22676	28	1719	5.8500
human	PD10Mono3cell13	2792194	1521858	13404	329532	927400	96531	22786	73745	37	2909	9.3166
human	PD10Mono3cell14	1931030	1017554	7723	348497	557256	71769	25312	46457	35	2494	7.6166
human	PD10Mono3cell15	1888423	913389	11515	256751	706768	85764	19872	65892	29	3419	7.5666
human	PD10Mono3cell16	2998581	1798940	20289	347168	832184	91691	23400	68291	33	3076	9.8500
human	PD10Mono3cell17	2928716	1574089	17929	348699	987999	101970	23310	78660	34	3334	9.6333
human	PD10Mono3cell18	3185807	1774931	12301	435429	963146	90135	25109	65026	33	2840	10.2000
human	PD10Mono3cell19	1342546	683072	5053	300057	354364	48677	19102	29575	31	2081	6.4166
human	PD10Mono3cell20	1343510	823279	3104	168467	348660	35779	10222	25557	24	1879	6.3166
human	PD10Mono3cell21	3913768	2202120	35564	455738	1220346	114409	26036	88373	29	3385	11.6000
human	PD10Mono3cell22	3882447	2103996	30686	466361	1281404	121557	28206	93351	33	3327	11.4666
human	PD10Mono3cell23	2338703	1023995	12761	597101	704846	83024	32851	50173	29	2419	8.3833
human	PD10Mono3cell24	2315556	1282612	12056	310965	709923	76332	20971	55361	34	2577	8.3500
human	PD10Mono3cell25	3109736	1759288	10452	398321	941675	100360	25993	74367	35	3254	9.8666
human	PD10Mono3cell26	2918212	1703105	24466	375926	814715	90215	23931	66284	34	3195	9.5500
human	PD10Mono3cell27	1307926	677120	5740	234221	390845	56106	17453	38653	31	2585	6.1833
human	PD10Mono3cell28	952729	560792	6815	99706	285416	32135	6966	25169	27	1937	5.4666
human	PD10Mono3cell29	1296162	202725	13848	432216	647373	77944	26869	51075	34	2331	6.0833
human	PD10Mono3cell30	3931907	2312407	25488	478354	1115658	116314	30208	86106	35	3269	11.5833
human	PD10Mono3cell31	2071410	998756	8842	406476	657336	78124	24875	53249	35	2962	7.7833
human	PD10Mono3cell32	2251709	1237479	10902	310791	692537	78011	22227	55784	35	2703	8.1666
human	PD10Mono3cell33	1989564	1064650	13009	275296	636609	85757	23927	61830	33	2635	7.6333
human	PD10Mono3cell34	2134708	1077577	13692	358602	684837	91798	27428	64370	28	2456	7.8833
human	PD10Mono3cell35	1814657	883596	11021	274466	645574	92260	22738	69522	27	3150	7.2666
human	PD10Mono3cell36	1184075	672231	2257	142034	367553	45553	11294	34259	27	2062	5.9833
human	PD10Mono3cell37	2917581	1557966	15373	411604	932638	123275	32966	90309	31	2820	9.4500
human	PD10Mono3cell38	3833593	2062861	33762	443314	1293656	163995	35646	128349	32	3705	11.4000
human	PD10Mono3cell39	2944021	1441698	9865	464188	1028270	133164	35944	97220	35	3193	9.5333
human	PD10Mono3cell40	2483055	1400301	15905	305236	761613	102918	25900	77018	34	2856	8.7000
human	PD10Mono3cell41	2874539	1357832	17805	461467	1037435	220399	58664	161735	34	3337	9.3833
human	PD10Mono3cell42	1995780	785767	13543	535683	660787	167228	66271	100957	35	2294	7.6166
human	PD10Mono3cell43	1912560	1033869	11128	314466	553097	135368	42868	92500	27	2866	7.5833
human	PD10Mono3cell44	405580	214406	195	146041	44938	27929	18346	9583	30	975	4.3833
human	PD10Mono3cell45	3785833	1855530	26768	467323	1436212	264203	61362	202841	35	3278	11.3833
human	PD10Mono3cell46	4401304	2549023	23390	444180	1384711	254453	56547	197906	34	3603	12.6000
human	PD10Mono3cell47	3842809	1997625	21357	535135	1288692	252325	63129	189196	36	3555	11.5000
human	PD10Mono3cell48	2533224	1296972	15548	401346	819358	176863	51239	125624	28	3005	8.7166
human	PD10Mono3cell49	3226433	1792871	16047	423030	994485	123061	32839	90222	34	2936	10.0666
human	PD10Mono3cell50	2911035	1531571	16969	433407	929088	121148	33096	88052	31	2528	9.4833
human	PD10Mono3cell51	2423847	1262553	14873	316284	830137	107422	26610	80812	33	3018	8.4500
human	PD10Mono3cell52	763245	440433	7553	130020	185239	29028	9989	19039	23	1356	5.1166
human	PD10Mono3cell53	184091	66280	291	70357	47163	16948	9876	7072	29	1017	3.9333
human	PD10Mono3cell54	1010505	535662	5113	290016	179714	46060	25642	20418	31	1600	5.6500
human	PD10Mono3cell55	1606209	504727	11119	367044	723319	101019	29701	71318	30	2612	6.7000
human	PD10Mono3cell56	2982484	1670245	13607	324704	973928	123887	28249	95638	32	3060	9.6833
human	PD10Mono3cell57	991803	482230	4261	155305	350007	92174	28478	63696	33	2466	5.6000
human	PD10Mono3cell58	3007739	1579203	25317	474940	928279	230693	66835	163858	30	3113	9.7666
human	PD10Mono3cell59	1780489	986691	11845	255576	526377	135947	39136	96811	35	2952	7.2500
human	PD10Mono3cell60	937958	554221	5194	110881	267662	57453	16257	41196	27	1703	5.5000
human	PD10Mono3cell61	2072273	1073253	6965	318142	673913	170859	49655	121204	34	2895	7.7000
human	PD10Mono3cell62	1715963	623557	9624	503609	579173	156826	66561	90265	30	2606	7.0333
human	PD10Mono3cell63	416014	129790	1640	186089	98495	51581	31410	20171	38	1691	4.3500
human	PD10Mono3cell64	1285372	438654	9342	287046	550330	134733	41684	93049	33	2504	6.1166
human	PD10Mono3cell65	3090925	1747821	17612	426663	898829	108925	30882	78043	33	2785	9.9666
human	PD10Mono3cell66	3937976	2224292	16956	516610	1180118	128252	32863	95389	33	2988	11.7500
human	PD10Mono3cell67	2048587	1108635	13161	376493	550298	75297	26557	48740	28	2361	7.7333
human	PD10Mono3cell68	1260328	731293	2482	225115	301438	40699	14760	25939	26	1554	6.1333
human	PD10Mono3cell69	3306143	1643758	27169	564605	1070611	119114	34782	84332	33	3068	10.3666
human	PD10Mono3cell70	1642113	927394	7076	348896	358747	60342	26747	33595	31	2221	6.9666
human	PD10Mono3cell71	3471274	1717624	23896	564694	1165060	131300	37315	93985	27	3155	10.6166
human	PD10Mono3cell72	1129379	453192	6408	284196	385583	56832	22295	34537	35	2040	5.8166
human	PD10Mono3cell73	3266163	1729135	17342	485339	1034347	123928	34404	89524	33	3120	10.1333
human	PD10Mono3cell74	483647	187686	1735	138642	155584	34495	14657	19838	32	1617	4.4666
human	PD10Mono3cell75	1306753	714947	6177	246055	339574	58456	21437	37019	37	2208	6.2833
human	PD10Mono3cell76	157455	100174	2239	12724	42318	8041	2353	5688	27	987	3.8000
human	PD10Mono3cell77	680029	137929	5074	252555	284471	52324	22203	30121	32	1745	4.8500
human	PD10Mono3cell78	268076	173191	224	66828	27833	15136	9743	5393	32	1360	4.1000
human	PD10Mono3cell79	2878170	1448251	19506	471984	938429	113201	32647	80554	33	3034	9.4666
human	PD10Mono3cell80	356524	145732	1749	121090	87953	23979	13212	10767	33	1300	4.2333
human	PD10Mono3cell81	2315095	1154395	13571	287361	859768	203404	44813	158591	37	3314	8.3000
human	PD10Mono3cell82	789192	207126	4685	334133	243248	94829	51186	43643	31	1584	5.1833
human	PD10Mono3cell83	316820	123564	1524	100237	91495	39322	19971	19351	28	1584	4.2000
human	PD10Mono3cell84	647946	271293	5689	110231	260733	61104	16437	44667	29	1848	4.8666
human	PD10Mono3cell85	276952	83475	78	190134	3265	36531	35137	1394	31	486	4.0833
human	PD10Mono3cell86	811658	398531	4525	199960	208642	73369	34558	38811	33	1609	5.2166
human	PD10Mono3cell87	1302934	503574	10014	340563	448783	123787	49399	74388	30	2238	6.1666
human	PD10Mono3cell88	299617	179909	1515	38459	79734	31988	10547	21441	32	2008	4.1500
human	PD10Mono3cell89	90906	32066	340	40116	18384	10776	6909	3867	30	791	3.7000
human	PD10Mono3cell90	1041630	644268	9819	85410	302133	52056	11657	40399	36	2408	5.6500
human	PD10Mono3cell91	737310	321277	9813	81431	324789	60001	11161	48840	37	3195	5.0166
human	PD10Mono3cell92	248613	149060	918	15500	83135	14487	2716	11771	22	1400	4.0500
human	PD10Mono3cell93	82827	27270	249	43794	11514	9140	7050	2090	33	480	3.7166
human	PD10Mono3cell94	239284	126065	26	110950	2243	15527	14751	776	34	394	4.0666
human	PD10Mono3cell95	1076344	584604	11154	64377	416209	70971	9780	61191	29	3363	5.7666
human	PD10Mono3cell96	327064	158183	3665	34209	131007	29697	6108	23589	27	2317	4.1833
human	PD10Mono4cell1	2714993	1459997	24165	412634	818197	92089	23905	68184	32	4182	9.1166
human	PD10Mono4cell2	2518355	1363580	11344	424728	718703	86129	24683	61446	33	4150	8.7166
human	PD10Mono4cell3	1088341	450040	7304	267637	363360	47785	17025	30760	30	2420	5.7000
human	PD10Mono4cell4	469294	335133	3861	12396	117904	19033	1932	17101	25	2817	4.5500
human	PD10Mono4cell5	2892528	1307107	21374	348564	1215483	107359	21060	86299	31	4103	9.3333
human	PD10Mono4cell6	2921085	1645904	25898	340954	908329	114226	21467	92759	34	5731	9.6166
human	PD10Mono4cell7	932899	263589	8428	291525	369357	58866	18367	40499	31	3857	5.3833
human	PD10Mono4cell8	3020907	1250344	34161	310667	1425735	154377	17823	136554	33	6246	9.6333
human	PD10Mono4cell9	1976131	1040764	5586	338624	591157	70671	22240	48431	34	2639	7.5000
human	PD10Mono4cell10	2310814	1231156	11426	395366	672866	77582	23999	53583	30	2790	8.2500
human	PD10Mono4cell11	1265402	674546	4373	231324	355159	51188	16505	34683	34	2455	6.1500
human	PD10Mono4cell12	989565	635272	5911	113069	235313	27102	7617	19485	26	1605	5.5833
human	PD10Mono4cell13	2463035	1317876	13584	308642	822933	80153	19911	60242	32	2709	8.5000
human	PD10Mono4cell14	2908958	1527276	17965	396541	967176	102553	25363	77190	35	3499	9.5000
human	PD10Mono4cell15	3191094	1639462	22884	451303	1077445	107457	27900	79557	31	3374	10.0000
human	PD10Mono4cell16	1842155	995617	7598	223706	615234	65790	16240	49550	33	2784	7.2333
human	PD10Mono4cell17	2284450	1180773	9707	395224	698746	77338	23414	53924	34	2676	8.2500
human	PD10Mono4cell18	1611386	858347	10214	235993	506832	57176	15078	42098	30	2511	6.8166
human	PD10Mono4cell19	1106349	589453	5429	190406	321061	43064	13984	29080	30	2287	5.8166
human	PD10Mono4cell20	992516	563750	9903	168225	250638	30008	9399	20609	27	1797	5.5333
human	PD10Mono4cell21	1295784	403740	9265	414279	468500	57263	24156	33107	33	1949	6.1000
human	PD10Mono4cell22	1711124	804623	7803	362590	536108	61261	21658	39603	33	2038	6.9833
human	PD10Mono4cell23	2565511	1205678	11134	488104	860595	85012	27473	57539	35	2473	8.7666
human	PD10Mono4cell24	1773199	980686	5806	259164	527543	60188	18050	42138	34	2461	7.1833
human	PD10Mono4cell25	2619468	1417660	15297	325096	861415	89619	20568	69051	35	3172	8.8333
human	PD10Mono4cell26	2443049	1254917	13958	424746	749428	80203	24388	55815	32	2925	8.5666
human	PD10Mono4cell27	512318	202695	1114	176756	131753	26860	13508	13352	29	1400	4.6500
human	PD10Mono4cell28	1320486	760165	13460	170870	375991	37723	9566	28157	27	2039	6.2166
human	PD10Mono4cell29	2283018	1152383	15693	348987	765955	81208	22235	58973	30	2700	8.1500
human	PD10Mono4cell30	882702	444510	3661	197305	237226	37736	15366	22370	32	2233	5.3500
human	PD10Mono4cell31	2929937	1317119	11900	514868	1086050	107818	29109	78709	32	3158	9.4000
human	PD10Mono4cell32	1070954	428853	10161	272675	359265	50764	18313	32451	33	2179	5.6500
human	PD10Mono4cell33	816038	295996	4287	257070	258685	48664	21670	26994	29	1662	5.1666
human	PD10Mono4cell34	2116737	1131404	11200	353416	620717	90517	27402	63115	27	2590	7.8500
human	PD10Mono4cell35	1297183	675890	7567	251709	362017	61069	21425	39644	34	2093	6.2000
human	PD10Mono4cell36	700060	351045	3564	140786	204665	30503	11192	19311	28	1208	4.9500
human	PD10Mono4cell37	1201701	463915	9213	301140	427433	63892	23944	39948	32	1805	5.9500
human	PD10Mono4cell38	1861524	860963	10370	388667	601524	94427	31549	62878	29	2483	7.3500
human	PD10Mono4cell39	2035037	943491	13046	396687	681813	91121	31384	59737	33	2348	7.6500
human	PD10Mono4cell40	1183402	630578	5062	216814	330948	56220	19358	36862	29	1928	6.0500
human	PD10Mono4cell41	2224332	1182858	9039	357923	674512	141388	43707	97681	35	2639	8.1333
human	PD10Mono4cell42	3004704	1742558	27804	379893	854449	184407	47692	136715	29	2955	9.6833
human	PD10Mono4cell43	642188	235818	2517	302887	100966	58523	38405	20118	30	1338	4.8500
human	PD10Mono4cell44	1502572	862103	7712	202342	430415	83422	21519	61903	28	2337	6.6666
human	PD10Mono4cell45	2475403	1284654	11810	428515	750424	159975	53133	106842	33	2505	8.5833
human	PD10Mono4cell46	3426041	2004980	12544	367909	1040608	190694	46900	143794	32	3106	10.5333
human	PD10Mono4cell47	3764895	1973783	21075	544483	1225554	226889	60495	166394	36	3279	11.2833
human	PD10Mono4cell48	724755	168813	5907	265764	284271	79089	35771	43318	31	1665	4.9666
human	PD10Mono4cell49	1682853	831812	13556	331469	506016	76221	25880	50341	28	2449	7.0166
human	PD10Mono4cell50	2505698	1313817	16089	422026	753766	104215	29373	74842	30	2991	8.7500
human	PD10Mono4cell51	1077054	611550	4935	192593	267976	48039	17028	31011	34	2216	5.7833
human	PD10Mono4cell52	1496302	796318	9642	181194	509148	57098	13105	43993	25	2334	6.6166
human	PD10Mono4cell53	3006795	1593577	29795	444737	938686	116816	32161	84655	33	2878	9.6833
human	PD10Mono4cell54	2365057	1230031	12536	389985	732505	95657	29720	65937	33	2690	8.4333
human	PD10Mono4cell55	3015778	1373741	17684	524134	1100219	132344	36990	95354	34	2991	9.6833
human	PD10Mono4cell56	2113838	1088647	8862	325150	691179	91946	26033	65913	35	2620	7.8166
human	PD10Mono4cell57	2534223	1065006	32630	350439	1086148	226895	46944	179951	35	3557	8.6500
human	PD10Mono4cell58	2346085	1097747	14250	390241	843847	193139	54778	138361	33	3003	8.3166
human	PD10Mono4cell59	1349538	669279	4196	252481	423582	102341	35509	66832	31	2228	6.2500
human	PD10Mono4cell60	899915	505722	2657	133414	258122	57874	17377	40497	27	1810	5.4166
human	PD10Mono4cell61	3052981	1522194	17710	430583	1082494	222511	58560	163951	30	3159	9.8833
human	PD10Mono4cell62	2958507	1594207	25642	320898	1017760	206382	44523	161859	33	3913	9.6833
human	PD10Mono4cell63	2696405	1490567	13643	444203	747992	167394	54645	112749	33	2840	9.0666
human	PD10Mono4cell64	1539769	721289	13969	243158	561353	124937	34646	90291	27	2647	6.6833
human	PD10Mono4cell65	1510080	754124	8073	241600	506283	65049	18451	46598	32	2472	6.5666
human	PD10Mono4cell66	2620747	1420497	13500	487737	699013	89685	29206	60479	32	2506	8.8666
human	PD10Mono4cell67	952699	507667	2529	202960	239543	40161	16111	24050	31	1919	5.5000
human	PD10Mono4cell68	1401953	749013	4874	151925	496141	47731	10896	36835	28	2083	6.4166
human	PD10Mono4cell69	2007751	719210	25377	410678	852486	93410	27074	66336	30	2556	7.5333
human	PD10Mono4cell70	406772	232653	390	119242	54487	18958	11902	7056	37	1070	4.3833
human	PD10Mono4cell71	2706863	1290332	19133	430455	966943	107141	27729	79412	30	3265	9.0833
human	PD10Mono4cell72	584876	218697	3378	113760	249041	36207	10959	25248	31	1967	4.6500
human	PD10Mono4cell73	779408	191968	6073	252035	329332	54674	20105	34569	32	2240	5.0666
human	PD10Mono4cell74	1182754	470863	8931	302320	400640	57076	21611	35465	30	1975	5.8833
human	PD10Mono4cell75	673885	257211	7246	89028	320400	49401	10044	39357	27	2858	4.9000
human	PD10Mono4cell76	968101	561595	4961	122949	278596	31549	8907	22642	25	1545	5.5166
human	PD10Mono4cell77	2599713	1387354	11379	326513	874467	102865	24652	78213	30	2896	8.8666
human	PD10Mono4cell78	266209	168796	926	53864	42623	15606	7888	7718	32	1590	4.1000
human	PD10Mono4cell79	1169589	328894	4964	432992	402739	67844	29935	37909	32	2148	5.9666
human	PD10Mono4cell80	1089886	392253	9446	238562	449625	64720	19644	45076	35	2341	5.7333
human	PD10Mono4cell81	490548	177498	3032	180817	129201	54640	29110	25530	33	1401	4.5166
human	PD10Mono4cell82	2335076	1236025	11961	356247	730843	191103	52246	138857	32	3019	8.3166
human	PD10Mono4cell83	165772	64074	310	80673	20715	22634	16446	6188	34	858	3.8666
human	PD10Mono4cell84	304835	186830	1138	30348	86519	22151	6567	15584	23	1057	4.1333
human	PD10Mono4cell85	455314	254361	1423	75497	124033	44283	17273	27010	26	1379	4.4500
human	PD10Mono4cell86	2789570	1508190	21543	321580	938257	204016	46091	157925	35	3636	9.2500
human	PD10Mono4cell87	1331270	495469	9812	358186	467803	120566	48153	72413	34	1985	6.2500
human	PD10Mono4cell88	65947	43865	107	16202	5773	8138	5408	2730	37	983	3.6333
human	PD10Mono4cell89	89143	39454	384	28051	21254	9028	4856	4172	26	696	3.7000
human	PD10Mono4cell90	736258	359603	2633	115288	258734	42279	12375	29904	31	1651	5.0166
human	PD10Mono4cell91	137166	42067	1313	29124	64662	16624	5324	11300	34	1442	3.8333
human	PD10Mono4cell92	31713	21429	48	8243	1993	2077	1557	520	20	221	3.5833
human	PD10Mono4cell93	233846	118530	1677	31810	81829	18631	5249	13382	22	1522	4.0000
human	PD10Mono4cell94	748810	425067	4505	112110	207128	37440	12791	24649	32	1744	5.1000
human	PD10Mono4cell95	157336	53269	507	45873	57687	16147	7171	8976	26	1034	3.8166
human	PD10Mono4cell96	193660	50724	2312	14254	126370	30320	3022	27298	27	3059	3.8666
human	PD10Mono5cell1	3634899	1985038	24672	457051	1168138	116052	28754	87298	32	3200	11.0666
human	PD10Mono5cell2	4041393	2145525	33600	641480	1220788	121908	34804	87104	31	3123	11.8666
human	PD10Mono5cell3	2272217	1181197	11464	407039	672517	80587	25884	54703	32	2645	8.2166
human	PD10Mono5cell4	1437762	837150	3101	207154	390357	40248	12223	28025	31	1772	6.5833
human	PD10Mono5cell5	4160796	1938068	36931	571934	1613863	139449	32819	106630	32	3195	12.0000
human	PD10Mono5cell6	2436553	1083243	7358	565713	780239	89519	33493	56026	33	2378	8.5500
human	PD10Mono5cell7	4898811	2349215	28460	751045	1770091	155679	42395	113284	35	3414	13.4666
human	PD10Mono5cell8	3100872	1634037	26401	456855	983579	99634	29250	70384	36	2802	9.9000
human	PD10Mono5cell9	1891803	858511	5759	390048	637485	81401	27883	53518	30	2349	7.3666
human	PD10Mono5cell10	1333335	731511	4355	177033	420436	59622	16623	42999	30	2509	6.2333
human	PD10Mono5cell11	1653394	884603	8372	258791	501628	69099	20399	48700	36	2704	6.9833
human	PD10Mono5cell12	104394	67305	232	17867	18990	6310	2603	3707	23	914	3.7166
human	PD10Mono5cell13	3435325	1460617	34428	475419	1464861	141651	31062	110589	31	3401	10.4500
human	PD10Mono5cell14	3653601	1852792	25296	527915	1247598	135399	35087	100312	29	3280	11.1333
human	PD10Mono5cell15	2186800	967725	10274	488989	719812	91382	32314	59068	36	2658	8.0000
human	PD10Mono5cell16	2093198	947694	24455	326669	794380	96280	24647	71633	33	2956	7.7500
human	PD10Mono5cell17	674230	249364	3387	233134	188345	33382	16985	16397	29	1479	4.9000
human	PD10Mono5cell18	2416440	1217807	10847	514471	673315	76347	27563	48784	29	2141	8.5500
human	PD10Mono5cell19	2017823	968241	11943	335337	702302	79200	22202	56998	31	2613	7.6833
human	PD10Mono5cell20	1294337	638301	6685	162609	486742	41174	9690	31484	27	1922	6.1166
human	PD10Mono5cell21	1047853	356189	3694	320619	367351	48842	20517	28325	30	1831	5.6000
human	PD10Mono5cell22	4338982	2300851	19918	476396	1541817	140245	30237	110008	29	3532	12.5666
human	PD10Mono5cell23	4477353	2324040	27097	623217	1502999	141652	34691	106961	35	3306	12.7500
human	PD10Mono5cell24	3080377	1593183	16344	336441	1134409	109289	22658	86631	32	3265	9.9500
human	PD10Mono5cell25	3457080	1783769	27611	449355	1196345	127201	29607	97594	27	3423	10.6000
human	PD10Mono5cell26	3128539	1462553	25858	548352	1091776	113443	31399	82044	33	3094	9.8500
human	PD10Mono5cell27	1734829	884949	9095	338454	502331	70806	24284	46522	31	2537	7.1000
human	PD10Mono5cell28	1401490	805544	7861	167988	420097	44993	11124	33869	23	2047	6.4500
human	PD10Mono5cell29	3974579	1993451	26030	546598	1408500	137980	33028	104952	34	3388	11.7000
human	PD10Mono5cell30	1638223	692202	16326	394524	535171	70057	27031	43026	34	2406	6.8500
human	PD10Mono5cell31	2047960	999053	14286	501965	532656	74126	30837	43289	32	2261	7.8500
human	PD10Mono5cell32	2808626	1503430	21260	324378	959558	100449	24050	76399	33	2923	9.2500
human	PD10Mono5cell33	2053823	1051207	8576	361167	632873	99262	32030	67232	25	2518	7.7500
human	PD10Mono5cell34	1285350	515883	5944	361130	402393	73194	30598	42596	30	1807	6.1666
human	PD10Mono5cell35	1572976	757615	10301	321251	483809	85494	29492	56002	32	2519	6.7333
human	PD10Mono5cell36	804807	482346	3577	137335	181549	32478	11334	21144	25	1509	5.2000
human	PD10Mono5cell37	899967	308525	3355	309136	278951	57086	27872	29214	27	1478	5.3500
human	PD10Mono5cell38	1175081	579077	1919	261698	332387	60614	25901	34713	36	1861	5.9500
human	PD10Mono5cell39	2792862	1341301	18473	519796	913292	129989	40407	89582	33	2709	9.2500
human	PD10Mono5cell40	1068449	465885	5515	250965	346084	62128	24280	37848	28	1676	5.7166
human	PD10Mono5cell41	2878879	1415345	16346	538174	909014	213350	72185	141165	34	2536	9.3666
human	PD10Mono5cell42	1287077	642135	4475	236795	403672	120506	38884	81622	34	2594	6.1666
human	PD10Mono5cell43	1804685	848217	9072	367098	580298	149846	51768	98078	31	2599	7.1833
human	PD10Mono5cell44	1709920	989514	13722	211288	495396	99661	26856	72805	30	2235	7.0666
human	PD10Mono5cell45	4203020	1984299	18972	528278	1671471	324747	74771	249976	33	3220	12.2500
human	PD10Mono5cell46	4016790	2286406	29096	513923	1187365	251526	67374	184152	32	3290	11.8333
human	PD10Mono5cell47	2157836	1188275	6992	294538	668031	154117	43904	110213	30	2927	8.0000
human	PD10Mono5cell48	1702743	755375	14195	352207	580966	145002	51271	93731	31	2116	7.0000
human	PD10Mono5cell49	1363031	606276	5591	377184	373980	75364	32089	43275	36	1965	6.3833
human	PD10Mono5cell50	2528937	1059172	15165	613819	840781	131632	45844	85788	30	2499	8.7666
human	PD10Mono5cell51	2082074	854392	13333	398041	816308	119522	34464	85058	31	2847	7.7333
human	PD10Mono5cell52	1333174	803262	7207	137197	385508	49638	11748	37890	23	1946	6.2333
human	PD10Mono5cell53	1082859	535102	10893	173460	363404	61461	18471	42990	35	2205	5.7000
human	PD10Mono5cell54	3406426	1788839	27628	561424	1028535	146502	46293	100209	37	3004	10.5166
human	PD10Mono5cell55	1041280	273210	5504	469223	293343	68752	40145	28607	35	1548	5.6166
human	PD10Mono5cell56	946026	450474	5186	126711	363655	57663	14910	42753	30	2445	5.4333
human	PD10Mono5cell57	3362802	1666998	22439	511464	1161901	287581	76720	210861	31	3524	10.4166
human	PD10Mono5cell58	3585561	1867212	12973	566852	1138524	286813	85512	201301	32	3026	10.8500
human	PD10Mono5cell59	1094491	502916	2936	295493	293146	107275	48979	58296	36	2253	5.8333
human	PD10Mono5cell60	1186049	544417	12164	162088	467380	101045	23778	77267	27	2183	6.0333
human	PD10Mono5cell61	2546197	1326658	11746	392788	815005	214897	66120	148777	33	2643	8.8333
human	PD10Mono5cell62	1318970	686680	2946	305329	324015	105195	49481	55714	35	2117	6.2166
human	PD10Mono5cell63	2499102	1127068	18050	460397	893587	205838	65306	140532	31	2596	8.7333
human	PD10Mono5cell64	847182	251442	4038	318568	273134	102848	51014	51834	36	1681	5.3333
human	PD10Mono5cell65	2850526	1266064	12898	575929	995635	118612	39330	79282	30	2656	9.3500
human	PD10Mono5cell66	2808060	1420424	22587	523936	841113	110703	35534	75169	38	2483	9.3333
human	PD10Mono5cell67	1389336	589353	13133	297395	489455	69266	24408	44858	28	2045	6.3500
human	PD10Mono5cell68	352652	226240	318	44464	81630	14834	4959	9875	28	1171	4.2500
human	PD10Mono5cell69	365818	154973	30	194293	16522	19581	17238	2343	29	635	4.2833
human	PD10Mono5cell70	1280765	621921	3941	383562	271341	54085	28792	25293	30	1692	6.2000
human	PD10Mono5cell71	436462	301550	53	127971	6888	16577	14475	2102	34	977	4.5000
human	PD10Mono5cell72	1596906	311971	32226	382967	869742	109325	30039	79286	30	2483	6.6666
human	PD10Mono5cell73	711990	268981	4732	178685	259592	50113	18799	31314	31	2160	5.0333
human	PD10Mono5cell74	885585	215271	3703	403197	263414	59256	30796	28460	34	1512	5.3000
human	PD10Mono5cell75	2092503	985419	16275	411509	679300	101799	33572	68227	32	2729	7.8666
human	PD10Mono5cell76	1011475	423820	10834	125669	451152	54753	10628	44125	27	2300	5.5833
human	PD10Mono5cell77	484785	101492	5896	167227	210170	43540	17848	25692	35	1902	4.4500
human	PD10Mono5cell78	1004230	383380	6149	384131	230570	58306	31777	26529	33	1686	5.6500
human	PD10Mono5cell79	3139001	1429137	11553	672058	1026253	138017	48036	89981	37	2875	9.9500
human	PD10Mono5cell80	260704	117468	61	138103	5072	17688	15699	1989	32	863	4.0833
human	PD10Mono5cell81	1692775	861291	11061	313143	507280	153836	53505	100331	32	2330	7.0333
human	PD10Mono5cell82	410099	137170	3607	126768	142554	66529	28760	37769	30	1772	4.3333
human	PD10Mono5cell83	1779013	928343	8144	285204	557322	158934	48676	110258	33	2747	7.2000
human	PD10Mono5cell84	816688	479097	2123	110325	225143	59945	17687	42258	25	1594	5.2000
human	PD10Mono5cell85	788518	343888	3129	158485	283016	94282	34437	59845	32	2014	5.1166
human	PD10Mono5cell86	840162	351089	2571	381502	105000	83186	61432	21754	33	1552	5.2833
human	PD10Mono5cell87	1526383	363746	11358	470556	680723	187838	71674	116164	32	2457	6.6000
human	PD10Mono5cell88	152319	93078	744	44058	14439	16662	12512	4150	32	709	3.8166
human	PD10Mono5cell89	405700	95031	978	159257	150434	38311	18489	19822	31	1112	4.3333
human	PD10Mono5cell90	1224347	431745	12946	283450	496206	90202	28580	61622	29	2316	5.9666
human	PD10Mono5cell91	468423	211527	2510	79350	175036	38299	11544	26755	29	2065	4.4833
human	PD10Mono5cell92	100663	64132	356	8606	27569	6933	1809	5124	21	905	3.7333
human	PD10Mono5cell93	1749390	1025064	10597	197407	516322	83461	21673	61788	30	2375	7.1166
human	PD10Mono5cell94	1008722	605651	7346	72549	323176	59467	11324	48143	30	3073	5.5666
human	PD10Mono5cell95	64920	31610	219	19067	14024	7880	4414	3466	27	800	3.6333
human	PD10Mono5cell96	77439	48849	27	27217	1346	6167	5584	583	30	351	3.7166
human	PD10Mono6cell1	3376305	1833973	13493	446801	1082038	93720	24414	69306	34	3125	10.4333
human	PD10Mono6cell2	3688349	1938968	16092	456785	1276504	107325	23957	83368	33	3390	11.0666
human	PD10Mono6cell3	1615449	823183	8078	325176	459012	54838	19059	35779	27	2302	6.8333
human	PD10Mono6cell4	1472314	901222	8155	199684	363253	36114	10118	25996	26	2087	6.6333
human	PD10Mono6cell5	2497284	1293400	13698	476108	714078	71627	23596	48031	29	2460	8.6833
human	PD10Mono6cell6	3130346	1750961	17449	532320	829616	85983	27361	58622	25	2746	10.0500
human	PD10Mono6cell7	2247518	991148	17701	515790	722879	72751	25478	47273	31	2332	8.2000
human	PD10Mono6cell8	2044290	949300	11149	332374	751467	63204	18708	44496	35	2362	7.7166
human	PD10Mono6cell9	2704670	1493785	13253	435892	761740	83393	24821	58572	32	2859	9.0666
human	PD10Mono6cell10	2655556	1491700	19506	425168	719182	81570	24323	57247	31	3038	9.1000
human	PD10Mono6cell11	1795015	1021998	5787	253987	513243	60438	17017	43421	28	2505	7.1500
human	PD10Mono6cell12	1325260	838499	5257	177149	304355	34737	10588	24149	23	1922	6.2666
human	PD10Mono6cell13	2556995	1410591	10342	377761	758301	71793	22204	49589	32	2402	8.8000
human	PD10Mono6cell14	3111914	1672215	29332	435746	974621	98331	24960	73371	32	3089	9.9166
human	PD10Mono6cell15	2190049	1229863	5858	467319	487009	63495	26551	36944	32	2334	8.1166
human	PD10Mono6cell16	1752514	1059630	8337	228345	456202	53099	15568	37531	33	2501	7.1833
human	PD10Mono6cell17	2472015	1334637	12536	381091	743751	71489	22308	49181	33	2525	8.6333
human	PD10Mono6cell18	3106148	1799618	10206	451530	844794	82004	22513	59491	27	2852	9.9500
human	PD10Mono6cell19	1943633	1055293	4835	386214	497291	62136	22770	39366	32	2377	7.5000
human	PD10Mono6cell20	134713	90635	1346	11077	31655	5883	1635	4248	22	895	3.7833
human	PD10Mono6cell21	2481090	1173424	21000	449018	837648	77679	23568	54111	33	2394	8.5666
human	PD10Mono6cell22	3131911	1774414	20018	415669	921810	87824	22513	65311	34	3087	10.0166
human	PD10Mono6cell23	1894176	886712	18074	412510	576880	61523	21642	39881	30	2206	7.4666
human	PD10Mono6cell24	1171746	523534	2836	237649	407727	43749	14898	28851	34	1811	5.8833
human	PD10Mono6cell25	1570326	588220	6152	426143	549811	62004	24481	37523	30	1971	6.7000
human	PD10Mono6cell26	3283449	1804440	24812	573170	881027	88925	28219	60706	35	2889	10.3500
human	PD10Mono6cell27	1878504	1027129	7058	317494	526823	61573	19504	42069	29	2501	7.4166
human	PD10Mono6cell28	1260225	734895	3555	162068	359707	35751	8765	26986	30	1941	6.0666
human	PD10Mono6cell29	2633876	1356152	22421	420366	834937	81076	23609	57467	38	2850	8.9166
human	PD10Mono6cell30	3495165	1988728	16766	466454	1023217	96210	26035	70175	31	3120	10.8166
human	PD10Mono6cell31	2460364	1154423	15045	563065	727831	78341	28761	49580	37	2757	8.4833
human	PD10Mono6cell32	1748864	976094	11452	258665	502653	54953	16765	38188	33	2276	7.0833
human	PD10Mono6cell33	1215881	482193	6044	373925	353719	61193	26672	34521	32	1964	6.0166
human	PD10Mono6cell34	1519441	753675	3799	305983	455984	69622	23955	45667	29	2054	6.6666
human	PD10Mono6cell35	1149265	514698	6659	312545	315363	56191	23461	32730	30	1940	5.8500
human	PD10Mono6cell36	780940	503044	1735	88117	188044	25644	6682	18962	22	1456	5.1666
human	PD10Mono6cell37	1815329	864733	8780	268088	673728	76034	20303	55731	30	2152	7.2166
human	PD10Mono6cell38	2788914	1582743	15969	382771	807431	103877	30027	73850	39	2772	9.3333
human	PD10Mono6cell39	1026558	512078	5454	132968	376058	43349	10686	32663	22	1821	5.6000
human	PD10Mono6cell40	1051191	491576	6368	202639	350608	48372	17855	30517	36	1678	5.6666
human	PD10Mono6cell41	3596275	1962191	21158	459158	1153768	209312	52481	156831	31	3124	10.8666
human	PD10Mono6cell42	2487874	1422719	6165	379551	679439	152619	47904	104715	29	2669	8.7166
human	PD10Mono6cell43	695519	289624	3760	245367	156768	55441	29964	25477	27	1485	4.9833
human	PD10Mono6cell44	517368	298348	3260	83916	131844	31563	11109	20454	23	1312	4.5666
human	PD10Mono6cell45	4063901	1973840	24294	488023	1577744	261140	59455	201685	31	3274	11.7333
human	PD10Mono6cell46	130240	102614	107	21190	6329	8697	5795	2902	31	1267	3.8333
human	PD10Mono6cell47	1088344	356130	7150	360965	364099	96014	42032	53982	32	1879	5.7833
human	PD10Mono6cell48	2755427	1653027	8980	344620	748800	144283	41149	103134	37	2447	9.2166
human	PD10Mono6cell49	2797483	1498213	11531	414296	873443	105164	29251	75913	32	2746	9.2666
human	PD10Mono6cell50	2080394	1028229	5599	417866	628700	81154	27959	53195	30	2123	7.9166
human	PD10Mono6cell51	646311	262090	5198	217896	161127	36352	18209	18143	30	1463	4.8500
human	PD10Mono6cell52	1146210	780758	1975	113527	249950	31770	8338	23432	24	1601	5.9166
human	PD10Mono6cell53	972814	388099	2127	421163	161425	45219	28978	16241	26	1025	5.5666
human	PD10Mono6cell54	569480	303455	4322	85749	175954	35491	10148	25343	34	2600	4.6833
human	PD10Mono6cell55	3073742	1703368	11457	518350	840567	100162	32228	67934	31	2428	9.9166
human	PD10Mono6cell56	85054	57139	14	25982	1919	5217	4457	760	29	471	3.6833
human	PD10Mono6cell57	2062551	1028670	8494	383309	642078	148070	49269	98801	31	2591	7.7833
human	PD10Mono6cell58	1168895	163754	17024	393818	594299	160980	53555	107425	28	2616	5.8666
human	PD10Mono6cell59	1734635	859945	7253	397006	470431	121632	48122	73510	30	2401	7.1000
human	PD10Mono6cell60	1343179	779170	5672	147402	410935	73948	18385	55563	27	1933	6.2833
human	PD10Mono6cell61	1244144	506564	6152	336547	394881	109485	46906	62579	33	2154	6.0666
human	PD10Mono6cell62	1068876	342322	13729	206692	506133	112279	29481	82798	27	2742	5.6333
human	PD10Mono6cell63	1558685	209736	20470	392417	936062	192081	50008	142073	31	2953	6.5333
human	PD10Mono6cell64	105673	60278	48	41608	3739	11773	9730	2043	34	826	3.7666
human	PD10Mono6cell65	2313757	1260522	16724	386546	649965	82833	26121	56712	32	2788	8.3333
human	PD10Mono6cell66	3092073	1599022	13588	416450	1063013	106330	25914	80416	34	2933	9.8333
human	PD10Mono6cell67	2089731	1209238	10937	336597	532959	68005	22711	45294	32	2305	7.8500
human	PD10Mono6cell68	1049436	615615	4384	139929	289508	35449	9413	26036	27	1697	5.7333
human	PD10Mono6cell69	1053551	465006	8674	162639	417232	51493	13382	38111	30	2402	5.7166
human	PD10Mono6cell70	282871	173330	686	64886	43969	14319	7637	6682	30	1451	4.1166
human	PD10Mono6cell71	81997	51700	143	22522	7632	6249	4014	2235	30	908	3.7000
human	PD10Mono6cell72	2721789	1583978	11314	348119	778378	83306	24166	59140	30	2438	9.0666
human	PD10Mono6cell73	1153273	417307	2597	450723	282646	57015	29903	27112	30	1611	5.8833
human	PD10Mono6cell74	775541	433670	4243	107234	230394	37040	11091	25949	28	2041	5.1000
human	PD10Mono6cell75	1136998	548715	8460	261364	318459	51870	19721	32149	30	2025	5.8500
human	PD10Mono6cell76	98559	62799	14	32941	2805	4443	3643	800	21	391	3.7333
human	PD10Mono6cell77	1016381	350950	2910	331602	330919	51088	23371	27717	36	1631	5.6166
human	PD10Mono6cell78	342774	249119	160	84313	9182	12797	10065	2732	28	1110	4.2500
human	PD10Mono6cell79	2867132	1544549	19824	454723	848036	102356	33423	68933	35	2533	9.3500
human	PD10Mono6cell80	233245	55463	1162	115120	61500	18973	11330	7643	32	1028	3.9666
human	PD10Mono6cell81	447888	132146	1059	189529	125154	53993	29208	24785	33	1301	4.4833
human	PD10Mono6cell82	891322	534070	4151	117029	236072	71752	22970	48782	32	1802	5.4000
human	PD10Mono6cell83	1027706	507394	7723	186117	326472	88792	28271	60521	30	2364	5.6500
human	PD10Mono6cell84	194432	128539	882	27587	37424	13297	5579	7718	23	828	3.9333
human	PD10Mono6cell85	151692	66253	17	83202	2220	19003	17932	1071	32	446	3.8166
human	PD10Mono6cell86	571165	315833	1833	67025	186474	51306	11989	39317	27	1497	4.7333
human	PD10Mono6cell87	2104274	1039932	17266	328632	718444	163756	44510	119246	34	3297	7.7833
human	PD10Mono6cell88	63925	40506	37	21614	1768	7078	6163	915	32	476	3.6500
human	PD10Mono6cell89	44050	27894	31	12410	3715	4170	2895	1275	29	429	3.5833
human	PD10Mono6cell90	306661	137992	1506	69779	97384	21178	9138	12040	29	1023	4.1500
human	PD10Mono6cell91	40419	29581	14	9319	1505	2897	2224	673	26	303	3.6333
human	PD10Mono6cell92	56414	36175	62	6405	13772	3574	1368	2206	19	492	3.6166
human	PD10Mono6cell93	124985	55353	29	68121	1482	9292	8647	645	29	278	3.8000
human	PD10Mono6cell94	1045800	564967	8194	148837	323802	51170	15051	36119	32	2156	5.7000
human	PD10Mono6cell95	1886944	1096040	14419	91854	684631	95155	11457	83698	33	4178	7.4166
human	PD10Mono6cell96	93248	44941	621	15151	32535	10202	3094	7108	29	1371	3.7333
human	PD10Mono7cell1	4410458	2549343	28760	501632	1330723	114698	27270	87428	36	3316	12.7000
human	PD10Mono7cell2	3087918	1389801	19202	499475	1179440	107576	26525	81051	34	3084	9.8000
human	PD10Mono7cell3	1448664	758189	4799	294626	391050	52802	18793	34009	34	2265	6.5333
human	PD10Mono7cell4	1059270	644098	3959	126039	285174	27718	8066	19652	26	1533	5.7333
human	PD10Mono7cell5	2261601	1035327	10802	378407	837065	76874	21235	55639	32	2470	8.1333
human	PD10Mono7cell6	3443247	2002540	25560	456834	958313	92917	26924	65993	32	2950	10.5000
human	PD10Mono7cell7	4919663	2413164	37786	533899	1934814	153837	28077	125760	31	4165	13.4500
human	PD10Mono7cell8	1562357	447266	18236	314329	782526	70794	18860	51934	31	2548	6.6000
human	PD10Mono7cell9	1970949	868632	19104	401512	681701	83823	24770	59053	33	3094	7.5500
human	PD10Mono7cell10	2531521	1335801	10802	424356	760562	83528	24322	59206	33	2984	8.7000
human	PD10Mono7cell11	1895008	962944	8591	292750	630723	74664	19557	55107	32	2940	7.3666
human	PD10Mono7cell12	913483	541770	5390	115346	250977	29121	7972	21149	24	1807	5.4000
human	PD10Mono7cell13	218007	65723	173	146321	5790	13942	11939	2003	31	832	3.9666
human	PD10Mono7cell14	3283849	1861795	14983	411124	995947	98530	25583	72947	31	3138	10.1666
human	PD10Mono7cell15	3109942	1623899	21106	458951	1005986	103154	26800	76354	32	3267	9.9500
human	PD10Mono7cell16	1387975	358132	21669	209126	799048	82303	14995	67308	31	3123	6.2500
human	PD10Mono7cell17	2168683	1151747	11204	354169	651563	74196	21673	52523	26	2832	8.0333
human	PD10Mono7cell18	1794192	827518	9694	339532	617448	68039	19988	48051	30	2532	7.2333
human	PD10Mono7cell19	267832	113749	2430	89781	61872	15758	8539	7219	27	1061	4.0666
human	PD10Mono7cell20	1335883	825030	12585	135900	362368	35572	7992	27580	25	1975	6.3166
human	PD10Mono7cell21	2555176	1181501	23389	366679	983607	93380	22254	71126	29	3097	8.6166
human	PD10Mono7cell22	775789	280685	645	407763	86696	33146	24701	8445	31	1129	5.1666
human	PD10Mono7cell23	2873409	1376061	20564	460862	1015922	98882	27041	71841	29	2763	9.2000
human	PD10Mono7cell24	501786	138016	5788	211945	146037	26463	14750	11713	31	1205	4.6166
human	PD10Mono7cell25	1915343	866425	9104	394432	645382	76975	24467	52508	33	2674	7.4166
human	PD10Mono7cell26	2125889	929001	15996	569086	611806	70568	27313	43255	35	2349	7.8666
human	PD10Mono7cell27	2059097	1082426	12392	291684	672595	76112	19269	56843	29	3134	7.7500
human	PD10Mono7cell28	362167	184370	2492	37547	137758	16642	3638	13004	25	1627	4.3333
human	PD10Mono7cell29	1591810	755125	13433	265733	557519	56829	17116	39713	33	2345	6.7000
human	PD10Mono7cell30	3821159	1937970	22498	504730	1355961	128096	29134	98962	36	3734	11.2666
human	PD10Mono7cell31	227347	144166	691	24651	57839	13472	4441	9031	26	1820	3.9833
human	PD10Mono7cell32	463247	101404	4676	152736	204431	31516	12105	19411	35	1837	4.4166
human	PD10Mono7cell33	1658244	643523	13317	399332	602072	97806	32601	65205	30	2728	6.9000
human	PD10Mono7cell34	2927600	1469367	20068	374812	1063353	137225	31470	105755	26	3116	9.4000
human	PD10Mono7cell35	1630383	598249	19952	236686	775496	111061	21901	89160	29	3542	6.7333
human	PD10Mono7cell36	881604	548279	6866	117179	209280	33222	9634	23588	24	1716	5.4000
human	PD10Mono7cell37	1745698	739151	15248	166276	825023	108016	16900	91116	31	3407	6.9500
human	PD10Mono7cell38	2481048	1365690	11995	392000	711363	106647	35098	71549	34	2626	8.5333
human	PD10Mono7cell39	2698408	1363585	15043	371957	947823	123705	31261	92444	30	3155	9.0333
human	PD10Mono7cell40	680438	96398	6065	226270	351705	62904	21977	40927	31	1709	4.8500
human	PD10Mono7cell41	1784632	358268	24947	519703	881714	185608	58894	126714	33	2602	7.1000
human	PD10Mono7cell42	2607592	1403233	13823	490600	699936	161415	57424	103991	34	2352	8.7333
human	PD10Mono7cell43	1609470	591754	13089	248862	755765	146735	31099	115636	30	3526	6.7500
human	PD10Mono7cell44	271369	139099	33	128650	3587	17301	15705	1596	28	666	4.0833
human	PD10Mono7cell45	1036560	364179	2750	428310	241321	87722	51260	36462	28	1570	5.7333
human	PD10Mono7cell46	4327264	2108049	25439	557971	1635805	275632	62640	212992	32	3748	11.9833
human	PD10Mono7cell47	2476424	1149778	12222	356886	957538	171377	41702	129675	35	3193	8.4666
human	PD10Mono7cell48	2052540	1104592	14541	258020	675387	138448	34805	103643	30	2741	7.7333
human	PD10Mono7cell49	1792669	895320	6557	526649	364143	75525	37623	37902	35	1881	7.2166
human	PD10Mono7cell50	1227837	407308	14036	387276	419217	66702	28341	38361	32	1746	6.0333
human	PD10Mono7cell51	234136	101864	705	90122	41445	16598	10655	5943	31	1045	4.0166
human	PD10Mono7cell52	1226770	685521	13604	124773	402872	48660	10761	37899	29	2140	6.0666
human	PD10Mono7cell53	2839894	989551	28211	385107	1437025	156062	27419	128643	33	3586	8.9500
human	PD10Mono7cell54	2323102	1145781	13786	399603	763932	98789	30595	68194	30	2668	8.3833
human	PD10Mono7cell55	3076032	1657310	13421	348612	1056689	120837	26026	94811	24	3415	9.6500
human	PD10Mono7cell56	107306	56299	81	46683	4243	7759	6645	1114	34	517	3.7333
human	PD10Mono7cell57	2031807	862378	13731	405862	749836	172125	51454	120671	31	2963	7.6833
human	PD10Mono7cell58	2541416	1336029	15664	437868	751855	188117	58558	129559	29	2894	8.5833
human	PD10Mono7cell59	794435	211579	5143	245661	332052	92888	34914	57974	36	2513	5.1666
human	PD10Mono7cell60	135399	82427	366	15855	36751	12228	3839	8389	22	1071	3.8500
human	PD10Mono7cell61	3169540	1450816	41923	381944	1294857	251376	53010	198366	33	3344	9.8333
human	PD10Mono7cell62	4089964	2354308	35206	311778	1388672	254735	43059	211676	34	4566	11.6500
human	PD10Mono7cell63	348609	119294	387	178977	49951	38872	27456	11416	34	1371	4.2333
human	PD10Mono7cell64	1877604	1098993	15695	189034	573882	126137	28122	98015	28	3154	7.4833
human	PD10Mono7cell65	2770093	1552299	13231	441803	762760	94554	28879	65675	30	2706	9.1833
human	PD10Mono7cell66	719483	108865	146	516221	94251	39996	30339	9657	35	634	5.0166
human	PD10Mono7cell67	1052015	401976	6135	186731	457173	59088	15327	43761	29	2597	5.5666
human	PD10Mono7cell68	1749995	1001754	9976	261297	476968	52889	14226	38663	27	2110	7.2000
human	PD10Mono7cell69	512448	185465	2957	189376	134650	28998	15115	13883	26	1381	4.5666
human	PD10Mono7cell70	2812051	1289612	20885	488685	1012869	109868	32071	77797	32	2896	9.3166
human	PD10Mono7cell71	3950253	2304691	18936	398431	1228195	117539	26569	90970	33	3284	11.3833
human	PD10Mono7cell72	476728	240171	3478	67767	165312	27504	7562	19942	30	1888	4.5000
human	PD10Mono7cell73	1921487	902940	9261	365766	643520	83071	27219	55852	34	2301	7.4500
human	PD10Mono7cell74	338264	51152	4184	150237	132691	30743	14492	16251	31	1729	4.1833
human	PD10Mono7cell75	642935	130016	4481	311698	196740	46285	23940	22345	35	1689	4.8166
human	PD10Mono7cell76	1227675	704608	6146	190253	326668	41418	11772	29646	24	1970	6.0500
human	PD10Mono7cell77	541101	141641	3918	164229	231313	37315	14648	22667	26	1808	4.5833
human	PD10Mono7cell78	3576237	1955282	13425	440340	1167190	127628	30238	97390	36	3319	10.7333
human	PD10Mono7cell79	828734	120322	6619	254091	447702	64971	20069	44902	31	2590	5.1500
human	PD10Mono7cell80	104195	57543	599	15739	30314	9917	3151	6766	30	1611	3.7666
human	PD10Mono7cell81	138283	62795	700	19193	55595	25386	6512	18874	30	2082	3.7833
human	PD10Mono7cell82	2350828	1259782	16638	349688	724720	180447	50631	129816	30	2715	8.2166
human	PD10Mono7cell83	358186	80431	1093	165454	111208	47887	25678	22209	29	1195	4.2500
human	PD10Mono7cell84	742879	456668	4892	46136	235183	49576	8430	41146	24	2037	5.0666
human	PD10Mono7cell85	796667	321188	5194	84503	385782	97822	18445	79377	29	2820	5.1000
human	PD10Mono7cell86	991026	601085	7436	45119	337386	93339	11176	82163	31	4076	5.5833
human	PD10Mono7cell87	672951	321489	3904	53038	294520	83286	12189	71097	33	3323	4.8833
human	PD10Mono7cell88	272232	99758	2878	54414	115182	39159	12207	26952	29	1842	4.0666
human	PD10Mono7cell89	100354	45806	16	52524	2008	8356	7834	522	27	271	3.7500
human	PD10Mono7cell90	424102	261289	2718	52337	107758	23241	7596	15645	31	1581	4.3833
human	PD10Mono7cell91	84031	49581	259	11721	22470	8517	2564	5953	33	1387	3.7166
human	PD10Mono7cell92	124104	62937	509	12370	48288	10268	2141	8127	20	1456	3.7500
human	PD10Mono7cell93	149364	36103	2057	68902	42302	15062	9005	6057	35	756	3.8166
human	PD10Mono7cell94	658370	380021	3390	36577	238382	42612	6203	36409	30	3045	4.8833
human	PD10Mono7cell95	101859	49855	308	30101	21595	9525	5207	4318	29	901	3.7500
human	PD10Mono7cell96	191441	40950	755	121612	28124	17477	13470	4007	33	496	3.8666
human	PD10Mono8cell1	4173218	2239062	23939	630547	1279670	123007	35364	87643	30	3036	11.9833
human	PD10Mono8cell2	3712616	2077918	19195	636539	978964	102057	33556	68501	29	2635	11.0666
human	PD10Mono8cell3	2077703	1028211	11399	521524	516569	72362	29965	42397	31	2319	7.6833
human	PD10Mono8cell4	2194629	1306288	11469	187718	689154	60876	12649	48227	24	2373	7.9666
human	PD10Mono8cell5	3580209	1864840	25528	582921	1106920	102374	32711	69663	37	2397	10.5666
human	PD10Mono8cell6	1581312	960844	11212	211615	397641	53121	16836	36285	29	2578	6.6833
human	PD10Mono8cell7	4799071	2660226	18820	709502	1410523	130744	38375	92369	32	2927	12.8833
human	PD10Mono8cell8	2094403	1031325	11903	451505	599670	70397	26906	43491	30	2114	7.7666
human	PD10Mono8cell9	3576546	2048034	16854	477461	1034197	118055	32117	85938	34	3050	10.8333
human	PD10Mono8cell10	3588398	1816667	10585	595567	1165579	129228	37157	92071	32	2957	10.5000
human	PD10Mono8cell11	747320	306500	3113	231842	205865	40776	18933	21843	32	1803	4.9833
human	PD10Mono8cell12	697481	414553	2867	176302	103759	20777	11285	9492	26	863	5.0000
human	PD10Mono8cell13	554811	51473	97	498693	4548	34524	32893	1631	39	643	4.6666
human	PD10Mono8cell14	569592	286483	2285	142903	137921	30415	14298	16117	30	1797	4.6666
human	PD10Mono8cell15	5114308	3042102	27923	618307	1425976	148804	37914	110890	34	3271	14.0500
human	PD10Mono8cell16	1286456	175320	16461	318732	775943	97875	24350	73525	25	2773	6.0666
human	PD10Mono8cell17	2255486	1076105	18916	487708	672757	78631	28577	50054	32	2192	7.9833
human	PD10Mono8cell18	3087607	1494084	12261	529043	1052219	102254	29115	73139	26	2534	9.8000
human	PD10Mono8cell19	2321442	1282931	8024	406160	624327	76641	25678	50963	34	2650	8.1333
human	PD10Mono8cell20	1590794	931603	5022	234249	419920	45654	13206	32448	27	1897	6.7166
human	PD10Mono8cell21	2533574	1203400	11955	429840	888379	87134	26695	60439	30	2291	8.4333
human	PD10Mono8cell22	4864852	2326780	36425	696955	1804692	179798	40480	139318	32	3657	13.0166
human	PD10Mono8cell23	3870410	2039279	21661	645067	1164403	120937	37107	83830	29	2868	11.1166
human	PD10Mono8cell24	495853	272335	2168	42911	178439	29659	5662	23997	35	2506	4.5166
human	PD10Mono8cell25	2555772	1378755	13291	417289	746437	90732	27755	62977	32	2836	8.5666
human	PD10Mono8cell26	2686771	1315945	15595	502630	852601	94843	30112	64731	35	2707	9.1000
human	PD10Mono8cell27	1979932	936253	10152	432412	601115	81035	27763	53272	28	2483	7.5166
human	PD10Mono8cell28	1232065	714693	6944	194384	316044	38165	12211	25954	25	1757	6.0833
human	PD10Mono8cell29	1007763	271107	12413	436913	287330	49296	26724	22572	31	1370	5.6166
human	PD10Mono8cell30	577441	244961	2284	146809	183387	32684	13544	19140	28	1965	4.7000
human	PD10Mono8cell31	1647129	688043	17226	188286	753574	89789	16332	73457	35	3845	6.5666
human	PD10Mono8cell32	196048	93270	2280	22309	78189	18537	4180	14357	31	2326	3.9333
human	PD10Mono8cell33	297764	89125	2798	133903	71938	25326	15434	9892	31	1199	4.0333
human	PD10Mono8cell34	235497	92763	1450	66636	74648	21067	9273	11794	28	1390	4.0000
human	PD10Mono8cell35	645060	142243	2080	350629	150108	47951	29206	18745	27	1270	4.7166
human	PD10Mono8cell36	521296	285592	1387	109436	124881	24296	9773	14523	23	1308	4.6333
human	PD10Mono8cell37	1807935	249236	42894	532905	982900	140453	42439	98014	30	2506	7.1500
human	PD10Mono8cell38	1851684	577824	14164	292812	966884	137002	28300	108702	33	3272	7.1000
human	PD10Mono8cell39	4199649	2184232	21707	712269	1281441	180886	55058	125828	33	3087	11.5666
human	PD10Mono8cell40	1656658	260921	17920	308295	1069522	150276	28446	121830	30	3154	6.6166
human	PD10Mono8cell41	984180	91078	9183	547159	336760	121864	70135	51729	32	1423	5.4666
human	PD10Mono8cell42	4504991	2291664	33829	603782	1575716	345084	77778	267306	34	3770	12.6166
human	PD10Mono8cell43	787288	244462	1858	323592	217376	80275	44500	35775	33	1418	5.0000
human	PD10Mono8cell44	517884	241394	354	242117	34019	35104	29416	5688	30	570	4.6166
human	PD10Mono8cell45	2920114	1488753	21618	350266	1059477	225044	50435	174609	31	3113	9.5500
human	PD10Mono8cell46	733989	338718	285	340479	54507	59964	48548	11416	30	1219	5.0333
human	PD10Mono8cell47	5123654	1991222	47001	535209	2550222	442624	66212	376412	34	4507	13.1333
human	PD10Mono8cell48	1233785	589816	9687	114959	519323	122473	21313	101160	31	3110	6.0166
human	PD10Mono8cell49	3198411	1615227	13519	583378	986287	133081	43841	89240	32	2623	10.0000
human	PD10Mono8cell50	3167976	1638740	16163	638288	874785	132694	47019	85675	33	2425	9.7000
human	PD10Mono8cell51	1868737	941543	10366	404150	512678	90321	32262	58059	32	2424	7.1166
human	PD10Mono8cell52	245299	141065	61	103393	780	9720	9272	448	31	269	4.1333
human	PD10Mono8cell53	1434962	303110	19087	505077	607688	97391	39401	57990	31	1790	6.2666
human	PD10Mono8cell54	291835	139392	2326	36477	113640	30586	6685	23901	29	2793	4.0666
human	PD10Mono8cell55	3004917	826713	25385	605743	1547076	190790	45826	144964	37	3236	9.2500
human	PD10Mono8cell56	1255666	140977	14215	316235	784239	120004	30033	89971	29	2609	5.8500
human	PD10Mono8cell57	3750987	2074415	10258	488530	1177784	247021	68918	178103	29	2866	10.9000
human	PD10Mono8cell58	1645845	947211	5953	263261	429420	130807	43857	86950	35	2655	6.7500
human	PD10Mono8cell59	1691463	724568	10970	362044	593881	154507	52822	101685	32	2558	6.8500
human	PD10Mono8cell60	1724537	978976	5619	254273	485669	105090	30090	75000	27	2012	7.0666
human	PD10Mono8cell61	1867742	410486	20680	546765	889811	215284	76106	139178	27	2286	7.0000
human	PD10Mono8cell62	951509	448807	7491	85836	409375	114590	18938	95652	30	3751	5.5000
human	PD10Mono8cell63	727069	133931	142	584608	8388	77833	72848	4985	34	1397	5.0166
human	PD10Mono8cell64	818591	121278	9209	347876	340228	113313	51271	62042	32	1824	5.1833
human	PD10Mono8cell65	4255888	2491048	17564	519982	1227294	136514	36481	100033	33	2559	11.7000
human	PD10Mono8cell66	726520	22867	2254	654428	46971	49030	43661	5369	33	682	4.9333
human	PD10Mono8cell67	1978621	893382	12927	429404	642908	87330	31586	55744	29	2443	7.4333
human	PD10Mono8cell68	667926	272233	743	297119	97831	31631	22320	9311	31	887	4.8000
human	PD10Mono8cell69	570046	105828	26	456948	7244	34401	33202	1199	33	415	4.7000
human	PD10Mono8cell70	776964	318362	38	451957	6607	36490	35061	1429	29	563	5.0666
human	PD10Mono8cell71	403531	167508	23	231870	4130	22301	20970	1331	31	645	4.3000
human	PD10Mono8cell72	434604	115638	21	316852	2093	26438	25802	636	33	382	4.4166
human	PD10Mono8cell73	2154841	747796	12354	587507	807184	124720	43056	81664	32	3003	7.8166
human	PD10Mono8cell74	1964327	838260	13689	381194	731184	103889	30570	73319	29	2694	7.3166
human	PD10Mono8cell75	1331796	289613	9287	433818	599078	95045	34004	61041	28	2304	6.1666
human	PD10Mono8cell76	70831	36671	450	7835	25875	7315	1762	5553	17	1211	3.5500
human	PD10Mono8cell77	163490	90954	21	70132	2383	11063	9984	1079	28	589	3.7166
human	PD10Mono8cell78	598482	256639	5540	80555	255748	49791	11294	38497	32	3147	4.7166
human	PD10Mono8cell79	242112	101600	3472	91858	45182	19043	12059	6984	31	1380	4.0666
human	PD10Mono8cell80	166012	78851	45	82498	4618	12533	10786	1747	28	848	3.8333
human	PD10Mono8cell81	2337108	1289720	10335	540944	496109	173187	76888	96299	33	2098	7.9666
human	PD10Mono8cell82	79994	29216	42	48588	2148	15864	14336	1528	31	608	3.6500
human	PD10Mono8cell83	166702	89850	326	48053	28473	22384	13243	9141	29	1246	3.8500
human	PD10Mono8cell84	344913	160080	95	181223	3515	26084	24755	1329	27	410	4.1500
human	PD10Mono8cell85	271978	77047	108	190441	4382	38302	37381	921	28	309	4.0166
human	PD10Mono8cell86	353688	228511	219	119760	5198	27686	25837	1849	28	631	4.1833
human	PD10Mono8cell87	118992	63216	17	53401	2358	15523	14542	981	35	438	3.7166
human	PD10Mono8cell88	756646	145226	8299	237149	365972	106814	42452	64362	33	1489	4.7333
human	PD10Mono8cell89	616208	140038	3778	256417	215975	52684	25230	27454	27	1252	4.6000
human	PD10Mono8cell90	276817	31888	2825	117861	124243	32928	15089	17839	28	1217	3.8666
human	PD10Mono8cell91	511529	243299	3049	111354	153827	35465	13446	22019	25	1679	4.4833
human	PD10Mono8cell92	249165	144557	1515	27705	75388	15197	4027	11170	24	1211	3.9833
human	PD10Mono8cell93	100396	40253	4	58674	1465	9415	8928	487	29	237	3.5166
human	PD10Mono8cell94	313162	200135	64	108920	4043	15779	14884	895	29	367	4.0833
human	PD10Mono8cell95	72848	39029	10	33021	788	6809	6365	444	30	297	3.6000
human	PD10Mono8cell96	132049	64041	919	41203	25886	11872	7252	4620	31	855	3.7166
