cluster	gene	size	boundary	avgExpr	cvExpr	avgCor	cvCor	protein_coding	lncRNA	sncRNA	pseudogene	Ig/TcR	tf
M2	MTCO1P12	17	9199:9215	1225.11104731887	0.734624386652802	0.225374346499505	0.520992030468997	0.588235294117647	0	0.117647058823529	0.294117647058824	0	0
M2	TPT1	17	9199:9215	1225.11104731887	0.734624386652802	0.225374346499505	0.520992030468997	0.588235294117647	0	0.117647058823529	0.294117647058824	0	0
M2	EEF1A1P6	17	9199:9215	1225.11104731887	0.734624386652802	0.225374346499505	0.520992030468997	0.588235294117647	0	0.117647058823529	0.294117647058824	0	0
M2	MIR1244-3	17	9199:9215	1225.11104731887	0.734624386652802	0.225374346499505	0.520992030468997	0.588235294117647	0	0.117647058823529	0.294117647058824	0	0
M2	VIM	17	9199:9215	1225.11104731887	0.734624386652802	0.225374346499505	0.520992030468997	0.588235294117647	0	0.117647058823529	0.294117647058824	0	0
M2	HNRNPA1	17	9199:9215	1225.11104731887	0.734624386652802	0.225374346499505	0.520992030468997	0.588235294117647	0	0.117647058823529	0.294117647058824	0	0
M2	STAG2	17	9199:9215	1225.11104731887	0.734624386652802	0.225374346499505	0.520992030468997	0.588235294117647	0	0.117647058823529	0.294117647058824	0	0
M2	MIR1244-2	17	9199:9215	1225.11104731887	0.734624386652802	0.225374346499505	0.520992030468997	0.588235294117647	0	0.117647058823529	0.294117647058824	0	0
M2	EEF1A1	17	9199:9215	1225.11104731887	0.734624386652802	0.225374346499505	0.520992030468997	0.588235294117647	0	0.117647058823529	0.294117647058824	0	0
M2	PTMAP5	17	9199:9215	1225.11104731887	0.734624386652802	0.225374346499505	0.520992030468997	0.588235294117647	0	0.117647058823529	0.294117647058824	0	0
M2	RHOA	17	9199:9215	1225.11104731887	0.734624386652802	0.225374346499505	0.520992030468997	0.588235294117647	0	0.117647058823529	0.294117647058824	0	0
M2	ACTG1	17	9199:9215	1225.11104731887	0.734624386652802	0.225374346499505	0.520992030468997	0.588235294117647	0	0.117647058823529	0.294117647058824	0	0
M2	EIF3E	17	9199:9215	1225.11104731887	0.734624386652802	0.225374346499505	0.520992030468997	0.588235294117647	0	0.117647058823529	0.294117647058824	0	0
M2	HNRNPA1P48	17	9199:9215	1225.11104731887	0.734624386652802	0.225374346499505	0.520992030468997	0.588235294117647	0	0.117647058823529	0.294117647058824	0	0
M2	EEF1A1P5	17	9199:9215	1225.11104731887	0.734624386652802	0.225374346499505	0.520992030468997	0.588235294117647	0	0.117647058823529	0.294117647058824	0	0
M2	ACTB	17	9199:9215	1225.11104731887	0.734624386652802	0.225374346499505	0.520992030468997	0.588235294117647	0	0.117647058823529	0.294117647058824	0	0
M2	MT-CO1	17	9199:9215	1225.11104731887	0.734624386652802	0.225374346499505	0.520992030468997	0.588235294117647	0	0.117647058823529	0.294117647058824	0	0
M17	SLC26A2	10	9216:9225	243.359813999146	1.54624207819683	0.168619028655383	0.377698919793124	0.9	0.1	0	0	0	0.2
M17	TM4SF1	10	9216:9225	243.359813999146	1.54624207819683	0.168619028655383	0.377698919793124	0.9	0.1	0	0	0	0.2
M17	SEMA5A	10	9216:9225	243.359813999146	1.54624207819683	0.168619028655383	0.377698919793124	0.9	0.1	0	0	0	0.2
M17	ENPP2	10	9216:9225	243.359813999146	1.54624207819683	0.168619028655383	0.377698919793124	0.9	0.1	0	0	0	0.2
M17	SYNPO2	10	9216:9225	243.359813999146	1.54624207819683	0.168619028655383	0.377698919793124	0.9	0.1	0	0	0	0.2
M17	FENDRR	10	9216:9225	243.359813999146	1.54624207819683	0.168619028655383	0.377698919793124	0.9	0.1	0	0	0	0.2
M17	SEMA3A	10	9216:9225	243.359813999146	1.54624207819683	0.168619028655383	0.377698919793124	0.9	0.1	0	0	0	0.2
M17	TBX3	10	9216:9225	243.359813999146	1.54624207819683	0.168619028655383	0.377698919793124	0.9	0.1	0	0	0	0.2
M17	NRG1	10	9216:9225	243.359813999146	1.54624207819683	0.168619028655383	0.377698919793124	0.9	0.1	0	0	0	0.2
M17	ZEB1	10	9216:9225	243.359813999146	1.54624207819683	0.168619028655383	0.377698919793124	0.9	0.1	0	0	0	0.2
M3	TMEM100	17	9226:9242	908.112581281308	1.30105998142634	0.189701106980499	0.452799964290479	1	0	0	0	0	0
M3	SLITRK6	17	9226:9242	908.112581281308	1.30105998142634	0.189701106980499	0.452799964290479	1	0	0	0	0	0
M3	MMP1	17	9226:9242	908.112581281308	1.30105998142634	0.189701106980499	0.452799964290479	1	0	0	0	0	0
M3	OLFM1	17	9226:9242	908.112581281308	1.30105998142634	0.189701106980499	0.452799964290479	1	0	0	0	0	0
M3	NSG1	17	9226:9242	908.112581281308	1.30105998142634	0.189701106980499	0.452799964290479	1	0	0	0	0	0
M3	MAMDC2	17	9226:9242	908.112581281308	1.30105998142634	0.189701106980499	0.452799964290479	1	0	0	0	0	0
M3	LAMB1	17	9226:9242	908.112581281308	1.30105998142634	0.189701106980499	0.452799964290479	1	0	0	0	0	0
M3	PXDN	17	9226:9242	908.112581281308	1.30105998142634	0.189701106980499	0.452799964290479	1	0	0	0	0	0
M3	CXCL14	17	9226:9242	908.112581281308	1.30105998142634	0.189701106980499	0.452799964290479	1	0	0	0	0	0
M3	POSTN	17	9226:9242	908.112581281308	1.30105998142634	0.189701106980499	0.452799964290479	1	0	0	0	0	0
M3	GFRA1	17	9226:9242	908.112581281308	1.30105998142634	0.189701106980499	0.452799964290479	1	0	0	0	0	0
M3	LAMC1	17	9226:9242	908.112581281308	1.30105998142634	0.189701106980499	0.452799964290479	1	0	0	0	0	0
M3	LAMA4	17	9226:9242	908.112581281308	1.30105998142634	0.189701106980499	0.452799964290479	1	0	0	0	0	0
M3	AKAP12	17	9226:9242	908.112581281308	1.30105998142634	0.189701106980499	0.452799964290479	1	0	0	0	0	0
M3	HHIP	17	9226:9242	908.112581281308	1.30105998142634	0.189701106980499	0.452799964290479	1	0	0	0	0	0
M3	CDH13	17	9226:9242	908.112581281308	1.30105998142634	0.189701106980499	0.452799964290479	1	0	0	0	0	0
M3	VCAN	17	9226:9242	908.112581281308	1.30105998142634	0.189701106980499	0.452799964290479	1	0	0	0	0	0
M18	ZNF395	10	9243:9252	120.888545354136	2.20454754047594	0.132470004056463	0.768010864004558	0.8	0.1	0	0.1	0	0.2
M18	AHCTF1	10	9243:9252	120.888545354136	2.20454754047594	0.132470004056463	0.768010864004558	0.8	0.1	0	0.1	0	0.2
M18	KBTBD4	10	9243:9252	120.888545354136	2.20454754047594	0.132470004056463	0.768010864004558	0.8	0.1	0	0.1	0	0.2
M18	FNBP4	10	9243:9252	120.888545354136	2.20454754047594	0.132470004056463	0.768010864004558	0.8	0.1	0	0.1	0	0.2
M18	NBPF1	10	9243:9252	120.888545354136	2.20454754047594	0.132470004056463	0.768010864004558	0.8	0.1	0	0.1	0	0.2
M18	ASXL2	10	9243:9252	120.888545354136	2.20454754047594	0.132470004056463	0.768010864004558	0.8	0.1	0	0.1	0	0.2
M18	HECTD4	10	9243:9252	120.888545354136	2.20454754047594	0.132470004056463	0.768010864004558	0.8	0.1	0	0.1	0	0.2
M18	AC240274.1	10	9243:9252	120.888545354136	2.20454754047594	0.132470004056463	0.768010864004558	0.8	0.1	0	0.1	0	0.2
M18	AC009487.6	10	9243:9252	120.888545354136	2.20454754047594	0.132470004056463	0.768010864004558	0.8	0.1	0	0.1	0	0.2
M18	RP11-342K6.1	10	9243:9252	120.888545354136	2.20454754047594	0.132470004056463	0.768010864004558	0.8	0.1	0	0.1	0	0.2
M19	RPSAP12	10	9253:9262	125.024384292546	1.95621776149305	0.165607173053249	0.726774251934535	0.6	0	0	0.4	0	0
M19	CUL7	10	9253:9262	125.024384292546	1.95621776149305	0.165607173053249	0.726774251934535	0.6	0	0	0.4	0	0
M19	ABCA6	10	9253:9262	125.024384292546	1.95621776149305	0.165607173053249	0.726774251934535	0.6	0	0	0.4	0	0
M19	CALR	10	9253:9262	125.024384292546	1.95621776149305	0.165607173053249	0.726774251934535	0.6	0	0	0.4	0	0
M19	RPSAP58	10	9253:9262	125.024384292546	1.95621776149305	0.165607173053249	0.726774251934535	0.6	0	0	0.4	0	0
M19	RPSAP19	10	9253:9262	125.024384292546	1.95621776149305	0.165607173053249	0.726774251934535	0.6	0	0	0.4	0	0
M19	RPSAP15	10	9253:9262	125.024384292546	1.95621776149305	0.165607173053249	0.726774251934535	0.6	0	0	0.4	0	0
M19	TTYH2	10	9253:9262	125.024384292546	1.95621776149305	0.165607173053249	0.726774251934535	0.6	0	0	0.4	0	0
M19	RPSA	10	9253:9262	125.024384292546	1.95621776149305	0.165607173053249	0.726774251934535	0.6	0	0	0.4	0	0
M19	KIAA0895L	10	9253:9262	125.024384292546	1.95621776149305	0.165607173053249	0.726774251934535	0.6	0	0	0.4	0	0
M7	RPL6P27	14	9263:9276	595.503300484301	0.83796541323329	0.213926464247537	0.619404317386243	0.357142857142857	0	0	0.642857142857143	0	0
M7	RPS23P8	14	9263:9276	595.503300484301	0.83796541323329	0.213926464247537	0.619404317386243	0.357142857142857	0	0	0.642857142857143	0	0
M7	RPL41	14	9263:9276	595.503300484301	0.83796541323329	0.213926464247537	0.619404317386243	0.357142857142857	0	0	0.642857142857143	0	0
M7	RP11-234A1.1	14	9263:9276	595.503300484301	0.83796541323329	0.213926464247537	0.619404317386243	0.357142857142857	0	0	0.642857142857143	0	0
M7	RPS18	14	9263:9276	595.503300484301	0.83796541323329	0.213926464247537	0.619404317386243	0.357142857142857	0	0	0.642857142857143	0	0
M7	RPL9P9	14	9263:9276	595.503300484301	0.83796541323329	0.213926464247537	0.619404317386243	0.357142857142857	0	0	0.642857142857143	0	0
M7	RPL9	14	9263:9276	595.503300484301	0.83796541323329	0.213926464247537	0.619404317386243	0.357142857142857	0	0	0.642857142857143	0	0
M7	RPL6	14	9263:9276	595.503300484301	0.83796541323329	0.213926464247537	0.619404317386243	0.357142857142857	0	0	0.642857142857143	0	0
M7	RP11-20O24.4	14	9263:9276	595.503300484301	0.83796541323329	0.213926464247537	0.619404317386243	0.357142857142857	0	0	0.642857142857143	0	0
M7	RP11-592N21.1	14	9263:9276	595.503300484301	0.83796541323329	0.213926464247537	0.619404317386243	0.357142857142857	0	0	0.642857142857143	0	0
M7	RP4-706A16.3	14	9263:9276	595.503300484301	0.83796541323329	0.213926464247537	0.619404317386243	0.357142857142857	0	0	0.642857142857143	0	0
M7	RPL9P7	14	9263:9276	595.503300484301	0.83796541323329	0.213926464247537	0.619404317386243	0.357142857142857	0	0	0.642857142857143	0	0
M7	RP11-408P14.1	14	9263:9276	595.503300484301	0.83796541323329	0.213926464247537	0.619404317386243	0.357142857142857	0	0	0.642857142857143	0	0
M7	RPS23	14	9263:9276	595.503300484301	0.83796541323329	0.213926464247537	0.619404317386243	0.357142857142857	0	0	0.642857142857143	0	0
M8	RPS6	14	9277:9290	1176.03889044669	0.637142947961599	0.275546742118916	0.347896618148011	0.785714285714286	0	0	0.214285714285714	0	0
M8	RPL38	14	9277:9290	1176.03889044669	0.637142947961599	0.275546742118916	0.347896618148011	0.785714285714286	0	0	0.214285714285714	0	0
M8	RPS12	14	9277:9290	1176.03889044669	0.637142947961599	0.275546742118916	0.347896618148011	0.785714285714286	0	0	0.214285714285714	0	0
M8	RPL5	14	9277:9290	1176.03889044669	0.637142947961599	0.275546742118916	0.347896618148011	0.785714285714286	0	0	0.214285714285714	0	0
M8	RPL13AP7	14	9277:9290	1176.03889044669	0.637142947961599	0.275546742118916	0.347896618148011	0.785714285714286	0	0	0.214285714285714	0	0
M8	RPL22	14	9277:9290	1176.03889044669	0.637142947961599	0.275546742118916	0.347896618148011	0.785714285714286	0	0	0.214285714285714	0	0
M8	RPL13AP25	14	9277:9290	1176.03889044669	0.637142947961599	0.275546742118916	0.347896618148011	0.785714285714286	0	0	0.214285714285714	0	0
M8	RPL23	14	9277:9290	1176.03889044669	0.637142947961599	0.275546742118916	0.347896618148011	0.785714285714286	0	0	0.214285714285714	0	0
M8	RPL4	14	9277:9290	1176.03889044669	0.637142947961599	0.275546742118916	0.347896618148011	0.785714285714286	0	0	0.214285714285714	0	0
M8	RPL7A	14	9277:9290	1176.03889044669	0.637142947961599	0.275546742118916	0.347896618148011	0.785714285714286	0	0	0.214285714285714	0	0
M8	RPL13AP5	14	9277:9290	1176.03889044669	0.637142947961599	0.275546742118916	0.347896618148011	0.785714285714286	0	0	0.214285714285714	0	0
M8	RPL13A	14	9277:9290	1176.03889044669	0.637142947961599	0.275546742118916	0.347896618148011	0.785714285714286	0	0	0.214285714285714	0	0
M8	RPS3	14	9277:9290	1176.03889044669	0.637142947961599	0.275546742118916	0.347896618148011	0.785714285714286	0	0	0.214285714285714	0	0
M8	RPLP1	14	9277:9290	1176.03889044669	0.637142947961599	0.275546742118916	0.347896618148011	0.785714285714286	0	0	0.214285714285714	0	0
M5	RP11-478C6.4	15	9291:9305	1128.26394542469	0.624153521468743	0.235829362733963	0.372806953484615	0.8	0	0	0.2	0	0
M5	RPS15A	15	9291:9305	1128.26394542469	0.624153521468743	0.235829362733963	0.372806953484615	0.8	0	0	0.2	0	0
M5	RPL37A	15	9291:9305	1128.26394542469	0.624153521468743	0.235829362733963	0.372806953484615	0.8	0	0	0.2	0	0
M5	RPL34	15	9291:9305	1128.26394542469	0.624153521468743	0.235829362733963	0.372806953484615	0.8	0	0	0.2	0	0
M5	RPL27A	15	9291:9305	1128.26394542469	0.624153521468743	0.235829362733963	0.372806953484615	0.8	0	0	0.2	0	0
M5	RPL31	15	9291:9305	1128.26394542469	0.624153521468743	0.235829362733963	0.372806953484615	0.8	0	0	0.2	0	0
M5	RPL11	15	9291:9305	1128.26394542469	0.624153521468743	0.235829362733963	0.372806953484615	0.8	0	0	0.2	0	0
M5	RPL3P4	15	9291:9305	1128.26394542469	0.624153521468743	0.235829362733963	0.372806953484615	0.8	0	0	0.2	0	0
M5	RPL3	15	9291:9305	1128.26394542469	0.624153521468743	0.235829362733963	0.372806953484615	0.8	0	0	0.2	0	0
M5	RPL26	15	9291:9305	1128.26394542469	0.624153521468743	0.235829362733963	0.372806953484615	0.8	0	0	0.2	0	0
M5	RPS17	15	9291:9305	1128.26394542469	0.624153521468743	0.235829362733963	0.372806953484615	0.8	0	0	0.2	0	0
M5	RPL27	15	9291:9305	1128.26394542469	0.624153521468743	0.235829362733963	0.372806953484615	0.8	0	0	0.2	0	0
M5	RPS24	15	9291:9305	1128.26394542469	0.624153521468743	0.235829362733963	0.372806953484615	0.8	0	0	0.2	0	0
M5	RPL10AP6	15	9291:9305	1128.26394542469	0.624153521468743	0.235829362733963	0.372806953484615	0.8	0	0	0.2	0	0
M5	RPL10A	15	9291:9305	1128.26394542469	0.624153521468743	0.235829362733963	0.372806953484615	0.8	0	0	0.2	0	0
M20	HDLBP	10	9306:9315	181.447799195534	2.30735108865092	0.122937772582646	0.46600196337469	1	0	0	0	0	0.1
M20	GNL2	10	9306:9315	181.447799195534	2.30735108865092	0.122937772582646	0.46600196337469	1	0	0	0	0	0.1
M20	RCAN2	10	9306:9315	181.447799195534	2.30735108865092	0.122937772582646	0.46600196337469	1	0	0	0	0	0.1
M20	SECISBP2L	10	9306:9315	181.447799195534	2.30735108865092	0.122937772582646	0.46600196337469	1	0	0	0	0	0.1
M20	AHCYL2	10	9306:9315	181.447799195534	2.30735108865092	0.122937772582646	0.46600196337469	1	0	0	0	0	0.1
M20	NMD3	10	9306:9315	181.447799195534	2.30735108865092	0.122937772582646	0.46600196337469	1	0	0	0	0	0.1
M20	PLAU	10	9306:9315	181.447799195534	2.30735108865092	0.122937772582646	0.46600196337469	1	0	0	0	0	0.1
M20	PPP1R3C	10	9306:9315	181.447799195534	2.30735108865092	0.122937772582646	0.46600196337469	1	0	0	0	0	0.1
M20	ZSCAN2	10	9306:9315	181.447799195534	2.30735108865092	0.122937772582646	0.46600196337469	1	0	0	0	0	0.1
M20	GSK3B	10	9306:9315	181.447799195534	2.30735108865092	0.122937772582646	0.46600196337469	1	0	0	0	0	0.1
M21	RP11-423H2.1	10	9316:9325	55.9028822200185	2.2731297017664	0.102829247657446	0.819387781970626	0.8	0.1	0	0.1	0	0
M21	SNX14	10	9316:9325	55.9028822200185	2.2731297017664	0.102829247657446	0.819387781970626	0.8	0.1	0	0.1	0	0
M21	PCSK5	10	9316:9325	55.9028822200185	2.2731297017664	0.102829247657446	0.819387781970626	0.8	0.1	0	0.1	0	0
M21	IBTK	10	9316:9325	55.9028822200185	2.2731297017664	0.102829247657446	0.819387781970626	0.8	0.1	0	0.1	0	0
M21	RAB3D	10	9316:9325	55.9028822200185	2.2731297017664	0.102829247657446	0.819387781970626	0.8	0.1	0	0.1	0	0
M21	KCNK5	10	9316:9325	55.9028822200185	2.2731297017664	0.102829247657446	0.819387781970626	0.8	0.1	0	0.1	0	0
M21	THOC3	10	9316:9325	55.9028822200185	2.2731297017664	0.102829247657446	0.819387781970626	0.8	0.1	0	0.1	0	0
M21	CCT8	10	9316:9325	55.9028822200185	2.2731297017664	0.102829247657446	0.819387781970626	0.8	0.1	0	0.1	0	0
M21	RP11-774O3.3	10	9316:9325	55.9028822200185	2.2731297017664	0.102829247657446	0.819387781970626	0.8	0.1	0	0.1	0	0
M21	PPARGC1B	10	9316:9325	55.9028822200185	2.2731297017664	0.102829247657446	0.819387781970626	0.8	0.1	0	0.1	0	0
M6	NCF2	15	9326:9340	482.456064799296	2.43129499853104	0.180122235514835	0.473797408790761	0.866666666666667	0	0	0	0.133333333333333	0.0666666666666667
M6	HNRNPDL	15	9326:9340	482.456064799296	2.43129499853104	0.180122235514835	0.473797408790761	0.866666666666667	0	0	0	0.133333333333333	0.0666666666666667
M6	TPX2	15	9326:9340	482.456064799296	2.43129499853104	0.180122235514835	0.473797408790761	0.866666666666667	0	0	0	0.133333333333333	0.0666666666666667
M6	SSRP1	15	9326:9340	482.456064799296	2.43129499853104	0.180122235514835	0.473797408790761	0.866666666666667	0	0	0	0.133333333333333	0.0666666666666667
M6	GRK3	15	9326:9340	482.456064799296	2.43129499853104	0.180122235514835	0.473797408790761	0.866666666666667	0	0	0	0.133333333333333	0.0666666666666667
M6	LCP1	15	9326:9340	482.456064799296	2.43129499853104	0.180122235514835	0.473797408790761	0.866666666666667	0	0	0	0.133333333333333	0.0666666666666667
M6	CLSPN	15	9326:9340	482.456064799296	2.43129499853104	0.180122235514835	0.473797408790761	0.866666666666667	0	0	0	0.133333333333333	0.0666666666666667
M6	IGHM	15	9326:9340	482.456064799296	2.43129499853104	0.180122235514835	0.473797408790761	0.866666666666667	0	0	0	0.133333333333333	0.0666666666666667
M6	HLA-DPB1	15	9326:9340	482.456064799296	2.43129499853104	0.180122235514835	0.473797408790761	0.866666666666667	0	0	0	0.133333333333333	0.0666666666666667
M6	MKI67	15	9326:9340	482.456064799296	2.43129499853104	0.180122235514835	0.473797408790761	0.866666666666667	0	0	0	0.133333333333333	0.0666666666666667
M6	KPNB1	15	9326:9340	482.456064799296	2.43129499853104	0.180122235514835	0.473797408790761	0.866666666666667	0	0	0	0.133333333333333	0.0666666666666667
M6	IGLC2	15	9326:9340	482.456064799296	2.43129499853104	0.180122235514835	0.473797408790761	0.866666666666667	0	0	0	0.133333333333333	0.0666666666666667
M6	ITGAL	15	9326:9340	482.456064799296	2.43129499853104	0.180122235514835	0.473797408790761	0.866666666666667	0	0	0	0.133333333333333	0.0666666666666667
M6	MYL6	15	9326:9340	482.456064799296	2.43129499853104	0.180122235514835	0.473797408790761	0.866666666666667	0	0	0	0.133333333333333	0.0666666666666667
M6	TMSB10	15	9326:9340	482.456064799296	2.43129499853104	0.180122235514835	0.473797408790761	0.866666666666667	0	0	0	0.133333333333333	0.0666666666666667
M9	FGF13	12	9341:9352	30.9227505355585	3.17689942712329	0.116008245536147	0.538527344421197	0.75	0.25	0	0	0	0
M9	RP11-499P20.2	12	9341:9352	30.9227505355585	3.17689942712329	0.116008245536147	0.538527344421197	0.75	0.25	0	0	0	0
M9	TBXAS1	12	9341:9352	30.9227505355585	3.17689942712329	0.116008245536147	0.538527344421197	0.75	0.25	0	0	0	0
M9	DCLK2	12	9341:9352	30.9227505355585	3.17689942712329	0.116008245536147	0.538527344421197	0.75	0.25	0	0	0	0
M9	CTD-2014B16.3	12	9341:9352	30.9227505355585	3.17689942712329	0.116008245536147	0.538527344421197	0.75	0.25	0	0	0	0
M9	TEP1	12	9341:9352	30.9227505355585	3.17689942712329	0.116008245536147	0.538527344421197	0.75	0.25	0	0	0	0
M9	SETD4	12	9341:9352	30.9227505355585	3.17689942712329	0.116008245536147	0.538527344421197	0.75	0.25	0	0	0	0
M9	RARRES3	12	9341:9352	30.9227505355585	3.17689942712329	0.116008245536147	0.538527344421197	0.75	0.25	0	0	0	0
M9	VCPKMT	12	9341:9352	30.9227505355585	3.17689942712329	0.116008245536147	0.538527344421197	0.75	0.25	0	0	0	0
M9	RP11-626G3.1	12	9341:9352	30.9227505355585	3.17689942712329	0.116008245536147	0.538527344421197	0.75	0.25	0	0	0	0
M9	ELAC1	12	9341:9352	30.9227505355585	3.17689942712329	0.116008245536147	0.538527344421197	0.75	0.25	0	0	0	0
M9	COX19	12	9341:9352	30.9227505355585	3.17689942712329	0.116008245536147	0.538527344421197	0.75	0.25	0	0	0	0
M10	RP11-332H14.2	12	9353:9364	17.6404638899267	3.58415135500997	0.139668253987319	0.491078687450177	0.5	0.416666666666667	0	0.0833333333333333	0	0
M10	ATP8B4	12	9353:9364	17.6404638899267	3.58415135500997	0.139668253987319	0.491078687450177	0.5	0.416666666666667	0	0.0833333333333333	0	0
M10	CTD-2199O4.1	12	9353:9364	17.6404638899267	3.58415135500997	0.139668253987319	0.491078687450177	0.5	0.416666666666667	0	0.0833333333333333	0	0
M10	RP11-158L12.4	12	9353:9364	17.6404638899267	3.58415135500997	0.139668253987319	0.491078687450177	0.5	0.416666666666667	0	0.0833333333333333	0	0
M10	RP13-228J13.8	12	9353:9364	17.6404638899267	3.58415135500997	0.139668253987319	0.491078687450177	0.5	0.416666666666667	0	0.0833333333333333	0	0
M10	TMEM44	12	9353:9364	17.6404638899267	3.58415135500997	0.139668253987319	0.491078687450177	0.5	0.416666666666667	0	0.0833333333333333	0	0
M10	RP11-864N7.4	12	9353:9364	17.6404638899267	3.58415135500997	0.139668253987319	0.491078687450177	0.5	0.416666666666667	0	0.0833333333333333	0	0
M10	IL1RN	12	9353:9364	17.6404638899267	3.58415135500997	0.139668253987319	0.491078687450177	0.5	0.416666666666667	0	0.0833333333333333	0	0
M10	RP4-671O14.7	12	9353:9364	17.6404638899267	3.58415135500997	0.139668253987319	0.491078687450177	0.5	0.416666666666667	0	0.0833333333333333	0	0
M10	RP11-986E7.7	12	9353:9364	17.6404638899267	3.58415135500997	0.139668253987319	0.491078687450177	0.5	0.416666666666667	0	0.0833333333333333	0	0
M10	RUBCN	12	9353:9364	17.6404638899267	3.58415135500997	0.139668253987319	0.491078687450177	0.5	0.416666666666667	0	0.0833333333333333	0	0
M10	NIPAL3	12	9353:9364	17.6404638899267	3.58415135500997	0.139668253987319	0.491078687450177	0.5	0.416666666666667	0	0.0833333333333333	0	0
M22	AGBL4	10	9365:9374	13.5798751161795	3.73291748678906	0.150813858306544	0.464724256797629	0.6	0.2	0	0.2	0	0
M22	AC006547.15	10	9365:9374	13.5798751161795	3.73291748678906	0.150813858306544	0.464724256797629	0.6	0.2	0	0.2	0	0
M22	TMEM132D	10	9365:9374	13.5798751161795	3.73291748678906	0.150813858306544	0.464724256797629	0.6	0.2	0	0.2	0	0
M22	CACNA1D	10	9365:9374	13.5798751161795	3.73291748678906	0.150813858306544	0.464724256797629	0.6	0.2	0	0.2	0	0
M22	RP11-157E16.1	10	9365:9374	13.5798751161795	3.73291748678906	0.150813858306544	0.464724256797629	0.6	0.2	0	0.2	0	0
M22	MYOM1	10	9365:9374	13.5798751161795	3.73291748678906	0.150813858306544	0.464724256797629	0.6	0.2	0	0.2	0	0
M22	HRH2	10	9365:9374	13.5798751161795	3.73291748678906	0.150813858306544	0.464724256797629	0.6	0.2	0	0.2	0	0
M22	NCKAP1L	10	9365:9374	13.5798751161795	3.73291748678906	0.150813858306544	0.464724256797629	0.6	0.2	0	0.2	0	0
M22	FAM32BP	10	9365:9374	13.5798751161795	3.73291748678906	0.150813858306544	0.464724256797629	0.6	0.2	0	0.2	0	0
M22	RPS26P47	10	9365:9374	13.5798751161795	3.73291748678906	0.150813858306544	0.464724256797629	0.6	0.2	0	0.2	0	0
M23	AFG3L1P	10	9375:9384	21.7635314541731	3.45943164246735	0.125768578562751	0.578632398552595	0.8	0	0	0.2	0	0
M23	RIMS2	10	9375:9384	21.7635314541731	3.45943164246735	0.125768578562751	0.578632398552595	0.8	0	0	0.2	0	0
M23	AOX2P	10	9375:9384	21.7635314541731	3.45943164246735	0.125768578562751	0.578632398552595	0.8	0	0	0.2	0	0
M23	LEP	10	9375:9384	21.7635314541731	3.45943164246735	0.125768578562751	0.578632398552595	0.8	0	0	0.2	0	0
M23	GHRL	10	9375:9384	21.7635314541731	3.45943164246735	0.125768578562751	0.578632398552595	0.8	0	0	0.2	0	0
M23	PLAC8	10	9375:9384	21.7635314541731	3.45943164246735	0.125768578562751	0.578632398552595	0.8	0	0	0.2	0	0
M23	BEST1	10	9375:9384	21.7635314541731	3.45943164246735	0.125768578562751	0.578632398552595	0.8	0	0	0.2	0	0
M23	CYP17A1	10	9375:9384	21.7635314541731	3.45943164246735	0.125768578562751	0.578632398552595	0.8	0	0	0.2	0	0
M23	RNF135	10	9375:9384	21.7635314541731	3.45943164246735	0.125768578562751	0.578632398552595	0.8	0	0	0.2	0	0
M23	PLEKHA1	10	9375:9384	21.7635314541731	3.45943164246735	0.125768578562751	0.578632398552595	0.8	0	0	0.2	0	0
M11	C11orf96	12	9385:9396	50.1140077417864	2.11378360325729	0.110412944106823	0.57870643084815	0.916666666666667	0	0	0.0833333333333333	0	0.0833333333333333
M11	MEST	12	9385:9396	50.1140077417864	2.11378360325729	0.110412944106823	0.57870643084815	0.916666666666667	0	0	0.0833333333333333	0	0.0833333333333333
M11	HSF2	12	9385:9396	50.1140077417864	2.11378360325729	0.110412944106823	0.57870643084815	0.916666666666667	0	0	0.0833333333333333	0	0.0833333333333333
M11	H2AFZ	12	9385:9396	50.1140077417864	2.11378360325729	0.110412944106823	0.57870643084815	0.916666666666667	0	0	0.0833333333333333	0	0.0833333333333333
M11	UBE2E1	12	9385:9396	50.1140077417864	2.11378360325729	0.110412944106823	0.57870643084815	0.916666666666667	0	0	0.0833333333333333	0	0.0833333333333333
M11	ACTN4	12	9385:9396	50.1140077417864	2.11378360325729	0.110412944106823	0.57870643084815	0.916666666666667	0	0	0.0833333333333333	0	0.0833333333333333
M11	PPP1R15B	12	9385:9396	50.1140077417864	2.11378360325729	0.110412944106823	0.57870643084815	0.916666666666667	0	0	0.0833333333333333	0	0.0833333333333333
M11	IKBIP	12	9385:9396	50.1140077417864	2.11378360325729	0.110412944106823	0.57870643084815	0.916666666666667	0	0	0.0833333333333333	0	0.0833333333333333
M11	RPL4P4	12	9385:9396	50.1140077417864	2.11378360325729	0.110412944106823	0.57870643084815	0.916666666666667	0	0	0.0833333333333333	0	0.0833333333333333
M11	SOD2	12	9385:9396	50.1140077417864	2.11378360325729	0.110412944106823	0.57870643084815	0.916666666666667	0	0	0.0833333333333333	0	0.0833333333333333
M11	GUSB	12	9385:9396	50.1140077417864	2.11378360325729	0.110412944106823	0.57870643084815	0.916666666666667	0	0	0.0833333333333333	0	0.0833333333333333
M11	SRP54	12	9385:9396	50.1140077417864	2.11378360325729	0.110412944106823	0.57870643084815	0.916666666666667	0	0	0.0833333333333333	0	0.0833333333333333
M14	COL21A1	11	9397:9407	505.594675683064	1.45508178430134	0.288709463919032	0.360480518403642	1	0	0	0	0	0.0909090909090909
M14	TNC	11	9397:9407	505.594675683064	1.45508178430134	0.288709463919032	0.360480518403642	1	0	0	0	0	0.0909090909090909
M14	SPARCL1	11	9397:9407	505.594675683064	1.45508178430134	0.288709463919032	0.360480518403642	1	0	0	0	0	0.0909090909090909
M14	CPE	11	9397:9407	505.594675683064	1.45508178430134	0.288709463919032	0.360480518403642	1	0	0	0	0	0.0909090909090909
M14	NR2F1	11	9397:9407	505.594675683064	1.45508178430134	0.288709463919032	0.360480518403642	1	0	0	0	0	0.0909090909090909
M14	C1QTNF7	11	9397:9407	505.594675683064	1.45508178430134	0.288709463919032	0.360480518403642	1	0	0	0	0	0.0909090909090909
M14	VCAM1	11	9397:9407	505.594675683064	1.45508178430134	0.288709463919032	0.360480518403642	1	0	0	0	0	0.0909090909090909
M14	SRPX	11	9397:9407	505.594675683064	1.45508178430134	0.288709463919032	0.360480518403642	1	0	0	0	0	0.0909090909090909
M14	PID1	11	9397:9407	505.594675683064	1.45508178430134	0.288709463919032	0.360480518403642	1	0	0	0	0	0.0909090909090909
M14	ABI3BP	11	9397:9407	505.594675683064	1.45508178430134	0.288709463919032	0.360480518403642	1	0	0	0	0	0.0909090909090909
M14	FBLN1	11	9397:9407	505.594675683064	1.45508178430134	0.288709463919032	0.360480518403642	1	0	0	0	0	0.0909090909090909
M24	IFT22	10	9408:9417	33.6631747270395	2.77949697618096	0.0998504054299424	0.67684327863079	0.7	0.1	0	0.2	0	0.1
M24	ZNF552	10	9408:9417	33.6631747270395	2.77949697618096	0.0998504054299424	0.67684327863079	0.7	0.1	0	0.2	0	0.1
M24	RP11-463O12.5	10	9408:9417	33.6631747270395	2.77949697618096	0.0998504054299424	0.67684327863079	0.7	0.1	0	0.2	0	0.1
M24	SERINC3	10	9408:9417	33.6631747270395	2.77949697618096	0.0998504054299424	0.67684327863079	0.7	0.1	0	0.2	0	0.1
M24	AB019441.29	10	9408:9417	33.6631747270395	2.77949697618096	0.0998504054299424	0.67684327863079	0.7	0.1	0	0.2	0	0.1
M24	ARHGAP23	10	9408:9417	33.6631747270395	2.77949697618096	0.0998504054299424	0.67684327863079	0.7	0.1	0	0.2	0	0.1
M24	EGFLAM	10	9408:9417	33.6631747270395	2.77949697618096	0.0998504054299424	0.67684327863079	0.7	0.1	0	0.2	0	0.1
M24	EARS2	10	9408:9417	33.6631747270395	2.77949697618096	0.0998504054299424	0.67684327863079	0.7	0.1	0	0.2	0	0.1
M24	PRR14L	10	9408:9417	33.6631747270395	2.77949697618096	0.0998504054299424	0.67684327863079	0.7	0.1	0	0.2	0	0.1
M24	RPL10AP2	10	9408:9417	33.6631747270395	2.77949697618096	0.0998504054299424	0.67684327863079	0.7	0.1	0	0.2	0	0.1
M12	IVNS1ABP	12	9418:9429	264.632538896098	1.56294544392713	0.212897401384381	0.333790776245841	1	0	0	0	0	0
M12	UBC	12	9418:9429	264.632538896098	1.56294544392713	0.212897401384381	0.333790776245841	1	0	0	0	0	0
M12	PLK2	12	9418:9429	264.632538896098	1.56294544392713	0.212897401384381	0.333790776245841	1	0	0	0	0	0
M12	EIF4A2	12	9418:9429	264.632538896098	1.56294544392713	0.212897401384381	0.333790776245841	1	0	0	0	0	0
M12	AMD1	12	9418:9429	264.632538896098	1.56294544392713	0.212897401384381	0.333790776245841	1	0	0	0	0	0
M12	CCNL1	12	9418:9429	264.632538896098	1.56294544392713	0.212897401384381	0.333790776245841	1	0	0	0	0	0
M12	TOB1	12	9418:9429	264.632538896098	1.56294544392713	0.212897401384381	0.333790776245841	1	0	0	0	0	0
M12	HEXIM1	12	9418:9429	264.632538896098	1.56294544392713	0.212897401384381	0.333790776245841	1	0	0	0	0	0
M12	INTS6	12	9418:9429	264.632538896098	1.56294544392713	0.212897401384381	0.333790776245841	1	0	0	0	0	0
M12	DDX3X	12	9418:9429	264.632538896098	1.56294544392713	0.212897401384381	0.333790776245841	1	0	0	0	0	0
M12	NABP1	12	9418:9429	264.632538896098	1.56294544392713	0.212897401384381	0.333790776245841	1	0	0	0	0	0
M12	NFKBIZ	12	9418:9429	264.632538896098	1.56294544392713	0.212897401384381	0.333790776245841	1	0	0	0	0	0
M15	MAPK14	11	9430:9440	82.044906406291	1.90845044100111	0.112149410036172	0.728201149839213	0.909090909090909	0	0	0.0909090909090909	0	0.181818181818182
M15	EEF1B2P6	11	9430:9440	82.044906406291	1.90845044100111	0.112149410036172	0.728201149839213	0.909090909090909	0	0	0.0909090909090909	0	0.181818181818182
M15	ZNF689	11	9430:9440	82.044906406291	1.90845044100111	0.112149410036172	0.728201149839213	0.909090909090909	0	0	0.0909090909090909	0	0.181818181818182
M15	TMEM101	11	9430:9440	82.044906406291	1.90845044100111	0.112149410036172	0.728201149839213	0.909090909090909	0	0	0.0909090909090909	0	0.181818181818182
M15	NSUN2	11	9430:9440	82.044906406291	1.90845044100111	0.112149410036172	0.728201149839213	0.909090909090909	0	0	0.0909090909090909	0	0.181818181818182
M15	EEF1B2	11	9430:9440	82.044906406291	1.90845044100111	0.112149410036172	0.728201149839213	0.909090909090909	0	0	0.0909090909090909	0	0.181818181818182
M15	TCF21	11	9430:9440	82.044906406291	1.90845044100111	0.112149410036172	0.728201149839213	0.909090909090909	0	0	0.0909090909090909	0	0.181818181818182
M15	UBE2Q1	11	9430:9440	82.044906406291	1.90845044100111	0.112149410036172	0.728201149839213	0.909090909090909	0	0	0.0909090909090909	0	0.181818181818182
M15	TMOD3	11	9430:9440	82.044906406291	1.90845044100111	0.112149410036172	0.728201149839213	0.909090909090909	0	0	0.0909090909090909	0	0.181818181818182
M15	TBC1D15	11	9430:9440	82.044906406291	1.90845044100111	0.112149410036172	0.728201149839213	0.909090909090909	0	0	0.0909090909090909	0	0.181818181818182
M15	EXTL2	11	9430:9440	82.044906406291	1.90845044100111	0.112149410036172	0.728201149839213	0.909090909090909	0	0	0.0909090909090909	0	0.181818181818182
M1	JUN	26	9441:9466	602.451793125089	1.95872615088338	0.281842165958864	0.475821872434532	1	0	0	0	0	0.346153846153846
M1	DUSP1	26	9441:9466	602.451793125089	1.95872615088338	0.281842165958864	0.475821872434532	1	0	0	0	0	0.346153846153846
M1	IER2	26	9441:9466	602.451793125089	1.95872615088338	0.281842165958864	0.475821872434532	1	0	0	0	0	0.346153846153846
M1	TUBB4B	26	9441:9466	602.451793125089	1.95872615088338	0.281842165958864	0.475821872434532	1	0	0	0	0	0.346153846153846
M1	RHOB	26	9441:9466	602.451793125089	1.95872615088338	0.281842165958864	0.475821872434532	1	0	0	0	0	0.346153846153846
M1	KLF4	26	9441:9466	602.451793125089	1.95872615088338	0.281842165958864	0.475821872434532	1	0	0	0	0	0.346153846153846
M1	FOSB	26	9441:9466	602.451793125089	1.95872615088338	0.281842165958864	0.475821872434532	1	0	0	0	0	0.346153846153846
M1	XBP1	26	9441:9466	602.451793125089	1.95872615088338	0.281842165958864	0.475821872434532	1	0	0	0	0	0.346153846153846
M1	EGR1	26	9441:9466	602.451793125089	1.95872615088338	0.281842165958864	0.475821872434532	1	0	0	0	0	0.346153846153846
M1	FOS	26	9441:9466	602.451793125089	1.95872615088338	0.281842165958864	0.475821872434532	1	0	0	0	0	0.346153846153846
M1	SNAI1	26	9441:9466	602.451793125089	1.95872615088338	0.281842165958864	0.475821872434532	1	0	0	0	0	0.346153846153846
M1	EIF1	26	9441:9466	602.451793125089	1.95872615088338	0.281842165958864	0.475821872434532	1	0	0	0	0	0.346153846153846
M1	MCL1	26	9441:9466	602.451793125089	1.95872615088338	0.281842165958864	0.475821872434532	1	0	0	0	0	0.346153846153846
M1	CTGF	26	9441:9466	602.451793125089	1.95872615088338	0.281842165958864	0.475821872434532	1	0	0	0	0	0.346153846153846
M1	TUBA1A	26	9441:9466	602.451793125089	1.95872615088338	0.281842165958864	0.475821872434532	1	0	0	0	0	0.346153846153846
M1	SPTY2D1	26	9441:9466	602.451793125089	1.95872615088338	0.281842165958864	0.475821872434532	1	0	0	0	0	0.346153846153846
M1	EGR2	26	9441:9466	602.451793125089	1.95872615088338	0.281842165958864	0.475821872434532	1	0	0	0	0	0.346153846153846
M1	BAG3	26	9441:9466	602.451793125089	1.95872615088338	0.281842165958864	0.475821872434532	1	0	0	0	0	0.346153846153846
M1	CYR61	26	9441:9466	602.451793125089	1.95872615088338	0.281842165958864	0.475821872434532	1	0	0	0	0	0.346153846153846
M1	ADM	26	9441:9466	602.451793125089	1.95872615088338	0.281842165958864	0.475821872434532	1	0	0	0	0	0.346153846153846
M1	HSPA1B	26	9441:9466	602.451793125089	1.95872615088338	0.281842165958864	0.475821872434532	1	0	0	0	0	0.346153846153846
M1	ARL4D	26	9441:9466	602.451793125089	1.95872615088338	0.281842165958864	0.475821872434532	1	0	0	0	0	0.346153846153846
M1	HSPH1	26	9441:9466	602.451793125089	1.95872615088338	0.281842165958864	0.475821872434532	1	0	0	0	0	0.346153846153846
M1	HSPA1A	26	9441:9466	602.451793125089	1.95872615088338	0.281842165958864	0.475821872434532	1	0	0	0	0	0.346153846153846
M1	CREB5	26	9441:9466	602.451793125089	1.95872615088338	0.281842165958864	0.475821872434532	1	0	0	0	0	0.346153846153846
M1	IFRD1	26	9441:9466	602.451793125089	1.95872615088338	0.281842165958864	0.475821872434532	1	0	0	0	0	0.346153846153846
M4	PPP1R15A	16	9467:9482	68.4048027752056	2.4007220805935	0.25509940091076	0.297880261424892	1	0	0	0	0	0.1875
M4	ZFAND5	16	9467:9482	68.4048027752056	2.4007220805935	0.25509940091076	0.297880261424892	1	0	0	0	0	0.1875
M4	ZFP36	16	9467:9482	68.4048027752056	2.4007220805935	0.25509940091076	0.297880261424892	1	0	0	0	0	0.1875
M4	GADD45B	16	9467:9482	68.4048027752056	2.4007220805935	0.25509940091076	0.297880261424892	1	0	0	0	0	0.1875
M4	BTG2	16	9467:9482	68.4048027752056	2.4007220805935	0.25509940091076	0.297880261424892	1	0	0	0	0	0.1875
M4	IER3	16	9467:9482	68.4048027752056	2.4007220805935	0.25509940091076	0.297880261424892	1	0	0	0	0	0.1875
M4	SOCS3	16	9467:9482	68.4048027752056	2.4007220805935	0.25509940091076	0.297880261424892	1	0	0	0	0	0.1875
M4	GADD45A	16	9467:9482	68.4048027752056	2.4007220805935	0.25509940091076	0.297880261424892	1	0	0	0	0	0.1875
M4	JUNB	16	9467:9482	68.4048027752056	2.4007220805935	0.25509940091076	0.297880261424892	1	0	0	0	0	0.1875
M4	EGR3	16	9467:9482	68.4048027752056	2.4007220805935	0.25509940091076	0.297880261424892	1	0	0	0	0	0.1875
M4	RASD1	16	9467:9482	68.4048027752056	2.4007220805935	0.25509940091076	0.297880261424892	1	0	0	0	0	0.1875
M4	CDKN1A	16	9467:9482	68.4048027752056	2.4007220805935	0.25509940091076	0.297880261424892	1	0	0	0	0	0.1875
M4	DUSP5	16	9467:9482	68.4048027752056	2.4007220805935	0.25509940091076	0.297880261424892	1	0	0	0	0	0.1875
M4	JUND	16	9467:9482	68.4048027752056	2.4007220805935	0.25509940091076	0.297880261424892	1	0	0	0	0	0.1875
M4	DNAJB1	16	9467:9482	68.4048027752056	2.4007220805935	0.25509940091076	0.297880261424892	1	0	0	0	0	0.1875
M4	RPL22L1	16	9467:9482	68.4048027752056	2.4007220805935	0.25509940091076	0.297880261424892	1	0	0	0	0	0.1875
M13	SCN7A	12	9483:9494	79.2709417286856	2.53872883420421	0.10413637719053	0.686046433782934	1	0	0	0	0	0
M13	FAM213A	12	9483:9494	79.2709417286856	2.53872883420421	0.10413637719053	0.686046433782934	1	0	0	0	0	0
M13	DCXR	12	9483:9494	79.2709417286856	2.53872883420421	0.10413637719053	0.686046433782934	1	0	0	0	0	0
M13	MAGOH	12	9483:9494	79.2709417286856	2.53872883420421	0.10413637719053	0.686046433782934	1	0	0	0	0	0
M13	ODC1	12	9483:9494	79.2709417286856	2.53872883420421	0.10413637719053	0.686046433782934	1	0	0	0	0	0
M13	SETMAR	12	9483:9494	79.2709417286856	2.53872883420421	0.10413637719053	0.686046433782934	1	0	0	0	0	0
M13	COX7A2L	12	9483:9494	79.2709417286856	2.53872883420421	0.10413637719053	0.686046433782934	1	0	0	0	0	0
M13	TAF3	12	9483:9494	79.2709417286856	2.53872883420421	0.10413637719053	0.686046433782934	1	0	0	0	0	0
M13	PPFIBP1	12	9483:9494	79.2709417286856	2.53872883420421	0.10413637719053	0.686046433782934	1	0	0	0	0	0
M13	SNRNP48	12	9483:9494	79.2709417286856	2.53872883420421	0.10413637719053	0.686046433782934	1	0	0	0	0	0
M13	H2AFY2	12	9483:9494	79.2709417286856	2.53872883420421	0.10413637719053	0.686046433782934	1	0	0	0	0	0
M13	SHQ1	12	9483:9494	79.2709417286856	2.53872883420421	0.10413637719053	0.686046433782934	1	0	0	0	0	0
M16	UTRN	11	9495:9505	122.754178261529	1.52573366628304	0.246787195622067	0.864469232359232	0.727272727272727	0	0	0.272727272727273	0	0
M16	PMS2	11	9495:9505	122.754178261529	1.52573366628304	0.246787195622067	0.864469232359232	0.727272727272727	0	0	0.272727272727273	0	0
M16	CAMSAP2	11	9495:9505	122.754178261529	1.52573366628304	0.246787195622067	0.864469232359232	0.727272727272727	0	0	0.272727272727273	0	0
M16	NBPF8	11	9495:9505	122.754178261529	1.52573366628304	0.246787195622067	0.864469232359232	0.727272727272727	0	0	0.272727272727273	0	0
M16	NBPF25P	11	9495:9505	122.754178261529	1.52573366628304	0.246787195622067	0.864469232359232	0.727272727272727	0	0	0.272727272727273	0	0
M16	PMS2CL	11	9495:9505	122.754178261529	1.52573366628304	0.246787195622067	0.864469232359232	0.727272727272727	0	0	0.272727272727273	0	0
M16	NBPF15	11	9495:9505	122.754178261529	1.52573366628304	0.246787195622067	0.864469232359232	0.727272727272727	0	0	0.272727272727273	0	0
M16	NBPF26	11	9495:9505	122.754178261529	1.52573366628304	0.246787195622067	0.864469232359232	0.727272727272727	0	0	0.272727272727273	0	0
M16	NBPF19	11	9495:9505	122.754178261529	1.52573366628304	0.246787195622067	0.864469232359232	0.727272727272727	0	0	0.272727272727273	0	0
M16	NBPF10	11	9495:9505	122.754178261529	1.52573366628304	0.246787195622067	0.864469232359232	0.727272727272727	0	0	0.272727272727273	0	0
M16	NBPF14	11	9495:9505	122.754178261529	1.52573366628304	0.246787195622067	0.864469232359232	0.727272727272727	0	0	0.272727272727273	0	0
