human	PR10XT1cell1	1300758	176711	26517	73061	1024469	30400	1565	28835	23	3853	5.5000
human	PR10XT1cell2	1053305	347460	15019	62862	627964	18402	1348	17054	24	3129	5.2833
human	PR10XT1cell3	1057868	276108	27449	42029	712282	23204	1040	22164	18	3512	5.1666
human	PR10XT1cell4	824775	330806	17198	25561	451210	14120	562	13558	16	2756	4.7166
human	PR10XT1cell5	1549237	369171	28392	84032	1067642	28410	1551	26859	20	3649	6.0333
human	PR10XT1cell6	1499863	413004	28570	78731	979558	26729	1564	25165	23	3571	6.0666
human	PR10XT1cell7	2602236	709418	35464	72477	1784877	41376	1442	39934	18	4360	8.6000
human	PR10XT1cell8	554918	228688	4330	19128	302772	12807	616	12191	24	2736	4.3166
human	PR10XT1cell9	1381838	303476	23155	66638	988569	30412	1401	29011	24	3824	5.7833
human	PR10XT1cell10	1384188	336024	26083	75941	946140	25791	1538	24253	20	3564	5.7333
human	PR10XT1cell11	927286	233323	18538	32479	642946	22478	876	21602	20	3563	4.9000
human	PR10XT1cell12	382967	169152	3975	14150	195690	8851	431	8420	17	2139	3.9333
human	PR10XT1cell13	1124867	298552	14000	81140	731175	22534	1579	20955	21	3288	5.2833
human	PR10XT1cell14	1505940	357638	24499	73303	1050500	30889	1571	29318	19	3589	5.9333
human	PR10XT1cell15	2487102	978475	31917	65201	1411509	39864	1450	38414	21	4619	7.9000
human	PR10XT1cell16	123501	50790	861	15822	56028	4475	502	3973	18	1396	3.4666
human	PR10XT1cell17	1204703	222713	17318	58261	906411	29341	1419	27922	21	4109	5.3833
human	PR10XT1cell18	985214	175302	16654	86233	707025	22224	1627	20597	20	3443	5.0166
human	PR10XT1cell19	818512	167578	15001	51970	583963	20958	1179	19779	20	3503	4.8166
human	PR10XT1cell20	724691	310873	11068	39333	363417	13828	866	12962	19	2869	4.6000
human	PR10XT1cell21	1439594	216299	27077	73978	1122240	30752	1491	29261	22	3893	6.0000
human	PR10XT1cell22	1132177	247843	23305	64356	796673	28316	1430	26886	21	3887	5.3166
human	PR10XT1cell23	1928303	695596	37516	71866	1123325	35587	1462	34125	23	4727	6.9000
human	PR10XT1cell24	99699	31329	664	41492	26214	3998	886	3112	20	1165	3.4333
human	PR10XT1cell25	1572487	268224	45101	79630	1179532	35187	1622	33565	24	4099	6.0500
human	PR10XT1cell26	1707765	378886	53293	101220	1174366	33634	1919	31715	17	4068	6.5000
human	PR10XT1cell27	1025666	240767	17697	63883	703319	24314	1395	22919	27	3615	5.1333
human	PR10XT1cell28	697759	297441	4230	12300	383788	12953	517	12436	17	2753	4.5000
human	PR10XT1cell29	1074745	172195	16290	68635	817625	27931	1536	26395	20	3629	5.1833
human	PR10XT1cell30	1180761	428887	15277	67897	668700	27140	1678	25462	23	4019	5.6500
human	PR10XT1cell31	2335465	471268	47935	81600	1734662	45929	1696	44233	26	4666	7.4833
human	PR10XT1cell32	1172068	333967	22245	50084	765772	22834	1042	21792	20	3168	5.4166
human	PR10XT1cell33	1033853	192348	19977	69743	751785	29032	1791	27241	24	3400	5.2666
human	PR10XT1cell34	1624743	544822	30147	63959	985815	30791	1635	29156	20	3453	6.3833
human	PR10XT1cell35	985510	215519	15470	41462	713059	26675	1153	25522	21	3307	5.0500
human	PR10XT1cell36	572417	236109	9373	15750	311185	13259	600	12659	18	2576	4.3333
human	PR10XT1cell37	2056543	515611	29162	67644	1444126	45532	1759	43773	21	4054	6.8666
human	PR10XT1cell38	779700	338821	8171	27971	404737	22374	1135	21239	20	3511	4.7666
human	PR10XT1cell39	2324112	472172	38854	68895	1744191	54674	1795	52879	23	4491	7.6500
human	PR10XT1cell40	443161	117133	4585	27447	293996	12777	849	11928	19	2221	4.0833
human	PR10XT1cell41	991168	201757	12119	76398	700894	51291	3804	47487	22	3831	5.4000
human	PR10XT1cell42	1142226	261755	20718	62023	797730	56291	3771	52520	17	3872	5.4833
human	PR10XT1cell43	911834	212587	14850	43534	640863	45040	2413	42627	22	3723	4.9000
human	PR10XT1cell44	898338	362740	7449	27584	500565	33531	1546	31985	21	3476	5.1833
human	PR10XT1cell45	1851225	339564	33417	62410	1415834	85460	3536	81924	28	4269	7.1666
human	PR10XT1cell46	3457278	1702917	29255	79972	1645134	88076	3717	84359	20	4591	10.1000
human	PR10XT1cell47	2229229	551958	38265	82104	1556902	85979	3665	82314	19	4656	7.6333
human	PR10XT1cell48	140143	42858	518	65410	31357	7349	3102	4247	20	1241	3.5166
human	PR10XT1cell49	1231788	277974	34320	66113	853381	32390	1801	30589	21	3650	5.4500
human	PR10XT1cell50	896185	155405	11633	104339	624808	25504	2424	23080	21	3240	4.8166
human	PR10XT1cell51	992214	256767	19342	48739	667366	25548	1329	24219	14	3247	5.0333
human	PR10XT1cell52	720436	250345	8522	21001	440568	16853	706	16147	18	2660	4.5500
human	PR10XT1cell53	1861858	387319	30459	88753	1355327	42386	2194	40192	23	3665	6.5333
human	PR10XT1cell54	939176	289981	22982	105351	520862	22688	2650	20038	18	3015	5.0666
human	PR10XT1cell55	769062	296794	12665	23371	436232	24657	1002	23655	20	4002	4.8500
human	PR10XT1cell56	221899	66345	2696	19665	133193	8332	729	7603	18	1862	3.6666
human	PR10XT1cell57	1326697	266189	21395	68916	970197	71386	3929	67457	21	4324	5.7666
human	PR10XT1cell58	1380025	347031	23060	85194	924740	67696	4699	62997	19	3842	6.0333
human	PR10XT1cell59	623101	147051	9328	43754	422968	35256	2767	32489	22	3351	4.4166
human	PR10XT1cell60	729807	273310	12053	20786	423658	31828	1268	30560	18	3261	4.6833
human	PR10XT1cell61	1336023	263237	23569	74392	974825	70412	4269	66143	23	3919	5.8666
human	PR10XT1cell62	765620	266008	11097	38146	450369	40504	2473	38031	23	4189	4.7166
human	PR10XT1cell63	2210699	500978	24390	79826	1605505	98745	4128	94617	22	4911	7.6000
human	PR10XT1cell64	656305	195214	10045	41507	409539	30725	2357	28368	20	2766	4.5000
human	PR10XT1cell65	1366228	250598	31709	86845	997076	36297	2054	34243	19	4089	5.7666
human	PR10XT1cell66	1269348	256542	25471	72478	914857	30983	1854	29129	18	3723	5.5166
human	PR10XT1cell67	918522	193037	16332	59861	649292	25271	1479	23792	22	3611	4.8500
human	PR10XT1cell68	614174	242879	4132	32820	334343	15350	893	14457	23	2956	4.3833
human	PR10XT1cell69	648835	238672	7938	45411	356814	19436	1332	18104	22	3440	4.4166
human	PR10XT1cell70	608269	221858	4815	35869	345727	20292	1243	19049	21	3682	4.3833
human	PR10XT1cell71	395187	159813	6375	38931	190068	20018	1405	18613	25	3884	4.0333
human	PR10XT1cell72	137178	51974	816	19831	64557	6420	798	5622	24	1787	3.5166
human	PR10XT1cell73	1285688	220114	35545	64053	965976	34754	1658	33096	16	3886	5.6833
human	PR10XT1cell74	1080442	249751	22679	79120	728892	26312	1838	24474	20	3346	5.2166
human	PR10XT1cell75	604756	145292	7412	53663	398389	17726	1481	16245	25	2880	4.3500
human	PR10XT1cell76	833113	316307	8790	24646	483370	17608	680	16928	15	3118	4.7333
human	PR10XT1cell77	1181218	263338	18996	86577	812307	30562	2032	28530	23	3421	5.5833
human	PR10XT1cell78	961255	230551	20478	44344	665882	24339	1272	23067	18	3121	4.9500
human	PR10XT1cell79	631205	257449	5529	42050	326177	19311	1223	18088	21	3571	4.4500
human	PR10XT1cell80	433952	129398	5118	16527	282909	14853	714	14139	19	3003	4.0666
human	PR10XT1cell81	1337359	261273	35583	41194	999309	73527	2498	71029	20	4084	6.0333
human	PR10XT1cell82	1289933	369460	16994	61434	842045	62690	3799	58891	19	3800	5.9666
human	PR10XT1cell83	1367572	694974	19103	40574	612921	58053	2784	55269	19	3877	6.2166
human	PR10XT1cell84	481435	206420	7929	17662	249424	20169	1157	19012	16	2431	4.1666
human	PR10XT1cell85	1591431	466701	31853	49436	1043441	72615	3127	69488	21	3607	6.6500
human	PR10XT1cell86	1113271	312057	14356	58284	728574	51375	3199	48176	22	3603	5.4000
human	PR10XT1cell87	254268	100022	1961	23345	128940	18599	1744	16855	24	3081	3.8500
human	PR10XT1cell88	227842	55413	1413	23092	147924	15290	1521	13769	22	1902	3.8000
human	PR10XT1cell89	511657	126412	7477	38026	339742	18215	1194	17021	17	2992	4.2500
human	PR10XT1cell90	692932	184739	5612	49640	452941	22154	1574	20580	17	3131	4.5833
human	PR10XT1cell91	411924	102961	3874	39691	265398	15218	1193	14025	20	2760	4.1166
human	PR10XT1cell92	292378	120181	3170	14319	154708	9497	526	8971	15	2233	3.7666
human	PR10XT1cell93	832723	182635	11419	31101	607568	27571	1115	26456	22	3484	4.8833
human	PR10XT1cell94	1080769	272151	20477	45299	742842	32280	1530	30750	22	3795	5.2666
human	PR10XT1cell95	1059795	191839	19130	43757	805069	35264	1398	33866	24	4257	5.1333
human	PR10XT1cell96	240531	47201	3923	18210	171197	9901	708	9193	20	1864	3.6666
human	PR10XT2cell1	1533913	320751	25114	55673	1132375	32865	1221	31644	22	4107	5.9333
human	PR10XT2cell2	1585570	380087	36312	65677	1103494	30832	1289	29543	21	3927	6.0666
human	PR10XT2cell3	721677	177875	13642	34790	495370	17546	865	16681	19	3050	4.5333
human	PR10XT2cell4	732905	326681	7381	28391	370452	11794	660	11134	23	2456	4.5666
human	PR10XT2cell5	1707740	429462	16401	46364	1215513	32118	1054	31064	28	4044	6.2666
human	PR10XT2cell6	2249142	1088840	32713	48394	1079195	36221	1109	35112	24	4838	7.7333
human	PR10XT2cell7	2962834	1146613	42799	76570	1696852	43158	1503	41655	20	4826	8.8166
human	PR10XT2cell8	1521192	704478	23081	31172	762461	22509	760	21749	20	3633	6.1500
human	PR10XT2cell9	1230840	282545	14114	59904	874277	26902	1194	25708	23	3758	5.4833
human	PR10XT2cell10	848975	254774	10239	61083	522879	17942	1281	16661	17	3172	4.8000
human	PR10XT2cell11	840478	204273	14531	46219	575455	20189	1011	19178	20	3342	4.8166
human	PR10XT2cell12	475117	214244	4275	22519	234079	8981	563	8418	17	2150	4.1166
human	PR10XT2cell13	1401772	324786	32724	41462	1002800	31814	1024	30790	20	4050	5.7833
human	PR10XT2cell14	1485189	396480	24745	56529	1007435	32690	1243	31447	23	4097	5.9666
human	PR10XT2cell15	2339646	1289357	22412	49079	978798	30533	1115	29418	20	4521	7.7500
human	PR10XT2cell16	320158	94000	4401	26842	194915	10622	735	9887	19	2471	3.8000
human	PR10XT2cell17	1434183	389313	32116	64203	948551	29421	1415	28006	23	4013	5.8166
human	PR10XT2cell18	1376313	353458	29653	64747	928455	27182	1295	25887	22	3770	5.7500
human	PR10XT2cell19	684153	127474	13563	27144	515972	19937	824	19113	20	3273	4.4500
human	PR10XT2cell20	571201	212834	18002	30816	309549	11771	734	11037	19	2546	4.2833
human	PR10XT2cell21	1470015	295384	42890	54057	1077684	30739	1160	29579	22	3885	5.8833
human	PR10XT2cell22	1088429	225197	19461	55414	788357	27270	1354	25916	22	3935	5.1833
human	PR10XT2cell23	1180179	589946	11193	42190	536850	24198	1053	23145	20	4172	5.4666
human	PR10XT2cell24	1487890	581024	24941	37355	844570	26390	975	25415	19	3877	5.9500
human	PR10XT2cell25	1211492	281831	17802	83981	827878	27160	1633	25527	23	3923	5.4166
human	PR10XT2cell26	1060218	295610	17859	81343	665406	22673	1517	21156	22	3357	5.2000
human	PR10XT2cell27	883582	225574	14643	71760	571605	20723	1367	19356	22	3410	4.8000
human	PR10XT2cell28	585935	255239	9123	23038	298535	10995	587	10408	17	2464	4.3500
human	PR10XT2cell29	1577929	408540	34484	75008	1059897	31013	1452	29561	22	3867	6.0833
human	PR10XT2cell30	1662617	454650	26876	95160	1085931	34089	1741	32348	24	4178	6.2833
human	PR10XT2cell31	1566712	803877	13350	60221	689264	24838	1227	23611	20	4170	6.2666
human	PR10XT2cell32	1968357	528911	31487	60243	1347716	35319	1229	34090	22	4395	6.7833
human	PR10XT2cell33	1386051	356511	30010	58756	940774	35728	1505	34223	21	3737	5.8666
human	PR10XT2cell34	1236295	375274	21636	74693	764692	29323	1889	27434	20	3345	5.7000
human	PR10XT2cell35	496001	124579	9438	43602	318382	14319	1252	13067	21	2308	4.3000
human	PR10XT2cell36	417092	160700	3750	23506	229136	11056	653	10403	17	2159	4.0166
human	PR10XT2cell37	1931986	365507	44071	63004	1459404	47180	1641	45539	21	3791	7.0166
human	PR10XT2cell38	1892326	762966	28213	39327	1061820	41242	1232	40010	20	4188	7.0833
human	PR10XT2cell39	1483252	287106	20685	72910	1102551	39432	1727	37705	19	3939	5.9666
human	PR10XT2cell40	917707	226470	13619	29052	648566	25722	912	24810	19	3177	4.9166
human	PR10XT2cell41	803299	156444	15006	45076	586773	47688	2555	45133	24	3772	4.7000
human	PR10XT2cell42	1268449	343544	22364	56926	845615	58103	3151	54952	22	3736	5.5333
human	PR10XT2cell43	768308	195434	10091	57309	505474	35601	2819	32782	23	3260	4.6333
human	PR10XT2cell44	782563	292868	10186	23250	456259	29814	1266	28548	18	3132	4.7833
human	PR10XT2cell45	1892597	403056	34140	73509	1381892	85923	3843	82080	22	4341	7.6833
human	PR10XT2cell46	1842719	385964	24452	62256	1370047	82799	2999	79800	19	4790	6.6833
human	PR10XT2cell47	2484650	1024827	42960	59817	1357046	82629	2988	79641	21	4970	8.3500
human	PR10XT2cell48	1491932	326734	26462	42074	1096662	62919	2433	60486	22	3796	6.6000
human	PR10XT2cell49	1282597	356573	20809	51819	853396	30533	1512	29021	25	3465	5.8166
human	PR10XT2cell50	983142	311687	10929	74508	586018	23752	1902	21850	17	3077	5.0333
human	PR10XT2cell51	762108	173573	7865	67494	513176	20410	1663	18747	20	2862	4.5833
human	PR10XT2cell52	686383	283737	6585	25279	370782	14105	633	13472	15	2390	4.5500
human	PR10XT2cell53	1751197	529769	23985	82679	1114764	38493	2059	36434	26	3951	6.3833
human	PR10XT2cell54	1394479	311890	19398	60512	1002679	36466	1649	34817	24	3932	5.7666
human	PR10XT2cell55	233214	101755	2250	18603	110606	11134	787	10347	18	2806	3.7000
human	PR10XT2cell56	77294	27543	117	37601	12033	3826	1156	2670	19	1202	3.4166
human	PR10XT2cell57	1164208	246725	19121	59917	838445	63175	3347	59828	23	4028	5.6833
human	PR10XT2cell58	1331431	365171	31333	69931	864996	64196	3897	60299	24	3732	6.0000
human	PR10XT2cell59	1069139	276662	15815	39100	737562	54617	2380	52237	25	3804	5.3833
human	PR10XT2cell60	606861	258268	3567	60140	284886	23513	2292	21221	17	2703	4.4166
human	PR10XT2cell61	2135706	468390	43833	72716	1550767	103372	3990	99382	23	4505	7.9666
human	PR10XT2cell62	1657165	600120	27757	67958	961330	65103	3473	61630	24	4378	6.6666
human	PR10XT2cell63	1538989	548287	20309	55850	914543	64685	2925	61760	20	4500	6.5833
human	PR10XT2cell64	110973	42307	1661	12458	54547	11415	1129	10286	20	2449	3.5166
human	PR10XT2cell65	1117473	287226	14697	70616	744934	30587	1863	28724	25	3934	5.2833
human	PR10XT2cell66	1387757	359039	27291	81255	920172	30237	1833	28404	22	3741	5.8166
human	PR10XT2cell67	1030888	298337	15523	68012	649016	24900	1509	23391	22	3449	5.1500
human	PR10XT2cell68	612035	237966	5603	47320	321146	13497	1079	12418	19	2608	4.3666
human	PR10XT2cell69	1679134	470073	18392	85147	1105522	35997	1906	34091	27	4008	6.2833
human	PR10XT2cell70	2425733	865855	28945	81647	1449286	47639	1940	45699	25	4816	7.9166
human	PR10XT2cell71	910090	167967	16394	70387	655342	26025	1687	24338	19	3770	4.9333
human	PR10XT2cell72	755343	243129	12436	57672	442106	17981	1389	16592	21	3089	4.6000
human	PR10XT2cell73	1170288	252713	25326	68400	823849	30503	1608	28895	24	3609	5.4000
human	PR10XT2cell74	703134	195785	13619	76947	416783	17722	1770	15952	18	2805	4.6666
human	PR10XT2cell75	769977	188021	13160	52723	516073	21331	1418	19913	21	3127	4.6500
human	PR10XT2cell76	339420	155017	4593	20836	158974	8571	577	7994	17	2141	3.8833
human	PR10XT2cell77	2175048	559698	51173	83536	1480641	46294	1985	44309	22	4273	7.2166
human	PR10XT2cell78	1005771	243846	11308	60337	690280	27993	1661	26332	25	3871	5.0666
human	PR10XT2cell79	2107799	727208	26876	58485	1295230	44020	1510	42510	24	4625	7.1666
human	PR10XT2cell80	1309974	540179	16872	33413	719510	29232	987	28245	21	3925	5.9166
human	PR10XT2cell81	1067404	255533	13825	60510	737536	57799	3334	54465	20	3705	5.4833
human	PR10XT2cell82	700456	153090	6462	64033	476871	42120	3558	38562	25	2970	4.6666
human	PR10XT2cell83	1065488	360261	18316	48933	637978	50018	2770	47248	22	3557	5.3333
human	PR10XT2cell84	621044	260134	6957	22122	331831	23622	1171	22451	14	2406	4.4166
human	PR10XT2cell85	1390958	413502	15611	67791	894054	69505	4060	65445	24	3905	6.0000
human	PR10XT2cell86	1159785	343876	14102	63635	738172	55398	3325	52073	19	3744	5.7500
human	PR10XT2cell87	2272822	1177268	31105	31373	1033076	71309	1880	69429	17	4290	8.0333
human	PR10XT2cell88	150036	51343	2233	13738	82722	11107	1137	9970	22	2035	3.5166
human	PR10XT2cell89	709242	179127	15166	30491	484458	25408	1098	24310	25	3668	4.5500
human	PR10XT2cell90	591631	152056	13115	30313	396147	18618	912	17706	22	2894	4.3000
human	PR10XT2cell91	369391	108493	4626	18500	237772	14211	738	13473	22	2782	3.9500
human	PR10XT2cell92	4359	1698	59	234	2368	1713	143	1570	10	802	3.2666
human	PR10XT2cell93	565465	131067	11614	39985	382799	20981	1290	19691	21	3111	4.5166
human	PR10XT2cell94	67932	41365	599	3687	22281	6047	454	5593	21	2085	3.4000
human	PR10XT2cell95	243485	226611	314	347	16213	11845	249	11596	16	2399	3.7500
human	PR10XT2cell96	249243	56220	3574	23740	165709	10293	808	9485	17	2148	3.7000
human	PR10XT3cell1	1463443	387022	17377	61704	997340	31477	1509	29968	21	3986	5.9166
human	PR10XT3cell2	1535436	305745	38322	64221	1127148	32723	1466	31257	20	3751	6.0833
human	PR10XT3cell3	852687	128747	13864	43147	666929	21762	1031	20731	20	3280	4.7500
human	PR10XT3cell4	921695	305524	17888	29046	569237	17892	722	17170	20	2887	4.9833
human	PR10XT3cell5	1914334	344679	40161	58844	1470650	37928	1372	36556	23	4052	6.5500
human	PR10XT3cell6	1782133	635927	34303	82381	1029522	28682	1654	27028	24	3682	6.5666
human	PR10XT3cell7	2661488	1617590	24818	45007	974073	31737	1213	30524	24	4357	8.6500
human	PR10XT3cell8	3355493	1756294	34646	50453	1514100	37769	1207	36562	20	4275	10.1000
human	PR10XT3cell9	1535383	363317	22174	72029	1077863	33631	1714	31917	24	4063	6.0833
human	PR10XT3cell10	1470474	397191	24391	71482	977410	29184	1594	27590	20	3641	6.1333
human	PR10XT3cell11	638109	156778	6267	25069	449995	17975	776	17199	18	3088	4.3666
human	PR10XT3cell12	655252	279963	6245	25801	343243	11973	701	11272	18	2261	4.4500
human	PR10XT3cell13	2193900	564981	47225	70656	1511038	41024	1534	39490	24	4014	7.3500
human	PR10XT3cell14	1445142	634843	18218	60206	731875	23270	1481	21789	19	3385	6.0333
human	PR10XT3cell15	4309136	1981196	50823	71737	2205380	58328	1598	56730	24	5044	11.5500
human	PR10XT3cell16	1757408	756394	18492	38178	944344	29103	1036	28067	23	3699	6.6166
human	PR10XT3cell17	1299657	362625	15417	63047	858568	30212	1535	28677	21	4098	5.6666
human	PR10XT3cell18	2025775	507815	32337	63204	1422419	38387	1479	36908	22	4310	6.9166
human	PR10XT3cell19	1329688	451829	19844	44576	813439	26044	1112	24932	20	3963	5.8000
human	PR10XT3cell20	733189	334578	13933	42395	342283	13878	942	12936	17	2838	4.6666
human	PR10XT3cell21	2187302	578066	36722	75421	1497093	40674	1689	38985	23	4352	7.4666
human	PR10XT3cell22	1920427	638171	21551	76939	1183766	32704	1665	31039	23	3942	6.7500
human	PR10XT3cell23	1924443	672171	24258	84076	1143938	33553	1841	31712	23	4154	6.8166
human	PR10XT3cell24	1406384	442394	28807	95988	839195	24576	2108	22468	29	3373	5.9500
human	PR10XT3cell25	1566980	498489	21252	55097	992142	32236	1486	30750	23	4132	6.3166
human	PR10XT3cell26	1572501	402192	27810	87936	1054563	31261	1821	29440	19	3770	6.1500
human	PR10XT3cell27	858257	265477	12937	44662	535181	19516	1106	18410	19	3155	4.9000
human	PR10XT3cell28	774881	309553	16986	21667	426675	14762	666	14096	15	2727	4.7166
human	PR10XT3cell29	1707524	372316	42602	97903	1194703	34997	1992	33005	23	3783	6.4000
human	PR10XT3cell30	2041800	735649	36356	65026	1204769	35948	1522	34426	20	4193	7.0666
human	PR10XT3cell31	1882100	707061	25682	83407	1065950	32989	1739	31250	22	4301	6.8166
human	PR10XT3cell32	692847	111331	17372	49566	514578	20386	1265	19121	19	3084	4.4666
human	PR10XT3cell33	1886586	449480	34357	69818	1332931	49863	2060	47803	23	4295	6.7166
human	PR10XT3cell34	883529	189383	20178	53399	620569	26611	1607	25004	24	3257	4.9000
human	PR10XT3cell35	503928	165594	9132	29650	299552	17484	1056	16428	17	3070	4.2000
human	PR10XT3cell36	622581	264792	5823	24827	327139	15430	842	14588	14	2576	4.4166
human	PR10XT3cell37	1457025	365177	34387	70080	987381	36984	1895	35089	20	3543	5.9666
human	PR10XT3cell38	1237685	427624	16400	54216	739445	29530	1663	27867	22	3373	5.5333
human	PR10XT3cell39	1678386	847269	17474	64540	749103	33250	1912	31338	21	3936	6.4833
human	PR10XT3cell40	182418	71111	2241	34197	74869	7474	1157	6317	20	1952	3.5500
human	PR10XT3cell41	1904493	530051	27002	56930	1290510	90318	3445	86873	19	4716	8.1000
human	PR10XT3cell42	1180279	304898	18924	90849	765608	62856	5312	57544	19	3803	6.1833
human	PR10XT3cell43	831562	265177	12186	45543	508656	39933	2841	37092	19	3483	4.9333
human	PR10XT3cell44	756212	307908	10213	27491	410600	29433	1644	27789	22	3044	4.7000
human	PR10XT3cell45	1541872	426403	27120	55142	1033207	74579	3672	70907	19	4043	6.4166
human	PR10XT3cell46	1717928	493174	37792	80968	1105994	74329	4322	70007	23	4131	6.8500
human	PR10XT3cell47	1198418	129076	31522	91739	946081	65139	4498	60641	25	4069	5.6000
human	PR10XT3cell48	2021829	608412	32755	56236	1324426	85445	3065	82380	22	4350	7.7333
human	PR10XT3cell49	1499365	409131	20047	69165	1001022	39855	2150	37705	22	3836	6.0500
human	PR10XT3cell50	1825385	518112	40476	97907	1168890	42701	2551	40150	21	3799	6.7333
human	PR10XT3cell51	1002293	242500	19854	48971	690968	27538	1417	26121	19	3208	5.1000
human	PR10XT3cell52	765761	331990	12914	45859	374998	15252	1027	14225	21	2418	4.7166
human	PR10XT3cell53	1681627	440747	31778	88803	1120299	39582	2388	37194	24	3598	6.2833
human	PR10XT3cell54	1080258	415442	14730	55905	594181	26224	1633	24591	21	3361	5.3333
human	PR10XT3cell55	1479860	227816	30412	71396	1150236	42225	1944	40281	23	3905	6.0333
human	PR10XT3cell56	1668036	561152	30329	45203	1031352	36827	1500	35327	22	3571	6.4500
human	PR10XT3cell57	1114072	260747	17154	54717	781454	67253	3674	63579	25	4142	5.7000
human	PR10XT3cell58	1188023	344458	27264	89108	727193	67498	5511	61987	21	3904	5.7666
human	PR10XT3cell59	683099	197906	9732	53401	422060	37803	3417	34386	24	3230	4.6166
human	PR10XT3cell60	657926	268290	8621	27129	353886	28514	1679	26835	21	2985	4.5333
human	PR10XT3cell61	3496974	1709001	52075	85179	1650719	118164	5350	112814	21	4439	11.5500
human	PR10XT3cell62	324856	135850	3062	41803	144141	19276	2737	16539	27	2821	3.9333
human	PR10XT3cell63	348757	117508	5785	32172	193292	25606	2348	23258	21	3534	3.9833
human	PR10XT3cell64	196690	76780	2689	33492	83729	14903	2301	12602	23	2639	3.7833
human	PR10XT3cell65	2608379	745521	46026	103564	1713268	58548	2588	55960	21	5105	8.0500
human	PR10XT3cell66	1831503	546564	19672	113282	1151985	40702	2798	37904	26	4268	6.6166
human	PR10XT3cell67	993169	268883	10441	60643	653202	27238	1616	25622	20	3618	5.0333
human	PR10XT3cell68	519061	250436	7633	34968	226024	12845	1017	11828	16	2706	4.2666
human	PR10XT3cell69	781519	202761	16234	70059	492465	23767	1966	21801	23	3559	4.8333
human	PR10XT3cell70	354973	195110	1874	27012	130977	13435	1135	12300	22	3127	3.9166
human	PR10XT3cell71	452376	80502	12304	74444	285126	19456	2108	17348	26	3399	4.1333
human	PR10XT3cell72	304365	80063	6839	36177	181286	14031	1146	12885	22	2985	3.8333
human	PR10XT3cell73	1908260	506311	41732	57982	1302235	47655	1727	45928	22	4547	6.8000
human	PR10XT3cell74	2331963	782735	26809	65939	1456480	49175	1935	47240	21	4330	7.5166
human	PR10XT3cell75	1079714	327411	13330	50812	688161	26759	1425	25334	18	3385	5.2833
human	PR10XT3cell76	364296	200911	4614	8575	150196	8915	427	8488	16	2245	3.9833
human	PR10XT3cell77	562740	259696	9027	35506	258511	17473	1308	16165	20	3245	4.4166
human	PR10XT3cell78	1161597	598153	8246	21989	533209	25668	967	24701	19	3896	5.4833
human	PR10XT3cell79	2127354	1120574	21455	64850	920475	36966	1854	35112	23	4250	7.2833
human	PR10XT3cell80	128997	52394	1261	35504	39838	6606	1067	5539	19	1842	3.5333
human	PR10XT3cell81	1350011	428019	16161	66653	839178	70641	4108	66533	25	4021	6.2833
human	PR10XT3cell82	1250972	362224	21109	54064	813575	71260	3593	67667	23	3609	5.8500
human	PR10XT3cell83	1264904	429648	15883	44225	775148	59381	2917	56464	19	3491	6.1333
human	PR10XT3cell84	248483	125898	1967	32898	87720	10895	1545	9350	17	1680	3.7833
human	PR10XT3cell85	1615073	353110	19898	54841	1187224	90114	3719	86395	22	3752	6.6833
human	PR10XT3cell86	219080	98898	2637	17738	99807	15564	1531	14033	22	2719	3.6666
human	PR10XT3cell87	519225	180652	9506	22802	306265	31813	1773	30040	22	3399	4.5333
human	PR10XT3cell88	745736	289883	9786	28343	417724	39629	2101	37528	23	3277	5.0666
human	PR10XT3cell89	867318	229944	7225	43014	587135	32152	1684	30468	22	3926	4.8333
human	PR10XT3cell90	537694	177535	6271	32825	321063	18459	1337	17122	22	2743	4.2833
human	PR10XT3cell91	516027	158028	6993	30744	320262	18511	1165	17346	17	2952	4.1833
human	PR10XT3cell92	73269	37918	370	1807	33174	4544	274	4270	11	1486	3.4000
human	PR10XT3cell93	402678	170393	5064	22688	204533	13805	1032	12773	20	2559	4.0666
human	PR10XT3cell94	787693	338918	7990	28887	411898	23041	1153	21888	20	3513	4.9833
human	PR10XT3cell95	528807	131332	7097	29943	360435	20637	1167	19470	19	3178	4.2166
human	PR10XT3cell96	380505	139825	3343	14512	222825	14461	738	13723	20	2840	3.9833
human	PR10XT4cell1	1904973	470296	31075	80437	1323165	35762	1387	34375	27	4346	6.7166
human	PR10XT4cell2	1568769	416730	27101	107647	1017291	27306	1788	25518	21	3666	6.4000
human	PR10XT4cell3	700656	116714	13588	45428	524926	17893	912	16981	23	3189	4.4500
human	PR10XT4cell4	717237	321163	11773	20846	363455	12571	538	12033	15	2690	4.6166
human	PR10XT4cell5	2955524	578198	67578	47610	2262138	49862	1042	48820	20	4965	8.6500
human	PR10XT4cell6	2026304	641395	32967	59492	1292450	33665	1305	32360	17	4345	6.9666
human	PR10XT4cell7	2087600	986403	25403	68831	1006963	27648	1218	26430	22	3989	7.2000
human	PR10XT4cell8	425899	147657	3572	35220	239450	11201	824	10377	19	2527	4.2166
human	PR10XT4cell9	1680127	416881	32756	69400	1161090	33825	1265	32560	20	4105	6.3666
human	PR10XT4cell10	1534002	395138	28266	56548	1054050	28773	1164	27609	23	3741	6.0166
human	PR10XT4cell11	844580	161547	13129	48876	621028	19718	1068	18650	19	3320	4.7833
human	PR10XT4cell12	575998	225325	8121	33844	308708	10921	610	10311	17	2363	4.3166
human	PR10XT4cell13	1346506	195409	24737	73607	1052753	29602	1336	28266	18	3955	5.6500
human	PR10XT4cell14	1830805	482329	33168	65851	1249457	36015	1304	34711	21	4358	6.6166
human	PR10XT4cell15	1943763	578195	30183	52115	1283270	32467	1057	31410	17	4206	6.8666
human	PR10XT4cell16	999009	182292	23243	51319	742155	21369	1098	20271	21	3214	5.0500
human	PR10XT4cell17	1987852	564743	29620	64361	1329128	35759	1363	34396	23	4469	6.8333
human	PR10XT4cell18	1350286	363884	17347	84332	884723	24788	1527	23261	22	3618	5.6666
human	PR10XT4cell19	826263	232833	8349	40941	544140	18217	939	17278	23	3383	4.7333
human	PR10XT4cell20	636995	272638	13974	18316	332067	13630	555	13075	20	2996	4.4500
human	PR10XT4cell21	1807665	492758	34605	67562	1212740	32028	1418	30610	25	4255	6.7000
human	PR10XT4cell22	2853501	1327717	27801	55497	1442486	36767	1219	35548	24	4732	8.6666
human	PR10XT4cell23	1494683	682052	13785	33753	765093	25314	903	24411	20	4201	6.2833
human	PR10XT4cell24	1140575	399614	12773	46552	681636	20477	986	19491	20	3311	5.3500
human	PR10XT4cell25	1769629	460355	40427	72122	1196725	35513	1411	34102	25	4262	6.5000
human	PR10XT4cell26	1227034	359778	24328	71949	770979	23824	1484	22340	24	3599	5.4833
human	PR10XT4cell27	767420	176003	16854	55545	519018	17840	1088	16752	20	3131	4.6833
human	PR10XT4cell28	741997	289048	10384	22768	419797	14620	576	14044	20	2921	4.6000
human	PR10XT4cell29	1483632	680242	19371	53314	730705	24059	1256	22803	22	3915	6.0833
human	PR10XT4cell30	2214232	629025	45023	72085	1468099	40881	1533	39348	18	4548	9.0666
human	PR10XT4cell31	2279204	559325	45821	78890	1595168	42438	1550	40888	20	4670	7.4333
human	PR10XT4cell32	1887913	674761	21765	62720	1128667	31311	1294	30017	21	4105	6.8333
human	PR10XT4cell33	737487	249060	6643	44995	436789	21339	1212	20127	19	3442	4.8166
human	PR10XT4cell34	1221051	384356	31164	60294	745237	26995	1506	25489	21	3308	5.5166
human	PR10XT4cell35	667191	160010	6994	42552	457635	16870	1113	15757	18	2712	4.4333
human	PR10XT4cell36	586996	225653	9800	25750	325793	13464	770	12694	19	2378	4.4000
human	PR10XT4cell37	1532571	246900	46568	69250	1169853	38262	1702	36560	20	3765	6.0500
human	PR10XT4cell38	43157	33620	278	330	8929	4331	207	4124	10	1679	3.3333
human	PR10XT4cell39	2033020	510857	38519	62390	1421254	44451	1453	42998	21	4283	7.0500
human	PR10XT4cell40	1658223	628736	25715	37494	966278	31863	1062	30801	18	3714	6.3166
human	PR10XT4cell41	1388783	356335	31887	54732	945829	62038	2674	59364	26	4198	6.1833
human	PR10XT4cell42	2021531	638617	25339	64616	1292959	79282	3290	75992	24	4544	7.1166
human	PR10XT4cell43	909670	294025	10181	41114	564350	36885	2060	34825	20	3455	5.1666
human	PR10XT4cell44	797503	322522	8636	31792	434553	28362	1464	26898	20	3127	4.7166
human	PR10XT4cell45	3489177	1779532	46306	215266	1448073	95302	10218	85084	29	5138	97.8000
human	PR10XT4cell46	1788891	540234	27472	61123	1160062	68980	2988	65992	20	4594	6.6666
human	PR10XT4cell47	4361351	2116476	47924	39685	2157266	112240	2099	110141	23	5517	12.0166
human	PR10XT4cell48	250383	71053	4648	23807	150875	16563	1369	15194	20	2714	3.7166
human	PR10XT4cell49	2271242	535962	43688	71954	1619638	52126	1844	50282	21	4491	7.5333
human	PR10XT4cell50	1624513	419118	41204	94182	1070009	37020	2000	35020	23	3759	6.1666
human	PR10XT4cell51	647158	160919	10500	47796	427943	17921	1182	16739	24	2779	4.3833
human	PR10XT4cell52	880967	348107	13908	23411	495541	18019	690	17329	17	2956	4.9500
human	PR10XT4cell53	1689486	547839	17575	95610	1028462	31309	2187	29122	19	3490	6.5666
human	PR10XT4cell54	2938393	1682793	32585	52737	1170278	42991	1451	41540	20	4766	9.0500
human	PR10XT4cell55	2362382	651975	40514	71584	1598309	46695	1649	45046	20	4449	7.4500
human	PR10XT4cell56	352253	103894	4111	22047	222201	12387	758	11629	19	2593	3.9500
human	PR10XT4cell57	1261495	293808	22232	48441	897014	66297	2788	63509	25	4337	24.6166
human	PR10XT4cell58	1813155	501346	25290	89219	1197300	86335	4662	81673	24	4377	6.9166
human	PR10XT4cell59	732749	152547	13366	42358	524478	41093	2316	38777	24	3465	4.7666
human	PR10XT4cell60	603193	289981	5525	20875	286812	22093	1206	20887	18	2882	4.5833
human	PR10XT4cell61	1313423	574469	16021	26321	696612	58662	2196	56466	26	4835	5.9333
human	PR10XT4cell62	523460	195841	7641	26170	293808	31723	1769	29954	21	3925	4.3166
human	PR10XT4cell63	2331233	577275	34841	71545	1647572	98401	3457	94944	25	4942	8.0000
human	PR10XT4cell64	1035629	287245	13257	49221	685906	47974	2618	45356	19	3856	5.4000
human	PR10XT4cell65	1326612	308549	21181	74414	922468	34706	1856	32850	27	4178	5.7333
human	PR10XT4cell66	1366289	393411	31176	71254	870448	30817	1697	29120	24	3839	5.7666
human	PR10XT4cell67	806362	150133	12270	41745	602214	23445	1106	22339	22	3580	4.7833
human	PR10XT4cell68	798276	338807	9658	33080	416731	16760	825	15935	22	3101	4.7166
human	PR10XT4cell69	2864174	1235689	53944	66255	1508286	44389	1754	42635	22	4911	8.6666
human	PR10XT4cell70	2859705	1222568	53976	76316	1506845	44787	1690	43097	21	4722	8.5500
human	PR10XT4cell71	57678	34433	657	1283	21305	10823	415	10408	18	3090	3.4166
human	PR10XT4cell72	385945	78599	4854	28946	273546	14766	937	13829	21	2906	4.0000
human	PR10XT4cell73	1767248	391292	20414	87029	1268513	40557	1821	38736	28	4350	6.4500
human	PR10XT4cell74	1604216	535639	26724	86821	955032	32255	1856	30399	21	3862	6.3166
human	PR10XT4cell75	943420	239162	14067	49200	640991	22781	1207	21574	20	3398	4.9166
human	PR10XT4cell76	49884	11273	571	2191	35849	4160	195	3965	12	1505	3.4166
human	PR10XT4cell77	1937505	402382	37883	63920	1433320	40052	1606	38446	24	4061	6.8000
human	PR10XT4cell78	1338561	637667	16315	48378	636201	28135	1299	26836	22	4154	6.0333
human	PR10XT4cell79	169159	65694	2235	19731	81499	10327	780	9547	18	2754	3.5500
human	PR10XT4cell80	71493	24745	131	34485	12132	4021	934	3087	18	1374	3.4000
human	PR10XT4cell81	1228655	339491	21478	42621	825065	61161	2551	58610	25	3953	5.8000
human	PR10XT4cell82	1001814	353267	16674	65914	565959	45626	3514	42112	22	3160	5.3833
human	PR10XT4cell83	810557	247907	11434	42452	508764	37875	2147	35728	18	3270	5.0166
human	PR10XT4cell84	669925	287337	5219	28784	348585	24392	1120	23272	16	2686	4.5500
human	PR10XT4cell85	687136	190866	10200	53311	432759	35915	3104	32811	22	3111	4.6000
human	PR10XT4cell86	1256930	368953	12802	55008	820167	53238	2685	50553	24	3602	5.8000
human	PR10XT4cell87	360732	107081	4922	53770	194959	20942	2562	18380	22	2738	4.1000
human	PR10XT4cell88	489142	168507	4933	29165	286537	22033	1754	20279	19	2189	4.3333
human	PR10XT4cell89	612502	161975	11886	41204	397437	22924	1246	21678	24	3471	4.4000
human	PR10XT4cell90	585003	153418	6876	34144	390565	19586	1083	18503	17	3246	4.3500
human	PR10XT4cell91	527798	160201	5575	18846	343176	17846	771	17075	19	3238	4.2333
human	PR10XT4cell92	307954	168827	2683	15070	121374	8060	482	7578	17	2180	3.8166
human	PR10XT4cell93	519981	236652	4574	9725	269030	18661	664	17997	30	3659	4.2333
human	PR10XT4cell94	360000	137256	2827	24237	195680	13319	929	12390	25	2869	3.9333
human	PR10XT4cell95	597746	217520	5629	23016	351581	19560	856	18704	19	3578	4.4166
human	PR10XT4cell96	49425	22142	573	2915	23795	4689	315	4374	19	1712	3.3666
human	PR10XT5cell1	1477206	271615	17071	57965	1130555	30338	1207	29131	23	4018	5.8333
human	PR10XT5cell2	1554327	375929	30824	62532	1085042	28108	1124	26984	24	3739	6.0166
human	PR10XT5cell3	839725	227246	13705	33926	564848	17357	768	16589	20	2959	4.7500
human	PR10XT5cell4	942042	389686	13469	23004	515883	15399	567	14832	18	2837	5.0000
human	PR10XT5cell5	1674185	395156	28455	62234	1188340	29078	1137	27941	23	3651	6.2666
human	PR10XT5cell6	2523235	1026172	26226	84876	1385961	32151	1515	30636	21	3846	8.0000
human	PR10XT5cell7	496757	198932	9865	44476	243484	10857	978	9879	22	2496	4.3000
human	PR10XT5cell8	1227831	290230	22367	50407	864827	21829	1008	20821	25	2956	5.3833
human	PR10XT5cell9	1222761	169998	23267	62725	966771	28023	1288	26735	22	3560	5.5166
human	PR10XT5cell10	1102893	294578	23979	75155	709181	21161	1265	19896	22	3253	55.1666
human	PR10XT5cell11	1050503	264003	19035	33697	733768	22665	800	21865	15	3564	5.1666
human	PR10XT5cell12	577630	201908	6701	17446	351575	11421	424	10997	22	2381	4.2833
human	PR10XT5cell13	2007797	369854	48640	66663	1522640	37433	1160	36273	22	3902	6.8500
human	PR10XT5cell14	1113733	204784	21221	58353	829375	27712	1234	26478	21	3803	5.2000
human	PR10XT5cell15	974271	163303	27998	62646	720324	20191	1157	19034	22	3106	5.0166
human	PR10XT5cell16	1111987	462447	9852	43958	595730	17064	883	16181	21	3111	192.3333
human	PR10XT5cell17	1542611	385427	32863	218556	905765	29220	3414	25806	27	3921	6.1166
human	PR10XT5cell18	1486440	374045	24609	64540	1023246	27456	1169	26287	20	3716	5.9666
human	PR10XT5cell19	1014778	266874	13685	59041	675178	21176	1206	19970	19	3349	5.2500
human	PR10XT5cell20	740631	265951	9476	40039	425165	14474	810	13664	21	2828	4.6333
human	PR10XT5cell21	1959710	512587	33162	85494	1328467	30572	1452	29120	22	3889	6.8000
human	PR10XT5cell22	1912744	480843	28561	74638	1328702	35459	1456	34003	22	4245	6.7333
human	PR10XT5cell23	2760245	879822	51485	59705	1769233	39114	1213	37901	23	4330	8.2000
human	PR10XT5cell24	1589116	329360	38684	37059	1184013	28624	848	27776	19	3729	5.9833
human	PR10XT5cell25	1644700	168358	34891	66313	1375138	35978	1395	34583	23	4220	6.1166
human	PR10XT5cell26	1722372	508359	43012	81286	1089715	29423	1535	27888	20	3875	6.3333
human	PR10XT5cell27	1005137	206433	19370	40789	738545	22230	863	21367	19	3506	5.2000
human	PR10XT5cell28	662245	278772	8049	59244	316180	11821	943	10878	18	2458	4.5166
human	PR10XT5cell29	1349249	309074	15548	76802	947825	25246	1403	23843	22	3487	5.8166
human	PR10XT5cell30	1508420	355229	19668	58341	1075182	31454	1263	30191	25	4062	6.0166
human	PR10XT5cell31	379176	133183	5283	40092	200618	13707	1047	12660	19	3080	4.0000
human	PR10XT5cell32	380177	120971	6143	38223	214840	9833	914	8919	24	2360	4.0500
human	PR10XT5cell33	1212578	250015	27566	65583	869414	31282	1810	29472	24	3336	5.4333
human	PR10XT5cell34	1663982	441313	31939	71298	1119432	37643	1726	35917	16	3667	6.5166
human	PR10XT5cell35	957053	278896	16194	50067	611896	23076	1346	21730	22	3044	5.0166
human	PR10XT5cell36	661257	280713	9079	17258	354207	14498	639	13859	20	2623	4.5333
human	PR10XT5cell37	1242102	325352	14583	59914	842253	28119	1597	26522	18	3097	5.7333
human	PR10XT5cell38	1920992	316726	33553	74754	1495959	50703	2033	48670	20	4225	6.7000
human	PR10XT5cell39	1555158	314435	33741	71294	1135688	37917	1814	36103	21	3585	6.0500
human	PR10XT5cell40	1413665	372987	21379	42516	976783	32159	1152	31007	19	3233	5.8333
human	PR10XT5cell41	1263446	290618	23296	58762	890770	56209	2923	53286	22	4023	5.6833
human	PR10XT5cell42	1323734	415534	16725	81409	810066	53818	3837	49981	25	3872	5.7833
human	PR10XT5cell43	714193	171995	14410	44365	483423	31146	2174	28972	20	3225	4.5500
human	PR10XT5cell44	839046	338184	10056	25305	465501	28493	1340	27153	22	3194	4.8333
human	PR10XT5cell45	1682576	624144	36071	41289	981072	61995	2407	59588	27	4246	6.6666
human	PR10XT5cell46	2288105	602200	42832	65706	1577367	81066	2974	78092	22	4550	7.7166
human	PR10XT5cell47	544230	123840	14332	62805	343253	26836	2932	23904	22	3135	4.2666
human	PR10XT5cell48	940613	318889	14089	31425	576210	39101	1792	37309	20	3783	5.1833
human	PR10XT5cell49	1385231	313215	34239	71035	966742	33884	1630	32254	16	3702	5.8166
human	PR10XT5cell50	1894492	634795	43878	70560	1145259	35559	1701	33858	17	3667	6.7666
human	PR10XT5cell51	1042196	254698	25649	62634	699215	23940	1528	22412	15	3081	5.1000
human	PR10XT5cell52	630947	242132	7911	34382	346522	13481	808	12673	19	2331	4.5166
human	PR10XT5cell53	1939218	355905	40265	68501	1474547	42944	1680	41264	20	3797	6.8333
human	PR10XT5cell54	309382	128665	1392	73026	106299	10129	1742	8387	21	2370	3.8500
human	PR10XT5cell55	2245626	899460	29344	69482	1247340	35377	1583	33794	21	3857	7.4666
human	PR10XT5cell56	303436	99076	2527	21060	180773	10482	751	9731	19	2284	3.8000
human	PR10XT5cell57	1480299	359597	31007	79957	1009738	70029	3918	66111	23	4165	6.1500
human	PR10XT5cell58	1268900	250340	15505	92003	911052	65542	4454	61088	21	3909	5.7333
human	PR10XT5cell59	887438	251479	16853	53346	565760	39718	2743	36975	22	3374	4.9166
human	PR10XT5cell60	546407	235164	5608	16274	289361	22282	1147	21135	21	2911	4.3666
human	PR10XT5cell61	1237970	282238	22401	69208	864123	58214	3589	54625	22	3571	5.7166
human	PR10XT5cell62	2857735	903861	36681	63587	1853606	102221	3160	99061	21	4945	8.9333
human	PR10XT5cell63	2222367	789085	29420	58072	1345790	80358	3004	77354	22	4633	7.7666
human	PR10XT5cell64	355141	120689	4676	34620	195156	18221	1964	16257	21	2531	4.1000
human	PR10XT5cell65	1592787	395416	33945	73878	1089548	36242	1788	34454	26	4187	6.2166
human	PR10XT5cell66	1828885	416833	39645	49520	1322887	38758	1402	37356	22	4174	6.8333
human	PR10XT5cell67	918813	226773	14661	60826	616553	21521	1380	20141	21	3367	4.8666
human	PR10XT5cell68	794839	290613	16014	47894	440318	17851	1005	16846	22	3231	4.8000
human	PR10XT5cell69	1980080	492781	42405	88784	1356110	36645	1837	34808	24	4000	6.7666
human	PR10XT5cell70	1643106	655091	20894	61683	905438	30461	1548	28913	23	3932	6.5500
human	PR10XT5cell71	302342	117343	3152	27671	154176	14374	1106	13268	21	3247	3.8333
human	PR10XT5cell72	252468	61001	3491	27924	160052	9704	933	8771	21	2336	3.6833
human	PR10XT5cell73	1249428	301705	20026	58369	869328	29242	1446	27796	20	3615	5.5000
human	PR10XT5cell74	1304605	192778	38002	64290	1009535	31062	1413	29649	20	3503	5.5166
human	PR10XT5cell75	922553	235204	20944	60268	606137	21493	1283	20210	19	3237	4.9333
human	PR10XT5cell76	1013342	491483	12802	19075	489982	15545	593	14952	19	2697	5.1666
human	PR10XT5cell77	611970	182055	9872	61798	358245	15688	1449	14239	22	2777	4.4166
human	PR10XT5cell78	519216	201070	5634	32841	279671	14642	988	13654	22	3033	4.2166
human	PR10XT5cell79	1281764	256549	16560	78851	929804	27418	1668	25750	21	3309	5.5000
human	PR10XT5cell80	265692	107295	3279	22531	132587	8315	733	7582	20	2072	3.8166
human	PR10XT5cell81	1435589	348384	26071	61579	999555	71003	3070	67933	26	4310	6.0666
human	PR10XT5cell82	582174	304215	2019	67794	208146	20727	3429	17298	21	2275	4.5666
human	PR10XT5cell83	1036058	363588	16888	49997	605585	42662	2536	40126	19	3443	5.2333
human	PR10XT5cell84	474448	189672	14127	19842	250807	19054	983	18071	16	2471	4.1666
human	PR10XT5cell85	1287457	317751	25982	61873	881851	60630	3288	57342	18	3594	5.8166
human	PR10XT5cell86	3261133	1765283	33822	55537	1406491	81707	3024	78683	22	4397	10.1833
human	PR10XT5cell87	1587945	538810	10445	64173	974517	59769	3210	56559	21	3838	6.3833
human	PR10XT5cell88	332362	119740	3092	21218	188312	16350	1381	14969	21	2324	3.8500
human	PR10XT5cell89	1230263	375893	20752	45397	788221	34516	1442	33074	23	4161	5.4666
human	PR10XT5cell90	504427	110073	6936	40100	347318	17374	1153	16221	18	2827	4.1500
human	PR10XT5cell91	781580	215901	7016	20085	538578	25314	746	24568	18	3834	4.6166
human	PR10XT5cell92	210017	93030	2440	9724	104823	7309	403	6906	14	1983	3.7500
human	PR10XT5cell93	1000364	262684	12530	36799	688351	28039	1140	26899	20	3614	5.0166
human	PR10XT5cell94	154087	76884	1389	6791	69023	8957	527	8430	16	2471	3.5833
human	PR10XT5cell95	925951	372455	14317	24439	514740	22635	900	21735	21	3552	5.3000
human	PR10XT5cell96	263516	67537	4307	19243	172429	9551	670	8881	18	2071	3.7666
human	PR10XT6cell1	1064613	224757	18048	39469	782339	24785	995	23790	23	3465	5.1833
human	PR10XT6cell2	1262300	286974	15442	67904	891980	27454	1366	26088	17	3700	5.5166
human	PR10XT6cell3	678034	216503	9284	34813	417434	15167	780	14387	14	2765	4.5166
human	PR10XT6cell4	664560	291845	8679	13204	350832	12450	485	11965	16	2568	4.5000
human	PR10XT6cell5	518487	167842	9959	34071	306615	15823	921	14902	23	2983	4.2000
human	PR10XT6cell6	1420289	443043	21556	56262	899428	28477	1306	27171	21	3623	6.0666
human	PR10XT6cell7	1453190	448427	18809	67412	918542	27727	1471	26256	22	3617	5.9166
human	PR10XT6cell8	1065338	266925	15260	40791	742362	23902	908	22994	22	3559	5.1833
human	PR10XT6cell9	1224945	298304	22650	53900	850091	29029	1334	27695	22	3587	5.5166
human	PR10XT6cell10	888106	298686	16404	51381	521635	19381	1176	18205	16	2985	4.8833
human	PR10XT6cell11	565173	168688	7343	24128	365014	14979	700	14279	17	2766	4.2666
human	PR10XT6cell12	494522	196623	2412	10098	285389	10797	368	10429	15	2153	4.1500
human	PR10XT6cell13	1079001	261356	15434	58217	743994	23991	1394	22597	23	3085	5.1833
human	PR10XT6cell14	1458151	500907	21085	41515	894644	30988	1111	29877	22	3824	5.9333
human	PR10XT6cell15	756226	380754	5651	23452	346369	15910	777	15133	17	3117	4.7333
human	PR10XT6cell16	2083831	1019389	28398	32679	1003365	31701	895	30806	24	4077	7.3500
human	PR10XT6cell17	1664960	534474	30191	43667	1056628	34335	1067	33268	19	4226	6.4000
human	PR10XT6cell18	1313881	360497	21251	54468	877665	27341	1364	25977	20	3675	5.7666
human	PR10XT6cell19	508049	95368	17696	26308	368677	15488	815	14673	22	2761	4.1666
human	PR10XT6cell20	411824	149256	4177	22819	235572	11261	615	10646	19	2609	4.0333
human	PR10XT6cell21	733938	269980	10470	43278	410210	16454	1059	15395	21	2995	4.6833
human	PR10XT6cell22	1732787	490395	40279	56647	1145466	33868	1329	32539	23	3839	6.5166
human	PR10XT6cell23	893107	311752	15732	45752	519871	19126	1225	17901	21	3226	4.9333
human	PR10XT6cell24	1085162	217076	25634	37064	805388	26570	1050	25520	24	3646	5.1833
human	PR10XT6cell25	1134854	315670	14607	59172	745405	26267	1512	24755	22	3596	5.2833
human	PR10XT6cell26	855205	258207	14080	60827	522091	18773	1356	17417	19	3040	4.7666
human	PR10XT6cell27	551941	125920	6060	27600	392361	16259	863	15396	19	2780	4.2166
human	PR10XT6cell28	611517	262879	6902	29539	312197	12300	658	11642	16	2583	4.5500
human	PR10XT6cell29	1829390	444532	40052	65000	1279806	38720	1569	37151	24	4191	6.5666
human	PR10XT6cell30	738166	327757	5916	29961	374532	18449	954	17495	18	3256	4.6666
human	PR10XT6cell31	1281698	305198	27983	53408	895109	30525	1370	29155	25	3744	5.6000
human	PR10XT6cell32	812958	212881	14379	42077	543621	18645	1139	17506	22	2923	4.7333
human	PR10XT6cell33	983839	126649	25693	52419	779078	30722	1572	29150	22	3474	5.2166
human	PR10XT6cell34	1130191	311307	21990	64740	732154	30175	1859	28316	20	3294	5.3666
human	PR10XT6cell35	673472	178371	17141	29178	448782	20260	952	19308	20	2708	4.4500
human	PR10XT6cell36	354451	146295	5757	18889	183510	9782	638	9144	18	1928	3.9500
human	PR10XT6cell37	1035210	323754	15509	30856	665091	26493	1094	25399	21	3022	5.2000
human	PR10XT6cell38	330596	110801	3011	33357	183427	10964	1239	9725	24	2128	4.0500
human	PR10XT6cell39	135640	47418	979	22743	64500	7916	923	6993	20	2056	3.5333
human	PR10XT6cell40	474076	111571	8815	24276	329414	15158	979	14179	23	2354	4.0500
human	PR10XT6cell41	858385	200889	14738	48139	594619	48985	2954	46031	23	3612	4.9500
human	PR10XT6cell42	1134695	334047	17092	52584	730972	57317	3076	54241	23	3663	5.4166
human	PR10XT6cell43	795833	203463	11717	51055	529598	42251	2897	39354	16	3208	4.8000
human	PR10XT6cell44	628139	241426	8438	20163	358112	27444	1308	26136	15	2858	4.4333
human	PR10XT6cell45	1460784	397816	21713	82485	958770	68461	4413	64048	25	3759	6.2333
human	PR10XT6cell46	444300	112542	6814	81421	243523	25417	4184	21233	21	2638	4.1833
human	PR10XT6cell47	1222056	261187	24095	67389	869385	59022	3622	55400	22	3669	5.8166
human	PR10XT6cell48	592924	85211	7769	45196	454748	36932	2686	34246	23	3140	4.3333
human	PR10XT6cell49	1380244	294139	22917	58539	1004649	39999	1733	38266	21	3779	5.7833
human	PR10XT6cell50	1203974	284299	24072	54769	840834	32796	1674	31122	22	3372	5.4000
human	PR10XT6cell51	815860	253346	17970	46363	498181	21888	1420	20468	18	2990	4.7333
human	PR10XT6cell52	519434	231567	6516	12742	268609	12514	544	11970	14	2278	4.2000
human	PR10XT6cell53	1758675	420528	43401	61423	1233323	44574	1853	42721	20	3637	6.6166
human	PR10XT6cell54	967475	298566	8950	34369	625590	27246	1272	25974	19	3364	5.0666
human	PR10XT6cell55	1619821	371325	37644	75872	1134980	43183	2227	40956	26	3720	6.2666
human	PR10XT6cell56	75573	32305	112	35929	7227	4096	1282	2814	25	1302	3.3833
human	PR10XT6cell57	1306612	287115	15203	63129	941165	74489	3720	70769	23	4246	5.7500
human	PR10XT6cell58	779777	228528	8293	47561	495395	45577	3205	42372	21	3371	4.8333
human	PR10XT6cell59	640241	182073	11269	24168	422731	35860	1790	34070	17	3268	4.5000
human	PR10XT6cell60	501073	186585	8019	18816	287653	22619	1162	21457	18	2586	4.2333
human	PR10XT6cell61	1309242	241073	28790	47809	991570	75758	3230	72528	20	3830	6.0000
human	PR10XT6cell62	134425	50622	2094	3842	77867	16844	737	16107	24	3292	3.5500
human	PR10XT6cell63	1709147	553898	26234	42691	1086324	79141	2518	76623	27	4500	6.6500
human	PR10XT6cell64	98142	28474	1093	30210	38365	9720	2045	7675	22	2132	3.4500
human	PR10XT6cell65	1155242	291135	20044	70515	773548	33699	1895	31804	22	3858	5.4166
human	PR10XT6cell66	1029456	277592	15457	57640	678767	27668	1749	25919	21	3529	5.2333
human	PR10XT6cell67	901023	257493	16365	38447	588718	24439	1192	23247	20	3447	4.8833
human	PR10XT6cell68	645470	239755	15475	25442	364798	17361	793	16568	17	2986	4.6500
human	PR10XT6cell69	1962689	948290	19368	40744	954287	35877	1214	34663	20	4205	7.0166
human	PR10XT6cell70	555994	157147	9465	41691	347691	20149	1386	18763	22	3167	4.3000
human	PR10XT6cell71	651817	145505	10072	57774	438466	23270	1636	21634	23	3457	4.6166
human	PR10XT6cell72	1363471	419524	14690	30645	898612	32415	1184	31231	20	3936	5.8166
human	PR10XT6cell73	1239230	375478	24474	46173	793105	31915	1452	30463	22	3630	5.6000
human	PR10XT6cell74	914092	261933	16770	55331	580058	24746	1570	23176	22	3006	5.1000
human	PR10XT6cell75	910323	238536	12964	27957	630866	25910	994	24916	16	3281	4.8500
human	PR10XT6cell76	469899	201976	7022	19790	241111	11865	545	11320	16	2247	4.1333
human	PR10XT6cell77	522032	205056	6243	566	310167	15043	276	14767	13	2580	4.2166
human	PR10XT6cell78	722974	205387	10770	53929	452888	19536	1597	17939	19	2830	4.5666
human	PR10XT6cell79	1420870	279833	37492	57109	1046436	38956	1635	37321	23	3882	5.9000
human	PR10XT6cell80	789074	249622	11300	27630	500522	22814	958	21856	21	3317	4.7333
human	PR10XT6cell81	819143	158322	10732	42863	607226	53321	2727	50594	20	3515	5.0333
human	PR10XT6cell82	665708	133712	13454	36247	482295	44833	2589	42244	22	2938	4.5166
human	PR10XT6cell83	628917	143191	15089	32035	438602	37574	2047	35527	18	2909	4.6166
human	PR10XT6cell84	342281	137072	2874	27137	175198	15518	1521	13997	17	1924	3.9166
human	PR10XT6cell85	1504467	359934	37383	60902	1046248	86112	4025	82087	20	3867	6.6833
human	PR10XT6cell86	1177800	305407	19327	50357	802709	60348	3149	57199	19	3559	5.6833
human	PR10XT6cell87	1523023	402713	26125	60244	1033941	77259	3707	73552	24	3948	6.2333
human	PR10XT6cell88	775990	164696	14173	39661	557460	46899	2460	44439	19	3159	4.7000
human	PR10XT6cell89	690723	205870	13080	33912	437861	23605	1255	22350	21	3381	4.5333
human	PR10XT6cell90	450932	124165	7269	34235	285263	17100	1205	15895	18	2801	4.1000
human	PR10XT6cell91	384530	116441	4706	28730	234653	15172	1055	14117	20	2763	3.9166
human	PR10XT6cell92	32423	14955	233	1855	15380	3474	225	3249	15	1328	3.2833
human	PR10XT6cell93	633013	146318	11473	28075	447147	23597	1084	22513	20	3283	4.3833
human	PR10XT6cell94	1116202	605278	10442	16074	484408	25492	757	24735	19	3794	5.4333
human	PR10XT6cell95	277470	62913	4743	15437	194377	13997	743	13254	23	2550	3.7666
human	PR10XT6cell96	38376	12332	73	22584	3387	2806	900	1906	18	1083	163.3000
human	PR10XT7cell1	1776241	396220	29382	63826	1286813	32826	1276	31550	19	4295	6.3833
human	PR10XT7cell2	1756106	530991	46183	77608	1101324	30127	1442	28685	18	4029	6.4833
human	PR10XT7cell3	1469858	440076	15465	67479	946838	26499	1298	25201	18	3889	5.9000
human	PR10XT7cell4	1109927	459250	16620	36389	597668	17363	739	16624	18	3256	5.2333
human	PR10XT7cell5	1640130	524781	30037	85118	1000194	26577	1414	25163	21	3956	6.5000
human	PR10XT7cell6	2741644	819082	46685	72494	1803383	41651	1321	40330	23	4458	8.2500
human	PR10XT7cell7	2798973	1246349	23356	63586	1465682	30686	1177	29509	21	4012	8.7000
human	PR10XT7cell8	1884226	651375	20251	56636	1155964	20358	1062	19296	20	3363	6.7000
human	PR10XT7cell9	1570155	387892	26799	84027	1071437	31910	1483	30427	20	4108	6.2166
human	PR10XT7cell10	892814	235372	12015	86516	558911	19104	1558	17546	19	3230	4.8333
human	PR10XT7cell11	1057896	295739	15899	49886	696372	22463	1092	21371	21	3552	5.1500
human	PR10XT7cell12	687662	261028	4556	17643	404435	12074	509	11565	15	2506	4.5500
human	PR10XT7cell13	1841891	392656	30178	77178	1341879	34511	1333	33178	19	4264	6.4833
human	PR10XT7cell14	3127566	965535	45558	48580	2067893	49906	1146	48760	20	4968	8.8833
human	PR10XT7cell15	369132	152413	3024	29260	184435	10380	785	9595	21	2521	3.9166
human	PR10XT7cell16	830878	305818	15953	46347	462760	13890	842	13048	21	2591	5.0166
human	PR10XT7cell17	1819528	433990	25256	62987	1297295	36905	1399	35506	24	4550	6.4833
human	PR10XT7cell18	1805635	430414	41243	93910	1240068	32219	1628	30591	23	4136	6.6000
human	PR10XT7cell19	1122889	281022	21814	60912	759141	24653	1197	23456	21	3776	5.2666
human	PR10XT7cell20	705842	335711	9427	15168	345536	14916	609	14307	16	3209	4.5500
human	PR10XT7cell21	2977347	1283707	28430	53017	1612193	41246	1274	39972	22	4994	8.9666
human	PR10XT7cell22	1017118	415977	16206	51046	533889	21837	1050	20787	22	3802	5.2000
human	PR10XT7cell23	2642184	984591	30556	95665	1531372	38103	1663	36440	24	4597	8.0500
human	PR10XT7cell24	265877	77738	6758	36592	144789	9513	895	8618	24	2395	3.8666
human	PR10XT7cell25	2112051	552281	34722	70228	1454820	41014	1369	39645	24	4664	7.1166
human	PR10XT7cell26	1418257	373647	17961	83472	943177	27465	1626	25839	19	3915	5.8666
human	PR10XT7cell27	1397535	358959	26402	56127	956047	28691	1295	27396	22	3938	5.8166
human	PR10XT7cell28	859288	295563	7935	24864	530926	15835	599	15236	15	3009	4.7833
human	PR10XT7cell29	3128923	851679	41861	86412	2148971	50652	1749	48903	22	5176	8.9166
human	PR10XT7cell30	1501097	506364	15141	67073	912519	30293	1375	28918	22	4148	6.1666
human	PR10XT7cell31	513262	189596	2916	50810	269940	14640	1104	13536	23	3128	4.2166
human	PR10XT7cell32	1389161	638114	21143	40785	689119	21930	944	20986	23	3593	5.7666
human	PR10XT7cell33	1489579	385674	24692	57192	1022021	36927	1569	35358	25	4076	5.9833
human	PR10XT7cell34	1517605	484739	23322	62956	946588	31717	1600	30117	20	3738	6.0166
human	PR10XT7cell35	1276132	362452	17456	76427	819797	29705	1887	27818	23	3642	5.5500
human	PR10XT7cell36	710653	382575	9749	20248	298081	14334	601	13733	14	3008	4.6000
human	PR10XT7cell37	1273412	504027	11852	59515	698018	28532	1564	26968	21	3877	5.8333
human	PR10XT7cell38	243068	127782	2236	53267	59783	7969	1349	6620	19	2077	3.7666
human	PR10XT7cell39	759140	174438	10061	30233	544408	21851	829	21022	20	3189	4.7833
human	PR10XT7cell40	129647	40178	540	49198	39731	5328	1292	4036	20	1439	3.5166
human	PR10XT7cell41	2033946	463227	39829	64950	1465940	86525	3046	83479	23	4850	7.4000
human	PR10XT7cell42	1568577	436626	33815	96802	1001334	65836	4172	61664	20	4266	6.3500
human	PR10XT7cell43	1372799	356645	21567	79878	914709	56924	3366	53558	19	4227	5.8500
human	PR10XT7cell44	844452	316757	11161	40449	476085	31543	1623	29920	18	3540	4.8333
human	PR10XT7cell45	3602365	1451333	51627	75539	2023866	101581	3612	97969	22	4931	10.7166
human	PR10XT7cell46	354546	125498	4811	51170	173067	19682	2460	17222	20	3132	3.9000
human	PR10XT7cell47	990462	182081	21727	62907	723747	43525	2746	40779	30	3833	5.1166
human	PR10XT7cell48	1528566	370502	29837	57866	1070361	59128	2687	56441	25	3919	6.0500
human	PR10XT7cell49	1423237	434520	15828	87051	885838	32087	1937	30150	20	3783	5.9000
human	PR10XT7cell50	1957530	609843	38303	94910	1214474	38383	2069	36314	21	3792	6.7666
human	PR10XT7cell51	1599182	447817	21680	76909	1052776	33504	1685	31819	18	3825	6.2166
human	PR10XT7cell52	1009284	419583	8500	36903	544298	18383	884	17499	19	3011	5.1000
human	PR10XT7cell53	4496552	1950921	56080	99349	2390202	67028	2257	64771	25	5180	11.8166
human	PR10XT7cell54	995113	389735	11103	44422	549853	25250	1251	23999	22	3934	5.2166
human	PR10XT7cell55	2019064	421929	26539	82353	1488243	42857	1731	41126	20	4040	6.8833
human	PR10XT7cell56	217997	50204	3223	61514	103056	8239	1549	6690	24	1882	3.6666
human	PR10XT7cell57	1874565	351903	38489	130828	1353345	92574	6146	86428	23	4720	7.8000
human	PR10XT7cell58	1254429	335091	28592	77931	812815	63140	4244	58896	23	4065	5.7333
human	PR10XT7cell59	1102209	268328	23122	53664	757095	55008	2761	52247	21	3985	5.5000
human	PR10XT7cell60	648101	297733	2764	16014	331590	25779	1219	24560	22	3254	4.6166
human	PR10XT7cell61	1798755	680543	20825	66774	1030613	72372	3594	68778	23	4723	7.3166
human	PR10XT7cell62	166705	80404	3493	10796	72012	16370	1282	15088	22	3373	3.6833
human	PR10XT7cell63	193002	77241	2765	33948	79048	16117	2148	13969	22	3030	3.6333
human	PR10XT7cell64	318503	57191	5586	62664	193062	19781	3102	16679	26	2477	3.9000
human	PR10XT7cell65	1766630	360947	32092	60493	1313098	44818	1626	43192	23	4800	6.6500
human	PR10XT7cell66	1093846	159724	22783	59519	851820	31674	1619	30055	20	4212	5.2500
human	PR10XT7cell67	1330403	340564	21956	89424	878459	31954	1856	30098	21	4082	5.6333
human	PR10XT7cell68	631901	303986	4683	57365	265867	15837	1231	14606	17	3252	4.4500
human	PR10XT7cell69	2550437	1083900	33548	70430	1362559	47250	1687	45563	24	5247	8.1166
human	PR10XT7cell70	1665369	522364	27367	78144	1037494	34561	1767	32794	19	4232	6.5500
human	PR10XT7cell71	238128	104077	3978	31460	98613	13883	1175	12708	22	3299	3.7333
human	PR10XT7cell72	505350	112338	10115	41345	341552	16020	1190	14830	24	3082	4.1833
human	PR10XT7cell73	1424756	331010	29742	59588	1004416	34500	1417	33083	22	4067	5.8666
human	PR10XT7cell74	2043731	546708	34040	68735	1394248	41043	1621	39422	19	4343	6.9333
human	PR10XT7cell75	877208	221527	12034	66676	576971	25045	1512	23533	19	3808	4.9000
human	PR10XT7cell76	753266	282686	7006	29878	433696	16188	724	15464	16	2868	4.6500
human	PR10XT7cell77	2501186	642802	35437	96368	1726579	48728	2145	46583	25	4508	7.9333
human	PR10XT7cell78	1917466	745086	29723	50674	1091983	36729	1367	35362	21	4547	6.8000
human	PR10XT7cell79	2084733	539214	21219	89611	1434689	40067	1890	38177	22	4169	7.1833
human	PR10XT7cell80	993879	206395	20480	47569	719435	23705	1172	22533	25	3224	5.2500
human	PR10XT7cell81	1377045	297457	35426	59260	984902	69568	3160	66408	21	4135	6.3000
human	PR10XT7cell82	1379350	337957	22616	84969	933808	66155	4122	62033	20	3675	6.0666
human	PR10XT7cell83	1257029	497598	7125	61497	690809	46446	2864	43582	17	3562	5.7166
human	PR10XT7cell84	729551	397441	10742	16011	305357	22140	966	21174	16	2719	4.6666
human	PR10XT7cell85	1917631	711934	31577	65162	1108958	79728	3559	76169	21	4523	7.3333
human	PR10XT7cell86	1680890	647678	16356	45706	971150	61952	2452	59500	21	4262	6.6833
human	PR10XT7cell87	2121730	512045	43043	99276	1467366	88152	4202	83950	20	4473	7.4166
human	PR10XT7cell88	977024	241647	23749	39048	672580	45114	2246	42868	22	3424	5.1000
human	PR10XT7cell89	864074	243838	10274	30627	579335	28735	1072	27663	23	4006	4.8666
human	PR10XT7cell90	872976	236075	17755	44223	574923	24668	1300	23368	20	3498	4.7833
human	PR10XT7cell91	477781	239579	3650	20115	214437	13805	787	13018	18	2853	4.1333
human	PR10XT7cell92	317112	161390	3441	9109	143172	9569	375	9194	12	2440	3.9166
human	PR10XT7cell93	1164767	295273	14191	34912	820391	34582	1141	33441	21	4351	5.3833
human	PR10XT7cell94	1118082	437307	25071	29828	625876	27256	990	26266	19	4056	5.3500
human	PR10XT7cell95	941730	350931	9715	16423	564661	26336	747	25589	18	4004	5.0166
human	PR10XT7cell96	257056	65396	3668	20176	167816	9913	712	9201	18	2156	3.7333
human	PR10XT8cell1	1797186	439780	24831	49581	1282994	32273	995	31278	17	4093	6.4833
human	PR10XT8cell2	1567318	485910	10444	74898	996066	25633	1354	24279	20	3553	6.0500
human	PR10XT8cell3	885644	293189	11739	54109	526607	16438	1000	15438	16	2803	4.9333
human	PR10XT8cell4	857816	389031	8600	27261	432924	13854	549	13305	14	2742	4.8833
human	PR10XT8cell5	2308645	1033204	25851	41940	1207650	28317	936	27381	18	3513	7.6333
human	PR10XT8cell6	2235430	811668	38274	58782	1326706	33391	1150	32241	23	4007	7.6333
human	PR10XT8cell7	2208995	760709	36397	86280	1325609	29522	1439	28083	22	3426	7.2833
human	PR10XT8cell8	883621	142292	21619	59685	660025	18231	1086	17145	18	2895	4.9000
human	PR10XT8cell9	2227355	578091	31410	67553	1550301	44218	1302	42916	19	4788	7.2166
human	PR10XT8cell10	1867192	475555	32311	57657	1301669	33891	1156	32735	17	3835	6.7166
human	PR10XT8cell11	672672	177702	8710	28327	457933	17708	804	16904	17	3096	4.4833
human	PR10XT8cell12	655144	243888	10580	22806	377870	12068	466	11602	13	2510	4.4666
human	PR10XT8cell13	1668268	451502	31939	50574	1134253	29652	1088	28564	17	3505	6.2000
human	PR10XT8cell14	2110117	634815	28445	62530	1384327	37769	1214	36555	18	4263	7.1333
human	PR10XT8cell15	883930	461760	8485	33676	380009	14015	738	13277	19	2695	5.0333
human	PR10XT8cell16	862843	191180	16425	29621	625617	19919	811	19108	25	3125	4.8000
human	PR10XT8cell17	1526369	415891	28385	60144	1021949	30087	1145	28942	20	4129	5.9333
human	PR10XT8cell18	1413886	226598	35726	60099	1091463	27878	1152	26726	20	3659	5.8000
human	PR10XT8cell19	1371551	360097	21799	47799	941856	25886	984	24902	19	3722	5.7333
human	PR10XT8cell20	375599	173997	2088	29631	169883	8657	641	8016	18	2349	4.0000
human	PR10XT8cell21	1007934	412930	14167	44313	536524	17737	923	16814	21	3227	5.2000
human	PR10XT8cell22	232277	115623	2877	17352	96425	10052	648	9404	21	2747	3.8333
human	PR10XT8cell23	1164482	345675	16915	43030	758862	21535	928	20607	18	3190	5.5333
human	PR10XT8cell24	663885	113211	22969	30475	497230	17393	813	16580	19	3050	4.4333
human	PR10XT8cell25	1483703	354544	32168	41346	1055645	30662	1044	29618	21	3964	5.9000
human	PR10XT8cell26	1163628	367905	13225	59659	722839	22455	1230	21225	22	3544	5.3000
human	PR10XT8cell27	1113378	282048	13794	48956	768580	22760	1012	21748	18	3368	5.3666
human	PR10XT8cell28	275367	110078	2507	16933	145849	7822	467	7355	20	2193	3.7833
human	PR10XT8cell29	792910	291501	4497	49903	447009	15136	1015	14121	18	2861	4.9166
human	PR10XT8cell30	1814795	582715	24672	73277	1134131	32385	1466	30919	19	4021	6.5000
human	PR10XT8cell31	1251161	388232	22190	59182	781557	21152	1198	19954	21	3140	5.6000
human	PR10XT8cell32	1424234	397410	23473	36648	966703	28438	947	27491	21	3952	5.8500
human	PR10XT8cell33	2317409	563998	41132	70607	1641672	52577	1579	50998	23	4379	7.3666
human	PR10XT8cell34	1592813	474182	25553	85741	1007337	33450	1829	31621	18	3513	6.1666
human	PR10XT8cell35	972285	251445	10660	50488	659692	23929	1271	22658	18	3073	4.9833
human	PR10XT8cell36	509448	195081	7571	22163	284633	12481	578	11903	14	2325	4.3666
human	PR10XT8cell37	1678766	424385	35157	53877	1165347	36589	1360	35229	16	3303	6.4166
human	PR10XT8cell38	1707642	576878	18539	60930	1051295	36137	1622	34515	21	3602	6.4833
human	PR10XT8cell39	637132	221485	3899	63167	348581	13241	1531	11710	20	2018	4.4333
human	PR10XT8cell40	398265	125472	4400	48671	219722	11363	1244	10119	20	1962	3.9500
human	PR10XT8cell41	1835256	503717	43235	52620	1235684	76657	2911	73746	21	4334	7.0166
human	PR10XT8cell42	1112096	278609	21565	30483	781439	57068	1997	55071	20	3748	5.4166
human	PR10XT8cell43	1231883	256919	17615	37192	920157	56501	1839	54662	20	3879	5.5666
human	PR10XT8cell44	695127	236670	8432	35826	414199	27830	1734	26096	13	2940	4.6500
human	PR10XT8cell45	1718214	452313	42714	60655	1162532	72332	3072	69260	23	3750	6.8166
human	PR10XT8cell46	1673683	668332	24654	36267	944430	61306	1977	59329	21	4430	6.5333
human	PR10XT8cell47	173985	58892	722	29926	84445	11079	1703	9376	16	2035	3.5666
human	PR10XT8cell48	488943	142012	7115	22171	317645	24295	1395	22900	22	2791	4.2166
human	PR10XT8cell49	1072822	259317	18143	56883	738479	28923	1501	27422	21	3365	5.2000
human	PR10XT8cell50	1602729	384798	24323	90885	1102723	36762	2053	34709	16	3535	6.1666
human	PR10XT8cell51	1116623	276986	20514	46537	772586	26176	1215	24961	14	3099	5.3166
human	PR10XT8cell52	953029	358496	12364	40987	541182	18945	911	18034	19	2651	4.9833
human	PR10XT8cell53	212764	33242	2166	57320	120036	8747	1430	7317	17	1702	3.6666
human	PR10XT8cell54	1315236	457221	11960	54546	791509	28576	1415	27161	19	3639	5.7333
human	PR10XT8cell55	1340011	361654	18900	27054	932403	32632	917	31715	22	3373	5.7666
human	PR10XT8cell56	918133	140220	16199	54497	707217	24508	1334	23174	19	2879	4.9333
human	PR10XT8cell57	1450316	328308	29109	51516	1041383	80265	2812	77453	19	4659	6.0500
human	PR10XT8cell58	1230650	343452	15764	49909	821525	64255	2946	61309	21	3810	5.6833
human	PR10XT8cell59	565720	151754	9384	26801	377781	32173	1684	30489	19	3316	4.4000
human	PR10XT8cell60	472150	213642	4521	12004	241983	20650	935	19715	20	2858	4.2333
human	PR10XT8cell61	1382672	430841	24931	35166	891734	69521	2490	67031	19	4024	6.2166
human	PR10XT8cell62	2180706	919653	31037	37897	1192119	79360	2294	77066	20	4576	8.0000
human	PR10XT8cell63	133775	52883	1113	29495	50284	9111	2022	7089	22	1761	3.5166
human	PR10XT8cell64	669885	72210	16404	32370	548901	42712	2039	40673	16	3333	4.4666
human	PR10XT8cell65	1680422	404950	32590	79853	1163029	37173	1723	35450	20	4224	6.3000
human	PR10XT8cell66	2140867	365452	54384	97918	1623113	47822	2051	45771	23	4294	7.1500
human	PR10XT8cell67	1072804	410502	11264	30266	620772	21491	903	20588	14	3357	5.3666
human	PR10XT8cell68	580411	248455	4270	20644	307042	11744	687	11057	14	2554	4.3666
human	PR10XT8cell69	1006465	378642	16056	58285	553482	20427	1292	19135	21	3032	5.1833
human	PR10XT8cell70	600144	182861	11185	57381	348717	17671	1301	16370	23	3223	4.3500
human	PR10XT8cell71	775723	166488	16265	67079	525891	18785	1488	17297	20	2758	4.6666
human	PR10XT8cell72	239092	57495	1254	38538	141805	9694	1031	8663	19	2344	3.6666
human	PR10XT8cell73	1202418	192661	25237	70954	913566	33528	1627	31901	17	3918	5.5666
human	PR10XT8cell74	1206719	404782	19876	49008	733053	27888	1299	26589	18	3551	5.6833
human	PR10XT8cell75	1050734	240308	19149	63648	727629	26830	1559	25271	18	3327	5.3000
human	PR10XT8cell76	883715	345264	12291	30294	495866	17126	728	16398	19	2949	4.9166
human	PR10XT8cell77	1426729	439692	14802	53683	918552	30624	1378	29246	20	3389	6.0333
human	PR10XT8cell78	1989596	544348	36385	58730	1350133	45490	1473	44017	21	4649	7.1666
human	PR10XT8cell79	1042456	357152	14751	50673	619880	22047	1230	20817	24	3142	5.2833
human	PR10XT8cell80	1074835	272606	23455	16594	762180	28765	603	28162	23	3737	5.3333
human	PR10XT8cell81	957150	217348	19339	44837	675626	54508	2547	51961	19	3629	5.1000
human	PR10XT8cell82	1517203	459482	14768	74370	968583	71385	3866	67519	24	3729	6.2500
human	PR10XT8cell83	965690	238539	22091	29880	675180	47156	1834	45322	16	3394	5.1333
human	PR10XT8cell84	379802	181863	4134	16706	177099	14180	991	13189	16	2107	4.0000
human	PR10XT8cell85	881267	81831	23401	69212	706823	51411	3687	47724	18	3048	4.9166
human	PR10XT8cell86	2818494	1675923	23394	36978	1082199	74225	2130	72095	22	4695	9.3000
human	PR10XT8cell87	1098955	403119	11935	35172	648729	45985	1826	44159	18	3282	5.6166
human	PR10XT8cell88	2081844	968467	23279	20084	1070014	142007	2199	139808	18	4961	8.2000
human	PR10XT8cell89	478535	92039	7570	30248	348678	19351	1056	18295	20	3167	4.1500
human	PR10XT8cell90	603973	165619	9131	23005	406218	21212	864	20348	17	3233	4.3666
human	PR10XT8cell91	388630	86119	6065	27952	268494	15484	907	14577	16	2718	3.9500
human	PR10XT8cell92	62013	32620	150	2185	27058	3746	216	3530	16	1346	3.3500
human	PR10XT8cell93	460931	100334	10060	25813	324724	16051	900	15151	21	2668	4.1000
human	PR10XT8cell94	1161213	525784	11586	23423	600420	28169	866	27303	18	3861	5.4000
human	PR10XT8cell95	195818	163990	408	587	30833	22162	410	21752	14	2100	3.6833
human	PR10XT8cell96	504141	95229	5588	24285	379039	19062	770	18292	19	3054	4.1500
human	PR10XT9cell1	1482195	421163	17760	69735	973537	28481	1392	27089	25	3832	5.9500
human	PR10XT9cell2	1597347	404351	26252	56518	1110226	30304	1128	29176	22	3808	6.1000
human	PR10XT9cell3	1751782	531085	25878	34102	1160717	34794	845	33949	18	4421	6.6333
human	PR10XT9cell4	596988	246067	7862	34407	308652	10966	637	10329	13	2440	4.3666
human	PR10XT9cell5	2013418	585649	29823	60062	1337884	33933	1263	32670	24	4006	7.0166
human	PR10XT9cell6	1644635	320844	36126	45514	1242151	32029	1032	30997	19	3747	6.2166
human	PR10XT9cell7	1804755	887971	20344	51425	845015	22979	1122	21857	21	3358	6.7000
human	PR10XT9cell8	315379	105100	4103	24426	181750	8753	691	8062	22	2089	3.8166
human	PR10XT9cell9	1152412	291185	11864	53009	796354	24020	1092	22928	19	3501	5.3666
human	PR10XT9cell10	1385301	415647	25960	56382	887312	25795	1108	24687	19	3326	5.9333
human	PR10XT9cell11	783860	234235	8769	42419	498437	18337	967	17370	18	3134	4.6666
human	PR10XT9cell12	685157	290001	7396	21819	365941	11914	528	11386	19	2397	4.5500
human	PR10XT9cell13	2203335	622276	42376	48902	1489781	38327	1067	37260	22	4227	7.2166
human	PR10XT9cell14	782521	417644	7178	20844	336855	13871	661	13210	21	2830	4.7666
human	PR10XT9cell15	2059768	581045	35373	85221	1358129	34678	1421	33257	17	3905	7.0333
human	PR10XT9cell16	1705653	674406	27557	38042	965648	26909	881	26028	22	3538	6.4333
human	PR10XT9cell17	1401942	402920	21930	50622	926470	29904	1250	28654	19	4199	5.8166
human	PR10XT9cell18	1472800	457592	21196	47892	946120	27302	1178	26124	21	3817	6.0333
human	PR10XT9cell19	1076030	257667	13210	41596	763557	25813	1004	24809	19	3768	5.1500
human	PR10XT9cell20	691025	279331	5613	12576	393505	14464	502	13962	18	3028	4.7500
human	PR10XT9cell21	3200080	3058160	2162	9746	130012	99994	6819	93175	19	5844	10.0833
human	PR10XT9cell22	1009553	441749	10091	29470	528243	21836	900	20936	20	3929	5.1333
human	PR10XT9cell23	958970	223760	10197	62518	662495	20001	1347	18654	17	3204	5.0500
human	PR10XT9cell24	1388813	412718	14927	49840	911328	24388	1090	23298	20	3451	5.9666
human	PR10XT9cell25	1788318	396363	34266	52566	1305123	38030	1123	36907	22	4419	6.4333
human	PR10XT9cell26	1406737	478571	15183	63143	849840	26101	1349	24752	19	3645	6.1166
human	PR10XT9cell27	1114405	300361	26823	54564	732657	23732	1138	22594	22	3540	5.3333
human	PR10XT9cell28	706792	337740	6359	13179	349514	12430	477	11953	16	2722	4.6666
human	PR10XT9cell29	1917530	520332	31024	57335	1308839	34967	1191	33776	29	4212	7.1000
human	PR10XT9cell30	160862	73138	1658	21863	64203	8098	773	7325	23	2336	3.5833
human	PR10XT9cell31	367022	91212	4668	141313	129829	9869	2635	7234	28	2119	3.9500
human	PR10XT9cell32	1001312	252410	14311	40100	694491	22020	991	21029	20	3273	5.1833
human	PR10XT9cell33	1943854	512176	38835	65649	1327194	47371	1779	45592	16	4352	6.8500
human	PR10XT9cell34	1197760	343319	20481	50011	783949	27859	1312	26547	18	3265	5.4666
human	PR10XT9cell35	937300	370167	12422	52976	501735	20044	1382	18662	16	2910	5.0500
human	PR10XT9cell36	548518	209643	8482	16052	314341	13449	594	12855	18	2507	4.3166
human	PR10XT9cell37	1710639	842206	13081	37716	817636	29337	1120	28217	21	3481	6.6333
human	PR10XT9cell38	2504796	1361130	22113	38293	1083260	41271	1153	40118	20	4524	8.1333
human	PR10XT9cell39	812121	355011	12352	50723	394035	16579	1367	15212	22	2674	4.8666
human	PR10XT9cell40	77714	19582	476	44620	13036	3778	1226	2552	21	1144	3.3666
human	PR10XT9cell41	1313528	373302	25691	54962	859573	63755	3000	60755	24	4260	5.9833
human	PR10XT9cell42	2129633	674911	40429	48434	1365859	91264	2685	88579	21	4474	7.6833
human	PR10XT9cell43	1002482	327750	14363	33379	626990	44537	1979	42558	22	3747	5.1833
human	PR10XT9cell44	632903	258936	7994	27220	338753	26261	1319	24942	19	3095	4.4833
human	PR10XT9cell45	3133546	1628188	45827	50704	1408827	89097	2982	86115	26	4747	9.4500
human	PR10XT9cell46	2769170	1029823	42143	39522	1657682	98084	2195	95889	20	4756	8.9833
human	PR10XT9cell47	1624638	450915	22152	55772	1095799	63128	2803	60325	23	3693	6.7166
human	PR10XT9cell48	412807	115008	4929	43934	248936	22020	2678	19342	25	2540	4.0166
human	PR10XT9cell49	879484	251245	9462	37133	581644	25294	1241	24053	22	3570	4.8500
human	PR10XT9cell50	1043426	227256	11281	74387	730502	26952	1784	25168	20	3099	5.1666
human	PR10XT9cell51	1124431	281154	19406	40790	783081	28864	1115	27749	17	3425	5.2500
human	PR10XT9cell52	603425	217617	8289	28328	349191	14392	692	13700	17	2438	4.4333
human	PR10XT9cell53	1244658	454940	18628	56829	714261	26666	1628	25038	20	3339	5.6000
human	PR10XT9cell54	688357	293260	5111	26741	363245	18715	898	17817	19	3340	4.4833
human	PR10XT9cell55	1879910	567835	25931	68834	1217310	37163	1765	35398	20	3597	6.8833
human	PR10XT9cell56	899054	121714	18536	38713	720091	26261	1050	25211	21	3114	4.8000
human	PR10XT9cell57	1186587	271226	14505	57969	842887	64880	3422	61458	21	4195	5.5833
human	PR10XT9cell58	1073591	482216	6969	36619	547787	46983	2521	44462	19	3642	5.5500
human	PR10XT9cell59	784659	280043	11183	32414	461019	39904	2039	37865	18	3655	4.8666
human	PR10XT9cell60	487568	204368	6678	22644	253878	22505	1435	21070	17	2748	4.2000
human	PR10XT9cell61	1202430	359345	24602	55817	762666	63044	3758	59286	26	4064	5.8000
human	PR10XT9cell62	166897	84216	1010	13254	68417	13691	1200	12491	21	2875	3.5500
human	PR10XT9cell63	195141	85895	876	26480	81890	13022	1962	11060	19	2529	3.6000
human	PR10XT9cell64	403677	125643	5139	37566	235329	22550	2307	20243	17	2638	4.1166
human	PR10XT9cell65	2007117	444468	31658	59834	1471157	51421	1650	49771	25	4761	6.9000
human	PR10XT9cell66	1175378	208079	25111	74836	867352	32026	1924	30102	24	3868	5.3833
human	PR10XT9cell67	1298750	513005	20459	36041	729245	27500	1142	26358	21	3935	5.7166
human	PR10XT9cell68	654996	325252	6168	18408	305168	15501	690	14811	16	3215	4.5166
human	PR10XT9cell69	3195561	1863560	36459	43091	1252451	42908	1300	41608	20	4864	9.4333
human	PR10XT9cell70	464185	148591	5311	27686	282597	17695	985	16710	22	3424	4.0833
human	PR10XT9cell71	492269	132504	6802	55207	297756	15630	1546	14084	28	2951	4.1000
human	PR10XT9cell72	62292	28231	323	9286	24452	6723	643	6080	18	2123	3.3833
human	PR10XT9cell73	1333930	382577	16511	48845	885997	31319	1415	29904	21	3792	5.7000
human	PR10XT9cell74	1035806	289419	14061	59086	673240	25839	1462	24377	20	3379	5.1666
human	PR10XT9cell75	883315	227518	13535	26673	615589	24299	903	23396	22	3377	4.8500
human	PR10XT9cell76	506795	150207	13136	13247	330205	13471	446	13025	16	2412	4.1833
human	PR10XT9cell77	1973219	649915	20502	52306	1250496	37740	1317	36423	22	3978	6.9333
human	PR10XT9cell78	1029354	369683	10221	47282	602168	22917	1318	21599	21	3113	5.2166
human	PR10XT9cell79	205541	98620	956	14653	91312	8982	742	8240	18	2414	3.6666
human	PR10XT9cell80	107883	23173	1095	29581	54034	5608	953	4655	20	1491	3.5833
human	PR10XT9cell81	1023526	267307	22458	58718	675043	55824	3166	52658	22	3670	5.5166
human	PR10XT9cell82	1056322	350839	13652	53720	638111	52079	3292	48787	21	3264	5.4166
human	PR10XT9cell83	1015392	299375	13431	38544	664042	51684	2220	49464	21	3836	5.4833
human	PR10XT9cell84	484899	190745	6094	21072	266988	21688	1265	20423	17	2528	4.1166
human	PR10XT9cell85	1797474	521579	21710	51675	1202510	86311	3390	82921	23	3860	7.4166
human	PR10XT9cell86	1247327	359441	21686	45056	821144	57502	2594	54908	23	3376	5.7666
human	PR10XT9cell87	132044	55590	2556	4088	69810	11312	637	10675	15	2463	3.4666
human	PR10XT9cell88	1775536	752810	27377	24607	970742	70993	1687	69306	18	3853	7.4000
human	PR10XT9cell89	565833	174486	4453	23386	363508	19719	889	18830	20	3194	4.3500
human	PR10XT9cell90	614660	198438	9489	25459	381274	19806	901	18905	20	3065	4.4000
human	PR10XT9cell91	422859	123037	8662	19558	271602	15265	683	14582	19	2825	4.0500
human	PR10XT9cell92	153345	67537	1403	2043	82362	7176	242	6934	15	2177	3.5166
human	PR10XT9cell93	180201	58121	3406	8473	110201	10177	503	9674	19	2310	3.6000
human	PR10XT9cell94	599386	207509	13762	26020	352095	19258	899	18359	20	3130	4.3666
human	PR10XT9cell95	141328	33388	1900	23051	82989	6807	859	5948	16	1586	3.4666
human	PR10XT9cell96	67435	25501	677	8288	32969	4241	468	3773	17	1364	3.4333
human	PR10XT10cell1	1407115	320368	41962	47479	997306	28996	1021	27975	21	3658	5.8333
human	PR10XT10cell2	1282882	398125	21984	59623	803150	23398	1256	22142	20	3163	5.6333
human	PR10XT10cell3	927352	268138	14254	53021	591939	18562	1032	17530	18	2974	5.0000
human	PR10XT10cell4	735061	322307	10456	18510	383788	12509	525	11984	13	2459	4.6500
human	PR10XT10cell5	1510726	458495	20797	34853	996581	26692	945	25747	22	3637	5.9666
human	PR10XT10cell6	1475711	297647	27790	49640	1100634	30166	1100	29066	26	3685	6.0500
human	PR10XT10cell7	2787620	466657	65188	71368	2184407	51258	1402	49856	23	4461	8.2833
human	PR10XT10cell8	1362535	335088	29588	40879	956980	27286	915	26371	21	3692	5.7166
human	PR10XT10cell9	1181001	246276	24928	66597	843200	26987	1396	25591	20	3545	5.3833
human	PR10XT10cell10	1087137	350060	13998	41079	682000	20833	996	19837	12	3021	5.2166
human	PR10XT10cell11	788489	191684	14035	34130	548640	19242	882	18360	20	3020	4.6666
human	PR10XT10cell12	489475	212706	4107	23875	248787	8652	570	8082	14	1951	4.1833
human	PR10XT10cell13	1112618	273447	20449	59297	759425	23423	1203	22220	21	3236	5.2333
human	PR10XT10cell14	1436696	384118	19998	37043	995537	30321	1019	29302	22	3692	5.9000
human	PR10XT10cell15	1748662	491140	33938	52537	1171047	34361	1231	33130	17	3941	6.6666
human	PR10XT10cell16	1232314	361470	25175	35347	810322	26261	933	25328	16	3575	5.5000
human	PR10XT10cell17	1520578	414830	29884	61100	1014764	30767	1273	29494	22	3933	6.3000
human	PR10XT10cell18	870097	233093	11024	61137	564843	17046	1195	15851	19	2848	4.8000
human	PR10XT10cell19	691360	186758	11888	31375	461339	15964	749	15215	18	2792	4.5500
human	PR10XT10cell20	661146	253641	6025	23821	377659	13355	622	12733	18	2824	4.4500
human	PR10XT10cell21	1824085	407468	37951	65316	1313350	34990	1228	33762	21	3896	6.6000
human	PR10XT10cell22	1441194	291272	29723	42505	1077694	32890	1017	31873	20	3985	5.8333
human	PR10XT10cell23	1491397	433782	31255	67841	958519	28193	1376	26817	21	3720	127.1833
human	PR10XT10cell24	1532561	373149	23426	30943	1105043	30702	766	29936	22	3971	6.0000
human	PR10XT10cell25	999990	231021	17444	70275	681250	23705	1456	22249	22	3396	5.1000
human	PR10XT10cell26	1245734	343214	28568	82166	791786	23204	1599	21605	20	3249	5.5166
human	PR10XT10cell27	669240	166410	11825	46771	444234	16793	1020	15773	21	2789	4.4833
human	PR10XT10cell28	684452	265302	5188	15078	398884	13134	495	12639	17	2581	4.6000
human	PR10XT10cell29	1384402	337806	16723	64534	965339	28583	1362	27221	20	3531	5.6833
human	PR10XT10cell30	1894753	774529	28384	49812	1042028	30455	1226	29229	23	3984	6.7500
human	PR10XT10cell31	1501506	426098	17137	50280	1007991	30307	1198	29109	22	4035	6.1000
human	PR10XT10cell32	1329873	310145	26278	46592	946858	29017	1115	27902	22	3675	5.7000
human	PR10XT10cell33	1659328	372338	40795	49908	1196287	40158	1290	38868	21	3653	6.3333
human	PR10XT10cell34	967846	251566	13400	54969	647911	23349	1344	22005	17	2779	5.0500
human	PR10XT10cell35	843722	194218	12730	39761	597013	22470	1086	21384	15	2800	4.7833
human	PR10XT10cell36	347125	135262	3641	14904	193318	9566	550	9016	12	1969	3.9000
human	PR10XT10cell37	1267202	266996	18668	47269	934269	32719	1320	31399	17	3162	5.6166
human	PR10XT10cell38	1161029	261277	21047	44931	833774	31826	1338	30488	19	3277	5.3500
human	PR10XT10cell39	1252258	323997	29562	55300	843399	31105	1456	29649	19	3253	5.6000
human	PR10XT10cell40	2509291	1257366	30894	37435	1183596	38389	1118	37271	19	3733	8.3166
human	PR10XT10cell41	1006623	226406	14378	51129	714710	49117	2694	46423	19	3414	5.4500
human	PR10XT10cell42	1063065	320429	13942	57956	670738	48688	3295	45393	18	3301	5.6000
human	PR10XT10cell43	831634	211422	11740	40319	568153	38910	2167	36743	17	3197	4.8500
human	PR10XT10cell44	523806	197753	9066	29276	287711	21483	1453	20030	15	2563	4.2333
human	PR10XT10cell45	1671491	324084	38465	52055	1256887	77927	2855	75072	23	3894	6.7833
human	PR10XT10cell46	1390080	383844	29145	34683	942408	57733	2020	55713	22	3810	5.9500
human	PR10XT10cell47	1460103	341422	27463	59273	1031945	61828	2998	58830	24	4061	6.0666
human	PR10XT10cell48	1789749	566818	25968	29862	1167101	72450	1777	70673	22	4505	6.7500
human	PR10XT10cell49	1585141	309190	23091	55184	1197676	39977	1522	38455	24	3708	6.1500
human	PR10XT10cell50	1134749	287424	27755	56687	762883	27866	1622	26244	18	3011	5.4166
human	PR10XT10cell51	745886	237181	6677	48899	453129	18496	1320	17176	16	2726	4.6833
human	PR10XT10cell52	621724	240452	8293	19872	353107	14769	684	14085	13	2345	4.4500
human	PR10XT10cell53	1994711	479621	50933	53468	1410689	46288	1350	44938	20	3933	6.9500
human	PR10XT10cell54	1292601	425949	23879	57185	785588	29154	1626	27528	19	3402	5.7000
human	PR10XT10cell55	1873855	377463	47584	65203	1383605	46028	1733	44295	22	3965	6.7333
human	PR10XT10cell56	1345169	347653	17760	40577	939179	32482	1191	31291	18	3570	5.7833
human	PR10XT10cell57	1142097	237170	18033	55343	831551	61030	3001	58029	21	3765	5.5333
human	PR10XT10cell58	1081252	295500	18288	45634	721830	56467	2685	53782	21	3363	5.4166
human	PR10XT10cell59	657170	192502	11404	29963	423301	33576	1775	31801	19	2988	4.6000
human	PR10XT10cell60	548055	213649	8678	16142	309586	23361	1092	22269	16	2604	4.2833
human	PR10XT10cell61	1504302	296803	20349	65302	1121848	78649	3876	74773	23	3781	6.4000
human	PR10XT10cell62	1215069	420195	10257	41564	743053	50478	2311	48167	19	3654	5.7000
human	PR10XT10cell63	1274770	322006	24461	54690	873613	58796	2870	55926	24	3888	5.9000
human	PR10XT10cell64	1471474	462357	23344	40058	945715	65205	2371	62834	21	4159	6.3000
human	PR10XT10cell65	1139493	225014	19522	45565	849392	30345	1257	29088	22	3794	5.3166
human	PR10XT10cell66	980471	245941	20687	46445	667398	23354	1277	22077	21	3061	5.0166
human	PR10XT10cell67	851534	236929	10527	45466	558612	21304	1246	20058	18	3311	4.9333
human	PR10XT10cell68	569784	212192	10253	53662	293677	13246	1176	12070	19	2548	4.3333
human	PR10XT10cell69	2309819	819086	43364	46582	1400787	42070	1272	40798	20	4043	7.5833
human	PR10XT10cell70	1576159	409218	32124	51631	1083186	36962	1427	35535	21	3932	6.2666
human	PR10XT10cell71	2619203	1017152	36296	66006	1499749	45024	1682	43342	22	4506	8.4166
human	PR10XT10cell72	1439018	311853	22053	47945	1057167	35064	1295	33769	19	3923	6.0166
human	PR10XT10cell73	1200715	319648	19175	59375	802517	29862	1541	28321	17	3621	5.7166
human	PR10XT10cell74	813060	232566	14229	43405	522860	20026	1218	18808	19	2724	4.7000
human	PR10XT10cell75	807063	199691	12794	36878	557700	22028	1012	21016	21	3242	4.6833
human	PR10XT10cell76	359642	171833	7426	23876	156507	8012	666	7346	15	1875	3.9333
human	PR10XT10cell77	1516520	352924	28468	51645	1083483	34977	1380	33597	21	3555	6.0000
human	PR10XT10cell78	1716138	575434	23276	39021	1078407	35792	1128	34664	20	3975	6.4666
human	PR10XT10cell79	1888164	493289	34159	49502	1311214	42658	1350	41308	21	4171	6.7666
human	PR10XT10cell80	1240571	350712	17352	44733	827774	29419	1318	28101	20	3532	5.5833
human	PR10XT10cell81	1312450	336773	20267	41601	913809	70934	2535	68399	24	4014	6.0833
human	PR10XT10cell82	768160	202880	18049	55831	491400	42344	3576	38768	21	2637	4.7500
human	PR10XT10cell83	796734	206323	15245	30984	544182	42567	1986	40581	18	3066	4.7666
human	PR10XT10cell84	499732	200330	8152	9653	281597	21869	719	21150	12	2527	4.2333
human	PR10XT10cell85	1058771	284015	14778	49960	710018	55731	3182	52549	21	3271	5.5333
human	PR10XT10cell86	1678117	462441	35492	50420	1129764	78367	3111	75256	21	4166	6.6500
human	PR10XT10cell87	1214418	297125	25687	44062	847544	59764	2482	57282	24	3848	5.6166
human	PR10XT10cell88	1000751	281492	13706	34091	671462	49709	2068	47641	21	3463	5.2500
human	PR10XT10cell89	906057	277941	16335	26356	585425	42332	1278	41054	16	3836	5.1666
human	PR10XT10cell90	374937	67641	6241	27918	273137	14538	1003	13535	22	2282	3.9500
human	PR10XT10cell91	360979	83828	6345	21511	249295	13495	772	12723	20	2324	3.9166
human	PR10XT10cell92	205532	88290	2418	8344	106480	7282	410	6872	15	1921	3.6000
human	PR10XT10cell93	729767	179871	12899	27227	509770	23784	960	22824	15	3249	4.6500
human	PR10XT10cell94	842873	187154	10893	39977	604849	28970	1298	27672	19	3648	4.7666
human	PR10XT10cell95	1085174	315206	20848	37400	711720	30140	1148	28992	18	3733	5.2500
human	PR10XT10cell96	419121	176184	3207	25782	213948	12873	925	11948	20	2552	4.0500
human	PR10XT11cell1	953803	271289	14517	50086	617911	19430	1058	18372	20	3100	4.9833
human	PR10XT11cell2	1248035	420178	16552	44637	766668	21225	991	20234	19	3239	5.5833
human	PR10XT11cell3	757155	262809	12667	33564	448115	15366	738	14628	19	2758	4.7000
human	PR10XT11cell4	529511	241938	4520	18528	264525	8902	483	8419	17	1994	4.2500
human	PR10XT11cell5	1783259	458621	24312	51606	1248720	31772	1161	30611	22	3730	6.5000
human	PR10XT11cell6	1463276	506863	25900	40054	890459	25051	930	24121	21	3441	5.9833
human	PR10XT11cell7	1645673	488703	30721	46639	1079610	28342	1002	27340	22	3674	6.2833
human	PR10XT11cell8	1016301	330814	21968	34850	628669	19289	785	18504	23	3150	5.0500
human	PR10XT11cell9	1059520	359106	18186	33753	648475	21636	781	20855	19	3328	5.1833
human	PR10XT11cell10	1111696	398718	12195	41621	659162	19945	920	19025	21	2994	5.3333
human	PR10XT11cell11	703061	231127	7813	26488	437633	15137	707	14430	19	2764	4.5500
human	PR10XT11cell12	454212	191283	3045	14166	245718	8649	390	8259	14	2132	4.0833
human	PR10XT11cell13	1267158	365272	15102	37417	849367	24385	955	23430	22	3342	5.6500
human	PR10XT11cell14	674961	260294	6614	12048	396005	13942	477	13465	19	2721	4.4833
human	PR10XT11cell15	95964	54212	816	268	40668	4955	174	4781	12	1707	3.4333
human	PR10XT11cell16	723137	213727	10535	35645	463230	15946	864	15082	20	2857	4.5833
human	PR10XT11cell17	1119317	232651	20872	47355	818439	25411	1120	24291	19	3787	5.3666
human	PR10XT11cell18	1047348	296220	20831	46759	683538	19725	1015	18710	26	3105	5.1500
human	PR10XT11cell19	625456	197066	9931	33482	384977	13687	758	12929	18	2611	4.3666
human	PR10XT11cell20	361740	164761	4638	13147	179194	7985	382	7603	15	2047	3.9500
human	PR10XT11cell21	1056597	326916	16630	42588	670463	20462	1011	19451	21	3285	5.1833
human	PR10XT11cell22	1312997	291082	21711	50686	949518	27444	1083	26361	20	3743	5.7666
human	PR10XT11cell23	1302595	388864	20718	70840	822173	24013	1409	22604	19	3575	5.5666
human	PR10XT11cell24	954448	223633	18295	44615	667905	20408	1025	19383	18	3494	4.9500
human	PR10XT11cell25	1458576	265974	36181	56932	1099489	32736	1290	31446	18	3858	5.8500
human	PR10XT11cell26	955706	339541	12492	59201	544472	18350	1302	17048	22	3092	4.9666
human	PR10XT11cell27	624657	195045	9948	28241	391423	15037	772	14265	16	2713	4.3833
human	PR10XT11cell28	491394	210930	7784	27200	245480	9290	583	8707	16	2075	4.1500
human	PR10XT11cell29	1485407	346582	21088	35429	1082308	28715	927	27788	19	3620	6.2166
human	PR10XT11cell30	1427143	477060	31720	54407	863956	26105	1248	24857	16	3581	5.9166
human	PR10XT11cell31	1009066	257194	15374	44419	692079	21851	1061	20790	20	3371	5.0500
human	PR10XT11cell32	935372	253309	15659	35712	630692	20336	927	19409	21	3261	4.9166
human	PR10XT11cell33	781176	248883	13064	46670	472559	19144	1354	17790	16	2718	4.7000
human	PR10XT11cell34	817432	267150	9812	44556	495914	18422	1166	17256	18	2540	4.7333
human	PR10XT11cell35	811607	245700	11948	24187	529772	20351	724	19627	16	3099	4.7000
human	PR10XT11cell36	427955	188956	3041	21811	214147	8891	639	8252	15	1813	4.2000
human	PR10XT11cell37	1501311	376756	21358	54746	1048451	34930	1452	33478	18	3528	6.0333
human	PR10XT11cell38	762582	290123	8962	43417	420080	16648	1212	15436	19	2550	4.6666
human	PR10XT11cell39	1271078	346284	16066	30260	878468	29090	922	28168	22	3277	5.6000
human	PR10XT11cell40	524442	82796	19134	34561	387951	16667	1019	15648	19	2455	4.2166
human	PR10XT11cell41	946476	164484	22292	36867	722833	49776	2127	47649	23	3563	5.0333
human	PR10XT11cell42	1092502	359285	22169	68353	642695	46141	3388	42753	17	3234	5.4666
human	PR10XT11cell43	786532	248654	16113	24481	497284	34355	1372	32983	16	2995	4.8333
human	PR10XT11cell44	386060	150174	10731	22940	202215	15209	1006	14203	15	2098	4.0000
human	PR10XT11cell45	1370416	324125	27104	43951	975236	60649	2530	58119	20	3709	5.8500
human	PR10XT11cell46	1404772	445922	19496	56263	883091	53059	2911	50148	18	3692	6.0500
human	PR10XT11cell47	1067802	289560	28402	56016	693824	42549	2438	40111	18	3513	5.3333
human	PR10XT11cell48	1398959	372654	20715	41674	963916	57673	2132	55541	22	3928	5.9666
human	PR10XT11cell49	1084605	280527	13024	40555	750499	26246	1217	25029	21	3210	5.2000
human	PR10XT11cell50	1120332	261565	23207	72137	763423	26482	1758	24724	20	3097	5.2666
human	PR10XT11cell51	1009600	343070	14010	38116	614404	23207	981	22226	17	3105	5.0833
human	PR10XT11cell52	688066	285248	7840	20607	374371	12772	529	12243	12	2213	4.5500
human	PR10XT11cell53	1371351	345321	23578	52846	949606	32103	1323	30780	20	3422	5.8666
human	PR10XT11cell54	1249599	400270	17340	67315	764674	26936	1613	25323	19	3213	5.5666
human	PR10XT11cell55	2642442	517186	49059	85133	1991064	61184	1923	59261	22	4741	8.0333
human	PR10XT11cell56	1341204	483590	19531	33602	804481	28153	1018	27135	18	3415	5.7666
human	PR10XT11cell57	757324	207972	16445	58222	474685	38437	3343	35094	21	3178	4.8000
human	PR10XT11cell58	1062964	349170	13423	56473	643898	48474	3293	45181	19	3165	5.3833
human	PR10XT11cell59	688787	231839	16744	35980	404224	32989	1983	31006	15	2990	4.6333
human	PR10XT11cell60	307984	168751	2050	10501	126682	11825	751	11074	15	1927	3.8166
human	PR10XT11cell61	1022833	277077	19969	64453	661334	49796	3573	46223	18	3287	5.3166
human	PR10XT11cell62	1067206	384270	13941	56754	612241	43128	2924	40204	21	3409	5.4333
human	PR10XT11cell63	1186464	330544	16825	40645	798450	52740	2218	50522	20	3620	5.6000
human	PR10XT11cell64	997196	322445	9739	35326	629686	44392	2078	42314	19	3411	5.2333
human	PR10XT11cell65	1186181	304389	21786	42743	817263	28846	1276	27570	22	3698	5.6666
human	PR10XT11cell66	1224860	428433	19670	63880	712877	24635	1617	23018	19	3606	5.4500
human	PR10XT11cell67	902429	290543	13408	32866	565612	20558	908	19650	19	3215	4.8666
human	PR10XT11cell68	24115	11141	305	839	11830	4293	233	4060	13	1630	3.4666
human	PR10XT11cell69	1388017	415210	27845	68154	876808	29656	1587	28069	21	3595	5.8833
human	PR10XT11cell70	1774405	535051	27393	40251	1171710	36337	1144	35193	20	3901	6.6833
human	PR10XT11cell71	1131057	292678	22962	52588	762829	26539	1231	25308	21	3682	5.3500
human	PR10XT11cell72	1215785	305342	13851	35687	860905	29197	1062	28135	20	3754	5.3833
human	PR10XT11cell73	1458493	305130	29727	55185	1068451	36262	1413	34849	22	3971	5.8833
human	PR10XT11cell74	1310970	525485	19208	41164	725113	25870	1167	24703	19	3303	5.6833
human	PR10XT11cell75	686399	207232	14813	17911	446443	18173	634	17539	15	2759	4.6500
human	PR10XT11cell76	351425	140422	3598	25097	182308	8455	639	7816	13	1851	4.0000
human	PR10XT11cell77	1309021	405749	22175	52705	828392	26889	1319	25570	21	3309	5.6500
human	PR10XT11cell78	1044236	351335	14641	55522	622738	22699	1295	21404	20	3097	5.1333
human	PR10XT11cell79	1123758	212868	29708	56784	824398	28329	1499	26830	23	3245	5.2666
human	PR10XT11cell80	1027392	297917	11900	40172	677403	23917	1205	22712	19	3182	5.1833
human	PR10XT11cell81	717516	170778	13963	38040	494735	39282	2262	37020	22	3233	4.6666
human	PR10XT11cell82	927983	341625	10038	42279	534041	42484	2620	39864	20	3037	5.0833
human	PR10XT11cell83	1050120	507747	14076	26047	502250	37289	1602	35687	16	3263	5.4000
human	PR10XT11cell84	510450	203787	5238	11807	289618	21213	784	20429	13	2266	4.2333
human	PR10XT11cell85	1410343	450829	17918	46668	894928	64413	2821	61592	21	3597	6.2333
human	PR10XT11cell86	1075854	306881	18892	30950	719131	46342	1856	44486	19	3158	5.3500
human	PR10XT11cell87	1331936	446452	26844	43026	815614	53004	2359	50645	19	3546	5.8000
human	PR10XT11cell88	986014	247287	13516	29993	695218	47791	1748	46043	23	3386	5.1333
human	PR10XT11cell89	605761	174103	8765	24354	398539	19519	836	18683	20	3094	4.6000
human	PR10XT11cell90	350120	63785	6066	27962	252307	13538	957	12581	19	2423	3.9500
human	PR10XT11cell91	399690	157336	3073	23275	216006	12692	778	11914	13	2414	3.9666
human	PR10XT11cell92	80467	43936	456	1657	34418	3862	194	3668	12	1352	3.4833
human	PR10XT11cell93	495183	124092	6070	30185	334836	15730	1049	14681	18	2618	4.1500
human	PR10XT11cell94	354274	107305	8295	19947	218727	12216	745	11471	20	2308	3.8666
human	PR10XT11cell95	530770	161044	7063	25286	337377	16493	821	15672	20	2731	4.2500
human	PR10XT11cell96	239532	55760	4964	14055	164753	9923	593	9330	21	2244	3.7333
human	PR10XT12cell1	1825359	485073	26784	51198	1262304	34439	1200	33239	20	3871	6.6166
human	PR10XT12cell2	1560168	535902	25292	65368	933606	25241	1373	23868	20	3280	6.1333
human	PR10XT12cell3	876956	325320	6170	31714	513752	16302	754	15548	16	2714	4.8500
human	PR10XT12cell4	513755	162443	5729	21675	323908	9701	444	9257	14	2147	4.3333
human	PR10XT12cell5	2096593	790201	26725	64754	1214913	30727	1339	29388	20	3643	7.1833
human	PR10XT12cell6	1797361	564140	25573	68682	1138966	30768	1440	29328	20	3565	6.5833
human	PR10XT12cell7	1527446	487528	26879	67001	946038	25569	1344	24225	18	3276	6.0833
human	PR10XT12cell8	1069423	237031	23189	43317	765886	23695	1000	22695	24	3210	5.1333
human	PR10XT12cell9	1169019	345008	26501	66772	730738	24499	1459	23040	18	3241	5.4666
human	PR10XT12cell10	773477	214420	6222	50083	502752	16259	1255	15004	20	2613	4.8166
human	PR10XT12cell11	802471	240989	13553	25974	521955	18723	681	18042	18	2767	4.7166
human	PR10XT12cell12	349186	153266	2533	15817	177570	6968	439	6529	17	1641	3.9000
human	PR10XT12cell13	1530626	378425	26037	64600	1061564	30159	1359	28800	18	3524	6.0500
human	PR10XT12cell14	1438232	447158	20629	55398	915047	27936	1223	26713	23	3443	6.0166
human	PR10XT12cell15	1442640	508644	23470	43132	867394	25020	1022	23998	18	3597	6.0333
human	PR10XT12cell16	1449050	332815	27703	34978	1053554	30566	872	29694	24	3630	5.8166
human	PR10XT12cell17	1119129	346660	13364	65249	693856	23621	1520	22101	23	3367	5.3000
human	PR10XT12cell18	1390190	466458	16410	66720	840602	23203	1358	21845	22	3276	5.7666
human	PR10XT12cell19	999778	372251	8074	57145	562308	17505	1170	16335	19	2941	5.3166
human	PR10XT12cell20	337627	172307	2851	15084	147385	6957	471	6486	17	1905	3.9166
human	PR10XT12cell21	2274167	780354	24505	58939	1410369	35532	1243	34289	19	3843	7.4500
human	PR10XT12cell22	1796518	552495	29852	55737	1158434	32071	1224	30847	23	3703	6.7000
human	PR10XT12cell23	1903568	553417	27183	82618	1240350	32462	1689	30773	18	3959	6.8666
human	PR10XT12cell24	1124212	290275	21515	34990	777432	22130	900	21230	26	3299	5.2500
human	PR10XT12cell25	988398	232310	15349	46720	694019	24065	1262	22803	21	3335	5.1333
human	PR10XT12cell26	1077725	350793	11356	64917	650659	21036	1439	19597	21	2981	5.3333
human	PR10XT12cell27	922919	343384	13169	25890	540476	18758	707	18051	19	3051	4.9500
human	PR10XT12cell28	433217	180755	3847	14052	234563	8780	470	8310	15	2020	4.0333
human	PR10XT12cell29	1899065	574538	22939	33535	1268053	34941	941	34000	18	3802	6.8000
human	PR10XT12cell30	2207986	794701	26464	53070	1333751	35909	1257	34652	23	3909	7.2666
human	PR10XT12cell31	1208430	269694	25635	53661	859440	26111	1285	24826	18	3608	5.4000
human	PR10XT12cell32	966709	154000	20529	43809	748371	24041	1112	22929	24	3188	4.9666
human	PR10XT12cell33	1868893	646553	23066	78624	1120650	40525	2173	38352	21	3688	6.7666
human	PR10XT12cell34	1641740	564835	23147	49904	1003854	37064	1488	35576	20	3473	6.4166
human	PR10XT12cell35	864756	261740	10315	38703	553998	21984	1113	20871	17	2895	4.8833
human	PR10XT12cell36	394343	173629	2671	21333	196710	10094	672	9422	15	1911	4.0166
human	PR10XT12cell37	2122675	652884	25096	63161	1381534	47565	1755	45810	20	3968	7.1500
human	PR10XT12cell38	1241319	381320	23141	41096	795762	31326	1325	30001	22	3111	5.8666
human	PR10XT12cell39	1385455	366659	27152	54103	937541	34135	1588	32547	20	3333	5.8666
human	PR10XT12cell40	1021426	239310	25543	57255	699318	27622	1722	25900	20	2946	5.1333
human	PR10XT12cell41	1288170	336058	20875	41070	890167	59829	2331	57498	19	3650	5.7666
human	PR10XT12cell42	1231795	364205	24018	67237	776335	57570	3700	53870	20	3431	5.8500
human	PR10XT12cell43	753170	245311	13392	28207	466260	32645	1545	31100	15	2952	4.7166
human	PR10XT12cell44	533683	231271	6232	23871	272309	19865	1236	18629	18	2269	4.2500
human	PR10XT12cell45	1350690	365067	15991	39487	930145	61421	2554	58867	21	3561	6.0166
human	PR10XT12cell46	1410334	407355	23849	46924	932206	56900	2618	54282	21	3759	6.0833
human	PR10XT12cell47	1179010	402541	15040	77201	684228	44960	3620	41340	20	3435	5.6166
human	PR10XT12cell48	887128	277252	9294	41371	559211	38201	2294	35907	20	3020	5.1666
human	PR10XT12cell49	1391921	451324	25444	67398	847755	31671	1867	29804	17	3346	6.1000
human	PR10XT12cell50	1288498	411867	13165	91934	771532	28526	2362	26164	21	3092	5.6333
human	PR10XT12cell51	1009185	317897	12911	39705	638672	23228	1068	22160	13	2968	5.0666
human	PR10XT12cell52	572010	259711	8195	24659	279445	11852	711	11141	13	2150	4.4333
human	PR10XT12cell53	1704156	574688	22582	74891	1031995	35329	2048	33281	19	3288	6.5166
human	PR10XT12cell54	1957200	648122	23643	54843	1230592	41064	1616	39448	23	3870	6.9166
human	PR10XT12cell55	1440820	386005	27985	51439	975391	33586	1477	32109	19	3444	5.8833
human	PR10XT12cell56	1946628	1029331	16878	34473	865946	31516	1094	30422	23	3622	6.9166
human	PR10XT12cell57	1540677	376306	25045	64432	1074894	77311	3644	73667	24	3872	6.6500
human	PR10XT12cell58	1470331	520085	17842	69351	863053	64521	3819	60702	21	3491	6.2500
human	PR10XT12cell59	830658	283849	7836	31758	507215	38594	1946	36648	15	3060	4.8666
human	PR10XT12cell60	408231	182802	4369	30094	190966	16811	1569	15242	19	2151	4.0500
human	PR10XT12cell61	1303247	351239	18479	54282	879247	65820	3605	62215	20	3462	6.0833
human	PR10XT12cell62	1099500	347315	17836	51171	683178	47258	2987	44271	20	3310	5.5833
human	PR10XT12cell63	1476466	369086	18264	37907	1051209	66564	2455	64109	25	3777	6.4500
human	PR10XT12cell64	437958	99084	7229	39033	292612	26682	2377	24305	22	2777	4.2833
human	PR10XT12cell65	1329456	383901	20060	68378	857117	31407	1743	29664	20	3624	5.7333
human	PR10XT12cell66	938025	304396	15292	66876	551461	20820	1765	19055	24	3013	5.0000
human	PR10XT12cell67	899529	352015	8709	31239	507566	18930	893	18037	16	3040	4.9000
human	PR10XT12cell68	557820	234254	6996	36232	280338	11868	885	10983	19	2257	4.3000
human	PR10XT12cell69	1832543	513048	25837	68520	1225138	37046	1797	35249	18	3761	6.5666
human	PR10XT12cell70	1255281	430226	14222	43156	767677	26448	1330	25118	20	3457	5.7166
human	PR10XT12cell71	1446552	357265	15854	62408	1011025	31884	1597	30287	18	3734	5.9833
human	PR10XT12cell72	769928	154811	15347	27800	571970	21614	924	20690	22	3077	4.6500
human	PR10XT12cell73	1640519	427025	27000	53103	1133391	38563	1496	37067	23	3736	6.2500
human	PR10XT12cell74	1113506	395375	13554	60128	644449	24884	1667	23217	23	3103	5.2833
human	PR10XT12cell75	844402	287809	10989	24995	520609	21200	848	20352	18	2917	4.8333
human	PR10XT12cell76	554979	232656	7640	11100	303583	11726	461	11265	20	2109	4.3166
human	PR10XT12cell77	1021500	213377	7187	60238	740698	26168	1741	24427	18	3181	5.0333
human	PR10XT12cell78	1305539	366653	20841	59632	858413	31411	1669	29742	23	3551	5.6333
human	PR10XT12cell79	1261112	424909	24388	63181	748634	26719	1634	25085	21	3206	5.6166
human	PR10XT12cell80	1621869	728988	22327	30576	839978	30445	903	29542	17	3718	6.4166
human	PR10XT12cell81	1106820	301394	17483	49795	738148	59511	2979	56532	18	3550	5.9333
human	PR10XT12cell82	1155546	380237	11686	50052	713571	56676	3147	53529	18	3165	5.7666
human	PR10XT12cell83	580209	155791	5226	32621	386571	31819	2042	29777	16	2802	4.4833
human	PR10XT12cell84	420407	191250	3793	15062	210302	18991	1070	17921	16	2210	4.0833
human	PR10XT12cell85	1099045	314816	13214	47452	723563	56830	3249	53581	21	3115	5.5833
human	PR10XT12cell86	1096935	389629	8735	46997	651574	47663	2931	44732	25	3264	5.4666
human	PR10XT12cell87	834323	161398	13372	44084	615469	45341	2610	42731	20	3103	4.8333
human	PR10XT12cell88	663085	85479	11559	36560	529487	41171	2364	38807	21	2963	4.5333
human	PR10XT12cell89	509309	140858	6233	37795	324423	17392	1262	16130	20	2572	4.3000
human	PR10XT12cell90	519149	179478	6879	31049	301743	15021	1190	13831	20	2502	4.2000
human	PR10XT12cell91	438467	146573	5611	17424	268859	14277	687	13590	17	2545	4.1166
human	PR10XT12cell92	245604	92071	6564	6234	140735	8237	349	7888	14	1890	3.7166
human	PR10XT12cell93	546184	177454	2767	37396	328567	16617	1267	15350	23	2535	4.2500
human	PR10XT12cell94	831080	315902	13636	33998	467544	23048	1250	21798	22	3233	5.0666
human	PR10XT12cell95	685382	173119	9321	39289	463653	21431	1293	20138	20	3056	4.6000
human	PR10XT12cell96	698087	213837	7299	30658	446293	22410	1075	21335	21	3077	4.6333
