cluster	gene	size	boundary	avgExpr	cvExpr	avgCor	cvCor	protein_coding	lncRNA	sncRNA	pseudogene	Ig/TcR	tf
M5	PKN2	14	9094:9107	139.131760002119	1.2854409961298	0.179479335069406	0.91380167920046	0.857142857142857	0	0	0.142857142857143	0	0
M5	TSPYL1	14	9094:9107	139.131760002119	1.2854409961298	0.179479335069406	0.91380167920046	0.857142857142857	0	0	0.142857142857143	0	0
M5	NBPF19	14	9094:9107	139.131760002119	1.2854409961298	0.179479335069406	0.91380167920046	0.857142857142857	0	0	0.142857142857143	0	0
M5	RBMS3	14	9094:9107	139.131760002119	1.2854409961298	0.179479335069406	0.91380167920046	0.857142857142857	0	0	0.142857142857143	0	0
M5	SEL1L	14	9094:9107	139.131760002119	1.2854409961298	0.179479335069406	0.91380167920046	0.857142857142857	0	0	0.142857142857143	0	0
M5	ITSN1	14	9094:9107	139.131760002119	1.2854409961298	0.179479335069406	0.91380167920046	0.857142857142857	0	0	0.142857142857143	0	0
M5	NBPF26	14	9094:9107	139.131760002119	1.2854409961298	0.179479335069406	0.91380167920046	0.857142857142857	0	0	0.142857142857143	0	0
M5	JAK1	14	9094:9107	139.131760002119	1.2854409961298	0.179479335069406	0.91380167920046	0.857142857142857	0	0	0.142857142857143	0	0
M5	NUP214	14	9094:9107	139.131760002119	1.2854409961298	0.179479335069406	0.91380167920046	0.857142857142857	0	0	0.142857142857143	0	0
M5	NBPF25P	14	9094:9107	139.131760002119	1.2854409961298	0.179479335069406	0.91380167920046	0.857142857142857	0	0	0.142857142857143	0	0
M5	PAFAH1B2	14	9094:9107	139.131760002119	1.2854409961298	0.179479335069406	0.91380167920046	0.857142857142857	0	0	0.142857142857143	0	0
M5	NBPF8	14	9094:9107	139.131760002119	1.2854409961298	0.179479335069406	0.91380167920046	0.857142857142857	0	0	0.142857142857143	0	0
M5	NBPF10	14	9094:9107	139.131760002119	1.2854409961298	0.179479335069406	0.91380167920046	0.857142857142857	0	0	0.142857142857143	0	0
M5	NBPF14	14	9094:9107	139.131760002119	1.2854409961298	0.179479335069406	0.91380167920046	0.857142857142857	0	0	0.142857142857143	0	0
M9	RPL9	12	9108:9119	815.430919773393	0.671826319626183	0.170239862225502	0.678923526209159	0.916666666666667	0	0	0.0833333333333333	0	0.0833333333333333
M9	CCNI	12	9108:9119	815.430919773393	0.671826319626183	0.170239862225502	0.678923526209159	0.916666666666667	0	0	0.0833333333333333	0	0.0833333333333333
M9	RPL5	12	9108:9119	815.430919773393	0.671826319626183	0.170239862225502	0.678923526209159	0.916666666666667	0	0	0.0833333333333333	0	0.0833333333333333
M9	RBFOX2	12	9108:9119	815.430919773393	0.671826319626183	0.170239862225502	0.678923526209159	0.916666666666667	0	0	0.0833333333333333	0	0.0833333333333333
M9	HNRNPA1L2	12	9108:9119	815.430919773393	0.671826319626183	0.170239862225502	0.678923526209159	0.916666666666667	0	0	0.0833333333333333	0	0.0833333333333333
M9	RPL30	12	9108:9119	815.430919773393	0.671826319626183	0.170239862225502	0.678923526209159	0.916666666666667	0	0	0.0833333333333333	0	0.0833333333333333
M9	LITAF	12	9108:9119	815.430919773393	0.671826319626183	0.170239862225502	0.678923526209159	0.916666666666667	0	0	0.0833333333333333	0	0.0833333333333333
M9	RBMX	12	9108:9119	815.430919773393	0.671826319626183	0.170239862225502	0.678923526209159	0.916666666666667	0	0	0.0833333333333333	0	0.0833333333333333
M9	VIM	12	9108:9119	815.430919773393	0.671826319626183	0.170239862225502	0.678923526209159	0.916666666666667	0	0	0.0833333333333333	0	0.0833333333333333
M9	PABPC1	12	9108:9119	815.430919773393	0.671826319626183	0.170239862225502	0.678923526209159	0.916666666666667	0	0	0.0833333333333333	0	0.0833333333333333
M9	EIF3E	12	9108:9119	815.430919773393	0.671826319626183	0.170239862225502	0.678923526209159	0.916666666666667	0	0	0.0833333333333333	0	0.0833333333333333
M9	RPL9P9	12	9108:9119	815.430919773393	0.671826319626183	0.170239862225502	0.678923526209159	0.916666666666667	0	0	0.0833333333333333	0	0.0833333333333333
M6	MT-ND5	14	9120:9133	2301.12023486234	0.972519351619644	0.262711375148905	0.568074785203344	0.571428571428571	0	0.142857142857143	0.285714285714286	0	0
M6	MTRNR2L12	14	9120:9133	2301.12023486234	0.972519351619644	0.262711375148905	0.568074785203344	0.571428571428571	0	0.142857142857143	0.285714285714286	0	0
M6	MT-CO3	14	9120:9133	2301.12023486234	0.972519351619644	0.262711375148905	0.568074785203344	0.571428571428571	0	0.142857142857143	0.285714285714286	0	0
M6	MT-ND1	14	9120:9133	2301.12023486234	0.972519351619644	0.262711375148905	0.568074785203344	0.571428571428571	0	0.142857142857143	0.285714285714286	0	0
M6	MT-CO1	14	9120:9133	2301.12023486234	0.972519351619644	0.262711375148905	0.568074785203344	0.571428571428571	0	0.142857142857143	0.285714285714286	0	0
M6	LRRC37A4P	14	9120:9133	2301.12023486234	0.972519351619644	0.262711375148905	0.568074785203344	0.571428571428571	0	0.142857142857143	0.285714285714286	0	0
M6	MTND1P23	14	9120:9133	2301.12023486234	0.972519351619644	0.262711375148905	0.568074785203344	0.571428571428571	0	0.142857142857143	0.285714285714286	0	0
M6	MT-RNR2	14	9120:9133	2301.12023486234	0.972519351619644	0.262711375148905	0.568074785203344	0.571428571428571	0	0.142857142857143	0.285714285714286	0	0
M6	MT-ND4	14	9120:9133	2301.12023486234	0.972519351619644	0.262711375148905	0.568074785203344	0.571428571428571	0	0.142857142857143	0.285714285714286	0	0
M6	MT-ND2	14	9120:9133	2301.12023486234	0.972519351619644	0.262711375148905	0.568074785203344	0.571428571428571	0	0.142857142857143	0.285714285714286	0	0
M6	MT-CYB	14	9120:9133	2301.12023486234	0.972519351619644	0.262711375148905	0.568074785203344	0.571428571428571	0	0.142857142857143	0.285714285714286	0	0
M6	MTND2P28	14	9120:9133	2301.12023486234	0.972519351619644	0.262711375148905	0.568074785203344	0.571428571428571	0	0.142857142857143	0.285714285714286	0	0
M6	MT-RNR1	14	9120:9133	2301.12023486234	0.972519351619644	0.262711375148905	0.568074785203344	0.571428571428571	0	0.142857142857143	0.285714285714286	0	0
M6	MTCO1P12	14	9120:9133	2301.12023486234	0.972519351619644	0.262711375148905	0.568074785203344	0.571428571428571	0	0.142857142857143	0.285714285714286	0	0
M16	ROBO2	10	9134:9143	1027.97956766939	1.02949143402564	0.205968097627709	0.334021678577493	1	0	0	0	0	0
M16	RTN4	10	9134:9143	1027.97956766939	1.02949143402564	0.205968097627709	0.334021678577493	1	0	0	0	0	0
M16	SH3BP4	10	9134:9143	1027.97956766939	1.02949143402564	0.205968097627709	0.334021678577493	1	0	0	0	0	0
M16	MRVI1	10	9134:9143	1027.97956766939	1.02949143402564	0.205968097627709	0.334021678577493	1	0	0	0	0	0
M16	DDR2	10	9134:9143	1027.97956766939	1.02949143402564	0.205968097627709	0.334021678577493	1	0	0	0	0	0
M16	PCDH7	10	9134:9143	1027.97956766939	1.02949143402564	0.205968097627709	0.334021678577493	1	0	0	0	0	0
M16	FN1	10	9134:9143	1027.97956766939	1.02949143402564	0.205968097627709	0.334021678577493	1	0	0	0	0	0
M16	PDLIM3	10	9134:9143	1027.97956766939	1.02949143402564	0.205968097627709	0.334021678577493	1	0	0	0	0	0
M16	SPARCL1	10	9134:9143	1027.97956766939	1.02949143402564	0.205968097627709	0.334021678577493	1	0	0	0	0	0
M16	ABI3BP	10	9134:9143	1027.97956766939	1.02949143402564	0.205968097627709	0.334021678577493	1	0	0	0	0	0
M10	TNC	12	9144:9155	292.789084943703	1.88032531743962	0.196863001429512	0.665496121555939	1	0	0	0	0	0.0833333333333333
M10	COL21A1	12	9144:9155	292.789084943703	1.88032531743962	0.196863001429512	0.665496121555939	1	0	0	0	0	0.0833333333333333
M10	VCAM1	12	9144:9155	292.789084943703	1.88032531743962	0.196863001429512	0.665496121555939	1	0	0	0	0	0.0833333333333333
M10	SLIT3	12	9144:9155	292.789084943703	1.88032531743962	0.196863001429512	0.665496121555939	1	0	0	0	0	0.0833333333333333
M10	FBLN1	12	9144:9155	292.789084943703	1.88032531743962	0.196863001429512	0.665496121555939	1	0	0	0	0	0.0833333333333333
M10	ADAMTSL3	12	9144:9155	292.789084943703	1.88032531743962	0.196863001429512	0.665496121555939	1	0	0	0	0	0.0833333333333333
M10	NR2F1	12	9144:9155	292.789084943703	1.88032531743962	0.196863001429512	0.665496121555939	1	0	0	0	0	0.0833333333333333
M10	ZCCHC14	12	9144:9155	292.789084943703	1.88032531743962	0.196863001429512	0.665496121555939	1	0	0	0	0	0.0833333333333333
M10	ELN	12	9144:9155	292.789084943703	1.88032531743962	0.196863001429512	0.665496121555939	1	0	0	0	0	0.0833333333333333
M10	MAPKAPK5	12	9144:9155	292.789084943703	1.88032531743962	0.196863001429512	0.665496121555939	1	0	0	0	0	0.0833333333333333
M10	COL24A1	12	9144:9155	292.789084943703	1.88032531743962	0.196863001429512	0.665496121555939	1	0	0	0	0	0.0833333333333333
M10	SRPX	12	9144:9155	292.789084943703	1.88032531743962	0.196863001429512	0.665496121555939	1	0	0	0	0	0.0833333333333333
M17	NTRK3	10	9156:9165	497.306792447673	0.841777385474324	0.155899065043646	0.460714288897626	0.9	0.1	0	0	0	0
M17	COLEC12	10	9156:9165	497.306792447673	0.841777385474324	0.155899065043646	0.460714288897626	0.9	0.1	0	0	0	0
M17	DDX17	10	9156:9165	497.306792447673	0.841777385474324	0.155899065043646	0.460714288897626	0.9	0.1	0	0	0	0
M17	ADAM28	10	9156:9165	497.306792447673	0.841777385474324	0.155899065043646	0.460714288897626	0.9	0.1	0	0	0	0
M17	TUG1	10	9156:9165	497.306792447673	0.841777385474324	0.155899065043646	0.460714288897626	0.9	0.1	0	0	0	0
M17	CRTAP	10	9156:9165	497.306792447673	0.841777385474324	0.155899065043646	0.460714288897626	0.9	0.1	0	0	0	0
M17	PDS5B	10	9156:9165	497.306792447673	0.841777385474324	0.155899065043646	0.460714288897626	0.9	0.1	0	0	0	0
M17	MFAP4	10	9156:9165	497.306792447673	0.841777385474324	0.155899065043646	0.460714288897626	0.9	0.1	0	0	0	0
M17	MMP2	10	9156:9165	497.306792447673	0.841777385474324	0.155899065043646	0.460714288897626	0.9	0.1	0	0	0	0
M17	PROM1	10	9156:9165	497.306792447673	0.841777385474324	0.155899065043646	0.460714288897626	0.9	0.1	0	0	0	0
M7	HHIP	13	9166:9178	190.678906800681	1.70669094716801	0.186241837594378	0.440776141197225	1	0	0	0	0	0
M7	NSG1	13	9166:9178	190.678906800681	1.70669094716801	0.186241837594378	0.440776141197225	1	0	0	0	0	0
M7	CXCR4	13	9166:9178	190.678906800681	1.70669094716801	0.186241837594378	0.440776141197225	1	0	0	0	0	0
M7	CIB2	13	9166:9178	190.678906800681	1.70669094716801	0.186241837594378	0.440776141197225	1	0	0	0	0	0
M7	DOCK5	13	9166:9178	190.678906800681	1.70669094716801	0.186241837594378	0.440776141197225	1	0	0	0	0	0
M7	DLL1	13	9166:9178	190.678906800681	1.70669094716801	0.186241837594378	0.440776141197225	1	0	0	0	0	0
M7	CXCL14	13	9166:9178	190.678906800681	1.70669094716801	0.186241837594378	0.440776141197225	1	0	0	0	0	0
M7	NPC2	13	9166:9178	190.678906800681	1.70669094716801	0.186241837594378	0.440776141197225	1	0	0	0	0	0
M7	GFRA1	13	9166:9178	190.678906800681	1.70669094716801	0.186241837594378	0.440776141197225	1	0	0	0	0	0
M7	HSD17B2	13	9166:9178	190.678906800681	1.70669094716801	0.186241837594378	0.440776141197225	1	0	0	0	0	0
M7	A2M	13	9166:9178	190.678906800681	1.70669094716801	0.186241837594378	0.440776141197225	1	0	0	0	0	0
M7	ARHGAP28	13	9166:9178	190.678906800681	1.70669094716801	0.186241837594378	0.440776141197225	1	0	0	0	0	0
M7	ATP2B4	13	9166:9178	190.678906800681	1.70669094716801	0.186241837594378	0.440776141197225	1	0	0	0	0	0
M14	YTHDC2	11	9179:9189	150.253901173653	1.53486602518583	0.149594597989566	0.84627420586713	0.636363636363636	0.0909090909090909	0	0.272727272727273	0	0
M14	CDR1	11	9179:9189	150.253901173653	1.53486602518583	0.149594597989566	0.84627420586713	0.636363636363636	0.0909090909090909	0	0.272727272727273	0	0
M14	CDR1-AS	11	9179:9189	150.253901173653	1.53486602518583	0.149594597989566	0.84627420586713	0.636363636363636	0.0909090909090909	0	0.272727272727273	0	0
M14	RASA1	11	9179:9189	150.253901173653	1.53486602518583	0.149594597989566	0.84627420586713	0.636363636363636	0.0909090909090909	0	0.272727272727273	0	0
M14	EIF4B	11	9179:9189	150.253901173653	1.53486602518583	0.149594597989566	0.84627420586713	0.636363636363636	0.0909090909090909	0	0.272727272727273	0	0
M14	EIF4BP7	11	9179:9189	150.253901173653	1.53486602518583	0.149594597989566	0.84627420586713	0.636363636363636	0.0909090909090909	0	0.272727272727273	0	0
M14	EIF4BP3	11	9179:9189	150.253901173653	1.53486602518583	0.149594597989566	0.84627420586713	0.636363636363636	0.0909090909090909	0	0.272727272727273	0	0
M14	QKI	11	9179:9189	150.253901173653	1.53486602518583	0.149594597989566	0.84627420586713	0.636363636363636	0.0909090909090909	0	0.272727272727273	0	0
M14	UBR4	11	9179:9189	150.253901173653	1.53486602518583	0.149594597989566	0.84627420586713	0.636363636363636	0.0909090909090909	0	0.272727272727273	0	0
M14	EIF4BP6	11	9179:9189	150.253901173653	1.53486602518583	0.149594597989566	0.84627420586713	0.636363636363636	0.0909090909090909	0	0.272727272727273	0	0
M14	UTRN	11	9179:9189	150.253901173653	1.53486602518583	0.149594597989566	0.84627420586713	0.636363636363636	0.0909090909090909	0	0.272727272727273	0	0
M18	ZSCAN30	10	9190:9199	78.0196865748991	2.39594051669867	0.11588935506748	0.57956645900048	1	0	0	0	0	0.1
M18	SH3BGRL	10	9190:9199	78.0196865748991	2.39594051669867	0.11588935506748	0.57956645900048	1	0	0	0	0	0.1
M18	ALS2	10	9190:9199	78.0196865748991	2.39594051669867	0.11588935506748	0.57956645900048	1	0	0	0	0	0.1
M18	CMIP	10	9190:9199	78.0196865748991	2.39594051669867	0.11588935506748	0.57956645900048	1	0	0	0	0	0.1
M18	KCNH1	10	9190:9199	78.0196865748991	2.39594051669867	0.11588935506748	0.57956645900048	1	0	0	0	0	0.1
M18	CCDC28A	10	9190:9199	78.0196865748991	2.39594051669867	0.11588935506748	0.57956645900048	1	0	0	0	0	0.1
M18	SNAPC3	10	9190:9199	78.0196865748991	2.39594051669867	0.11588935506748	0.57956645900048	1	0	0	0	0	0.1
M18	OXSR1	10	9190:9199	78.0196865748991	2.39594051669867	0.11588935506748	0.57956645900048	1	0	0	0	0	0.1
M18	METTL3	10	9190:9199	78.0196865748991	2.39594051669867	0.11588935506748	0.57956645900048	1	0	0	0	0	0.1
M18	SCD	10	9190:9199	78.0196865748991	2.39594051669867	0.11588935506748	0.57956645900048	1	0	0	0	0	0.1
M8	HSPE1	13	9200:9212	179.553437651402	1.80100295960627	0.171289130667594	0.373354393214187	0.769230769230769	0.230769230769231	0	0	0	0.153846153846154
M8	ZBTB11	13	9200:9212	179.553437651402	1.80100295960627	0.171289130667594	0.373354393214187	0.769230769230769	0.230769230769231	0	0	0	0.153846153846154
M8	NABP1	13	9200:9212	179.553437651402	1.80100295960627	0.171289130667594	0.373354393214187	0.769230769230769	0.230769230769231	0	0	0	0.153846153846154
M8	SAP18	13	9200:9212	179.553437651402	1.80100295960627	0.171289130667594	0.373354393214187	0.769230769230769	0.230769230769231	0	0	0	0.153846153846154
M8	IVNS1ABP	13	9200:9212	179.553437651402	1.80100295960627	0.171289130667594	0.373354393214187	0.769230769230769	0.230769230769231	0	0	0	0.153846153846154
M8	PLK2	13	9200:9212	179.553437651402	1.80100295960627	0.171289130667594	0.373354393214187	0.769230769230769	0.230769230769231	0	0	0	0.153846153846154
M8	HSPD1	13	9200:9212	179.553437651402	1.80100295960627	0.171289130667594	0.373354393214187	0.769230769230769	0.230769230769231	0	0	0	0.153846153846154
M8	INTS6	13	9200:9212	179.553437651402	1.80100295960627	0.171289130667594	0.373354393214187	0.769230769230769	0.230769230769231	0	0	0	0.153846153846154
M8	TRA2B	13	9200:9212	179.553437651402	1.80100295960627	0.171289130667594	0.373354393214187	0.769230769230769	0.230769230769231	0	0	0	0.153846153846154
M8	AC116366.6	13	9200:9212	179.553437651402	1.80100295960627	0.171289130667594	0.373354393214187	0.769230769230769	0.230769230769231	0	0	0	0.153846153846154
M8	IRF1	13	9200:9212	179.553437651402	1.80100295960627	0.171289130667594	0.373354393214187	0.769230769230769	0.230769230769231	0	0	0	0.153846153846154
M8	SNHG5	13	9200:9212	179.553437651402	1.80100295960627	0.171289130667594	0.373354393214187	0.769230769230769	0.230769230769231	0	0	0	0.153846153846154
M8	THUMPD3-AS1	13	9200:9212	179.553437651402	1.80100295960627	0.171289130667594	0.373354393214187	0.769230769230769	0.230769230769231	0	0	0	0.153846153846154
M19	LRRC37BP1	10	9213:9222	104.47227188084	2.24407597848468	0.115322987959444	0.505556581832542	0.7	0.2	0	0.1	0	0.2
M19	KMT2C	10	9213:9222	104.47227188084	2.24407597848468	0.115322987959444	0.505556581832542	0.7	0.2	0	0.1	0	0.2
M19	DDX39B	10	9213:9222	104.47227188084	2.24407597848468	0.115322987959444	0.505556581832542	0.7	0.2	0	0.1	0	0.2
M19	SMARCA5	10	9213:9222	104.47227188084	2.24407597848468	0.115322987959444	0.505556581832542	0.7	0.2	0	0.1	0	0.2
M19	PPP2R1A	10	9213:9222	104.47227188084	2.24407597848468	0.115322987959444	0.505556581832542	0.7	0.2	0	0.1	0	0.2
M19	UBR5	10	9213:9222	104.47227188084	2.24407597848468	0.115322987959444	0.505556581832542	0.7	0.2	0	0.1	0	0.2
M19	BX322557.10	10	9213:9222	104.47227188084	2.24407597848468	0.115322987959444	0.505556581832542	0.7	0.2	0	0.1	0	0.2
M19	FAM200B	10	9213:9222	104.47227188084	2.24407597848468	0.115322987959444	0.505556581832542	0.7	0.2	0	0.1	0	0.2
M19	AEBP2	10	9213:9222	104.47227188084	2.24407597848468	0.115322987959444	0.505556581832542	0.7	0.2	0	0.1	0	0.2
M19	FLJ16779	10	9213:9222	104.47227188084	2.24407597848468	0.115322987959444	0.505556581832542	0.7	0.2	0	0.1	0	0.2
M20	MIA3	10	9223:9232	53.6036177621184	2.16572403873067	0.106864561710418	0.555567658155313	1	0	0	0	0	0.1
M20	SRGAP2C	10	9223:9232	53.6036177621184	2.16572403873067	0.106864561710418	0.555567658155313	1	0	0	0	0	0.1
M20	CYYR1	10	9223:9232	53.6036177621184	2.16572403873067	0.106864561710418	0.555567658155313	1	0	0	0	0	0.1
M20	AURKAIP1	10	9223:9232	53.6036177621184	2.16572403873067	0.106864561710418	0.555567658155313	1	0	0	0	0	0.1
M20	MKRN2	10	9223:9232	53.6036177621184	2.16572403873067	0.106864561710418	0.555567658155313	1	0	0	0	0	0.1
M20	BLOC1S5	10	9223:9232	53.6036177621184	2.16572403873067	0.106864561710418	0.555567658155313	1	0	0	0	0	0.1
M20	SH3RF1	10	9223:9232	53.6036177621184	2.16572403873067	0.106864561710418	0.555567658155313	1	0	0	0	0	0.1
M20	MED20	10	9223:9232	53.6036177621184	2.16572403873067	0.106864561710418	0.555567658155313	1	0	0	0	0	0.1
M20	ZZZ3	10	9223:9232	53.6036177621184	2.16572403873067	0.106864561710418	0.555567658155313	1	0	0	0	0	0.1
M20	SRGAP2B	10	9223:9232	53.6036177621184	2.16572403873067	0.106864561710418	0.555567658155313	1	0	0	0	0	0.1
M21	RP11-761N21.2	10	9233:9242	334.428126171863	1.60606769092771	0.223397008585571	0.709922066882423	0.5	0	0	0.5	0	0
M21	RPS21	10	9233:9242	334.428126171863	1.60606769092771	0.223397008585571	0.709922066882423	0.5	0	0	0.5	0	0
M21	RPS23P8	10	9233:9242	334.428126171863	1.60606769092771	0.223397008585571	0.709922066882423	0.5	0	0	0.5	0	0
M21	GLTSCR2	10	9233:9242	334.428126171863	1.60606769092771	0.223397008585571	0.709922066882423	0.5	0	0	0.5	0	0
M21	RPS23	10	9233:9242	334.428126171863	1.60606769092771	0.223397008585571	0.709922066882423	0.5	0	0	0.5	0	0
M21	RPL36	10	9233:9242	334.428126171863	1.60606769092771	0.223397008585571	0.709922066882423	0.5	0	0	0.5	0	0
M21	RPS27	10	9233:9242	334.428126171863	1.60606769092771	0.223397008585571	0.709922066882423	0.5	0	0	0.5	0	0
M21	RP11-175B9.3	10	9233:9242	334.428126171863	1.60606769092771	0.223397008585571	0.709922066882423	0.5	0	0	0.5	0	0
M21	AP000936.1	10	9233:9242	334.428126171863	1.60606769092771	0.223397008585571	0.709922066882423	0.5	0	0	0.5	0	0
M21	RP11-543P15.1	10	9233:9242	334.428126171863	1.60606769092771	0.223397008585571	0.709922066882423	0.5	0	0	0.5	0	0
M15	FTH1P20	11	9243:9253	266.847358277351	1.72062910461262	0.184231176901637	0.681724008194155	0.363636363636364	0	0	0.636363636363636	0	0
M15	FTH1P2	11	9243:9253	266.847358277351	1.72062910461262	0.184231176901637	0.681724008194155	0.363636363636364	0	0	0.636363636363636	0	0
M15	FTH1P7	11	9243:9253	266.847358277351	1.72062910461262	0.184231176901637	0.681724008194155	0.363636363636364	0	0	0.636363636363636	0	0
M15	FTH1	11	9243:9253	266.847358277351	1.72062910461262	0.184231176901637	0.681724008194155	0.363636363636364	0	0	0.636363636363636	0	0
M15	FTH1P10	11	9243:9253	266.847358277351	1.72062910461262	0.184231176901637	0.681724008194155	0.363636363636364	0	0	0.636363636363636	0	0
M15	AC079250.1	11	9243:9253	266.847358277351	1.72062910461262	0.184231176901637	0.681724008194155	0.363636363636364	0	0	0.636363636363636	0	0
M15	ITPRIP	11	9243:9253	266.847358277351	1.72062910461262	0.184231176901637	0.681724008194155	0.363636363636364	0	0	0.636363636363636	0	0
M15	FTH1P8	11	9243:9253	266.847358277351	1.72062910461262	0.184231176901637	0.681724008194155	0.363636363636364	0	0	0.636363636363636	0	0
M15	CHORDC1	11	9243:9253	266.847358277351	1.72062910461262	0.184231176901637	0.681724008194155	0.363636363636364	0	0	0.636363636363636	0	0
M15	FTH1P12	11	9243:9253	266.847358277351	1.72062910461262	0.184231176901637	0.681724008194155	0.363636363636364	0	0	0.636363636363636	0	0
M15	RPL18A	11	9243:9253	266.847358277351	1.72062910461262	0.184231176901637	0.681724008194155	0.363636363636364	0	0	0.636363636363636	0	0
M11	RPL32	12	9254:9265	526.114051738657	0.725082855233025	0.2142747722784	0.586898053562928	0.583333333333333	0	0	0.416666666666667	0	0
M11	RPL13AP25	12	9254:9265	526.114051738657	0.725082855233025	0.2142747722784	0.586898053562928	0.583333333333333	0	0	0.416666666666667	0	0
M11	RPL27	12	9254:9265	526.114051738657	0.725082855233025	0.2142747722784	0.586898053562928	0.583333333333333	0	0	0.416666666666667	0	0
M11	RPL24	12	9254:9265	526.114051738657	0.725082855233025	0.2142747722784	0.586898053562928	0.583333333333333	0	0	0.416666666666667	0	0
M11	RPL7P23	12	9254:9265	526.114051738657	0.725082855233025	0.2142747722784	0.586898053562928	0.583333333333333	0	0	0.416666666666667	0	0
M11	RPL13AP5	12	9254:9265	526.114051738657	0.725082855233025	0.2142747722784	0.586898053562928	0.583333333333333	0	0	0.416666666666667	0	0
M11	RPL7	12	9254:9265	526.114051738657	0.725082855233025	0.2142747722784	0.586898053562928	0.583333333333333	0	0	0.416666666666667	0	0
M11	RPL7P1	12	9254:9265	526.114051738657	0.725082855233025	0.2142747722784	0.586898053562928	0.583333333333333	0	0	0.416666666666667	0	0
M11	RPL13A	12	9254:9265	526.114051738657	0.725082855233025	0.2142747722784	0.586898053562928	0.583333333333333	0	0	0.416666666666667	0	0
M11	RPS27A	12	9254:9265	526.114051738657	0.725082855233025	0.2142747722784	0.586898053562928	0.583333333333333	0	0	0.416666666666667	0	0
M11	RPS24	12	9254:9265	526.114051738657	0.725082855233025	0.2142747722784	0.586898053562928	0.583333333333333	0	0	0.416666666666667	0	0
M11	RPL7P9	12	9254:9265	526.114051738657	0.725082855233025	0.2142747722784	0.586898053562928	0.583333333333333	0	0	0.416666666666667	0	0
M2	RPL26	17	9266:9282	1089.52480170142	0.695439067046377	0.224262565904773	0.421267051825448	0.764705882352941	0	0	0.235294117647059	0	0
M2	HNRNPA1	17	9266:9282	1089.52480170142	0.695439067046377	0.224262565904773	0.421267051825448	0.764705882352941	0	0	0.235294117647059	0	0
M2	HNRNPA1P48	17	9266:9282	1089.52480170142	0.695439067046377	0.224262565904773	0.421267051825448	0.764705882352941	0	0	0.235294117647059	0	0
M2	RPL3	17	9266:9282	1089.52480170142	0.695439067046377	0.224262565904773	0.421267051825448	0.764705882352941	0	0	0.235294117647059	0	0
M2	RPL37A	17	9266:9282	1089.52480170142	0.695439067046377	0.224262565904773	0.421267051825448	0.764705882352941	0	0	0.235294117647059	0	0
M2	RPS20P14	17	9266:9282	1089.52480170142	0.695439067046377	0.224262565904773	0.421267051825448	0.764705882352941	0	0	0.235294117647059	0	0
M2	RPL35	17	9266:9282	1089.52480170142	0.695439067046377	0.224262565904773	0.421267051825448	0.764705882352941	0	0	0.235294117647059	0	0
M2	RPS6	17	9266:9282	1089.52480170142	0.695439067046377	0.224262565904773	0.421267051825448	0.764705882352941	0	0	0.235294117647059	0	0
M2	RPS18	17	9266:9282	1089.52480170142	0.695439067046377	0.224262565904773	0.421267051825448	0.764705882352941	0	0	0.235294117647059	0	0
M2	RPLP2	17	9266:9282	1089.52480170142	0.695439067046377	0.224262565904773	0.421267051825448	0.764705882352941	0	0	0.235294117647059	0	0
M2	RP11-234A1.1	17	9266:9282	1089.52480170142	0.695439067046377	0.224262565904773	0.421267051825448	0.764705882352941	0	0	0.235294117647059	0	0
M2	RPLP1	17	9266:9282	1089.52480170142	0.695439067046377	0.224262565904773	0.421267051825448	0.764705882352941	0	0	0.235294117647059	0	0
M2	RPL3P4	17	9266:9282	1089.52480170142	0.695439067046377	0.224262565904773	0.421267051825448	0.764705882352941	0	0	0.235294117647059	0	0
M2	RPL38	17	9266:9282	1089.52480170142	0.695439067046377	0.224262565904773	0.421267051825448	0.764705882352941	0	0	0.235294117647059	0	0
M2	RPL27A	17	9266:9282	1089.52480170142	0.695439067046377	0.224262565904773	0.421267051825448	0.764705882352941	0	0	0.235294117647059	0	0
M2	RPL7A	17	9266:9282	1089.52480170142	0.695439067046377	0.224262565904773	0.421267051825448	0.764705882352941	0	0	0.235294117647059	0	0
M2	TPT1	17	9266:9282	1089.52480170142	0.695439067046377	0.224262565904773	0.421267051825448	0.764705882352941	0	0	0.235294117647059	0	0
M22	RPL10AP6	10	9283:9292	856.486629771524	0.960734151301915	0.209417622129061	0.548338567480335	0.3	0	0	0.7	0	0
M22	RPL10AP2	10	9283:9292	856.486629771524	0.960734151301915	0.209417622129061	0.548338567480335	0.3	0	0	0.7	0	0
M22	RPL10A	10	9283:9292	856.486629771524	0.960734151301915	0.209417622129061	0.548338567480335	0.3	0	0	0.7	0	0
M22	RPL34P27	10	9283:9292	856.486629771524	0.960734151301915	0.209417622129061	0.548338567480335	0.3	0	0	0.7	0	0
M22	RP11-20O24.4	10	9283:9292	856.486629771524	0.960734151301915	0.209417622129061	0.548338567480335	0.3	0	0	0.7	0	0
M22	RP4-706A16.3	10	9283:9292	856.486629771524	0.960734151301915	0.209417622129061	0.548338567480335	0.3	0	0	0.7	0	0
M22	RPL8	10	9283:9292	856.486629771524	0.960734151301915	0.209417622129061	0.548338567480335	0.3	0	0	0.7	0	0
M22	RP11-592N21.1	10	9283:9292	856.486629771524	0.960734151301915	0.209417622129061	0.548338567480335	0.3	0	0	0.7	0	0
M22	RPL14	10	9283:9292	856.486629771524	0.960734151301915	0.209417622129061	0.548338567480335	0.3	0	0	0.7	0	0
M22	RPL14P1	10	9283:9292	856.486629771524	0.960734151301915	0.209417622129061	0.548338567480335	0.3	0	0	0.7	0	0
M3	HNRNPL	15	9293:9307	1084.2439762808	0.998465603951548	0.188066525464588	0.660565807920557	0.866666666666667	0.0666666666666667	0	0.0666666666666667	0	0
M3	RPL11	15	9293:9307	1084.2439762808	0.998465603951548	0.188066525464588	0.660565807920557	0.866666666666667	0.0666666666666667	0	0.0666666666666667	0	0
M3	GAS5	15	9293:9307	1084.2439762808	0.998465603951548	0.188066525464588	0.660565807920557	0.866666666666667	0.0666666666666667	0	0.0666666666666667	0	0
M3	SHISA5	15	9293:9307	1084.2439762808	0.998465603951548	0.188066525464588	0.660565807920557	0.866666666666667	0.0666666666666667	0	0.0666666666666667	0	0
M3	RPS7P10	15	9293:9307	1084.2439762808	0.998465603951548	0.188066525464588	0.660565807920557	0.866666666666667	0.0666666666666667	0	0.0666666666666667	0	0
M3	RPS20	15	9293:9307	1084.2439762808	0.998465603951548	0.188066525464588	0.660565807920557	0.866666666666667	0.0666666666666667	0	0.0666666666666667	0	0
M3	UQCRB	15	9293:9307	1084.2439762808	0.998465603951548	0.188066525464588	0.660565807920557	0.866666666666667	0.0666666666666667	0	0.0666666666666667	0	0
M3	RPL22	15	9293:9307	1084.2439762808	0.998465603951548	0.188066525464588	0.660565807920557	0.866666666666667	0.0666666666666667	0	0.0666666666666667	0	0
M3	RPS3	15	9293:9307	1084.2439762808	0.998465603951548	0.188066525464588	0.660565807920557	0.866666666666667	0.0666666666666667	0	0.0666666666666667	0	0
M3	RPL23	15	9293:9307	1084.2439762808	0.998465603951548	0.188066525464588	0.660565807920557	0.866666666666667	0.0666666666666667	0	0.0666666666666667	0	0
M3	RPL31	15	9293:9307	1084.2439762808	0.998465603951548	0.188066525464588	0.660565807920557	0.866666666666667	0.0666666666666667	0	0.0666666666666667	0	0
M3	AAR2	15	9293:9307	1084.2439762808	0.998465603951548	0.188066525464588	0.660565807920557	0.866666666666667	0.0666666666666667	0	0.0666666666666667	0	0
M3	TUSC3	15	9293:9307	1084.2439762808	0.998465603951548	0.188066525464588	0.660565807920557	0.866666666666667	0.0666666666666667	0	0.0666666666666667	0	0
M3	RPL34	15	9293:9307	1084.2439762808	0.998465603951548	0.188066525464588	0.660565807920557	0.866666666666667	0.0666666666666667	0	0.0666666666666667	0	0
M3	RPS17	15	9293:9307	1084.2439762808	0.998465603951548	0.188066525464588	0.660565807920557	0.866666666666667	0.0666666666666667	0	0.0666666666666667	0	0
M23	CARD16	10	9308:9317	26.5450536109042	3.38764991368109	0.128212285319723	0.536250088138335	1	0	0	0	0	0
M23	FMOD	10	9308:9317	26.5450536109042	3.38764991368109	0.128212285319723	0.536250088138335	1	0	0	0	0	0
M23	LGALS3BP	10	9308:9317	26.5450536109042	3.38764991368109	0.128212285319723	0.536250088138335	1	0	0	0	0	0
M23	NID2	10	9308:9317	26.5450536109042	3.38764991368109	0.128212285319723	0.536250088138335	1	0	0	0	0	0
M23	FRZB	10	9308:9317	26.5450536109042	3.38764991368109	0.128212285319723	0.536250088138335	1	0	0	0	0	0
M23	PFN1	10	9308:9317	26.5450536109042	3.38764991368109	0.128212285319723	0.536250088138335	1	0	0	0	0	0
M23	PAPLN	10	9308:9317	26.5450536109042	3.38764991368109	0.128212285319723	0.536250088138335	1	0	0	0	0	0
M23	PFDN2	10	9308:9317	26.5450536109042	3.38764991368109	0.128212285319723	0.536250088138335	1	0	0	0	0	0
M23	LRRC8A	10	9308:9317	26.5450536109042	3.38764991368109	0.128212285319723	0.536250088138335	1	0	0	0	0	0
M23	EFEMP1	10	9308:9317	26.5450536109042	3.38764991368109	0.128212285319723	0.536250088138335	1	0	0	0	0	0
M12	MYL6	12	9318:9329	798.679661407357	1.64450152499685	0.188608541101157	0.413310133188131	1	0	0	0	0	0.0833333333333333
M12	MAP4	12	9318:9329	798.679661407357	1.64450152499685	0.188608541101157	0.413310133188131	1	0	0	0	0	0.0833333333333333
M12	TMSB10	12	9318:9329	798.679661407357	1.64450152499685	0.188608541101157	0.413310133188131	1	0	0	0	0	0.0833333333333333
M12	TYMS	12	9318:9329	798.679661407357	1.64450152499685	0.188608541101157	0.413310133188131	1	0	0	0	0	0.0833333333333333
M12	NHP2	12	9318:9329	798.679661407357	1.64450152499685	0.188608541101157	0.413310133188131	1	0	0	0	0	0.0833333333333333
M12	NEDD8	12	9318:9329	798.679661407357	1.64450152499685	0.188608541101157	0.413310133188131	1	0	0	0	0	0.0833333333333333
M12	CD63	12	9318:9329	798.679661407357	1.64450152499685	0.188608541101157	0.413310133188131	1	0	0	0	0	0.0833333333333333
M12	RNF157	12	9318:9329	798.679661407357	1.64450152499685	0.188608541101157	0.413310133188131	1	0	0	0	0	0.0833333333333333
M12	TUBA1B	12	9318:9329	798.679661407357	1.64450152499685	0.188608541101157	0.413310133188131	1	0	0	0	0	0.0833333333333333
M12	FEN1	12	9318:9329	798.679661407357	1.64450152499685	0.188608541101157	0.413310133188131	1	0	0	0	0	0.0833333333333333
M12	ATP5I	12	9318:9329	798.679661407357	1.64450152499685	0.188608541101157	0.413310133188131	1	0	0	0	0	0.0833333333333333
M12	SOX9	12	9318:9329	798.679661407357	1.64450152499685	0.188608541101157	0.413310133188131	1	0	0	0	0	0.0833333333333333
M13	EGR1	12	9330:9341	1154.48917853296	1.44612182973299	0.472458151173479	0.259212499050521	0.833333333333333	0.0833333333333333	0	0.0833333333333333	0	0.416666666666667
M13	KLF4	12	9330:9341	1154.48917853296	1.44612182973299	0.472458151173479	0.259212499050521	0.833333333333333	0.0833333333333333	0	0.0833333333333333	0	0.416666666666667
M13	FOS	12	9330:9341	1154.48917853296	1.44612182973299	0.472458151173479	0.259212499050521	0.833333333333333	0.0833333333333333	0	0.0833333333333333	0	0.416666666666667
M13	CCNL1	12	9330:9341	1154.48917853296	1.44612182973299	0.472458151173479	0.259212499050521	0.833333333333333	0.0833333333333333	0	0.0833333333333333	0	0.416666666666667
M13	DUSP1	12	9330:9341	1154.48917853296	1.44612182973299	0.472458151173479	0.259212499050521	0.833333333333333	0.0833333333333333	0	0.0833333333333333	0	0.416666666666667
M13	FOSB	12	9330:9341	1154.48917853296	1.44612182973299	0.472458151173479	0.259212499050521	0.833333333333333	0.0833333333333333	0	0.0833333333333333	0	0.416666666666667
M13	NFKBIZ	12	9330:9341	1154.48917853296	1.44612182973299	0.472458151173479	0.259212499050521	0.833333333333333	0.0833333333333333	0	0.0833333333333333	0	0.416666666666667
M13	MCL1	12	9330:9341	1154.48917853296	1.44612182973299	0.472458151173479	0.259212499050521	0.833333333333333	0.0833333333333333	0	0.0833333333333333	0	0.416666666666667
M13	JUN	12	9330:9341	1154.48917853296	1.44612182973299	0.472458151173479	0.259212499050521	0.833333333333333	0.0833333333333333	0	0.0833333333333333	0	0.416666666666667
M13	CTD-3252C9.4	12	9330:9341	1154.48917853296	1.44612182973299	0.472458151173479	0.259212499050521	0.833333333333333	0.0833333333333333	0	0.0833333333333333	0	0.416666666666667
M13	HSP90AA2P	12	9330:9341	1154.48917853296	1.44612182973299	0.472458151173479	0.259212499050521	0.833333333333333	0.0833333333333333	0	0.0833333333333333	0	0.416666666666667
M13	HSP90AA1	12	9330:9341	1154.48917853296	1.44612182973299	0.472458151173479	0.259212499050521	0.833333333333333	0.0833333333333333	0	0.0833333333333333	0	0.416666666666667
M1	MAFF	23	9342:9364	194.988790841119	2.01361951342852	0.208643844509997	0.332175875383405	1	0	0	0	0	0.173913043478261
M1	SLC38A2	23	9342:9364	194.988790841119	2.01361951342852	0.208643844509997	0.332175875383405	1	0	0	0	0	0.173913043478261
M1	ADAMTS1	23	9342:9364	194.988790841119	2.01361951342852	0.208643844509997	0.332175875383405	1	0	0	0	0	0.173913043478261
M1	DUSP5	23	9342:9364	194.988790841119	2.01361951342852	0.208643844509997	0.332175875383405	1	0	0	0	0	0.173913043478261
M1	BTG2	23	9342:9364	194.988790841119	2.01361951342852	0.208643844509997	0.332175875383405	1	0	0	0	0	0.173913043478261
M1	IFRD1	23	9342:9364	194.988790841119	2.01361951342852	0.208643844509997	0.332175875383405	1	0	0	0	0	0.173913043478261
M1	SRSF7	23	9342:9364	194.988790841119	2.01361951342852	0.208643844509997	0.332175875383405	1	0	0	0	0	0.173913043478261
M1	DNAJB4	23	9342:9364	194.988790841119	2.01361951342852	0.208643844509997	0.332175875383405	1	0	0	0	0	0.173913043478261
M1	KLF2	23	9342:9364	194.988790841119	2.01361951342852	0.208643844509997	0.332175875383405	1	0	0	0	0	0.173913043478261
M1	DDX3X	23	9342:9364	194.988790841119	2.01361951342852	0.208643844509997	0.332175875383405	1	0	0	0	0	0.173913043478261
M1	JUND	23	9342:9364	194.988790841119	2.01361951342852	0.208643844509997	0.332175875383405	1	0	0	0	0	0.173913043478261
M1	DDX5	23	9342:9364	194.988790841119	2.01361951342852	0.208643844509997	0.332175875383405	1	0	0	0	0	0.173913043478261
M1	ZFP36	23	9342:9364	194.988790841119	2.01361951342852	0.208643844509997	0.332175875383405	1	0	0	0	0	0.173913043478261
M1	IER3	23	9342:9364	194.988790841119	2.01361951342852	0.208643844509997	0.332175875383405	1	0	0	0	0	0.173913043478261
M1	SOCS3	23	9342:9364	194.988790841119	2.01361951342852	0.208643844509997	0.332175875383405	1	0	0	0	0	0.173913043478261
M1	UBE2S	23	9342:9364	194.988790841119	2.01361951342852	0.208643844509997	0.332175875383405	1	0	0	0	0	0.173913043478261
M1	SERTAD1	23	9342:9364	194.988790841119	2.01361951342852	0.208643844509997	0.332175875383405	1	0	0	0	0	0.173913043478261
M1	PNRC1	23	9342:9364	194.988790841119	2.01361951342852	0.208643844509997	0.332175875383405	1	0	0	0	0	0.173913043478261
M1	PCF11	23	9342:9364	194.988790841119	2.01361951342852	0.208643844509997	0.332175875383405	1	0	0	0	0	0.173913043478261
M1	DNAJA1	23	9342:9364	194.988790841119	2.01361951342852	0.208643844509997	0.332175875383405	1	0	0	0	0	0.173913043478261
M1	TOB1	23	9342:9364	194.988790841119	2.01361951342852	0.208643844509997	0.332175875383405	1	0	0	0	0	0.173913043478261
M1	JUNB	23	9342:9364	194.988790841119	2.01361951342852	0.208643844509997	0.332175875383405	1	0	0	0	0	0.173913043478261
M1	BRD2	23	9342:9364	194.988790841119	2.01361951342852	0.208643844509997	0.332175875383405	1	0	0	0	0	0.173913043478261
M4	CYR61	15	9365:9379	612.584583757993	1.43845736314047	0.258506497440907	0.310383325969579	1	0	0	0	0	0.0666666666666667
M4	ZFAND5	15	9365:9379	612.584583757993	1.43845736314047	0.258506497440907	0.310383325969579	1	0	0	0	0	0.0666666666666667
M4	IER2	15	9365:9379	612.584583757993	1.43845736314047	0.258506497440907	0.310383325969579	1	0	0	0	0	0.0666666666666667
M4	HSPA1A	15	9365:9379	612.584583757993	1.43845736314047	0.258506497440907	0.310383325969579	1	0	0	0	0	0.0666666666666667
M4	BTG1	15	9365:9379	612.584583757993	1.43845736314047	0.258506497440907	0.310383325969579	1	0	0	0	0	0.0666666666666667
M4	RHOB	15	9365:9379	612.584583757993	1.43845736314047	0.258506497440907	0.310383325969579	1	0	0	0	0	0.0666666666666667
M4	HSPA8	15	9365:9379	612.584583757993	1.43845736314047	0.258506497440907	0.310383325969579	1	0	0	0	0	0.0666666666666667
M4	ATF4	15	9365:9379	612.584583757993	1.43845736314047	0.258506497440907	0.310383325969579	1	0	0	0	0	0.0666666666666667
M4	DNAJB1	15	9365:9379	612.584583757993	1.43845736314047	0.258506497440907	0.310383325969579	1	0	0	0	0	0.0666666666666667
M4	TUBB4B	15	9365:9379	612.584583757993	1.43845736314047	0.258506497440907	0.310383325969579	1	0	0	0	0	0.0666666666666667
M4	UBB	15	9365:9379	612.584583757993	1.43845736314047	0.258506497440907	0.310383325969579	1	0	0	0	0	0.0666666666666667
M4	UBC	15	9365:9379	612.584583757993	1.43845736314047	0.258506497440907	0.310383325969579	1	0	0	0	0	0.0666666666666667
M4	HSPA1B	15	9365:9379	612.584583757993	1.43845736314047	0.258506497440907	0.310383325969579	1	0	0	0	0	0.0666666666666667
M4	RASD1	15	9365:9379	612.584583757993	1.43845736314047	0.258506497440907	0.310383325969579	1	0	0	0	0	0.0666666666666667
M4	EIF1	15	9365:9379	612.584583757993	1.43845736314047	0.258506497440907	0.310383325969579	1	0	0	0	0	0.0666666666666667
M24	LUZP2	10	9380:9389	77.8728327606035	2.27140769286933	0.111063092404083	0.607598871756237	1	0	0	0	0	0.2
M24	RGS10	10	9380:9389	77.8728327606035	2.27140769286933	0.111063092404083	0.607598871756237	1	0	0	0	0	0.2
M24	ZNF460	10	9380:9389	77.8728327606035	2.27140769286933	0.111063092404083	0.607598871756237	1	0	0	0	0	0.2
M24	TMEM65	10	9380:9389	77.8728327606035	2.27140769286933	0.111063092404083	0.607598871756237	1	0	0	0	0	0.2
M24	RAD1	10	9380:9389	77.8728327606035	2.27140769286933	0.111063092404083	0.607598871756237	1	0	0	0	0	0.2
M24	PTK2	10	9380:9389	77.8728327606035	2.27140769286933	0.111063092404083	0.607598871756237	1	0	0	0	0	0.2
M24	SLC25A16	10	9380:9389	77.8728327606035	2.27140769286933	0.111063092404083	0.607598871756237	1	0	0	0	0	0.2
M24	ETS2	10	9380:9389	77.8728327606035	2.27140769286933	0.111063092404083	0.607598871756237	1	0	0	0	0	0.2
M24	ACBD6	10	9380:9389	77.8728327606035	2.27140769286933	0.111063092404083	0.607598871756237	1	0	0	0	0	0.2
M24	AKAP13	10	9380:9389	77.8728327606035	2.27140769286933	0.111063092404083	0.607598871756237	1	0	0	0	0	0.2
M25	CAD	10	9390:9399	24.1214283649257	3.22234908392481	0.122967593958375	0.588912545201244	0.9	0	0	0.1	0	0
M25	COQ10A	10	9390:9399	24.1214283649257	3.22234908392481	0.122967593958375	0.588912545201244	0.9	0	0	0.1	0	0
M25	RP11-624D20.1	10	9390:9399	24.1214283649257	3.22234908392481	0.122967593958375	0.588912545201244	0.9	0	0	0.1	0	0
M25	PPID	10	9390:9399	24.1214283649257	3.22234908392481	0.122967593958375	0.588912545201244	0.9	0	0	0.1	0	0
M25	DPP6	10	9390:9399	24.1214283649257	3.22234908392481	0.122967593958375	0.588912545201244	0.9	0	0	0.1	0	0
M25	STAB2	10	9390:9399	24.1214283649257	3.22234908392481	0.122967593958375	0.588912545201244	0.9	0	0	0.1	0	0
M25	LYRM4	10	9390:9399	24.1214283649257	3.22234908392481	0.122967593958375	0.588912545201244	0.9	0	0	0.1	0	0
M25	ANKRD29	10	9390:9399	24.1214283649257	3.22234908392481	0.122967593958375	0.588912545201244	0.9	0	0	0.1	0	0
M25	TRABD2A	10	9390:9399	24.1214283649257	3.22234908392481	0.122967593958375	0.588912545201244	0.9	0	0	0.1	0	0
M25	OTUD7B	10	9390:9399	24.1214283649257	3.22234908392481	0.122967593958375	0.588912545201244	0.9	0	0	0.1	0	0
M26	TRIM33	10	9400:9409	104.875513402637	2.12249807740381	0.108853467330501	0.614055267164209	1	0	0	0	0	0
M26	DIP2C	10	9400:9409	104.875513402637	2.12249807740381	0.108853467330501	0.614055267164209	1	0	0	0	0	0
M26	CCDC57	10	9400:9409	104.875513402637	2.12249807740381	0.108853467330501	0.614055267164209	1	0	0	0	0	0
M26	FBXW11	10	9400:9409	104.875513402637	2.12249807740381	0.108853467330501	0.614055267164209	1	0	0	0	0	0
M26	KDM3A	10	9400:9409	104.875513402637	2.12249807740381	0.108853467330501	0.614055267164209	1	0	0	0	0	0
M26	SMIM19	10	9400:9409	104.875513402637	2.12249807740381	0.108853467330501	0.614055267164209	1	0	0	0	0	0
M26	POLB	10	9400:9409	104.875513402637	2.12249807740381	0.108853467330501	0.614055267164209	1	0	0	0	0	0
M26	DSE	10	9400:9409	104.875513402637	2.12249807740381	0.108853467330501	0.614055267164209	1	0	0	0	0	0
M26	PSMC5	10	9400:9409	104.875513402637	2.12249807740381	0.108853467330501	0.614055267164209	1	0	0	0	0	0
M26	SARAF	10	9400:9409	104.875513402637	2.12249807740381	0.108853467330501	0.614055267164209	1	0	0	0	0	0
M27	SDE2	10	9410:9419	56.5441184594043	2.20804604533033	0.134294949051031	0.877225394235506	1	0	0	0	0	0
M27	EIF3CL	10	9410:9419	56.5441184594043	2.20804604533033	0.134294949051031	0.877225394235506	1	0	0	0	0	0
M27	EIF3C	10	9410:9419	56.5441184594043	2.20804604533033	0.134294949051031	0.877225394235506	1	0	0	0	0	0
M27	NPIPB3	10	9410:9419	56.5441184594043	2.20804604533033	0.134294949051031	0.877225394235506	1	0	0	0	0	0
M27	NPIPB4	10	9410:9419	56.5441184594043	2.20804604533033	0.134294949051031	0.877225394235506	1	0	0	0	0	0
M27	NPIPB5	10	9410:9419	56.5441184594043	2.20804604533033	0.134294949051031	0.877225394235506	1	0	0	0	0	0
M27	RANBP2	10	9410:9419	56.5441184594043	2.20804604533033	0.134294949051031	0.877225394235506	1	0	0	0	0	0
M27	RGPD5	10	9410:9419	56.5441184594043	2.20804604533033	0.134294949051031	0.877225394235506	1	0	0	0	0	0
M27	ARL3	10	9410:9419	56.5441184594043	2.20804604533033	0.134294949051031	0.877225394235506	1	0	0	0	0	0
M27	FRA10AC1	10	9410:9419	56.5441184594043	2.20804604533033	0.134294949051031	0.877225394235506	1	0	0	0	0	0
