human	PB10_HCA_XC_FOXL1-601	170380676	91.2333	XC_FOXL1-601_01	1131882	1131882	842208	13913	990831	950530	950530
human	PB10_HCA_XC_FOXL1-601	170380676	91.2333	XC_FOXL1-601_02	101267	101267	17934	2504	24250	20673	20673
human	PB10_HCA_XC_FOXL1-601	170380676	91.2333	XC_FOXL1-601_03	1265062	1265062	941286	16041	1102873	1062547	1062547
human	PB10_HCA_XC_FOXL1-601	170380676	91.2333	XC_FOXL1-601_04	128969	128969	20882	2915	28358	23987	23987
human	PB10_HCA_XC_FOXL1-601	170380676	91.2333	XC_FOXL1-601_05	1519720	1519720	1105503	12678	1292124	1247765	1247765
human	PB10_HCA_XC_FOXL1-601	170380676	91.2333	XC_FOXL1-601_06	2226997	2226997	1698262	26609	1972912	1897246	1897246
human	PB10_HCA_XC_FOXL1-601	170380676	91.2333	XC_FOXL1-601_07	143550	143550	27781	6176	40242	31698	31698
human	PB10_HCA_XC_FOXL1-601	170380676	91.2333	XC_FOXL1-601_08	2655853	2655853	2041567	20418	2361623	2286817	2286817
human	PB10_HCA_XC_FOXL1-601	170380676	91.2333	XC_FOXL1-601_09	82246	82246	22513	3608	30454	25308	25308
human	PB10_HCA_XC_FOXL1-601	170380676	91.2333	XC_FOXL1-601_10	1951280	1951280	1289792	35521	1508726	1433413	1433413
human	PB10_HCA_XC_FOXL1-601	170380676	91.2333	XC_FOXL1-601_11	78177	78177	17462	2781	23924	20517	20517
human	PB10_HCA_XC_FOXL1-601	170380676	91.2333	XC_FOXL1-601_12	1594184	1594184	1216638	19667	1407705	1356747	1356747
human	PB10_HCA_XC_FOXL1-601	170380676	91.2333	XC_FOXL1-601_13	2033891	2033891	1552751	16657	1800339	1738108	1738108
human	PB10_HCA_XC_FOXL1-601	170380676	91.2333	XC_FOXL1-601_14	1648334	1648334	1084881	22095	1277198	1214633	1214633
human	PB10_HCA_XC_FOXL1-601	170380676	91.2333	XC_FOXL1-601_15	1862427	1862427	1378014	18366	1602357	1543158	1543158
human	PB10_HCA_XC_FOXL1-601	170380676	91.2333	XC_FOXL1-601_16	1902812	1902812	1460692	19845	1700393	1639988	1639988
human	PB10_HCA_XC_FOXL1-601	170380676	91.2333	XC_FOXL1-601_17	1888988	1888988	1347070	28865	1585574	1512604	1512604
human	PB10_HCA_XC_FOXL1-601	170380676	91.2333	XC_FOXL1-601_18	2394764	2394764	1715219	35049	1984653	1905246	1905246
human	PB10_HCA_XC_FOXL1-601	170380676	91.2333	XC_FOXL1-601_19	1002335	1002335	722603	15977	843526	803870	803870
human	PB10_HCA_XC_FOXL1-601	170380676	91.2333	XC_FOXL1-601_20	639789	639789	455442	9445	529169	506462	506462
human	PB10_HCA_XC_FOXL1-601	170380676	91.2333	XC_FOXL1-601_21	1519696	1519696	1177485	11298	1368424	1326144	1326144
human	PB10_HCA_XC_FOXL1-601	170380676	91.2333	XC_FOXL1-601_22	1350967	1350967	736660	28868	885122	824384	824384
human	PB10_HCA_XC_FOXL1-601	170380676	91.2333	XC_FOXL1-601_23	2523140	2523140	1816593	26654	2106466	2027392	2027392
human	PB10_HCA_XC_FOXL1-601	170380676	91.2333	XC_FOXL1-601_24	287049	287049	37314	7252	54066	42411	42411
human	PB10_HCA_XC_FOXL1-601	170380676	91.2333	XC_FOXL1-601_25	1762905	1762905	1359246	20714	1586110	1525258	1525257
human	PB10_HCA_XC_FOXL1-601	170380676	91.2333	XC_FOXL1-601_26	1303582	1303582	932572	19033	1087100	1037527	1037527
human	PB10_HCA_XC_FOXL1-601	170380676	91.2333	XC_FOXL1-601_27	1930960	1930960	1157883	40952	1381600	1298418	1298418
human	PB10_HCA_XC_FOXL1-601	170380676	91.2333	XC_FOXL1-601_28	1178374	1178374	897223	14908	1037228	999595	999595
human	PB10_HCA_XC_FOXL1-601	170380676	91.2333	XC_FOXL1-601_29	2618666	2618666	1997524	29084	2327078	2241957	2241957
human	PB10_HCA_XC_FOXL1-601	170380676	91.2333	XC_FOXL1-601_30	2065114	2065114	1029965	112088	1331971	1148401	1148401
human	PB10_HCA_XC_FOXL1-601	170380676	91.2333	XC_FOXL1-601_31	2187517	2187517	1577003	30723	1843397	1767316	1767316
human	PB10_HCA_XC_FOXL1-601	170380676	91.2333	XC_FOXL1-601_32	153288	153288	38121	6304	52159	43291	43291
human	PB10_HCA_XC_FOXL1-601	170380676	91.2333	XC_FOXL1-601_33	178600	178600	38926	17904	65660	44218	44218
human	PB10_HCA_XC_FOXL1-601	170380676	91.2333	XC_FOXL1-601_34	166384	166384	24001	3621	31548	26766	26766
human	PB10_HCA_XC_FOXL1-601	170380676	91.2333	XC_FOXL1-601_35	849829	849829	590014	17004	692987	656539	656539
human	PB10_HCA_XC_FOXL1-601	170380676	91.2333	XC_FOXL1-601_36	529868	529868	356310	6986	415673	397861	397861
human	PB10_HCA_XC_FOXL1-601	170380676	91.2333	XC_FOXL1-601_37	2847774	2847774	2224666	24061	2566002	2479648	2479648
human	PB10_HCA_XC_FOXL1-601	170380676	91.2333	XC_FOXL1-601_38	266863	266863	31297	12485	53526	37035	37035
human	PB10_HCA_XC_FOXL1-601	170380676	91.2333	XC_FOXL1-601_39	2004901	2004901	1425708	31310	1677808	1594954	1594954
human	PB10_HCA_XC_FOXL1-601	170380676	91.2333	XC_FOXL1-601_40	152871	152871	37837	5560	50938	42599	42599
human	PB10_HCA_XC_FOXL1-601	170380676	91.2333	XC_FOXL1-601_41	1182476	1182476	914624	14456	1061751	1019540	1019540
human	PB10_HCA_XC_FOXL1-601	170380676	91.2333	XC_FOXL1-601_42	154871	154871	26863	3860	39928	30614	30614
human	PB10_HCA_XC_FOXL1-601	170380676	91.2333	XC_FOXL1-601_43	1662823	1662823	1230081	24525	1429076	1366466	1366466
human	PB10_HCA_XC_FOXL1-601	170380676	91.2333	XC_FOXL1-601_44	1201277	1201277	831294	15173	962525	924662	924662
human	PB10_HCA_XC_FOXL1-601	170380676	91.2333	XC_FOXL1-601_45	1873618	1873618	1502672	13853	1725982	1669184	1669184
human	PB10_HCA_XC_FOXL1-601	170380676	91.2333	XC_FOXL1-601_46	1772276	1772276	1180451	29092	1390099	1310939	1310939
human	PB10_HCA_XC_FOXL1-601	170380676	91.2333	XC_FOXL1-601_47	231612	231612	39634	9569	60417	45976	45976
human	PB10_HCA_XC_FOXL1-601	170380676	91.2333	XC_FOXL1-601_48	1814095	1814095	1356687	15728	1572582	1519882	1519882
human	PB10_HCA_XC_FOXL1-601	170380676	91.2333	XC_FOXL1-601_49	911799	911799	682085	12774	790837	757541	757541
human	PB10_HCA_XC_FOXL1-601	170380676	91.2333	XC_FOXL1-601_50	1047594	1047594	736488	16994	863327	819734	819734
human	PB10_HCA_XC_FOXL1-601	170380676	91.2333	XC_FOXL1-601_51	2324836	2324836	1711373	28539	1960374	1890060	1890060
human	PB10_HCA_XC_FOXL1-601	170380676	91.2333	XC_FOXL1-601_52	1402656	1402656	1031579	20340	1201681	1147866	1147866
human	PB10_HCA_XC_FOXL1-601	170380676	91.2333	XC_FOXL1-601_53	2478425	2478425	1823886	18156	2099880	2037006	2037006
human	PB10_HCA_XC_FOXL1-601	170380676	91.2333	XC_FOXL1-601_54	413855	413855	61583	13437	94928	72956	72956
human	PB10_HCA_XC_FOXL1-601	170380676	91.2333	XC_FOXL1-601_55	2427494	2427494	1762476	28406	2102596	1998043	1998043
human	PB10_HCA_XC_FOXL1-601	170380676	91.2333	XC_FOXL1-601_56	1600109	1600109	1169280	20591	1352384	1299961	1299961
human	PB10_HCA_XC_FOXL1-601	170380676	91.2333	XC_FOXL1-601_57	136516	136516	23758	2956	31283	27297	27297
human	PB10_HCA_XC_FOXL1-601	170380676	91.2333	XC_FOXL1-601_58	471577	471577	52412	33305	102959	60313	60313
human	PB10_HCA_XC_FOXL1-601	170380676	91.2333	XC_FOXL1-601_59	242537	242537	27764	17976	54601	32174	32174
human	PB10_HCA_XC_FOXL1-601	170380676	91.2333	XC_FOXL1-601_60	1253794	1253794	913803	14895	1050389	1014370	1014370
human	PB10_HCA_XC_FOXL1-601	170380676	91.2333	XC_FOXL1-601_61	2211538	2211538	1716877	19445	1981509	1911136	1911136
human	PB10_HCA_XC_FOXL1-601	170380676	91.2333	XC_FOXL1-601_62	2646001	2646001	1982045	28411	2320312	2217108	2217108
human	PB10_HCA_XC_FOXL1-601	170380676	91.2333	XC_FOXL1-601_63	1451436	1451436	1080524	17929	1250912	1201742	1201742
human	PB10_HCA_XC_FOXL1-601	170380676	91.2333	XC_FOXL1-601_64	185332	185332	37774	7558	57327	45559	45559
human	PB10_HCA_XC_FOXL1-601	170380676	91.2333	XC_FOXL1-601_65	304740	304740	41797	17561	70272	47518	47518
human	PB10_HCA_XC_FOXL1-601	170380676	91.2333	XC_FOXL1-601_66	2063483	2063483	886496	19645	1063365	1003348	1003348
human	PB10_HCA_XC_FOXL1-601	170380676	91.2333	XC_FOXL1-601_67	1909229	1909229	972951	48317	1170593	1082734	1082734
human	PB10_HCA_XC_FOXL1-601	170380676	91.2333	XC_FOXL1-601_68	84480	84480	14340	1473	18138	15932	15932
human	PB10_HCA_XC_FOXL1-601	170380676	91.2333	XC_FOXL1-601_69	1962491	1962491	1464937	17934	1688526	1633437	1633437
human	PB10_HCA_XC_FOXL1-601	170380676	91.2333	XC_FOXL1-601_70	1651247	1651247	1168776	19900	1366381	1301650	1301650
human	PB10_HCA_XC_FOXL1-601	170380676	91.2333	XC_FOXL1-601_71	427552	427552	56163	21583	91754	64859	64859
human	PB10_HCA_XC_FOXL1-601	170380676	91.2333	XC_FOXL1-601_72	1539628	1539628	1092596	16118	1265733	1218351	1218351
human	PB10_HCA_XC_FOXL1-601	170380676	91.2333	XC_FOXL1-601_73	1302398	1302398	984911	15881	1134494	1094751	1094751
human	PB10_HCA_XC_FOXL1-601	170380676	91.2333	XC_FOXL1-601_74	1546624	1546624	1126013	22456	1303448	1246835	1246835
human	PB10_HCA_XC_FOXL1-601	170380676	91.2333	XC_FOXL1-601_75	132505	132505	22658	2912	29545	25297	25297
human	PB10_HCA_XC_FOXL1-601	170380676	91.2333	XC_FOXL1-601_76	97960	97960	21019	2297	27000	23562	23562
human	PB10_HCA_XC_FOXL1-601	170380676	91.2333	XC_FOXL1-601_77	2186040	2186040	1620414	21791	1886832	1815123	1815123
human	PB10_HCA_XC_FOXL1-601	170380676	91.2333	XC_FOXL1-601_78	2054451	2054451	1405299	32807	1649114	1562365	1562365
human	PB10_HCA_XC_FOXL1-601	170380676	91.2333	XC_FOXL1-601_79	2010201	2010201	1279166	39171	1522564	1430086	1430086
human	PB10_HCA_XC_FOXL1-601	170380676	91.2333	XC_FOXL1-601_80	1336085	1336085	936710	15331	1081201	1037141	1037141
human	PB10_HCA_XC_FOXL1-601	170380676	91.2333	XC_FOXL1-601_81	1770223	1770223	1247222	25428	1464977	1396773	1396773
human	PB10_HCA_XC_FOXL1-601	170380676	91.2333	XC_FOXL1-601_82	165946	165946	34323	4448	45644	39488	39488
human	PB10_HCA_XC_FOXL1-601	170380676	91.2333	XC_FOXL1-601_83	1057456	1057456	29823	83779	141202	37657	37657
human	PB10_HCA_XC_FOXL1-601	170380676	91.2333	XC_FOXL1-601_84	1231634	1231634	886093	18465	1030007	987027	987027
human	PB10_HCA_XC_FOXL1-601	170380676	91.2333	XC_FOXL1-601_85	2757041	2757041	2083303	28672	2420805	2327090	2327090
human	PB10_HCA_XC_FOXL1-601	170380676	91.2333	XC_FOXL1-601_86	494147	494147	43656	18308	81522	53106	53106
human	PB10_HCA_XC_FOXL1-601	170380676	91.2333	XC_FOXL1-601_87	1962714	1962714	1256383	47847	1509145	1405808	1405808
human	PB10_HCA_XC_FOXL1-601	170380676	91.2333	XC_FOXL1-601_88	2901014	2901014	2238700	23709	2576439	2486790	2486790
human	PB10_HCA_XC_FOXL1-601	170380676	91.2333	XC_FOXL1-601_89	1546250	1546250	1155164	16042	1336893	1290027	1290027
human	PB10_HCA_XC_FOXL1-601	170380676	91.2333	XC_FOXL1-601_90	3514900	3514900	2686316	23750	3099222	2988810	2988810
human	PB10_HCA_XC_FOXL1-601	170380676	91.2333	XC_FOXL1-601_91	733322	733322	491502	11567	572067	546865	546865
human	PB10_HCA_XC_FOXL1-601	170380676	91.2333	XC_FOXL1-601_92	135115	135115	23430	3154	31640	26357	26357
human	PB10_HCA_XC_FOXL1-601	170380676	91.2333	XC_FOXL1-601_93	1059120	1059120	788848	8757	919141	883897	883897
human	PB10_HCA_XC_FOXL1-601	170380676	91.2333	XC_FOXL1-601_94	1684394	1684394	1086373	25170	1296125	1213370	1213370
human	PB10_HCA_XC_FOXL1-601	170380676	91.2333	XC_FOXL1-601_95	2578474	2578474	1852864	27212	2168111	2058988	2058988
human	PB10_HCA_XC_FOXL1-601	170380676	91.2333	XC_FOXL1-601_96	3578278	3578278	2734706	36326	3143661	3020529	3020529
human	PB10_HCA_XC_FOXL1-979	119920737	64.9167	XC_FOXL1-979_01	1062339	1062339	809501	12941	959420	919971	919970
human	PB10_HCA_XC_FOXL1-979	119920737	64.9167	XC_FOXL1-979_02	70378	70378	13451	1346	18185	15825	15825
human	PB10_HCA_XC_FOXL1-979	119920737	64.9167	XC_FOXL1-979_03	882582	882582	661786	11220	777782	749193	749193
human	PB10_HCA_XC_FOXL1-979	119920737	64.9167	XC_FOXL1-979_04	1132139	1132139	838482	14755	984346	938390	938385
human	PB10_HCA_XC_FOXL1-979	119920737	64.9167	XC_FOXL1-979_05	1371514	1371514	1012297	13665	1188982	1144595	1144593
human	PB10_HCA_XC_FOXL1-979	119920737	64.9167	XC_FOXL1-979_06	1002247	1002247	730366	15686	862484	822071	822069
human	PB10_HCA_XC_FOXL1-979	119920737	64.9167	XC_FOXL1-979_07	122926	122926	23545	5653	34362	26822	26822
human	PB10_HCA_XC_FOXL1-979	119920737	64.9167	XC_FOXL1-979_08	178670	178670	38768	7890	56264	45689	45689
human	PB10_HCA_XC_FOXL1-979	119920737	64.9167	XC_FOXL1-979_09	500203	500203	352269	7919	420875	399729	399729
human	PB10_HCA_XC_FOXL1-979	119920737	64.9167	XC_FOXL1-979_10	276900	276900	21102	18453	48157	25186	25186
human	PB10_HCA_XC_FOXL1-979	119920737	64.9167	XC_FOXL1-979_11	628970	628970	467953	8429	545831	524682	524681
human	PB10_HCA_XC_FOXL1-979	119920737	64.9167	XC_FOXL1-979_12	976995	976995	737855	12912	863856	829051	829047
human	PB10_HCA_XC_FOXL1-979	119920737	64.9167	XC_FOXL1-979_13	2222359	2222359	1734785	21461	2035750	1960358	1960357
human	PB10_HCA_XC_FOXL1-979	119920737	64.9167	XC_FOXL1-979_14	1845095	1845095	1342953	23871	1584211	1512484	1512478
human	PB10_HCA_XC_FOXL1-979	119920737	64.9167	XC_FOXL1-979_15	913686	913686	660785	11268	773581	742353	742349
human	PB10_HCA_XC_FOXL1-979	119920737	64.9167	XC_FOXL1-979_16	1551042	1551042	1166287	19934	1372883	1315011	1315008
human	PB10_HCA_XC_FOXL1-979	119920737	64.9167	XC_FOXL1-979_17	1112428	1112428	786854	20676	935420	889232	889231
human	PB10_HCA_XC_FOXL1-979	119920737	64.9167	XC_FOXL1-979_18	2718802	2718802	2045475	35655	2386699	2295266	2295262
human	PB10_HCA_XC_FOXL1-979	119920737	64.9167	XC_FOXL1-979_19	700347	700347	522904	11984	611001	583125	583123
human	PB10_HCA_XC_FOXL1-979	119920737	64.9167	XC_FOXL1-979_20	66741	66741	11709	1891	15543	13129	13129
human	PB10_HCA_XC_FOXL1-979	119920737	64.9167	XC_FOXL1-979_21	2234313	2234313	1763808	17564	2062000	1992769	1992765
human	PB10_HCA_XC_FOXL1-979	119920737	64.9167	XC_FOXL1-979_22	1371359	1371359	856798	25875	1029719	965775	965774
human	PB10_HCA_XC_FOXL1-979	119920737	64.9167	XC_FOXL1-979_23	1451647	1451647	1015964	19466	1197292	1144856	1144855
human	PB10_HCA_XC_FOXL1-979	119920737	64.9167	XC_FOXL1-979_24	2687305	2687305	2041409	26296	2387516	2300382	2300379
human	PB10_HCA_XC_FOXL1-979	119920737	64.9167	XC_FOXL1-979_25	780514	780514	592466	9208	695127	667758	667755
human	PB10_HCA_XC_FOXL1-979	119920737	64.9167	XC_FOXL1-979_26	696214	696214	482741	11054	567166	539988	539988
human	PB10_HCA_XC_FOXL1-979	119920737	64.9167	XC_FOXL1-979_27	1797472	1797472	1221253	34293	1448044	1372647	1372645
human	PB10_HCA_XC_FOXL1-979	119920737	64.9167	XC_FOXL1-979_28	855741	855741	661497	10815	770642	743443	743443
human	PB10_HCA_XC_FOXL1-979	119920737	64.9167	XC_FOXL1-979_29	2371841	2371841	1842552	24805	2157281	2077648	2077642
human	PB10_HCA_XC_FOXL1-979	119920737	64.9167	XC_FOXL1-979_30	1731328	1731328	979194	78176	1246245	1102830	1102827
human	PB10_HCA_XC_FOXL1-979	119920737	64.9167	XC_FOXL1-979_31	1744067	1744067	1291842	23504	1510003	1452835	1452834
human	PB10_HCA_XC_FOXL1-979	119920737	64.9167	XC_FOXL1-979_32	1333221	1333221	1022696	11727	1198417	1154825	1154822
human	PB10_HCA_XC_FOXL1-979	119920737	64.9167	XC_FOXL1-979_33	1146273	1146273	856708	21923	1006429	961453	961451
human	PB10_HCA_XC_FOXL1-979	119920737	64.9167	XC_FOXL1-979_34	806305	806305	564899	11307	655923	629288	629286
human	PB10_HCA_XC_FOXL1-979	119920737	64.9167	XC_FOXL1-979_35	1034850	1034850	761754	19258	897392	855114	855111
human	PB10_HCA_XC_FOXL1-979	119920737	64.9167	XC_FOXL1-979_36	66211	66211	9990	2011	14366	11525	11525
human	PB10_HCA_XC_FOXL1-979	119920737	64.9167	XC_FOXL1-979_37	1026023	1026023	747785	9443	871450	840021	840020
human	PB10_HCA_XC_FOXL1-979	119920737	64.9167	XC_FOXL1-979_38	177311	177311	25106	9657	41705	28862	28862
human	PB10_HCA_XC_FOXL1-979	119920737	64.9167	XC_FOXL1-979_39	212928	212928	35117	16683	62544	40700	40700
human	PB10_HCA_XC_FOXL1-979	119920737	64.9167	XC_FOXL1-979_40	1252368	1252368	944352	12284	1111984	1067213	1067211
human	PB10_HCA_XC_FOXL1-979	119920737	64.9167	XC_FOXL1-979_41	637384	637384	482028	8390	561497	540244	540243
human	PB10_HCA_XC_FOXL1-979	119920737	64.9167	XC_FOXL1-979_42	112697	112697	18595	3455	29358	20878	20878
human	PB10_HCA_XC_FOXL1-979	119920737	64.9167	XC_FOXL1-979_43	96648	96648	15149	2959	22527	17539	17539
human	PB10_HCA_XC_FOXL1-979	119920737	64.9167	XC_FOXL1-979_44	1051623	1051623	773210	14225	902917	867245	867245
human	PB10_HCA_XC_FOXL1-979	119920737	64.9167	XC_FOXL1-979_45	1676964	1676964	1326372	12686	1538883	1482924	1482921
human	PB10_HCA_XC_FOXL1-979	119920737	64.9167	XC_FOXL1-979_46	943507	943507	611377	15673	735847	688668	688667
human	PB10_HCA_XC_FOXL1-979	119920737	64.9167	XC_FOXL1-979_47	2047114	2047114	1573852	21560	1835115	1769169	1769168
human	PB10_HCA_XC_FOXL1-979	119920737	64.9167	XC_FOXL1-979_48	837420	837420	607205	9065	713195	685982	685982
human	PB10_HCA_XC_FOXL1-979	119920737	64.9167	XC_FOXL1-979_49	1066521	1066521	828202	14781	960470	923529	923528
human	PB10_HCA_XC_FOXL1-979	119920737	64.9167	XC_FOXL1-979_50	1967780	1967780	1515155	27332	1780936	1699707	1699706
human	PB10_HCA_XC_FOXL1-979	119920737	64.9167	XC_FOXL1-979_51	67376	67376	10052	1561	13299	11289	11289
human	PB10_HCA_XC_FOXL1-979	119920737	64.9167	XC_FOXL1-979_52	654225	654225	478214	9809	567032	537573	537573
human	PB10_HCA_XC_FOXL1-979	119920737	64.9167	XC_FOXL1-979_53	975236	975236	730741	8488	843712	818180	818179
human	PB10_HCA_XC_FOXL1-979	119920737	64.9167	XC_FOXL1-979_54	1711640	1711640	1228855	20539	1449499	1383687	1383683
human	PB10_HCA_XC_FOXL1-979	119920737	64.9167	XC_FOXL1-979_55	1169000	1169000	774403	15134	946906	892854	892850
human	PB10_HCA_XC_FOXL1-979	119920737	64.9167	XC_FOXL1-979_56	150984	150984	31543	7397	46761	36001	36001
human	PB10_HCA_XC_FOXL1-979	119920737	64.9167	XC_FOXL1-979_57	782655	782655	559549	12125	654268	627154	627153
human	PB10_HCA_XC_FOXL1-979	119920737	64.9167	XC_FOXL1-979_58	2717738	2717738	2026287	46243	2377926	2278866	2278858
human	PB10_HCA_XC_FOXL1-979	119920737	64.9167	XC_FOXL1-979_59	268464	268464	182664	6123	217923	205110	205109
human	PB10_HCA_XC_FOXL1-979	119920737	64.9167	XC_FOXL1-979_60	589535	589535	424659	7681	494796	475835	475834
human	PB10_HCA_XC_FOXL1-979	119920737	64.9167	XC_FOXL1-979_61	373624	373624	283351	3366	331684	319543	319540
human	PB10_HCA_XC_FOXL1-979	119920737	64.9167	XC_FOXL1-979_62	832386	832386	612698	9888	721028	687688	687687
human	PB10_HCA_XC_FOXL1-979	119920737	64.9167	XC_FOXL1-979_63	1761498	1761498	1339709	18468	1582270	1501505	1501502
human	PB10_HCA_XC_FOXL1-979	119920737	64.9167	XC_FOXL1-979_64	810329	810329	566229	9436	670559	640434	640433
human	PB10_HCA_XC_FOXL1-979	119920737	64.9167	XC_FOXL1-979_65	261617	261617	28523	15127	53883	32823	32823
human	PB10_HCA_XC_FOXL1-979	119920737	64.9167	XC_FOXL1-979_66	1424928	1424928	580211	12991	699077	659940	659937
human	PB10_HCA_XC_FOXL1-979	119920737	64.9167	XC_FOXL1-979_67	495742	495742	24617	27711	62896	28797	28797
human	PB10_HCA_XC_FOXL1-979	119920737	64.9167	XC_FOXL1-979_68	677762	677762	492677	7982	571501	550904	550903
human	PB10_HCA_XC_FOXL1-979	119920737	64.9167	XC_FOXL1-979_69	832673	832673	593871	9242	693000	668062	668062
human	PB10_HCA_XC_FOXL1-979	119920737	64.9167	XC_FOXL1-979_70	1137902	1137902	793632	12962	932966	889932	889928
human	PB10_HCA_XC_FOXL1-979	119920737	64.9167	XC_FOXL1-979_71	336409	336409	246071	5437	288343	275258	275258
human	PB10_HCA_XC_FOXL1-979	119920737	64.9167	XC_FOXL1-979_72	175950	175950	29466	6045	41621	34128	34128
human	PB10_HCA_XC_FOXL1-979	119920737	64.9167	XC_FOXL1-979_73	1535765	1535765	1184910	17890	1375566	1325065	1325065
human	PB10_HCA_XC_FOXL1-979	119920737	64.9167	XC_FOXL1-979_74	111331	111331	24870	3124	32270	27781	27781
human	PB10_HCA_XC_FOXL1-979	119920737	64.9167	XC_FOXL1-979_75	475702	475702	347416	6662	407554	389637	389637
human	PB10_HCA_XC_FOXL1-979	119920737	64.9167	XC_FOXL1-979_76	464189	464189	339799	7019	399593	382954	382954
human	PB10_HCA_XC_FOXL1-979	119920737	64.9167	XC_FOXL1-979_77	321986	321986	233139	3703	272616	261647	261646
human	PB10_HCA_XC_FOXL1-979	119920737	64.9167	XC_FOXL1-979_78	1153342	1153342	759097	21916	911748	856281	856278
human	PB10_HCA_XC_FOXL1-979	119920737	64.9167	XC_FOXL1-979_79	329651	329651	36461	19990	68534	42168	42168
human	PB10_HCA_XC_FOXL1-979	119920737	64.9167	XC_FOXL1-979_80	1156350	1156350	796688	19180	941031	895635	895634
human	PB10_HCA_XC_FOXL1-979	119920737	64.9167	XC_FOXL1-979_81	152026	152026	19143	8598	33080	22419	22419
human	PB10_HCA_XC_FOXL1-979	119920737	64.9167	XC_FOXL1-979_82	893320	893320	634287	15815	743131	707885	707880
human	PB10_HCA_XC_FOXL1-979	119920737	64.9167	XC_FOXL1-979_83	574369	574369	18574	49567	84135	22900	22900
human	PB10_HCA_XC_FOXL1-979	119920737	64.9167	XC_FOXL1-979_84	81403	81403	14150	2086	19073	16075	16075
human	PB10_HCA_XC_FOXL1-979	119920737	64.9167	XC_FOXL1-979_85	19571	19571	4174	536	6438	4741	4741
human	PB10_HCA_XC_FOXL1-979	119920737	64.9167	XC_FOXL1-979_86	1552537	1552537	964918	28913	1164687	1087537	1087533
human	PB10_HCA_XC_FOXL1-979	119920737	64.9167	XC_FOXL1-979_87	1731701	1731701	1164296	39741	1398785	1310467	1310466
human	PB10_HCA_XC_FOXL1-979	119920737	64.9167	XC_FOXL1-979_88	2129302	2129302	1597496	27933	1869537	1793225	1793223
human	PB10_HCA_XC_FOXL1-979	119920737	64.9167	XC_FOXL1-979_89	1225295	1225295	919971	13842	1075551	1035638	1035636
human	PB10_HCA_XC_FOXL1-979	119920737	64.9167	XC_FOXL1-979_90	1621021	1621021	1247752	14065	1451368	1394036	1394033
human	PB10_HCA_XC_FOXL1-979	119920737	64.9167	XC_FOXL1-979_91	818863	818863	581566	13656	684035	652817	652817
human	PB10_HCA_XC_FOXL1-979	119920737	64.9167	XC_FOXL1-979_92	96561	96561	15932	2131	21525	18625	18625
human	PB10_HCA_XC_FOXL1-979	119920737	64.9167	XC_FOXL1-979_93	1217696	1217696	935872	11516	1099186	1053512	1053509
human	PB10_HCA_XC_FOXL1-979	119920737	64.9167	XC_FOXL1-979_94	2163071	2163071	1552882	28394	1856773	1753141	1753138
human	PB10_HCA_XC_FOXL1-979	119920737	64.9167	XC_FOXL1-979_95	239083	239083	44294	11043	72827	52390	52390
human	PB10_HCA_XC_FOXL1-979	119920737	64.9167	XC_FOXL1-979_96	217354	217354	65451	9128	93132	75023	75023
human	PB10_HCA_XC_FOXL1-1372	182949608	106.1167	XC_FOXL1-1372_01	1040469	1040469	801154	12735	940403	903470	903470
human	PB10_HCA_XC_FOXL1-1372	182949608	106.1167	XC_FOXL1-1372_02	1049577	1049577	787978	12331	916107	879213	879213
human	PB10_HCA_XC_FOXL1-1372	182949608	106.1167	XC_FOXL1-1372_03	1245033	1245033	946810	15908	1106389	1064056	1064056
human	PB10_HCA_XC_FOXL1-1372	182949608	106.1167	XC_FOXL1-1372_04	1482979	1482979	1131217	18169	1322827	1263693	1263693
human	PB10_HCA_XC_FOXL1-1372	182949608	106.1167	XC_FOXL1-1372_05	463743	463743	278030	5450	334374	318159	318159
human	PB10_HCA_XC_FOXL1-1372	182949608	106.1167	XC_FOXL1-1372_06	144794	144794	28095	9264	46431	33879	33879
human	PB10_HCA_XC_FOXL1-1372	182949608	106.1167	XC_FOXL1-1372_07	181408	181408	35683	7311	51653	40379	40378
human	PB10_HCA_XC_FOXL1-1372	182949608	106.1167	XC_FOXL1-1372_08	3430370	3430370	2744361	22549	3176674	3084131	3084131
human	PB10_HCA_XC_FOXL1-1372	182949608	106.1167	XC_FOXL1-1372_09	942512	942512	695072	15101	825280	781623	781623
human	PB10_HCA_XC_FOXL1-1372	182949608	106.1167	XC_FOXL1-1372_10	1661190	1661190	1055662	39573	1252516	1177481	1177481
human	PB10_HCA_XC_FOXL1-1372	182949608	106.1167	XC_FOXL1-1372_11	77361	77361	19855	2583	26783	22875	22875
human	PB10_HCA_XC_FOXL1-1372	182949608	106.1167	XC_FOXL1-1372_12	4763400	4763400	3888839	57971	4505599	4341705	4341705
human	PB10_HCA_XC_FOXL1-1372	182949608	106.1167	XC_FOXL1-1372_13	4047594	4047594	3259746	37387	3796657	3662612	3662612
human	PB10_HCA_XC_FOXL1-1372	182949608	106.1167	XC_FOXL1-1372_14	2518443	2518443	1857421	32353	2175397	2076831	2076831
human	PB10_HCA_XC_FOXL1-1372	182949608	106.1167	XC_FOXL1-1372_15	2655165	2655165	2079117	19732	2408871	2330382	2330382
human	PB10_HCA_XC_FOXL1-1372	182949608	106.1167	XC_FOXL1-1372_16	2843537	2843537	2296757	25793	2656251	2566767	2566767
human	PB10_HCA_XC_FOXL1-1372	182949608	106.1167	XC_FOXL1-1372_17	2938431	2938431	2270588	37655	2650121	2547891	2547891
human	PB10_HCA_XC_FOXL1-1372	182949608	106.1167	XC_FOXL1-1372_18	318772	318772	48464	22668	83732	54033	54033
human	PB10_HCA_XC_FOXL1-1372	182949608	106.1167	XC_FOXL1-1372_19	1403494	1403494	1093695	21885	1272443	1219921	1219921
human	PB10_HCA_XC_FOXL1-1372	182949608	106.1167	XC_FOXL1-1372_20	861016	861016	643030	12968	754261	721660	721660
human	PB10_HCA_XC_FOXL1-1372	182949608	106.1167	XC_FOXL1-1372_21	2504235	2504235	2000337	18755	2319710	2244982	2244981
human	PB10_HCA_XC_FOXL1-1372	182949608	106.1167	XC_FOXL1-1372_22	1773201	1773201	1115777	36111	1334929	1246043	1246043
human	PB10_HCA_XC_FOXL1-1372	182949608	106.1167	XC_FOXL1-1372_23	3134569	3134569	2370741	31288	2747813	2649021	2649021
human	PB10_HCA_XC_FOXL1-1372	182949608	106.1167	XC_FOXL1-1372_24	2360583	2360583	1776256	21045	2057466	1984909	1984909
human	PB10_HCA_XC_FOXL1-1372	182949608	106.1167	XC_FOXL1-1372_25	1254026	1254026	968410	14581	1134620	1086774	1086774
human	PB10_HCA_XC_FOXL1-1372	182949608	106.1167	XC_FOXL1-1372_26	3845294	3845294	3065415	54715	3555325	3409861	3409861
human	PB10_HCA_XC_FOXL1-1372	182949608	106.1167	XC_FOXL1-1372_27	3086096	3086096	2174969	51338	2550704	2431044	2431044
human	PB10_HCA_XC_FOXL1-1372	182949608	106.1167	XC_FOXL1-1372_28	1515907	1515907	1201472	18667	1392540	1342655	1342655
human	PB10_HCA_XC_FOXL1-1372	182949608	106.1167	XC_FOXL1-1372_29	184073	184073	55180	4993	72607	64270	64270
human	PB10_HCA_XC_FOXL1-1372	182949608	106.1167	XC_FOXL1-1372_30	1604997	1604997	676960	123197	946367	757825	757825
human	PB10_HCA_XC_FOXL1-1372	182949608	106.1167	XC_FOXL1-1372_31	2891621	2891621	2196298	36523	2557308	2459373	2459373
human	PB10_HCA_XC_FOXL1-1372	182949608	106.1167	XC_FOXL1-1372_32	3129787	3129787	2511526	22437	2906236	2815555	2815555
human	PB10_HCA_XC_FOXL1-1372	182949608	106.1167	XC_FOXL1-1372_33	1075567	1075567	793377	25490	932307	886021	886021
human	PB10_HCA_XC_FOXL1-1372	182949608	106.1167	XC_FOXL1-1372_34	1923442	1923442	1479353	25665	1698214	1633963	1633963
human	PB10_HCA_XC_FOXL1-1372	182949608	106.1167	XC_FOXL1-1372_35	149899	149899	112633	2817	132342	125691	125691
human	PB10_HCA_XC_FOXL1-1372	182949608	106.1167	XC_FOXL1-1372_36	748152	748152	559731	11402	652271	624744	624744
human	PB10_HCA_XC_FOXL1-1372	182949608	106.1167	XC_FOXL1-1372_37	1886295	1886295	1532174	16597	1773104	1714355	1714355
human	PB10_HCA_XC_FOXL1-1372	182949608	106.1167	XC_FOXL1-1372_38	464485	464485	337842	7767	395712	377301	377301
human	PB10_HCA_XC_FOXL1-1372	182949608	106.1167	XC_FOXL1-1372_39	4696575	4696575	3714347	53155	4318077	4141604	4141604
human	PB10_HCA_XC_FOXL1-1372	182949608	106.1167	XC_FOXL1-1372_40	2117327	2117327	1644378	18893	1919140	1845917	1845917
human	PB10_HCA_XC_FOXL1-1372	182949608	106.1167	XC_FOXL1-1372_41	1376716	1376716	1089922	16837	1267549	1219460	1219460
human	PB10_HCA_XC_FOXL1-1372	182949608	106.1167	XC_FOXL1-1372_42	155534	155534	35908	3651	49616	40778	40778
human	PB10_HCA_XC_FOXL1-1372	182949608	106.1167	XC_FOXL1-1372_43	40706	40706	7152	1455	10294	7988	7988
human	PB10_HCA_XC_FOXL1-1372	182949608	106.1167	XC_FOXL1-1372_44	647363	647363	488197	8980	567240	545573	545573
human	PB10_HCA_XC_FOXL1-1372	182949608	106.1167	XC_FOXL1-1372_45	140686	140686	41893	1357	57247	51995	51995
human	PB10_HCA_XC_FOXL1-1372	182949608	106.1167	XC_FOXL1-1372_46	56167	56167	6880	2875	12084	8207	8207
human	PB10_HCA_XC_FOXL1-1372	182949608	106.1167	XC_FOXL1-1372_47	2031009	2031009	1597182	22636	1850690	1780939	1780939
human	PB10_HCA_XC_FOXL1-1372	182949608	106.1167	XC_FOXL1-1372_48	2225963	2225963	1722421	20572	1998764	1931516	1931516
human	PB10_HCA_XC_FOXL1-1372	182949608	106.1167	XC_FOXL1-1372_49	82521	82521	24485	2262	31857	28608	28608
human	PB10_HCA_XC_FOXL1-1372	182949608	106.1167	XC_FOXL1-1372_50	159317	159317	32156	5343	42974	35823	35823
human	PB10_HCA_XC_FOXL1-1372	182949608	106.1167	XC_FOXL1-1372_51	726575	726575	555356	9312	639191	616046	616046
human	PB10_HCA_XC_FOXL1-1372	182949608	106.1167	XC_FOXL1-1372_52	1183266	1183266	924533	18508	1080955	1031748	1031748
human	PB10_HCA_XC_FOXL1-1372	182949608	106.1167	XC_FOXL1-1372_53	950811	950811	713297	8080	822312	797732	797732
human	PB10_HCA_XC_FOXL1-1372	182949608	106.1167	XC_FOXL1-1372_54	1020592	1020592	748137	11625	875990	836085	836085
human	PB10_HCA_XC_FOXL1-1372	182949608	106.1167	XC_FOXL1-1372_55	246476	246476	79961	6305	131554	108012	108012
human	PB10_HCA_XC_FOXL1-1372	182949608	106.1167	XC_FOXL1-1372_56	2618474	2618474	2025898	28228	2343582	2258556	2258556
human	PB10_HCA_XC_FOXL1-1372	182949608	106.1167	XC_FOXL1-1372_57	1851148	1851148	1439589	25290	1661461	1599749	1599749
human	PB10_HCA_XC_FOXL1-1372	182949608	106.1167	XC_FOXL1-1372_58	4896669	4896669	3762432	74816	4365225	4191766	4191766
human	PB10_HCA_XC_FOXL1-1372	182949608	106.1167	XC_FOXL1-1372_59	2056464	2056464	1507382	39098	1777110	1685445	1685445
human	PB10_HCA_XC_FOXL1-1372	182949608	106.1167	XC_FOXL1-1372_60	79518	79518	16606	1525	21378	19094	19094
human	PB10_HCA_XC_FOXL1-1372	182949608	106.1167	XC_FOXL1-1372_61	2992380	2992380	2417854	24833	2802371	2704178	2704178
human	PB10_HCA_XC_FOXL1-1372	182949608	106.1167	XC_FOXL1-1372_62	1178381	1178381	909048	14868	1059620	1011606	1011606
human	PB10_HCA_XC_FOXL1-1372	182949608	106.1167	XC_FOXL1-1372_63	2541707	2541707	2015305	24512	2356175	2243250	2243250
human	PB10_HCA_XC_FOXL1-1372	182949608	106.1167	XC_FOXL1-1372_64	1440289	1440289	1048168	18473	1232911	1175523	1175523
human	PB10_HCA_XC_FOXL1-1372	182949608	106.1167	XC_FOXL1-1372_65	2631708	2631708	1952573	43552	2281768	2179852	2179852
human	PB10_HCA_XC_FOXL1-1372	182949608	106.1167	XC_FOXL1-1372_66	2389312	2389312	1071389	24027	1277561	1204333	1204333
human	PB10_HCA_XC_FOXL1-1372	182949608	106.1167	XC_FOXL1-1372_67	1936838	1936838	1267581	38065	1492553	1413791	1413791
human	PB10_HCA_XC_FOXL1-1372	182949608	106.1167	XC_FOXL1-1372_68	106964	106964	21515	1939	27627	24274	24274
human	PB10_HCA_XC_FOXL1-1372	182949608	106.1167	XC_FOXL1-1372_69	102512	102512	31769	1889	42326	37729	37729
human	PB10_HCA_XC_FOXL1-1372	182949608	106.1167	XC_FOXL1-1372_70	1243225	1243225	952632	14015	1110414	1061222	1061222
human	PB10_HCA_XC_FOXL1-1372	182949608	106.1167	XC_FOXL1-1372_71	671970	671970	503770	9210	586322	561858	561858
human	PB10_HCA_XC_FOXL1-1372	182949608	106.1167	XC_FOXL1-1372_72	2619939	2619939	2025420	24761	2333652	2255733	2255733
human	PB10_HCA_XC_FOXL1-1372	182949608	106.1167	XC_FOXL1-1372_73	1941776	1941776	1546421	21440	1774813	1716458	1716458
human	PB10_HCA_XC_FOXL1-1372	182949608	106.1167	XC_FOXL1-1372_74	1930104	1930104	1471120	30931	1714705	1633451	1633451
human	PB10_HCA_XC_FOXL1-1372	182949608	106.1167	XC_FOXL1-1372_75	702828	702828	540505	9733	627247	602189	602189
human	PB10_HCA_XC_FOXL1-1372	182949608	106.1167	XC_FOXL1-1372_76	100373	100373	25765	2322	33083	29751	29751
human	PB10_HCA_XC_FOXL1-1372	182949608	106.1167	XC_FOXL1-1372_77	194665	194665	151447	1882	175371	168584	168584
human	PB10_HCA_XC_FOXL1-1372	182949608	106.1167	XC_FOXL1-1372_78	1725555	1725555	1201682	28660	1425075	1346025	1346025
human	PB10_HCA_XC_FOXL1-1372	182949608	106.1167	XC_FOXL1-1372_79	388041	388041	41858	22189	79074	49806	49806
human	PB10_HCA_XC_FOXL1-1372	182949608	106.1167	XC_FOXL1-1372_80	169520	169520	24537	7271	38354	28711	28711
human	PB10_HCA_XC_FOXL1-1372	182949608	106.1167	XC_FOXL1-1372_81	1560129	1560129	1126406	24396	1321928	1260568	1260568
human	PB10_HCA_XC_FOXL1-1372	182949608	106.1167	XC_FOXL1-1372_82	163405	163405	39712	4456	54466	47030	47030
human	PB10_HCA_XC_FOXL1-1372	182949608	106.1167	XC_FOXL1-1372_83	84480	84480	3862	7240	13774	4585	4585
human	PB10_HCA_XC_FOXL1-1372	182949608	106.1167	XC_FOXL1-1372_84	1353141	1353141	1043563	22453	1216918	1163090	1163090
human	PB10_HCA_XC_FOXL1-1372	182949608	106.1167	XC_FOXL1-1372_85	121628	121628	34450	2031	42487	38319	38319
human	PB10_HCA_XC_FOXL1-1372	182949608	106.1167	XC_FOXL1-1372_86	193315	193315	24561	9014	41611	28503	28503
human	PB10_HCA_XC_FOXL1-1372	182949608	106.1167	XC_FOXL1-1372_87	134330	134330	96794	2679	114607	107928	107928
human	PB10_HCA_XC_FOXL1-1372	182949608	106.1167	XC_FOXL1-1372_88	3062150	3062150	2409465	28535	2788643	2684001	2684001
human	PB10_HCA_XC_FOXL1-1372	182949608	106.1167	XC_FOXL1-1372_89	2165219	2165219	1717981	23410	1988594	1918707	1918707
human	PB10_HCA_XC_FOXL1-1372	182949608	106.1167	XC_FOXL1-1372_90	2285884	2285884	1789116	18899	2075796	1993149	1993149
human	PB10_HCA_XC_FOXL1-1372	182949608	106.1167	XC_FOXL1-1372_91	132868	132868	30744	4018	39900	34362	34362
human	PB10_HCA_XC_FOXL1-1372	182949608	106.1167	XC_FOXL1-1372_92	1192530	1192530	894638	16778	1054684	1003253	1003253
human	PB10_HCA_XC_FOXL1-1372	182949608	106.1167	XC_FOXL1-1372_93	1594517	1594517	1249456	12126	1453174	1396210	1396210
human	PB10_HCA_XC_FOXL1-1372	182949608	106.1167	XC_FOXL1-1372_94	502258	502258	189128	13041	258836	223257	223257
human	PB10_HCA_XC_FOXL1-1372	182949608	106.1167	XC_FOXL1-1372_95	3907019	3907019	2986130	43095	3485978	3325766	3325766
human	PB10_HCA_XC_FOXL1-1372	182949608	106.1167	XC_FOXL1-1372_96	4883542	4883542	3912080	46861	4531390	4359652	4359652
human	PB10_HCA_XC_NCFAM-001	184409500	100.4167	XC_NCFAM-001_01	87862	87862	20359	1902	25879	23416	23416
human	PB10_HCA_XC_NCFAM-001	184409500	100.4167	XC_NCFAM-001_02	102614	102614	18081	2559	24396	20511	20511
human	PB10_HCA_XC_NCFAM-001	184409500	100.4167	XC_NCFAM-001_03	98996	98996	19148	2544	26491	21879	21879
human	PB10_HCA_XC_NCFAM-001	184409500	100.4167	XC_NCFAM-001_04	821391	821391	571329	11125	670874	636463	636463
human	PB10_HCA_XC_NCFAM-001	184409500	100.4167	XC_NCFAM-001_05	2281252	2281252	1729960	20034	2020931	1950986	1950986
human	PB10_HCA_XC_NCFAM-001	184409500	100.4167	XC_NCFAM-001_06	172391	172391	27037	10769	44803	31623	31623
human	PB10_HCA_XC_NCFAM-001	184409500	100.4167	XC_NCFAM-001_07	1786057	1786057	1324708	19766	1540451	1484471	1484471
human	PB10_HCA_XC_NCFAM-001	184409500	100.4167	XC_NCFAM-001_08	1646876	1646876	1218621	15647	1421872	1375075	1375075
human	PB10_HCA_XC_NCFAM-001	184409500	100.4167	XC_NCFAM-001_09	1068412	1068412	778744	15294	922836	876292	876292
human	PB10_HCA_XC_NCFAM-001	184409500	100.4167	XC_NCFAM-001_10	1492408	1492408	909246	37144	1082808	1015043	1015043
human	PB10_HCA_XC_NCFAM-001	184409500	100.4167	XC_NCFAM-001_11	90443	90443	15807	2376	21384	18181	18181
human	PB10_HCA_XC_NCFAM-001	184409500	100.4167	XC_NCFAM-001_12	1139112	1139112	835872	15841	976371	935696	935696
human	PB10_HCA_XC_NCFAM-001	184409500	100.4167	XC_NCFAM-001_13	158623	158623	34228	2462	43966	39372	39372
human	PB10_HCA_XC_NCFAM-001	184409500	100.4167	XC_NCFAM-001_14	275121	275121	24733	9128	43716	30509	30509
human	PB10_HCA_XC_NCFAM-001	184409500	100.4167	XC_NCFAM-001_15	1151280	1151280	812596	15625	951255	912337	912337
human	PB10_HCA_XC_NCFAM-001	184409500	100.4167	XC_NCFAM-001_16	1651887	1651887	1220686	18764	1421842	1365986	1365986
human	PB10_HCA_XC_NCFAM-001	184409500	100.4167	XC_NCFAM-001_17	247069	247069	36630	15935	62380	41385	41385
human	PB10_HCA_XC_NCFAM-001	184409500	100.4167	XC_NCFAM-001_18	323440	323440	40189	24139	78772	47356	47356
human	PB10_HCA_XC_NCFAM-001	184409500	100.4167	XC_NCFAM-001_19	943161	943161	697319	15054	814636	781191	781191
human	PB10_HCA_XC_NCFAM-001	184409500	100.4167	XC_NCFAM-001_20	989318	989318	730912	12882	852917	818113	818113
human	PB10_HCA_XC_NCFAM-001	184409500	100.4167	XC_NCFAM-001_21	1122308	1122308	832463	8553	974297	940860	940860
human	PB10_HCA_XC_NCFAM-001	184409500	100.4167	XC_NCFAM-001_22	1898832	1898832	1188780	38710	1428998	1333628	1333628
human	PB10_HCA_XC_NCFAM-001	184409500	100.4167	XC_NCFAM-001_23	323475	323475	35123	14172	64153	43302	43302
human	PB10_HCA_XC_NCFAM-001	184409500	100.4167	XC_NCFAM-001_24	1948233	1948233	1392360	23021	1621589	1556259	1556259
human	PB10_HCA_XC_NCFAM-001	184409500	100.4167	XC_NCFAM-001_25	1357851	1357851	1042403	16597	1213614	1166827	1166827
human	PB10_HCA_XC_NCFAM-001	184409500	100.4167	XC_NCFAM-001_26	1869220	1869220	1403147	25584	1628598	1561995	1561995
human	PB10_HCA_XC_NCFAM-001	184409500	100.4167	XC_NCFAM-001_27	1650266	1650266	981249	38356	1179086	1106418	1106418
human	PB10_HCA_XC_NCFAM-001	184409500	100.4167	XC_NCFAM-001_28	1259156	1259156	980755	17489	1139194	1094539	1094539
human	PB10_HCA_XC_NCFAM-001	184409500	100.4167	XC_NCFAM-001_29	172441	172441	45206	3076	58393	53345	53345
human	PB10_HCA_XC_NCFAM-001	184409500	100.4167	XC_NCFAM-001_30	1915732	1915732	974161	108467	1265502	1087297	1087297
human	PB10_HCA_XC_NCFAM-001	184409500	100.4167	XC_NCFAM-001_31	1795439	1795439	1265775	29137	1479808	1412444	1412444
human	PB10_HCA_XC_NCFAM-001	184409500	100.4167	XC_NCFAM-001_32	1425703	1425703	1075918	13954	1246772	1205306	1205306
human	PB10_HCA_XC_NCFAM-001	184409500	100.4167	XC_NCFAM-001_33	1993158	1993158	1502877	37664	1756844	1677980	1677980
human	PB10_HCA_XC_NCFAM-001	184409500	100.4167	XC_NCFAM-001_34	1525190	1525190	1116021	19751	1285227	1239255	1239255
human	PB10_HCA_XC_NCFAM-001	184409500	100.4167	XC_NCFAM-001_35	703557	703557	476790	21263	572259	533105	533105
human	PB10_HCA_XC_NCFAM-001	184409500	100.4167	XC_NCFAM-001_36	1542375	1542375	1146204	20500	1332225	1280156	1280156
human	PB10_HCA_XC_NCFAM-001	184409500	100.4167	XC_NCFAM-001_37	166149	166149	29269	2131	37656	33366	33366
human	PB10_HCA_XC_NCFAM-001	184409500	100.4167	XC_NCFAM-001_38	1844706	1844706	1320644	26414	1542563	1472536	1472536
human	PB10_HCA_XC_NCFAM-001	184409500	100.4167	XC_NCFAM-001_39	2984779	2984779	2251053	39649	2633603	2514581	2514581
human	PB10_HCA_XC_NCFAM-001	184409500	100.4167	XC_NCFAM-001_40	193790	193790	47405	9183	68525	55637	55637
human	PB10_HCA_XC_NCFAM-001	184409500	100.4167	XC_NCFAM-001_41	112583	112583	23903	1595	30058	27243	27243
human	PB10_HCA_XC_NCFAM-001	184409500	100.4167	XC_NCFAM-001_42	1444623	1444623	1050461	22338	1220960	1165799	1165799
human	PB10_HCA_XC_NCFAM-001	184409500	100.4167	XC_NCFAM-001_43	1903397	1903397	1411697	27637	1648461	1572507	1572507
human	PB10_HCA_XC_NCFAM-001	184409500	100.4167	XC_NCFAM-001_44	2206160	2206160	1668421	29249	1928394	1853744	1853744
human	PB10_HCA_XC_NCFAM-001	184409500	100.4167	XC_NCFAM-001_45	1167170	1167170	921113	8594	1057497	1022879	1022879
human	PB10_HCA_XC_NCFAM-001	184409500	100.4167	XC_NCFAM-001_46	3618185	3618185	2729495	49929	3201817	3041674	3041674
human	PB10_HCA_XC_NCFAM-001	184409500	100.4167	XC_NCFAM-001_47	237346	237346	33826	14034	60471	41288	41288
human	PB10_HCA_XC_NCFAM-001	184409500	100.4167	XC_NCFAM-001_48	1306235	1306235	933128	11794	1088304	1047241	1047241
human	PB10_HCA_XC_NCFAM-001	184409500	100.4167	XC_NCFAM-001_49	91151	91151	22776	2451	29434	25752	25752
human	PB10_HCA_XC_NCFAM-001	184409500	100.4167	XC_NCFAM-001_50	751985	751985	488513	12331	571583	540970	540970
human	PB10_HCA_XC_NCFAM-001	184409500	100.4167	XC_NCFAM-001_51	1505642	1505642	1092804	20113	1257380	1207889	1207889
human	PB10_HCA_XC_NCFAM-001	184409500	100.4167	XC_NCFAM-001_52	1141039	1141039	844507	18098	987566	937698	937698
human	PB10_HCA_XC_NCFAM-001	184409500	100.4167	XC_NCFAM-001_53	1473939	1473939	1070118	13875	1226126	1188530	1188530
human	PB10_HCA_XC_NCFAM-001	184409500	100.4167	XC_NCFAM-001_54	3006149	3006149	2143530	36696	2510149	2395511	2395511
human	PB10_HCA_XC_NCFAM-001	184409500	100.4167	XC_NCFAM-001_55	495050	495050	146834	11898	240969	199042	199042
human	PB10_HCA_XC_NCFAM-001	184409500	100.4167	XC_NCFAM-001_56	2172735	2172735	1647165	26047	1904911	1833332	1833332
human	PB10_HCA_XC_NCFAM-001	184409500	100.4167	XC_NCFAM-001_57	762947	762947	519057	12374	599739	574662	574662
human	PB10_HCA_XC_NCFAM-001	184409500	100.4167	XC_NCFAM-001_58	463919	463919	68803	36013	123516	78573	78573
human	PB10_HCA_XC_NCFAM-001	184409500	100.4167	XC_NCFAM-001_59	1753000	1753000	1251985	37331	1475633	1397913	1397913
human	PB10_HCA_XC_NCFAM-001	184409500	100.4167	XC_NCFAM-001_60	1888868	1888868	1462495	24925	1686118	1625418	1625418
human	PB10_HCA_XC_NCFAM-001	184409500	100.4167	XC_NCFAM-001_61	1361802	1361802	1035735	13789	1203069	1156875	1156875
human	PB10_HCA_XC_NCFAM-001	184409500	100.4167	XC_NCFAM-001_62	1736244	1736244	1248867	19890	1459683	1393865	1393865
human	PB10_HCA_XC_NCFAM-001	184409500	100.4167	XC_NCFAM-001_63	1676035	1676035	1259304	19010	1454979	1399276	1399276
human	PB10_HCA_XC_NCFAM-001	184409500	100.4167	XC_NCFAM-001_64	826703	826703	542395	14984	644370	607876	607876
human	PB10_HCA_XC_NCFAM-001	184409500	100.4167	XC_NCFAM-001_65	1821971	1821971	1202831	34663	1422648	1345065	1345064
human	PB10_HCA_XC_NCFAM-001	184409500	100.4167	XC_NCFAM-001_66	3412284	3412284	2062596	49471	2434608	2311847	2311847
human	PB10_HCA_XC_NCFAM-001	184409500	100.4167	XC_NCFAM-001_67	4196591	4196591	3007231	66305	3479103	3325660	3325660
human	PB10_HCA_XC_NCFAM-001	184409500	100.4167	XC_NCFAM-001_68	1271589	1271589	976527	14737	1124903	1085960	1085960
human	PB10_HCA_XC_NCFAM-001	184409500	100.4167	XC_NCFAM-001_69	1685993	1685993	1295861	16389	1492896	1443858	1443858
human	PB10_HCA_XC_NCFAM-001	184409500	100.4167	XC_NCFAM-001_70	2430607	2430607	1816086	27257	2116684	2025697	2025697
human	PB10_HCA_XC_NCFAM-001	184409500	100.4167	XC_NCFAM-001_71	3939602	3939602	2897595	53722	3359141	3224976	3224976
human	PB10_HCA_XC_NCFAM-001	184409500	100.4167	XC_NCFAM-001_72	3670716	3670716	2845458	36293	3281484	3168372	3168372
human	PB10_HCA_XC_NCFAM-001	184409500	100.4167	XC_NCFAM-001_73	108395	108395	24232	2287	31184	27677	27677
human	PB10_HCA_XC_NCFAM-001	184409500	100.4167	XC_NCFAM-001_74	139408	139408	37031	3727	46795	41162	41162
human	PB10_HCA_XC_NCFAM-001	184409500	100.4167	XC_NCFAM-001_75	2549730	2549730	1998049	36805	2322060	2226513	2226513
human	PB10_HCA_XC_NCFAM-001	184409500	100.4167	XC_NCFAM-001_76	1556605	1556605	1212678	21918	1405731	1351699	1351699
human	PB10_HCA_XC_NCFAM-001	184409500	100.4167	XC_NCFAM-001_77	1879788	1879788	1393414	17670	1612034	1550536	1550536
human	PB10_HCA_XC_NCFAM-001	184409500	100.4167	XC_NCFAM-001_78	1122721	1122721	646470	24971	776906	721748	721748
human	PB10_HCA_XC_NCFAM-001	184409500	100.4167	XC_NCFAM-001_79	4089187	4089187	2990188	59974	3523512	3345302	3345302
human	PB10_HCA_XC_NCFAM-001	184409500	100.4167	XC_NCFAM-001_80	211603	211603	29793	6279	42509	33533	33533
human	PB10_HCA_XC_NCFAM-001	184409500	100.4167	XC_NCFAM-001_81	208073	208073	28692	10539	48066	32449	32449
human	PB10_HCA_XC_NCFAM-001	184409500	100.4167	XC_NCFAM-001_82	1197667	1197667	830451	16021	965396	924117	924117
human	PB10_HCA_XC_NCFAM-001	184409500	100.4167	XC_NCFAM-001_83	3305825	3305825	1951980	108357	2359300	2168786	2168786
human	PB10_HCA_XC_NCFAM-001	184409500	100.4167	XC_NCFAM-001_84	1386954	1386954	1015348	19578	1181810	1132848	1132848
human	PB10_HCA_XC_NCFAM-001	184409500	100.4167	XC_NCFAM-001_85	2284621	2284621	1745972	25500	2025133	1943486	1943486
human	PB10_HCA_XC_NCFAM-001	184409500	100.4167	XC_NCFAM-001_86	3123543	3123543	2154839	45026	2549929	2403042	2403042
human	PB10_HCA_XC_NCFAM-001	184409500	100.4167	XC_NCFAM-001_87	485982	485982	88570	37151	169299	114347	114347
human	PB10_HCA_XC_NCFAM-001	184409500	100.4167	XC_NCFAM-001_88	1861255	1861255	1327987	26455	1554305	1483042	1483042
human	PB10_HCA_XC_NCFAM-001	184409500	100.4167	XC_NCFAM-001_89	2802268	2802268	2191136	25451	2536669	2453991	2453991
human	PB10_HCA_XC_NCFAM-001	184409500	100.4167	XC_NCFAM-001_90	3211873	3211873	2485270	29055	2883245	2766800	2766800
human	PB10_HCA_XC_NCFAM-001	184409500	100.4167	XC_NCFAM-001_91	2524744	2524744	1924860	35758	2235773	2142448	2142448
human	PB10_HCA_XC_NCFAM-001	184409500	100.4167	XC_NCFAM-001_92	3178239	3178239	2488988	41476	2904754	2776369	2776369
human	PB10_HCA_XC_NCFAM-001	184409500	100.4167	XC_NCFAM-001_93	126222	126222	40861	2876	54337	48024	48024
human	PB10_HCA_XC_NCFAM-001	184409500	100.4167	XC_NCFAM-001_94	3747121	3747121	2768929	45536	3275301	3102471	3102471
human	PB10_HCA_XC_NCFAM-001	184409500	100.4167	XC_NCFAM-001_95	280942	280942	43914	14526	73227	52449	52449
human	PB10_HCA_XC_NCFAM-001	184409500	100.4167	XC_NCFAM-001_96	2090925	2090925	1551124	26756	1810342	1731466	1731466
human	PB10_HCA_XC_NR2F1-2112	196729268	116.3000	XC_NR2F1-2112_01	3057599	3057599	2409933	40667	2833327	2720073	2720073
human	PB10_HCA_XC_NR2F1-2112	196729268	116.3000	XC_NR2F1-2112_02	1747332	1747332	1380648	20708	1597385	1536375	1536375
human	PB10_HCA_XC_NR2F1-2112	196729268	116.3000	XC_NR2F1-2112_03	87900	87900	20270	2014	26067	23348	23348
human	PB10_HCA_XC_NR2F1-2112	196729268	116.3000	XC_NR2F1-2112_04	1207326	1207326	900615	15704	1053217	1004739	1004739
human	PB10_HCA_XC_NR2F1-2112	196729268	116.3000	XC_NR2F1-2112_05	206419	206419	61341	3643	83282	74996	74996
human	PB10_HCA_XC_NR2F1-2112	196729268	116.3000	XC_NR2F1-2112_06	1225620	1225620	921992	21627	1076724	1026394	1026394
human	PB10_HCA_XC_NR2F1-2112	196729268	116.3000	XC_NR2F1-2112_07	2049845	2049845	1594466	18408	1854034	1792059	1792059
human	PB10_HCA_XC_NR2F1-2112	196729268	116.3000	XC_NR2F1-2112_08	3120900	3120900	2479250	22936	2875822	2784694	2784694
human	PB10_HCA_XC_NR2F1-2112	196729268	116.3000	XC_NR2F1-2112_09	1724574	1724574	1308232	26719	1550049	1471117	1471117
human	PB10_HCA_XC_NR2F1-2112	196729268	116.3000	XC_NR2F1-2112_10	2675795	2675795	1869949	40700	2175884	2071309	2071309
human	PB10_HCA_XC_NR2F1-2112	196729268	116.3000	XC_NR2F1-2112_11	1241906	1241906	970451	14958	1129126	1084957	1084957
human	PB10_HCA_XC_NR2F1-2112	196729268	116.3000	XC_NR2F1-2112_12	1812318	1812318	1425160	21279	1648994	1586818	1586818
human	PB10_HCA_XC_NR2F1-2112	196729268	116.3000	XC_NR2F1-2112_13	1600143	1600143	1242604	14277	1449435	1401173	1401173
human	PB10_HCA_XC_NR2F1-2112	196729268	116.3000	XC_NR2F1-2112_14	1363227	1363227	865080	20052	1021811	970250	970250
human	PB10_HCA_XC_NR2F1-2112	196729268	116.3000	XC_NR2F1-2112_15	180242	180242	41415	7288	59203	47918	47918
human	PB10_HCA_XC_NR2F1-2112	196729268	116.3000	XC_NR2F1-2112_16	2394697	2394697	1845562	22533	2147138	2068323	2068323
human	PB10_HCA_XC_NR2F1-2112	196729268	116.3000	XC_NR2F1-2112_17	6822468	6822468	5477166	69770	6344007	6127480	6127479
human	PB10_HCA_XC_NR2F1-2112	196729268	116.3000	XC_NR2F1-2112_18	341266	341266	51031	27078	93804	59148	59148
human	PB10_HCA_XC_NR2F1-2112	196729268	116.3000	XC_NR2F1-2112_19	2053867	2053867	1600685	32526	1859455	1779666	1779666
human	PB10_HCA_XC_NR2F1-2112	196729268	116.3000	XC_NR2F1-2112_20	1478609	1478609	1149198	19700	1336267	1280392	1280392
human	PB10_HCA_XC_NR2F1-2112	196729268	116.3000	XC_NR2F1-2112_21	2028362	2028362	1578330	15847	1840815	1776655	1776655
human	PB10_HCA_XC_NR2F1-2112	196729268	116.3000	XC_NR2F1-2112_22	2017988	2017988	1257043	39995	1502074	1400384	1400384
human	PB10_HCA_XC_NR2F1-2112	196729268	116.3000	XC_NR2F1-2112_23	405421	405421	56778	14555	89985	67302	67302
human	PB10_HCA_XC_NR2F1-2112	196729268	116.3000	XC_NR2F1-2112_24	336449	336449	54802	7023	72550	61344	61344
human	PB10_HCA_XC_NR2F1-2112	196729268	116.3000	XC_NR2F1-2112_25	90418	90418	30347	2422	36975	33375	33375
human	PB10_HCA_XC_NR2F1-2112	196729268	116.3000	XC_NR2F1-2112_26	2997549	2997549	2363435	37552	2740753	2627841	2627841
human	PB10_HCA_XC_NR2F1-2112	196729268	116.3000	XC_NR2F1-2112_27	1868693	1868693	1138246	41223	1349248	1272551	1272551
human	PB10_HCA_XC_NR2F1-2112	196729268	116.3000	XC_NR2F1-2112_28	338856	338856	270850	4135	313179	302059	302059
human	PB10_HCA_XC_NR2F1-2112	196729268	116.3000	XC_NR2F1-2112_29	3164143	3164143	2509339	33586	2913068	2804682	2804682
human	PB10_HCA_XC_NR2F1-2112	196729268	116.3000	XC_NR2F1-2112_30	2124730	2124730	991480	134774	1328886	1114278	1114278
human	PB10_HCA_XC_NR2F1-2112	196729268	116.3000	XC_NR2F1-2112_31	321108	321108	63201	15272	99487	74928	74928
human	PB10_HCA_XC_NR2F1-2112	196729268	116.3000	XC_NR2F1-2112_32	2290926	2290926	1789449	21877	2072531	2000840	2000840
human	PB10_HCA_XC_NR2F1-2112	196729268	116.3000	XC_NR2F1-2112_33	1227397	1227397	920382	30876	1075050	1021846	1021846
human	PB10_HCA_XC_NR2F1-2112	196729268	116.3000	XC_NR2F1-2112_34	1627705	1627705	1236334	19759	1419958	1367562	1367562
human	PB10_HCA_XC_NR2F1-2112	196729268	116.3000	XC_NR2F1-2112_35	1157267	1157267	870987	19228	1017047	971149	971149
human	PB10_HCA_XC_NR2F1-2112	196729268	116.3000	XC_NR2F1-2112_36	818877	818877	612517	10579	712582	684447	684447
human	PB10_HCA_XC_NR2F1-2112	196729268	116.3000	XC_NR2F1-2112_37	140508	140508	30217	1784	39555	35187	35187
human	PB10_HCA_XC_NR2F1-2112	196729268	116.3000	XC_NR2F1-2112_38	67010	67010	12577	2888	18797	14600	14600
human	PB10_HCA_XC_NR2F1-2112	196729268	116.3000	XC_NR2F1-2112_39	66220	66220	11011	3749	17398	12743	12743
human	PB10_HCA_XC_NR2F1-2112	196729268	116.3000	XC_NR2F1-2112_40	2218208	2218208	1740697	18340	2025570	1949154	1949154
human	PB10_HCA_XC_NR2F1-2112	196729268	116.3000	XC_NR2F1-2112_41	1858577	1858577	1501821	21219	1742637	1680716	1680716
human	PB10_HCA_XC_NR2F1-2112	196729268	116.3000	XC_NR2F1-2112_42	177810	177810	42997	4289	59310	48495	48495
human	PB10_HCA_XC_NR2F1-2112	196729268	116.3000	XC_NR2F1-2112_43	17113	17113	2553	715	5142	2945	2945
human	PB10_HCA_XC_NR2F1-2112	196729268	116.3000	XC_NR2F1-2112_44	546657	546657	391216	7082	453401	436246	436246
human	PB10_HCA_XC_NR2F1-2112	196729268	116.3000	XC_NR2F1-2112_45	1940304	1940304	1588542	14980	1827055	1765413	1765413
human	PB10_HCA_XC_NR2F1-2112	196729268	116.3000	XC_NR2F1-2112_46	1622226	1622226	1176905	22278	1382863	1310486	1310486
human	PB10_HCA_XC_NR2F1-2112	196729268	116.3000	XC_NR2F1-2112_47	1623708	1623708	1215957	19192	1411888	1355946	1355946
human	PB10_HCA_XC_NR2F1-2112	196729268	116.3000	XC_NR2F1-2112_48	2601789	2601789	2004309	21768	2329708	2250760	2250760
human	PB10_HCA_XC_NR2F1-2112	196729268	116.3000	XC_NR2F1-2112_49	2910400	2910400	2348182	43633	2710672	2603977	2603977
human	PB10_HCA_XC_NR2F1-2112	196729268	116.3000	XC_NR2F1-2112_50	2440381	2440381	1895772	33777	2209700	2110370	2110370
human	PB10_HCA_XC_NR2F1-2112	196729268	116.3000	XC_NR2F1-2112_51	804041	804041	612209	10060	705860	680423	680423
human	PB10_HCA_XC_NR2F1-2112	196729268	116.3000	XC_NR2F1-2112_52	204771	204771	156418	2874	182714	174228	174228
human	PB10_HCA_XC_NR2F1-2112	196729268	116.3000	XC_NR2F1-2112_53	711447	711447	528156	6235	608648	589315	589315
human	PB10_HCA_XC_NR2F1-2112	196729268	116.3000	XC_NR2F1-2112_54	780122	780122	559197	9623	653582	623134	623134
human	PB10_HCA_XC_NR2F1-2112	196729268	116.3000	XC_NR2F1-2112_55	1948519	1948519	1408301	20726	1676048	1597349	1597349
human	PB10_HCA_XC_NR2F1-2112	196729268	116.3000	XC_NR2F1-2112_56	2638873	2638873	2038777	32826	2359825	2265268	2265268
human	PB10_HCA_XC_NR2F1-2112	196729268	116.3000	XC_NR2F1-2112_57	3087267	3087267	2458531	39637	2815477	2721924	2721924
human	PB10_HCA_XC_NR2F1-2112	196729268	116.3000	XC_NR2F1-2112_58	4307224	4307224	3210151	86092	3751779	3571560	3571560
human	PB10_HCA_XC_NR2F1-2112	196729268	116.3000	XC_NR2F1-2112_59	942853	942853	707991	16889	828694	790200	790200
human	PB10_HCA_XC_NR2F1-2112	196729268	116.3000	XC_NR2F1-2112_60	930392	930392	744910	11578	855707	827373	827373
human	PB10_HCA_XC_NR2F1-2112	196729268	116.3000	XC_NR2F1-2112_61	76165	76165	24403	1482	30612	27204	27204
human	PB10_HCA_XC_NR2F1-2112	196729268	116.3000	XC_NR2F1-2112_62	56766	56766	9085	2623	14326	10772	10772
human	PB10_HCA_XC_NR2F1-2112	196729268	116.3000	XC_NR2F1-2112_63	2562412	2562412	1996090	27391	2319881	2219924	2219924
human	PB10_HCA_XC_NR2F1-2112	196729268	116.3000	XC_NR2F1-2112_64	6407118	6407118	5086454	64271	5911818	5685672	5685672
human	PB10_HCA_XC_NR2F1-2112	196729268	116.3000	XC_NR2F1-2112_65	2597864	2597864	1875656	40125	2202113	2095241	2095241
human	PB10_HCA_XC_NR2F1-2112	196729268	116.3000	XC_NR2F1-2112_66	30582	30582	16903	546	20146	18959	18959
human	PB10_HCA_XC_NR2F1-2112	196729268	116.3000	XC_NR2F1-2112_67	1687854	1687854	733718	47687	892369	815872	815872
human	PB10_HCA_XC_NR2F1-2112	196729268	116.3000	XC_NR2F1-2112_68	132935	132935	31131	2290	38968	35185	35185
human	PB10_HCA_XC_NR2F1-2112	196729268	116.3000	XC_NR2F1-2112_69	870769	870769	663839	8382	767468	741185	741185
human	PB10_HCA_XC_NR2F1-2112	196729268	116.3000	XC_NR2F1-2112_70	1981207	1981207	1531075	20632	1774579	1699081	1699081
human	PB10_HCA_XC_NR2F1-2112	196729268	116.3000	XC_NR2F1-2112_71	4608260	4608260	3565890	65801	4105301	3941841	3941841
human	PB10_HCA_XC_NR2F1-2112	196729268	116.3000	XC_NR2F1-2112_72	1390249	1390249	981946	18254	1136923	1091041	1091041
human	PB10_HCA_XC_NR2F1-2112	196729268	116.3000	XC_NR2F1-2112_73	2166405	2166405	1725414	23990	1978389	1913349	1913349
human	PB10_HCA_XC_NR2F1-2112	196729268	116.3000	XC_NR2F1-2112_74	37855	37855	27524	637	32174	30500	30500
human	PB10_HCA_XC_NR2F1-2112	196729268	116.3000	XC_NR2F1-2112_75	1036671	1036671	809692	12689	939609	903256	903256
human	PB10_HCA_XC_NR2F1-2112	196729268	116.3000	XC_NR2F1-2112_76	617213	617213	464846	9446	541649	518531	518531
human	PB10_HCA_XC_NR2F1-2112	196729268	116.3000	XC_NR2F1-2112_77	3196788	3196788	2548021	30241	2950273	2844640	2844640
human	PB10_HCA_XC_NR2F1-2112	196729268	116.3000	XC_NR2F1-2112_78	1467793	1467793	1032367	21809	1216065	1151207	1151207
human	PB10_HCA_XC_NR2F1-2112	196729268	116.3000	XC_NR2F1-2112_79	2843751	2843751	2038296	42095	2399239	2270856	2270856
human	PB10_HCA_XC_NR2F1-2112	196729268	116.3000	XC_NR2F1-2112_80	3337602	3337602	2568440	34830	2969551	2859297	2859297
human	PB10_HCA_XC_NR2F1-2112	196729268	116.3000	XC_NR2F1-2112_81	249885	249885	34835	10953	58674	40445	40445
human	PB10_HCA_XC_NR2F1-2112	196729268	116.3000	XC_NR2F1-2112_82	17776	17776	11630	648	14029	12908	12908
human	PB10_HCA_XC_NR2F1-2112	196729268	116.3000	XC_NR2F1-2112_83	2794743	2794743	1460369	101860	1795437	1625780	1625780
human	PB10_HCA_XC_NR2F1-2112	196729268	116.3000	XC_NR2F1-2112_84	3904511	3904511	3115622	57068	3609069	3464047	3464047
human	PB10_HCA_XC_NR2F1-2112	196729268	116.3000	XC_NR2F1-2112_85	159920	159920	35907	3238	46038	40578	40578
human	PB10_HCA_XC_NR2F1-2112	196729268	116.3000	XC_NR2F1-2112_86	2703540	2703540	1804209	44351	2150736	2017774	2017774
human	PB10_HCA_XC_NR2F1-2112	196729268	116.3000	XC_NR2F1-2112_87	4388077	4388077	3311499	80252	3871756	3669605	3669605
human	PB10_HCA_XC_NR2F1-2112	196729268	116.3000	XC_NR2F1-2112_88	2807984	2807984	2203675	27258	2536449	2446615	2446615
human	PB10_HCA_XC_NR2F1-2112	196729268	116.3000	XC_NR2F1-2112_89	2202271	2202271	1681642	24183	1949578	1879683	1879683
human	PB10_HCA_XC_NR2F1-2112	196729268	116.3000	XC_NR2F1-2112_90	164496	164496	62391	4364	76924	70196	70196
human	PB10_HCA_XC_NR2F1-2112	196729268	116.3000	XC_NR2F1-2112_91	1375610	1375610	1026417	17514	1190968	1143971	1143971
human	PB10_HCA_XC_NR2F1-2112	196729268	116.3000	XC_NR2F1-2112_92	1958542	1958542	1506337	25659	1765677	1680062	1680062
human	PB10_HCA_XC_NR2F1-2112	196729268	116.3000	XC_NR2F1-2112_93	3076499	3076499	2477204	19391	2874694	2771901	2771901
human	PB10_HCA_XC_NR2F1-2112	196729268	116.3000	XC_NR2F1-2112_94	415216	415216	100432	10327	152257	126898	126898
human	PB10_HCA_XC_NR2F1-2112	196729268	116.3000	XC_NR2F1-2112_95	315265	315265	60379	14086	102719	70901	70901
human	PB10_HCA_XC_NR2F1-2112	196729268	116.3000	XC_NR2F1-2112_96	291724	291724	111071	10448	146108	123199	123199
human	PB10_HCA_XC_NR2F1-2838	175670386	100.4167	XC_NR2F1-2838_01	70439	70439	19607	1526	25298	22918	22918
human	PB10_HCA_XC_NR2F1-2838	175670386	100.4167	XC_NR2F1-2838_02	2190203	2190203	1724057	32518	2002488	1921445	1921445
human	PB10_HCA_XC_NR2F1-2838	175670386	100.4167	XC_NR2F1-2838_03	99220	99220	18678	2685	26222	21927	21927
human	PB10_HCA_XC_NR2F1-2838	175670386	100.4167	XC_NR2F1-2838_04	2661361	2661361	2054781	41161	2394912	2282943	2282943
human	PB10_HCA_XC_NR2F1-2838	175670386	100.4167	XC_NR2F1-2838_05	1717444	1717444	1270096	17555	1486771	1432081	1432081
human	PB10_HCA_XC_NR2F1-2838	175670386	100.4167	XC_NR2F1-2838_06	1616310	1616310	1214406	22986	1429703	1367991	1367991
human	PB10_HCA_XC_NR2F1-2838	175670386	100.4167	XC_NR2F1-2838_07	2890593	2890593	2289432	33370	2659394	2567663	2567663
human	PB10_HCA_XC_NR2F1-2838	175670386	100.4167	XC_NR2F1-2838_08	183325	183325	42174	9557	62230	48991	48991
human	PB10_HCA_XC_NR2F1-2838	175670386	100.4167	XC_NR2F1-2838_09	962344	962344	681581	15660	815749	769264	769264
human	PB10_HCA_XC_NR2F1-2838	175670386	100.4167	XC_NR2F1-2838_10	1820089	1820089	1116384	46065	1326233	1243160	1243160
human	PB10_HCA_XC_NR2F1-2838	175670386	100.4167	XC_NR2F1-2838_11	71148	71148	16655	2862	22489	18904	18904
human	PB10_HCA_XC_NR2F1-2838	175670386	100.4167	XC_NR2F1-2838_12	942249	942249	691287	17157	807790	770375	770375
human	PB10_HCA_XC_NR2F1-2838	175670386	100.4167	XC_NR2F1-2838_13	2943903	2943903	2355732	31987	2734911	2636941	2636941
human	PB10_HCA_XC_NR2F1-2838	175670386	100.4167	XC_NR2F1-2838_14	1372565	1372565	890218	26476	1052294	991460	991460
human	PB10_HCA_XC_NR2F1-2838	175670386	100.4167	XC_NR2F1-2838_15	145787	145787	27627	9842	47095	33012	33012
human	PB10_HCA_XC_NR2F1-2838	175670386	100.4167	XC_NR2F1-2838_16	2303661	2303661	1765567	24679	2055077	1972814	1972814
human	PB10_HCA_XC_NR2F1-2838	175670386	100.4167	XC_NR2F1-2838_17	2759548	2759548	2044138	43296	2391807	2287615	2287615
human	PB10_HCA_XC_NR2F1-2838	175670386	100.4167	XC_NR2F1-2838_18	2704546	2704546	1920584	52385	2247891	2134624	2134624
human	PB10_HCA_XC_NR2F1-2838	175670386	100.4167	XC_NR2F1-2838_19	1243102	1243102	939260	26841	1099092	1043748	1043748
human	PB10_HCA_XC_NR2F1-2838	175670386	100.4167	XC_NR2F1-2838_20	1105125	1105125	841838	21187	982708	935990	935990
human	PB10_HCA_XC_NR2F1-2838	175670386	100.4167	XC_NR2F1-2838_21	2315071	2315071	1845120	26177	2144418	2064710	2064710
human	PB10_HCA_XC_NR2F1-2838	175670386	100.4167	XC_NR2F1-2838_22	1912711	1912711	1215124	49424	1460692	1358374	1358374
human	PB10_HCA_XC_NR2F1-2838	175670386	100.4167	XC_NR2F1-2838_23	2366573	2366573	1675191	33031	1959776	1879196	1879196
human	PB10_HCA_XC_NR2F1-2838	175670386	100.4167	XC_NR2F1-2838_24	343458	343458	55732	8473	75105	62589	62589
human	PB10_HCA_XC_NR2F1-2838	175670386	100.4167	XC_NR2F1-2838_25	1339781	1339781	1032720	20870	1210284	1157236	1157236
human	PB10_HCA_XC_NR2F1-2838	175670386	100.4167	XC_NR2F1-2838_26	160806	160806	20940	4883	31014	23544	23544
human	PB10_HCA_XC_NR2F1-2838	175670386	100.4167	XC_NR2F1-2838_27	1575690	1575690	910667	43084	1103344	1023363	1023363
human	PB10_HCA_XC_NR2F1-2838	175670386	100.4167	XC_NR2F1-2838_28	64464	64464	13452	1315	17616	15555	15555
human	PB10_HCA_XC_NR2F1-2838	175670386	100.4167	XC_NR2F1-2838_29	1682287	1682287	1282586	23144	1502955	1441398	1441398
human	PB10_HCA_XC_NR2F1-2838	175670386	100.4167	XC_NR2F1-2838_30	787134	787134	128118	105976	286850	145638	145638
human	PB10_HCA_XC_NR2F1-2838	175670386	100.4167	XC_NR2F1-2838_31	2526469	2526469	1862569	39461	2171599	2079204	2079204
human	PB10_HCA_XC_NR2F1-2838	175670386	100.4167	XC_NR2F1-2838_32	141202	141202	31807	8971	49310	36770	36770
human	PB10_HCA_XC_NR2F1-2838	175670386	100.4167	XC_NR2F1-2838_33	883112	883112	614200	25990	727617	684038	684038
human	PB10_HCA_XC_NR2F1-2838	175670386	100.4167	XC_NR2F1-2838_34	2501751	2501751	1911681	37789	2204024	2118968	2118968
human	PB10_HCA_XC_NR2F1-2838	175670386	100.4167	XC_NR2F1-2838_35	1222611	1222611	904302	30190	1071291	1010081	1010081
human	PB10_HCA_XC_NR2F1-2838	175670386	100.4167	XC_NR2F1-2838_36	66809	66809	10405	2299	15057	12166	12166
human	PB10_HCA_XC_NR2F1-2838	175670386	100.4167	XC_NR2F1-2838_37	120972	120972	29451	1815	37117	34007	34007
human	PB10_HCA_XC_NR2F1-2838	175670386	100.4167	XC_NR2F1-2838_38	1730430	1730430	1243325	36096	1467357	1387097	1387097
human	PB10_HCA_XC_NR2F1-2838	175670386	100.4167	XC_NR2F1-2838_39	2553514	2553514	1860672	45352	2197659	2082418	2082418
human	PB10_HCA_XC_NR2F1-2838	175670386	100.4167	XC_NR2F1-2838_40	2403200	2403200	1839976	26868	2155996	2072352	2072352
human	PB10_HCA_XC_NR2F1-2838	175670386	100.4167	XC_NR2F1-2838_41	110603	110603	35856	1577	43022	40461	40461
human	PB10_HCA_XC_NR2F1-2838	175670386	100.4167	XC_NR2F1-2838_42	5335	5335	257	753	1465	300	300
human	PB10_HCA_XC_NR2F1-2838	175670386	100.4167	XC_NR2F1-2838_43	667785	667785	505424	14184	594784	562755	562755
human	PB10_HCA_XC_NR2F1-2838	175670386	100.4167	XC_NR2F1-2838_44	964	964	56	92	222	66	66
human	PB10_HCA_XC_NR2F1-2838	175670386	100.4167	XC_NR2F1-2838_45	2249155	2249155	1837837	23078	2115769	2037109	2037109
human	PB10_HCA_XC_NR2F1-2838	175670386	100.4167	XC_NR2F1-2838_46	1379592	1379592	927366	30785	1105757	1034022	1034022
human	PB10_HCA_XC_NR2F1-2838	175670386	100.4167	XC_NR2F1-2838_47	1280982	1280982	950357	21172	1111345	1061966	1061966
human	PB10_HCA_XC_NR2F1-2838	175670386	100.4167	XC_NR2F1-2838_48	2139439	2139439	1611068	24107	1879931	1810851	1810851
human	PB10_HCA_XC_NR2F1-2838	175670386	100.4167	XC_NR2F1-2838_49	100292	100292	24414	3190	31523	27315	27315
human	PB10_HCA_XC_NR2F1-2838	175670386	100.4167	XC_NR2F1-2838_50	73554	73554	50625	2311	60674	56502	56502
human	PB10_HCA_XC_NR2F1-2838	175670386	100.4167	XC_NR2F1-2838_51	73755	73755	10921	1876	14904	12306	12306
human	PB10_HCA_XC_NR2F1-2838	175670386	100.4167	XC_NR2F1-2838_52	234257	234257	171735	5213	203031	191684	191684
human	PB10_HCA_XC_NR2F1-2838	175670386	100.4167	XC_NR2F1-2838_53	62806	62806	12870	628	17428	15533	15533
human	PB10_HCA_XC_NR2F1-2838	175670386	100.4167	XC_NR2F1-2838_54	3201440	3201440	2402136	42205	2807258	2680155	2680155
human	PB10_HCA_XC_NR2F1-2838	175670386	100.4167	XC_NR2F1-2838_55	271287	271287	92619	7897	150709	123592	123592
human	PB10_HCA_XC_NR2F1-2838	175670386	100.4167	XC_NR2F1-2838_56	2682234	2682234	2035858	38471	2350455	2259318	2259318
human	PB10_HCA_XC_NR2F1-2838	175670386	100.4167	XC_NR2F1-2838_57	164593	164593	30134	4489	39664	34085	34085
human	PB10_HCA_XC_NR2F1-2838	175670386	100.4167	XC_NR2F1-2838_58	3157837	3157837	2247530	71135	2639958	2502042	2502042
human	PB10_HCA_XC_NR2F1-2838	175670386	100.4167	XC_NR2F1-2838_59	225029	225029	26912	17404	52057	30987	30987
human	PB10_HCA_XC_NR2F1-2838	175670386	100.4167	XC_NR2F1-2838_60	43569	43569	9183	1346	12256	10412	10412
human	PB10_HCA_XC_NR2F1-2838	175670386	100.4167	XC_NR2F1-2838_61	2560304	2560304	2023509	27808	2350447	2260836	2260836
human	PB10_HCA_XC_NR2F1-2838	175670386	100.4167	XC_NR2F1-2838_62	2677731	2677731	2089050	39676	2445742	2327128	2327128
human	PB10_HCA_XC_NR2F1-2838	175670386	100.4167	XC_NR2F1-2838_63	173043	173043	32340	8364	69192	36661	36661
human	PB10_HCA_XC_NR2F1-2838	175670386	100.4167	XC_NR2F1-2838_64	1263376	1263376	895421	20449	1053312	1001417	1001417
human	PB10_HCA_XC_NR2F1-2838	175670386	100.4167	XC_NR2F1-2838_65	5281702	5281702	4002525	83012	4679702	4466522	4466522
human	PB10_HCA_XC_NR2F1-2838	175670386	100.4167	XC_NR2F1-2838_66	3537846	3537846	2075724	60224	2465206	2322794	2322794
human	PB10_HCA_XC_NR2F1-2838	175670386	100.4167	XC_NR2F1-2838_67	336525	336525	176599	10781	214186	196848	196848
human	PB10_HCA_XC_NR2F1-2838	175670386	100.4167	XC_NR2F1-2838_68	1603668	1603668	1257272	23796	1459392	1400728	1400728
human	PB10_HCA_XC_NR2F1-2838	175670386	100.4167	XC_NR2F1-2838_69	2150488	2150488	1667278	28421	1931630	1857411	1857411
human	PB10_HCA_XC_NR2F1-2838	175670386	100.4167	XC_NR2F1-2838_70	607225	607225	447585	9021	524099	497502	497502
human	PB10_HCA_XC_NR2F1-2838	175670386	100.4167	XC_NR2F1-2838_71	3721727	3721727	2775417	61878	3236092	3090515	3090515
human	PB10_HCA_XC_NR2F1-2838	175670386	100.4167	XC_NR2F1-2838_72	284139	284139	38704	11461	60315	43226	43226
human	PB10_HCA_XC_NR2F1-2838	175670386	100.4167	XC_NR2F1-2838_73	2710096	2710096	2123632	33003	2442126	2356767	2356767
human	PB10_HCA_XC_NR2F1-2838	175670386	100.4167	XC_NR2F1-2838_74	65279	65279	38931	1263	45587	43019	43019
human	PB10_HCA_XC_NR2F1-2838	175670386	100.4167	XC_NR2F1-2838_75	883620	883620	634556	15288	745049	709587	709587
human	PB10_HCA_XC_NR2F1-2838	175670386	100.4167	XC_NR2F1-2838_76	813050	813050	623239	14666	727159	695608	695608
human	PB10_HCA_XC_NR2F1-2838	175670386	100.4167	XC_NR2F1-2838_77	294755	294755	222495	3579	258478	248344	248344
human	PB10_HCA_XC_NR2F1-2838	175670386	100.4167	XC_NR2F1-2838_78	1056330	1056330	706320	22546	841081	788773	788773
human	PB10_HCA_XC_NR2F1-2838	175670386	100.4167	XC_NR2F1-2838_79	2059696	2059696	1504177	35267	1777661	1681446	1681446
human	PB10_HCA_XC_NR2F1-2838	175670386	100.4167	XC_NR2F1-2838_80	1842563	1842563	1314733	27419	1536556	1468685	1468685
human	PB10_HCA_XC_NR2F1-2838	175670386	100.4167	XC_NR2F1-2838_81	2122024	2122024	1513261	33174	1777320	1695670	1695670
human	PB10_HCA_XC_NR2F1-2838	175670386	100.4167	XC_NR2F1-2838_82	2423145	2423145	1844821	35313	2133336	2037922	2037922
human	PB10_HCA_XC_NR2F1-2838	175670386	100.4167	XC_NR2F1-2838_83	1775695	1775695	798230	83321	1017854	891182	891182
human	PB10_HCA_XC_NR2F1-2838	175670386	100.4167	XC_NR2F1-2838_84	1133278	1133278	830373	20939	972489	926527	926527
human	PB10_HCA_XC_NR2F1-2838	175670386	100.4167	XC_NR2F1-2838_85	74322	74322	17045	1666	22710	19691	19691
human	PB10_HCA_XC_NR2F1-2838	175670386	100.4167	XC_NR2F1-2838_86	1538611	1538611	988399	35606	1187017	1102040	1102040
human	PB10_HCA_XC_NR2F1-2838	175670386	100.4167	XC_NR2F1-2838_87	579081	579081	407569	13454	484951	455209	455209
human	PB10_HCA_XC_NR2F1-2838	175670386	100.4167	XC_NR2F1-2838_88	5972641	5972641	4759219	59938	5492026	5306976	5306976
human	PB10_HCA_XC_NR2F1-2838	175670386	100.4167	XC_NR2F1-2838_89	271741	271741	48053	4809	63316	55617	55617
human	PB10_HCA_XC_NR2F1-2838	175670386	100.4167	XC_NR2F1-2838_90	1989158	1989158	1502260	19513	1741591	1666201	1666201
human	PB10_HCA_XC_NR2F1-2838	175670386	100.4167	XC_NR2F1-2838_91	177849	177849	37468	5734	50395	42821	42821
human	PB10_HCA_XC_NR2F1-2838	175670386	100.4167	XC_NR2F1-2838_92	2510148	2510148	1885392	40236	2216559	2104170	2104170
human	PB10_HCA_XC_NR2F1-2838	175670386	100.4167	XC_NR2F1-2838_93	157708	157708	50788	3603	68027	58406	58406
human	PB10_HCA_XC_NR2F1-2838	175670386	100.4167	XC_NR2F1-2838_94	504106	504106	105502	16830	169504	135226	135226
human	PB10_HCA_XC_NR2F1-2838	175670386	100.4167	XC_NR2F1-2838_95	2289830	2289830	1622684	36180	1911153	1805312	1805312
human	PB10_HCA_XC_NR2F1-2838	175670386	100.4167	XC_NR2F1-2838_96	6717259	6717259	5372908	61678	6129071	5903557	5903557
human	PB10_HCA_XC_NR2F1-2922	193430099	117.6833	XC_NR2F1-2922_01	1519205	1519205	1178698	16162	1393333	1341207	1341207
human	PB10_HCA_XC_NR2F1-2922	193430099	117.6833	XC_NR2F1-2922_02	142403	142403	33205	3033	42228	37869	37869
human	PB10_HCA_XC_NR2F1-2922	193430099	117.6833	XC_NR2F1-2922_03	1854181	1854181	1427665	24167	1681199	1615462	1615462
human	PB10_HCA_XC_NR2F1-2922	193430099	117.6833	XC_NR2F1-2922_04	187086	187086	42970	3382	55172	48473	48473
human	PB10_HCA_XC_NR2F1-2922	193430099	117.6833	XC_NR2F1-2922_05	3331438	3331438	2590871	24004	3019585	2919897	2919897
human	PB10_HCA_XC_NR2F1-2922	193430099	117.6833	XC_NR2F1-2922_06	1954930	1954930	1466550	25546	1719317	1650068	1650068
human	PB10_HCA_XC_NR2F1-2922	193430099	117.6833	XC_NR2F1-2922_07	2161477	2161477	1677413	21050	1950151	1888257	1888257
human	PB10_HCA_XC_NR2F1-2922	193430099	117.6833	XC_NR2F1-2922_08	231664	231664	50989	8497	73886	59517	59517
human	PB10_HCA_XC_NR2F1-2922	193430099	117.6833	XC_NR2F1-2922_09	1892373	1892373	1442461	23247	1705093	1626928	1626928
human	PB10_HCA_XC_NR2F1-2922	193430099	117.6833	XC_NR2F1-2922_10	2359721	2359721	1521901	60359	1807277	1695940	1695940
human	PB10_HCA_XC_NR2F1-2922	193430099	117.6833	XC_NR2F1-2922_11	2232386	2232386	1774907	27276	2058197	1981600	1981600
human	PB10_HCA_XC_NR2F1-2922	193430099	117.6833	XC_NR2F1-2922_12	184813	184813	43524	4800	56981	50076	50076
human	PB10_HCA_XC_NR2F1-2922	193430099	117.6833	XC_NR2F1-2922_13	3655799	3655799	2921665	28460	3393229	3277692	3277692
human	PB10_HCA_XC_NR2F1-2922	193430099	117.6833	XC_NR2F1-2922_14	2687535	2687535	1931916	36341	2261536	2163029	2163029
human	PB10_HCA_XC_NR2F1-2922	193430099	117.6833	XC_NR2F1-2922_15	206790	206790	46417	8120	64977	53552	53552
human	PB10_HCA_XC_NR2F1-2922	193430099	117.6833	XC_NR2F1-2922_16	189440	189440	47562	10048	68816	54834	54834
human	PB10_HCA_XC_NR2F1-2922	193430099	117.6833	XC_NR2F1-2922_17	348360	348360	75187	22825	117522	87755	87755
human	PB10_HCA_XC_NR2F1-2922	193430099	117.6833	XC_NR2F1-2922_18	442756	442756	63197	32682	117617	73832	73832
human	PB10_HCA_XC_NR2F1-2922	193430099	117.6833	XC_NR2F1-2922_19	146165	146165	28690	7304	41389	31982	31982
human	PB10_HCA_XC_NR2F1-2922	193430099	117.6833	XC_NR2F1-2922_20	1349062	1349062	1026599	17601	1192172	1146025	1146025
human	PB10_HCA_XC_NR2F1-2922	193430099	117.6833	XC_NR2F1-2922_21	196319	196319	58870	2204	77099	71246	71246
human	PB10_HCA_XC_NR2F1-2922	193430099	117.6833	XC_NR2F1-2922_22	3900657	3900657	2782206	56752	3269407	3105189	3105189
human	PB10_HCA_XC_NR2F1-2922	193430099	117.6833	XC_NR2F1-2922_23	466996	466996	57218	17946	98764	72437	72437
human	PB10_HCA_XC_NR2F1-2922	193430099	117.6833	XC_NR2F1-2922_24	5302912	5302912	4185535	39246	4840781	4677960	4677960
human	PB10_HCA_XC_NR2F1-2922	193430099	117.6833	XC_NR2F1-2922_25	140824	140824	41791	2943	51232	46458	46458
human	PB10_HCA_XC_NR2F1-2922	193430099	117.6833	XC_NR2F1-2922_26	201881	201881	32265	5245	44322	37225	37225
human	PB10_HCA_XC_NR2F1-2922	193430099	117.6833	XC_NR2F1-2922_27	4081177	4081177	2908843	71420	3423912	3257373	3257373
human	PB10_HCA_XC_NR2F1-2922	193430099	117.6833	XC_NR2F1-2922_28	125661	125661	26577	2747	33943	30410	30410
human	PB10_HCA_XC_NR2F1-2922	193430099	117.6833	XC_NR2F1-2922_29	227021	227021	57905	7104	76748	67027	67027
human	PB10_HCA_XC_NR2F1-2922	193430099	117.6833	XC_NR2F1-2922_30	725111	725111	22844	110824	180656	29730	29730
human	PB10_HCA_XC_NR2F1-2922	193430099	117.6833	XC_NR2F1-2922_31	388902	388902	65935	21627	108767	81176	81176
human	PB10_HCA_XC_NR2F1-2922	193430099	117.6833	XC_NR2F1-2922_32	2373405	2373405	1839255	21882	2135730	2061994	2061994
human	PB10_HCA_XC_NR2F1-2922	193430099	117.6833	XC_NR2F1-2922_33	1319914	1319914	965611	33976	1137694	1078688	1078688
human	PB10_HCA_XC_NR2F1-2922	193430099	117.6833	XC_NR2F1-2922_34	2819334	2819334	2188184	31729	2507624	2417072	2417072
human	PB10_HCA_XC_NR2F1-2922	193430099	117.6833	XC_NR2F1-2922_35	2593296	2593296	2005527	40159	2345990	2243243	2243243
human	PB10_HCA_XC_NR2F1-2922	193430099	117.6833	XC_NR2F1-2922_36	407523	407523	289733	4853	337361	324600	324600
human	PB10_HCA_XC_NR2F1-2922	193430099	117.6833	XC_NR2F1-2922_37	1076569	1076569	856059	8113	990154	958339	958339
human	PB10_HCA_XC_NR2F1-2922	193430099	117.6833	XC_NR2F1-2922_38	1751338	1751338	1341691	21265	1562115	1499113	1499113
human	PB10_HCA_XC_NR2F1-2922	193430099	117.6833	XC_NR2F1-2922_39	3320296	3320296	2452394	50513	2876400	2739276	2739276
human	PB10_HCA_XC_NR2F1-2922	193430099	117.6833	XC_NR2F1-2922_40	2797614	2797614	2206231	22134	2574996	2480664	2480664
human	PB10_HCA_XC_NR2F1-2922	193430099	117.6833	XC_NR2F1-2922_41	1805348	1805348	1432326	20512	1665409	1604795	1604795
human	PB10_HCA_XC_NR2F1-2922	193430099	117.6833	XC_NR2F1-2922_42	1274572	1274572	1009949	15907	1168775	1125626	1125626
human	PB10_HCA_XC_NR2F1-2922	193430099	117.6833	XC_NR2F1-2922_43	151292	151292	24148	4078	35228	27918	27918
human	PB10_HCA_XC_NR2F1-2922	193430099	117.6833	XC_NR2F1-2922_44	877321	877321	669708	10465	776759	746992	746992
human	PB10_HCA_XC_NR2F1-2922	193430099	117.6833	XC_NR2F1-2922_45	458748	458748	375275	2961	432367	418131	418131
human	PB10_HCA_XC_NR2F1-2922	193430099	117.6833	XC_NR2F1-2922_46	2043086	2043086	1431126	32525	1691504	1597484	1597484
human	PB10_HCA_XC_NR2F1-2922	193430099	117.6833	XC_NR2F1-2922_47	2557868	2557868	1994182	28043	2326496	2239828	2239828
human	PB10_HCA_XC_NR2F1-2922	193430099	117.6833	XC_NR2F1-2922_48	267780	267780	63965	7724	87900	76391	76391
human	PB10_HCA_XC_NR2F1-2922	193430099	117.6833	XC_NR2F1-2922_49	1659506	1659506	1294744	24635	1498844	1437989	1437989
human	PB10_HCA_XC_NR2F1-2922	193430099	117.6833	XC_NR2F1-2922_50	831948	831948	632505	12464	740277	704327	704327
human	PB10_HCA_XC_NR2F1-2922	193430099	117.6833	XC_NR2F1-2922_51	1613404	1613404	1238532	22873	1425097	1373272	1373272
human	PB10_HCA_XC_NR2F1-2922	193430099	117.6833	XC_NR2F1-2922_52	406672	406672	305846	5517	358977	342561	342561
human	PB10_HCA_XC_NR2F1-2922	193430099	117.6833	XC_NR2F1-2922_53	54063	54063	11777	510	15304	14050	14050
human	PB10_HCA_XC_NR2F1-2922	193430099	117.6833	XC_NR2F1-2922_54	629066	629066	469349	7490	547077	523893	523893
human	PB10_HCA_XC_NR2F1-2922	193430099	117.6833	XC_NR2F1-2922_55	2483779	2483779	1751707	32436	2115098	2000755	2000755
human	PB10_HCA_XC_NR2F1-2922	193430099	117.6833	XC_NR2F1-2922_56	302441	302441	55259	14949	86998	66074	66074
human	PB10_HCA_XC_NR2F1-2922	193430099	117.6833	XC_NR2F1-2922_57	2181763	2181763	1678987	24652	1939581	1872087	1872087
human	PB10_HCA_XC_NR2F1-2922	193430099	117.6833	XC_NR2F1-2922_58	676658	676658	518864	10410	601907	577970	577970
human	PB10_HCA_XC_NR2F1-2922	193430099	117.6833	XC_NR2F1-2922_59	456310	456310	352268	7185	412300	393908	393908
human	PB10_HCA_XC_NR2F1-2922	193430099	117.6833	XC_NR2F1-2922_60	892594	892594	708617	10355	816129	789063	789063
human	PB10_HCA_XC_NR2F1-2922	193430099	117.6833	XC_NR2F1-2922_61	34945	34945	9764	683	12442	11146	11146
human	PB10_HCA_XC_NR2F1-2922	193430099	117.6833	XC_NR2F1-2922_62	265028	265028	41286	10745	62543	47099	47099
human	PB10_HCA_XC_NR2F1-2922	193430099	117.6833	XC_NR2F1-2922_63	3450623	3450623	2715681	34319	3183878	3030860	3030860
human	PB10_HCA_XC_NR2F1-2922	193430099	117.6833	XC_NR2F1-2922_64	1691848	1691848	1213006	20130	1427282	1364022	1364022
human	PB10_HCA_XC_NR2F1-2922	193430099	117.6833	XC_NR2F1-2922_65	5284777	5284777	4003193	65893	4670953	4472549	4472549
human	PB10_HCA_XC_NR2F1-2922	193430099	117.6833	XC_NR2F1-2922_66	283111	283111	156579	3179	186089	175962	175962
human	PB10_HCA_XC_NR2F1-2922	193430099	117.6833	XC_NR2F1-2922_67	558009	558009	32929	29549	79464	39356	39356
human	PB10_HCA_XC_NR2F1-2922	193430099	117.6833	XC_NR2F1-2922_68	988681	988681	763930	10401	880474	851478	851478
human	PB10_HCA_XC_NR2F1-2922	193430099	117.6833	XC_NR2F1-2922_69	115211	115211	32868	2182	42189	37525	37525
human	PB10_HCA_XC_NR2F1-2922	193430099	117.6833	XC_NR2F1-2922_70	276816	276816	204803	3444	239900	228523	228523
human	PB10_HCA_XC_NR2F1-2922	193430099	117.6833	XC_NR2F1-2922_71	767803	767803	570390	12910	665861	637877	637877
human	PB10_HCA_XC_NR2F1-2922	193430099	117.6833	XC_NR2F1-2922_72	3617005	3617005	2794704	31950	3222411	3114817	3114817
human	PB10_HCA_XC_NR2F1-2922	193430099	117.6833	XC_NR2F1-2922_73	4219120	4219120	3395195	42219	3896788	3776086	3776086
human	PB10_HCA_XC_NR2F1-2922	193430099	117.6833	XC_NR2F1-2922_74	17713	17713	11541	586	13822	12827	12827
human	PB10_HCA_XC_NR2F1-2922	193430099	117.6833	XC_NR2F1-2922_75	1862070	1862070	1460112	22635	1695893	1629726	1629726
human	PB10_HCA_XC_NR2F1-2922	193430099	117.6833	XC_NR2F1-2922_76	3413451	3413451	2745296	42398	3177089	3059884	3059884
human	PB10_HCA_XC_NR2F1-2922	193430099	117.6833	XC_NR2F1-2922_77	193004	193004	44221	3116	59732	53711	53711
human	PB10_HCA_XC_NR2F1-2922	193430099	117.6833	XC_NR2F1-2922_78	302444	302444	25915	13600	49463	30108	30108
human	PB10_HCA_XC_NR2F1-2922	193430099	117.6833	XC_NR2F1-2922_79	4591076	4591076	3357070	74025	3962072	3750639	3750639
human	PB10_HCA_XC_NR2F1-2922	193430099	117.6833	XC_NR2F1-2922_80	4186336	4186336	3256407	40438	3764172	3624716	3624716
human	PB10_HCA_XC_NR2F1-2922	193430099	117.6833	XC_NR2F1-2922_81	1950675	1950675	1368146	27484	1602997	1533050	1533050
human	PB10_HCA_XC_NR2F1-2922	193430099	117.6833	XC_NR2F1-2922_82	13947	13947	6145	630	7708	6824	6824
human	PB10_HCA_XC_NR2F1-2922	193430099	117.6833	XC_NR2F1-2922_83	66392	66392	3026	5855	11088	3536	3536
human	PB10_HCA_XC_NR2F1-2922	193430099	117.6833	XC_NR2F1-2922_84	11765	11765	1984	285	2647	2180	2180
human	PB10_HCA_XC_NR2F1-2922	193430099	117.6833	XC_NR2F1-2922_85	2134255	2134255	1692473	22282	1965883	1892223	1892223
human	PB10_HCA_XC_NR2F1-2922	193430099	117.6833	XC_NR2F1-2922_86	3604880	3604880	2442148	61209	2916815	2733083	2733083
human	PB10_HCA_XC_NR2F1-2922	193430099	117.6833	XC_NR2F1-2922_87	321745	321745	58953	28261	115344	71804	71804
human	PB10_HCA_XC_NR2F1-2922	193430099	117.6833	XC_NR2F1-2922_88	338957	338957	65187	13228	96966	75538	75538
human	PB10_HCA_XC_NR2F1-2922	193430099	117.6833	XC_NR2F1-2922_89	2512565	2512565	1957338	25701	2262466	2182507	2182507
human	PB10_HCA_XC_NR2F1-2922	193430099	117.6833	XC_NR2F1-2922_90	4665524	4665524	3717779	32171	4297212	4142777	4142777
human	PB10_HCA_XC_NR2F1-2922	193430099	117.6833	XC_NR2F1-2922_91	1578055	1578055	1153386	24732	1344162	1285410	1285410
human	PB10_HCA_XC_NR2F1-2922	193430099	117.6833	XC_NR2F1-2922_92	2459314	2459314	1891591	34504	2222092	2118165	2118165
human	PB10_HCA_XC_NR2F1-2922	193430099	117.6833	XC_NR2F1-2922_93	3884753	3884753	3142259	25342	3647247	3514443	3514443
human	PB10_HCA_XC_NR2F1-2922	193430099	117.6833	XC_NR2F1-2922_94	2643199	2643199	1839733	38561	2193503	2057718	2057718
human	PB10_HCA_XC_NR2F1-2922	193430099	117.6833	XC_NR2F1-2922_95	3928704	3928704	2972949	47123	3476229	3313371	3313371
human	PB10_HCA_XC_NR2F1-2922	193430099	117.6833	XC_NR2F1-2922_96	5853685	5853685	4714669	50186	5389640	5203544	5203544
