human	XC_FOXL1-601_01	789456	39156	16066	12712	721522	54026	537	53489	19	6790	3.3167
human	XC_FOXL1-601_02	15880	664	0	14928	288	560	542	18	25	18	2.3667
human	XC_FOXL1-601_03	877966	82278	18606	12016	765066	58643	540	58103	19	6850	3.4500
human	XC_FOXL1-601_04	16257	909	0	14889	459	631	608	23	25	22	2.3667
human	XC_FOXL1-601_05	1007399	102044	21251	25510	858594	57448	839	56609	24	6722	3.6000
human	XC_FOXL1-601_06	1546785	131093	28584	16267	1370841	95624	615	95009	21	7901	4.4167
human	XC_FOXL1-601_07	23087	1007	2	21868	210	772	725	47	27	43	2.3833
human	XC_FOXL1-601_08	1880254	250692	37177	23971	1568414	98646	800	97846	27	7915	4.6667
human	XC_FOXL1-601_09	11663	628	0	11012	23	489	469	20	21	20	2.3667
human	XC_FOXL1-601_10	1170733	106206	24889	20077	1019561	80093	742	79351	22	7487	3.9000
human	XC_FOXL1-601_11	16197	424	1	15738	34	723	700	23	25	23	2.3667
human	XC_FOXL1-601_12	1128020	101425	20663	13772	992160	75985	666	75319	25	7338	3.7500
human	XC_FOXL1-601_13	1428969	199346	26565	22444	1180614	75010	682	74328	21	7610	4.1500
human	XC_FOXL1-601_14	984853	74412	19047	13146	878248	68936	573	68363	19	7382	3.6333
human	XC_FOXL1-601_15	1259216	119304	23034	25784	1091094	80971	827	80144	26	7897	3.9167
human	XC_FOXL1-601_16	1377764	114512	28156	20283	1214813	92109	778	91331	23	7727	4.0000
human	XC_FOXL1-601_17	1247214	120705	24550	28232	1073727	61332	817	60515	23	7238	3.9000
human	XC_FOXL1-601_18	1579468	148176	33734	25529	1372029	93818	995	92823	23	7955	4.2833
human	XC_FOXL1-601_19	662887	56870	13317	14697	578003	43298	522	42776	23	6370	3.2000
human	XC_FOXL1-601_20	418105	39089	10145	7342	361529	34408	427	33981	19	6018	2.8333
human	XC_FOXL1-601_21	1085873	103416	21204	21118	940135	57950	666	57284	24	7000	3.6333
human	XC_FOXL1-601_22	666430	72837	12542	21156	559895	39244	669	38575	20	6255	3.1333
human	XC_FOXL1-601_23	1660156	137057	34777	21253	1467069	132775	950	131825	20	8292	4.4667
human	XC_FOXL1-601_24	22243	2088	0	20055	100	649	623	26	22	22	2.3667
human	XC_FOXL1-601_25	1258786	88505	27585	18343	1124353	87667	666	87001	22	7840	3.8500
human	XC_FOXL1-601_26	860649	65887	20344	12690	761728	56679	615	56064	23	7139	3.3667
human	XC_FOXL1-601_27	1054402	91560	19643	21841	921358	62633	743	61890	21	7153	3.6167
human	XC_FOXL1-601_28	835604	67513	18986	11129	737976	64461	527	63934	18	7163	3.3500
human	XC_FOXL1-601_29	1824549	145968	36045	24871	1617665	90832	666	90166	24	7866	4.5500
human	XC_FOXL1-601_30	931285	88028	19042	17517	806698	78575	724	77851	20	7298	3.5000
human	XC_FOXL1-601_31	1461923	114288	31221	29190	1287224	81323	823	80500	22	8022	4.0500
human	XC_FOXL1-601_32	30008	4038	1	25202	767	804	770	34	24	34	2.3667
human	XC_FOXL1-601_33	19727	326	0	19326	75	681	628	53	20	53	2.3667
human	XC_FOXL1-601_34	19649	769	0	18676	204	903	881	22	25	21	2.3667
human	XC_FOXL1-601_35	543165	36804	9932	14994	481435	45767	752	45015	22	6277	2.9833
human	XC_FOXL1-601_36	327365	29435	8164	11553	278213	30688	609	30079	23	5468	2.7333
human	XC_FOXL1-601_37	2043750	201662	47933	27651	1766504	121078	876	120202	26	8623	4.8000
human	XC_FOXL1-601_38	22476	1917	0	20272	287	596	568	28	27	24	2.3833
human	XC_FOXL1-601_39	1307989	190862	24719	27173	1065235	72155	801	71354	20	7518	3.8833
human	XC_FOXL1-601_40	33413	3172	51	22416	7774	1078	705	373	23	299	2.4000
human	XC_FOXL1-601_41	857828	61360	17939	22660	755869	57009	811	56198	23	6962	3.3500
human	XC_FOXL1-601_42	22629	348	1	22217	63	798	777	21	25	18	2.3833
human	XC_FOXL1-601_43	1148292	75248	24563	12131	1036350	98509	663	97846	22	8057	3.7333
human	XC_FOXL1-601_44	754909	62665	15915	12571	663758	45646	481	45165	23	6648	3.2500
human	XC_FOXL1-601_45	1374338	96669	31324	24921	1221424	80879	721	80158	26	7608	4.0167
human	XC_FOXL1-601_46	1064832	97999	22200	24769	919864	63253	789	62464	20	7158	3.6500
human	XC_FOXL1-601_47	33527	5863	0	27319	345	987	926	61	25	55	2.3833
human	XC_FOXL1-601_48	1258154	100495	27441	23176	1107042	72885	780	72105	24	7407	3.8833
human	XC_FOXL1-601_49	625554	46602	12468	20119	546365	36029	582	35447	23	6050	3.0833
human	XC_FOXL1-601_50	672023	33944	14706	15132	608241	49880	613	49267	21	6958	3.1500
human	XC_FOXL1-601_51	1561339	115722	28753	14210	1402654	115474	671	114803	22	8210	4.3000
human	XC_FOXL1-601_52	939907	114468	18160	11899	795380	47507	461	47046	20	6868	3.4833
human	XC_FOXL1-601_53	1665656	121156	31372	30898	1482230	116669	1088	115581	25	8195	4.3833
human	XC_FOXL1-601_54	38988	12071	10	24282	2625	874	742	132	22	119	2.3833
human	XC_FOXL1-601_55	1641061	215204	36050	31671	1358136	90307	912	89395	25	8277	4.3500
human	XC_FOXL1-601_56	1082114	157122	21684	25185	878123	53757	792	52965	26	6818	3.5500
human	XC_FOXL1-601_57	21326	373	0	20912	41	820	799	21	25	21	2.3667
human	XC_FOXL1-601_58	41458	2859	103	31618	6878	1247	727	520	23	389	2.3833
human	XC_FOXL1-601_59	23569	2888	0	20336	345	712	688	24	27	18	2.3667
human	XC_FOXL1-601_60	824042	59590	18135	18919	727398	57641	759	56882	24	6818	3.3333
human	XC_FOXL1-601_61	1567557	142215	34954	27963	1362425	86082	882	85200	22	7847	4.1333
human	XC_FOXL1-601_62	1830569	186984	37526	28295	1577764	84552	727	83825	22	7985	4.4333
human	XC_FOXL1-601_63	987837	97338	16600	35385	838514	45148	904	44244	23	6678	3.4167
human	XC_FOXL1-601_64	32949	14213	0	18626	110	746	717	29	25	27	2.3667
human	XC_FOXL1-601_65	36292	529	0	35631	132	970	937	33	25	33	2.3833
human	XC_FOXL1-601_66	719243	68463	12590	11346	626844	44504	389	44115	20	6462	3.2000
human	XC_FOXL1-601_67	880603	68708	18433	20078	773384	49551	587	48964	20	7001	3.3500
human	XC_FOXL1-601_68	12952	76	0	12856	20	622	605	17	24	17	2.3333
human	XC_FOXL1-601_69	1335007	123799	23930	28047	1159231	88202	1122	87080	26	7586	3.8833
human	XC_FOXL1-601_70	1054776	86033	22062	19953	926728	53117	617	52500	22	7025	3.5667
human	XC_FOXL1-601_71	48364	3699	1	44558	106	1329	1302	27	25	27	2.3667
human	XC_FOXL1-601_72	1003962	91638	18482	20659	873183	51988	696	51292	23	6743	3.4333
human	XC_FOXL1-601_73	907218	70546	22208	18432	796032	53612	667	52945	20	6838	3.4833
human	XC_FOXL1-601_74	1025584	86211	19551	17324	902498	63204	606	62598	22	7066	3.6333
human	XC_FOXL1-601_75	20078	249	0	19809	20	578	562	16	25	16	2.3667
human	XC_FOXL1-601_76	17671	1425	1	15920	325	630	598	32	23	32	2.3667
human	XC_FOXL1-601_77	1473562	134139	29022	40263	1270138	88675	1163	87512	27	7607	4.2667
human	XC_FOXL1-601_78	1284380	109743	27763	22557	1124317	82612	849	81763	24	7875	3.9000
human	XC_FOXL1-601_79	1159027	87056	21051	25238	1025682	59703	708	58995	23	7053	3.7500
human	XC_FOXL1-601_80	857113	75786	17450	22910	740967	55972	819	55153	25	6926	3.3667
human	XC_FOXL1-601_81	1146179	165470	19994	18570	942145	79583	776	78807	23	7185	3.7500
human	XC_FOXL1-601_82	27413	7977	1	19230	205	896	845	51	26	47	2.3667
human	XC_FOXL1-601_83	22746	1181	10	21134	421	887	844	43	24	40	2.3667
human	XC_FOXL1-601_84	818164	61965	19603	19592	717004	52864	715	52149	26	6863	3.4667
human	XC_FOXL1-601_85	1901507	157553	37998	30029	1675927	100413	792	99621	24	8093	4.7000
human	XC_FOXL1-601_86	29355	2903	6	26273	173	938	902	36	23	28	2.3667
human	XC_FOXL1-601_87	1138952	153873	19569	24170	941340	64790	868	63922	25	7006	3.7333
human	XC_FOXL1-601_88	2047631	212040	38031	29024	1768536	129775	1079	128696	26	8002	4.8833
human	XC_FOXL1-601_89	1055804	85524	23123	16275	930882	74889	686	74203	23	7120	3.6833
human	XC_FOXL1-601_90	2438351	203052	56172	21450	2157677	213740	1043	212697	24	9099	5.5833
human	XC_FOXL1-601_91	453520	35128	10383	15120	392889	36994	694	36300	26	5594	2.9000
human	XC_FOXL1-601_92	20107	706	0	19364	37	801	769	32	21	30	2.3667
human	XC_FOXL1-601_93	711734	72051	14115	24893	600675	47325	747	46578	22	6219	3.2000
human	XC_FOXL1-601_94	971125	126922	20336	22962	800905	54288	721	53567	21	6516	3.5167
human	XC_FOXL1-601_95	1673289	156690	37422	21980	1457197	107400	878	106522	27	7998	4.4333
human	XC_FOXL1-601_96	2472749	221808	47017	40903	2163021	217079	2078	215001	27	8440	5.6000
human	XC_FOXL1-979_01	757148	70135	16698	12436	657879	55702	539	55163	23	6811	3.2833
human	XC_FOXL1-979_02	11721	279	0	11401	41	575	569	6	21	6	2.3500
human	XC_FOXL1-979_03	615616	47631	12799	7686	547500	45176	451	44725	25	6529	3.0833
human	XC_FOXL1-979_04	771719	74462	15716	11232	670309	63806	574	63232	22	6904	3.2833
human	XC_FOXL1-979_05	931633	90867	18696	20782	801288	49546	734	48812	24	6759	3.4333
human	XC_FOXL1-979_06	657305	65788	15409	14488	561620	43994	546	43448	18	6301	3.1333
human	XC_FOXL1-979_07	20361	1299	1	18992	69	740	732	8	26	8	2.3500
human	XC_FOXL1-979_08	28019	2527	0	25396	96	760	697	63	25	62	2.3500
human	XC_FOXL1-979_09	327030	34961	6190	8853	277026	29635	466	29169	20	5691	2.7167
human	XC_FOXL1-979_10	18068	937	1	16739	391	719	661	58	21	56	2.3333
human	XC_FOXL1-979_11	431815	35150	8487	9351	378827	40501	571	39930	19	6349	2.8500
human	XC_FOXL1-979_12	685611	55430	14588	11317	604276	52249	577	51672	20	6875	3.1333
human	XC_FOXL1-979_13	1612797	124761	37555	16199	1434282	109009	684	108325	24	8216	4.4500
human	XC_FOXL1-979_14	1247839	140152	27562	10127	1069998	93611	563	93048	23	7861	3.9000
human	XC_FOXL1-979_15	609308	59695	13155	18316	518142	32155	545	31610	24	5934	3.0833
human	XC_FOXL1-979_16	1079059	85251	22040	19371	952397	57225	608	56617	28	7622	3.7000
human	XC_FOXL1-979_17	734073	57960	15329	25981	634803	46701	832	45869	26	6401	3.2667
human	XC_FOXL1-979_18	1873875	150020	42771	12822	1668262	157896	735	157161	22	8771	4.9167
human	XC_FOXL1-979_19	484677	53624	9462	10710	410881	37390	520	36870	24	5985	2.9333
human	XC_FOXL1-979_20	9938	188	0	9661	89	670	630	40	20	38	2.4000
human	XC_FOXL1-979_21	1615801	126593	35092	17000	1437116	109786	705	109081	20	8356	4.5167
human	XC_FOXL1-979_22	782278	79749	14578	11267	676684	69652	644	69008	20	7163	3.3833
human	XC_FOXL1-979_23	939117	81246	18700	16534	822637	56468	614	55854	23	7088	3.5333
human	XC_FOXL1-979_24	1874445	155443	36837	20616	1661549	115797	676	115121	20	8471	4.8000
human	XC_FOXL1-979_25	554392	38389	13298	12413	490292	42910	604	42306	26	6416	3.0333
human	XC_FOXL1-979_26	451553	47671	8609	14185	381088	29662	617	29045	24	5964	2.8833
human	XC_FOXL1-979_27	1150942	117244	21798	15048	996852	82494	679	81815	22	7637	3.7167
human	XC_FOXL1-979_28	622568	46381	13403	9725	553059	64073	661	63412	23	7091	3.1333
human	XC_FOXL1-979_29	1690780	134925	36188	24447	1495220	104387	792	103595	23	8109	4.5667
human	XC_FOXL1-979_30	890552	83445	18538	8331	780238	81169	523	80646	18	7378	3.5833
human	XC_FOXL1-979_31	1181066	112224	27057	19687	1022098	67561	696	66865	23	7598	3.9167
human	XC_FOXL1-979_32	964865	51989	21128	18164	873584	60628	791	59837	23	7281	3.4833
human	XC_FOXL1-979_33	789817	78928	17983	13079	679827	79471	578	78893	22	7427	3.3333
human	XC_FOXL1-979_34	509318	63001	11317	12847	422153	36409	553	35856	19	5777	2.9833
human	XC_FOXL1-979_35	706176	55474	14446	8625	627631	72722	607	72115	22	7444	3.2333
human	XC_FOXL1-979_36	8796	1013	3	7634	146	662	630	32	21	30	2.3500
human	XC_FOXL1-979_37	684887	49272	16791	17010	601814	52188	746	51442	23	6433	3.2000
human	XC_FOXL1-979_38	18416	2610	0	15771	35	776	753	23	23	20	2.3667
human	XC_FOXL1-979_39	26911	1934	1	24217	759	1101	1006	95	24	84	2.3833
human	XC_FOXL1-979_40	875051	61429	17994	19209	776419	63112	826	62286	23	7203	3.4333
human	XC_FOXL1-979_41	444117	37585	10649	15193	380690	38027	691	37336	25	5841	2.8667
human	XC_FOXL1-979_42	15067	179	0	14785	103	691	675	16	25	13	2.3500
human	XC_FOXL1-979_43	12179	744	3	11305	127	717	658	59	20	55	2.3500
human	XC_FOXL1-979_44	710567	53390	13957	8262	634958	68249	531	67718	22	7050	3.2167
human	XC_FOXL1-979_45	1217412	89321	26333	20119	1081639	88583	765	87818	23	7707	3.8833
human	XC_FOXL1-979_46	555279	58484	11836	16593	468366	48428	785	47643	24	6125	3.0167
human	XC_FOXL1-979_47	1457385	100033	33639	18314	1305399	106426	749	105677	21	8283	4.1500
human	XC_FOXL1-979_48	562933	40078	14515	16712	491628	38440	737	37703	27	6022	3.0167
human	XC_FOXL1-979_49	758069	64540	18823	14009	660697	55009	569	54440	18	6820	3.2833
human	XC_FOXL1-979_50	1399375	112026	29001	8210	1250138	125991	494	125497	19	8336	4.0667
human	XC_FOXL1-979_51	7978	403	3	7484	88	551	497	54	21	53	2.3500
human	XC_FOXL1-979_52	440842	46107	7617	7831	379287	45774	597	45177	23	6485	2.8833
human	XC_FOXL1-979_53	664372	52773	16562	10182	584855	82670	749	81921	24	7282	3.2167
human	XC_FOXL1-979_54	1135297	83161	22924	15330	1013882	84497	684	83813	19	8024	3.7333
human	XC_FOXL1-979_55	739738	125055	15147	17881	581655	40022	672	39350	25	6448	3.2000
human	XC_FOXL1-979_56	23943	528	2	23363	50	923	892	31	27	29	2.3667
human	XC_FOXL1-979_57	507951	44327	9744	15056	438824	35973	533	35440	21	5690	2.9667
human	XC_FOXL1-979_58	1908331	109976	43130	17704	1737521	147542	911	146631	27	8624	4.5500
human	XC_FOXL1-979_59	168799	17277	3682	3630	144210	32573	515	32058	21	5680	2.5500
human	XC_FOXL1-979_60	387971	32166	8637	9758	337410	48143	783	47360	19	6106	2.8333
human	XC_FOXL1-979_61	257574	19821	5706	5094	226953	38307	485	37822	23	6182	2.6667
human	XC_FOXL1-979_62	565926	40951	9840	12198	502937	51102	633	50469	22	6849	3.0333
human	XC_FOXL1-979_63	1207550	98806	30654	22092	1055998	77169	722	76447	24	7440	3.8667
human	XC_FOXL1-979_64	524507	47366	11535	18429	447177	43825	996	42829	23	6057	2.9833
human	XC_FOXL1-979_65	23242	697	4	21408	1133	890	825	65	25	57	2.3667
human	XC_FOXL1-979_66	450223	42010	8399	11049	388765	42714	575	42139	25	6023	2.9333
human	XC_FOXL1-979_67	16424	433	3	15882	106	689	645	44	23	42	2.3667
human	XC_FOXL1-979_68	446391	30983	11466	13725	390217	40852	676	40176	22	6206	2.8833
human	XC_FOXL1-979_69	524335	61782	12264	17739	432550	35305	715	34590	21	5625	2.9833
human	XC_FOXL1-979_70	724154	60877	15028	11886	636363	51754	621	51133	22	6520	3.1833
human	XC_FOXL1-979_71	222066	18672	4622	2487	196285	41725	363	41362	20	6298	2.6167
human	XC_FOXL1-979_72	23831	358	0	23377	96	674	635	39	23	38	2.3500
human	XC_FOXL1-979_73	1091744	93168	23379	13448	961749	79531	643	78888	24	7601	3.6167
human	XC_FOXL1-979_74	20810	1277	10	16462	3061	1193	841	352	25	273	2.3500
human	XC_FOXL1-979_75	322318	41811	5920	7954	266633	33954	551	33403	26	5836	2.7000
human	XC_FOXL1-979_76	315549	22455	7110	7521	278463	34993	521	34472	20	6065	2.7000
human	XC_FOXL1-979_77	216337	18654	4487	7011	186185	30080	595	29485	23	5643	2.5833
human	XC_FOXL1-979_78	694449	55250	14779	13132	611288	54770	666	54104	24	6690	3.2167
human	XC_FOXL1-979_79	28438	2879	165	25080	314	937	868	69	27	60	2.3667
human	XC_FOXL1-979_80	717593	62859	15445	23753	615536	52842	887	51955	25	6390	3.2167
human	XC_FOXL1-979_81	13721	562	0	13088	71	798	757	41	26	40	2.3500
human	XC_FOXL1-979_82	566818	74899	13723	13394	464802	41963	638	41325	24	6042	3.0000
human	XC_FOXL1-979_83	14418	195	1	13972	250	746	724	22	22	21	2.3500
human	XC_FOXL1-979_84	11794	493	1	11218	82	561	516	45	22	41	2.3333
human	XC_FOXL1-979_85	3543	209	1	3238	95	554	488	66	19	62	2.3500
human	XC_FOXL1-979_86	877124	102050	18767	18364	737943	59065	795	58270	22	6952	3.4000
human	XC_FOXL1-979_87	1052102	127531	23100	21095	880376	66322	783	65539	22	6974	3.6833
human	XC_FOXL1-979_88	1446941	120057	32915	18226	1275743	84625	692	83933	23	7651	4.1667
human	XC_FOXL1-979_89	856132	73963	18927	16463	746779	81411	965	80446	26	7259	3.4167
human	XC_FOXL1-979_90	1147124	98010	24226	23057	1001831	82498	1020	81478	24	7626	3.7000
human	XC_FOXL1-979_91	527045	47268	12226	15397	452154	39525	608	38917	19	5948	3.0000
human	XC_FOXL1-979_92	14821	1083	2	13584	152	645	626	19	27	17	2.3667
human	XC_FOXL1-979_93	860372	70053	17660	18728	753931	55039	629	54410	25	7162	3.3667
human	XC_FOXL1-979_94	1401567	144530	34635	19225	1203177	121443	999	120444	25	7785	4.2000
human	XC_FOXL1-979_95	38001	9067	22	28696	216	1338	1242	96	23	87	2.3833
human	XC_FOXL1-979_96	54246	26646	38	26751	811	2025	1820	205	23	154	2.4167
human	XC_FOXL1-1372_01	752573	56728	15221	17880	662744	38619	529	38090	25	6609	3.2333
human	XC_FOXL1-1372_02	732448	63659	15063	19176	634550	36056	500	35556	22	6361	3.2000
human	XC_FOXL1-1372_03	887787	76808	15029	16392	779558	42321	514	41807	22	6662	3.3833
human	XC_FOXL1-1372_04	1052697	89375	20577	22207	920538	50677	614	50063	27	7157	3.5500
human	XC_FOXL1-1372_05	248223	25720	4117	29639	188747	7532	651	6881	26	1295	2.6333
human	XC_FOXL1-1372_06	26059	2087	30	23834	108	692	643	49	23	48	2.3500
human	XC_FOXL1-1372_07	32854	811	5	31784	254	824	787	37	27	36	2.4333
human	XC_FOXL1-1372_08	2573590	211287	50470	30192	2281641	142274	876	141398	22	8563	5.4333
human	XC_FOXL1-1372_09	650170	61944	14758	13556	559912	41551	513	41038	19	6575	3.1167
human	XC_FOXL1-1372_10	975230	82947	21760	29014	841509	49275	716	48559	22	6872	3.5000
human	XC_FOXL1-1372_11	18394	301	3	18022	68	726	705	21	25	21	2.3500
human	XC_FOXL1-1372_12	3612835	263316	80563	16259	3252697	235340	611	234729	23	10249	7.2167
human	XC_FOXL1-1372_13	3049113	214605	70933	25979	2737596	146911	704	146207	21	9321	6.0167
human	XC_FOXL1-1372_14	1714508	142012	36269	12933	1523294	117574	566	117008	25	8292	4.5000
human	XC_FOXL1-1372_15	1940211	148892	40434	28744	1722141	148841	1127	147714	20	8443	4.7667
human	XC_FOXL1-1372_16	2196250	96072	52003	24243	2023932	112529	729	111800	24	8883	4.8167
human	XC_FOXL1-1372_17	2127012	152220	52245	28511	1894036	84282	637	83645	23	8184	4.8833
human	XC_FOXL1-1372_18	39528	10245	1	28362	920	932	864	68	26	56	2.4333
human	XC_FOXL1-1372_19	1012773	87399	22700	12210	890464	51036	460	50576	23	6992	3.6167
human	XC_FOXL1-1372_20	603695	58328	12720	15202	517445	48964	697	48267	22	6640	3.0667
human	XC_FOXL1-1372_21	1879254	161963	42988	34780	1639523	88312	894	87418	24	8046	4.5500
human	XC_FOXL1-1372_22	1024713	98954	20528	20176	885055	63808	701	63107	21	7093	3.5833
human	XC_FOXL1-1372_23	2207354	171904	45339	27217	1962894	114988	829	114159	28	8538	5.0000
human	XC_FOXL1-1372_24	1650752	146121	35334	33027	1436270	76065	817	75248	25	7674	4.2833
human	XC_FOXL1-1372_25	905475	63579	20364	26196	795336	45910	691	45219	21	6682	3.4333
human	XC_FOXL1-1372_26	2845937	177326	65682	18420	2584509	159754	701	159053	22	9161	5.7667
human	XC_FOXL1-1372_27	1977811	156805	46204	27494	1747308	107674	751	106923	24	8321	4.9333
human	XC_FOXL1-1372_28	1124267	86178	23536	17052	997501	79831	648	79183	23	8038	3.7333
human	XC_FOXL1-1372_29	48191	5288	2	42704	197	913	863	50	24	46	2.4000
human	XC_FOXL1-1372_30	616917	65276	14619	16174	520848	35906	543	35363	22	6194	3.0833
human	XC_FOXL1-1372_31	2031422	155657	41680	32587	1801498	100393	932	99461	27	8265	4.7500
human	XC_FOXL1-1372_32	2352493	188273	51538	32092	2080590	140084	1062	139022	27	8773	5.2167
human	XC_FOXL1-1372_33	732775	54562	17821	25769	634623	55429	787	54642	26	6771	3.2333
human	XC_FOXL1-1372_34	1361806	190895	27213	20632	1123066	82674	814	81860	23	7523	4.0000
human	XC_FOXL1-1372_35	104765	8005	2592	1321	92847	29020	294	28726	18	5656	2.4833
human	XC_FOXL1-1372_36	524510	39962	10468	7860	466220	57574	529	57045	28	7291	3.0000
human	XC_FOXL1-1372_37	1434808	80070	35748	14372	1304618	140662	764	139898	22	8565	4.1333
human	XC_FOXL1-1372_38	308984	29424	7056	7426	265078	37210	635	36575	24	6077	2.7167
human	XC_FOXL1-1372_39	3487186	261127	75075	33784	3117200	214831	1130	213701	26	9755	6.4167
human	XC_FOXL1-1372_40	1546062	107358	37594	25786	1375324	86037	955	85082	26	7873	4.1167
human	XC_FOXL1-1372_41	1012048	70574	24075	29576	887823	53841	759	53082	23	6920	3.5500
human	XC_FOXL1-1372_42	31408	719	0	30614	75	1126	1097	29	26	25	2.3667
human	XC_FOXL1-1372_43	5447	282	2	5094	69	465	441	24	20	23	2.3333
human	XC_FOXL1-1372_44	451939	32877	9740	6355	402967	55794	561	55233	20	6909	2.8667
human	XC_FOXL1-1372_45	43131	10698	4	32094	335	1179	1099	80	27	76	2.3833
human	XC_FOXL1-1372_46	5289	262	2	4951	74	604	574	30	25	30	2.3333
human	XC_FOXL1-1372_47	1487643	110646	32447	21003	1323547	100083	740	99343	23	8349	4.1000
human	XC_FOXL1-1372_48	1597219	129677	38846	28217	1400479	89678	840	88838	22	8079	4.3000
human	XC_FOXL1-1372_49	23310	278	23	22792	217	638	613	25	29	24	2.3500
human	XC_FOXL1-1372_50	17798	801	34	16705	258	791	742	49	26	47	2.3500
human	XC_FOXL1-1372_51	514000	37228	12356	4551	459865	76144	501	75643	20	7549	2.9500
human	XC_FOXL1-1372_52	869034	39894	22096	12005	795039	66799	662	66137	30	7411	3.3167
human	XC_FOXL1-1372_53	656026	59241	14171	12825	569789	56900	616	56284	26	7211	3.1167
human	XC_FOXL1-1372_54	684674	51810	14833	9194	608837	69174	588	68586	22	7552	3.1500
human	XC_FOXL1-1372_55	87440	69754	21	15335	2330	821	634	187	24	158	2.4167
human	XC_FOXL1-1372_56	1874095	133078	44155	33497	1663365	98844	898	97946	24	8219	4.5833
human	XC_FOXL1-1372_57	1328634	109014	28648	22560	1168412	86245	758	85487	22	7846	3.8833
human	XC_FOXL1-1372_58	3512566	261888	76659	29132	3144887	150424	725	149699	26	9055	6.4667
human	XC_FOXL1-1372_59	1395476	126467	28818	24121	1216070	91579	906	90673	22	8030	4.0333
human	XC_FOXL1-1372_60	14132	457	0	13518	157	730	701	29	27	29	2.3500
human	XC_FOXL1-1372_61	2245639	173595	45574	22176	2004294	127896	797	127099	25	8645	5.0000
human	XC_FOXL1-1372_62	829302	62285	18404	15930	732683	59445	585	58860	19	7222	3.4333
human	XC_FOXL1-1372_63	1840920	143257	45126	22991	1629546	88283	666	87617	24	8188	4.5667
human	XC_FOXL1-1372_64	979504	87596	22163	28901	840844	56563	989	55574	22	6990	3.4833
human	XC_FOXL1-1372_65	1813325	133265	46809	35522	1597729	75754	892	74862	25	7664	4.5000
human	XC_FOXL1-1372_66	864532	78681	17162	16694	751995	47798	525	47273	21	6863	3.4167
human	XC_FOXL1-1372_67	1174887	90625	24612	17147	1042503	96550	772	95778	19	7995	3.7667
human	XC_FOXL1-1372_68	19766	296	1	19386	83	880	861	19	22	19	2.3667
human	XC_FOXL1-1372_69	28778	6508	1	21906	363	994	911	83	26	73	2.3833
human	XC_FOXL1-1372_70	870991	63046	20093	11454	776398	82304	603	81701	19	7738	3.4333
human	XC_FOXL1-1372_71	464033	33811	10957	6251	413014	57192	527	56665	24	7142	2.9000
human	XC_FOXL1-1372_72	1882492	135323	41766	29550	1675853	85933	789	85144	24	8013	4.5833
human	XC_FOXL1-1372_73	1440809	108849	27761	30418	1273781	90488	1017	89471	24	7748	4.1000
human	XC_FOXL1-1372_74	1350857	122898	28718	21394	1177847	80799	709	80090	21	7776	4.0000
human	XC_FOXL1-1372_75	505409	46733	11409	14770	432497	43144	812	42332	26	6698	2.9167
human	XC_FOXL1-1372_76	23436	973	2	21919	542	959	912	47	22	41	2.3500
human	XC_FOXL1-1372_77	137411	12651	2617	2063	120080	32741	354	32387	18	5969	2.5000
human	XC_FOXL1-1372_78	1106355	96428	28152	15827	965948	58042	627	57415	27	7172	3.6333
human	XC_FOXL1-1372_79	31450	3363	2	27272	813	873	795	78	20	72	2.3667
human	XC_FOXL1-1372_80	21894	1737	65	19553	539	732	649	83	22	74	2.3500
human	XC_FOXL1-1372_81	1053811	90953	22913	28052	911893	55868	880	54988	26	6826	3.5167
human	XC_FOXL1-1372_82	35418	7701	10	27361	346	746	701	45	23	44	2.3667
human	XC_FOXL1-1372_83	3217	64	2	2667	484	386	350	36	20	34	2.3333
human	XC_FOXL1-1372_84	977330	66846	22921	10873	876690	69466	530	68936	23	7695	3.4667
human	XC_FOXL1-1372_85	27260	1885	1	24895	479	946	876	70	21	56	2.3667
human	XC_FOXL1-1372_86	17382	2397	1	14898	86	896	865	31	24	30	2.3500
human	XC_FOXL1-1372_87	89008	9087	1949	1658	76314	22605	321	22284	17	5293	2.4333
human	XC_FOXL1-1372_88	2221150	169885	52674	38190	1960401	113722	1069	112653	30	8308	4.9500
human	XC_FOXL1-1372_89	1607929	115605	32711	19558	1440055	86445	680	85765	22	7758	4.2333
human	XC_FOXL1-1372_90	1647701	153143	35487	35656	1423415	89656	1068	88588	22	7614	4.2500
human	XC_FOXL1-1372_91	26354	2559	1	23709	85	1010	983	27	27	24	2.3333
human	XC_FOXL1-1372_92	837315	81237	18468	20351	717259	47054	716	46338	24	6534	3.2667
human	XC_FOXL1-1372_93	1148145	100313	26760	32117	988955	81412	1130	80282	24	7229	3.6667
human	XC_FOXL1-1372_94	188542	48960	3	138675	904	3840	3749	91	35	81	2.5333
human	XC_FOXL1-1372_95	2726970	251328	53788	27934	2393920	130406	820	129586	22	8551	5.6333
human	XC_FOXL1-1372_96	3675111	258711	74532	28655	3313213	166906	836	166070	26	8866	6.5000
human	XC_NCFAM-001_01	15470	230	0	15229	11	486	477	9	24	9	2.2833
human	XC_NCFAM-001_02	15093	684	0	14206	203	598	577	21	24	21	2.2667
human	XC_NCFAM-001_03	17007	633	10	16230	134	529	506	23	24	23	2.2833
human	XC_NCFAM-001_04	531261	36644	11675	11861	471081	31693	480	31213	24	6062	2.8500
human	XC_NCFAM-001_05	1604949	123250	35582	22620	1423497	77282	616	76666	22	7888	4.1500
human	XC_NCFAM-001_06	23644	2077	0	21441	126	646	623	23	23	22	2.2833
human	XC_NCFAM-001_07	1198135	120644	27630	18234	1031627	53552	475	53077	25	7086	3.6667
human	XC_NCFAM-001_08	1128581	95543	26460	18259	988319	47654	557	47097	25	6849	3.5333
human	XC_NCFAM-001_09	726959	65899	15478	11422	634160	54529	460	54069	18	6884	3.0833
human	XC_NCFAM-001_10	830728	86689	17469	19180	707390	55244	796	54448	22	6847	3.2167
human	XC_NCFAM-001_11	14483	540	0	13855	88	581	556	25	22	25	2.3000
human	XC_NCFAM-001_12	770237	58426	17420	15042	679349	53786	600	53186	25	7004	3.1500
human	XC_NCFAM-001_13	31425	2130	1	29248	46	929	900	29	22	29	2.2833
human	XC_NCFAM-001_14	17137	1815	3	14899	420	647	557	90	23	85	2.2833
human	XC_NCFAM-001_15	751610	72483	16041	22502	640584	46747	727	46020	25	6537	3.2500
human	XC_NCFAM-001_16	1138998	88702	24715	17159	1008422	68382	640	67742	21	7422	3.5833
human	XC_NCFAM-001_17	30024	1480	1	28442	101	781	743	38	28	35	2.2000
human	XC_NCFAM-001_18	34285	8569	1	25303	412	983	941	42	22	35	2.2500
human	XC_NCFAM-001_19	654417	63848	13207	17668	559694	38651	555	38096	21	6096	2.9833
human	XC_NCFAM-001_20	679077	52539	14385	12429	599724	84995	875	84120	21	7319	3.0500
human	XC_NCFAM-001_21	786184	42734	17888	32752	692810	46012	888	45124	23	6355	3.2000
human	XC_NCFAM-001_22	1084399	96783	24800	15648	947168	65882	530	65352	25	7370	3.6000
human	XC_NCFAM-001_23	25783	8640	0	16982	161	618	588	30	20	28	2.2333
human	XC_NCFAM-001_24	1275637	118162	28141	27190	1102144	52054	585	51469	24	7075	3.7167
human	XC_NCFAM-001_25	972089	71627	22459	14293	863710	61849	558	61291	25	7366	3.3667
human	XC_NCFAM-001_26	1302205	121451	27995	17278	1135481	99501	826	98675	28	7691	3.7333
human	XC_NCFAM-001_27	908262	74716	15472	25908	792166	48821	733	48088	26	6683	3.2833
human	XC_NCFAM-001_28	926252	66858	22363	11739	825292	71999	576	71423	22	7648	3.2667
human	XC_NCFAM-001_29	41637	4314	0	37147	176	839	808	31	23	29	2.2500
human	XC_NCFAM-001_30	879026	87026	16974	13898	761128	53636	482	53154	18	6914	3.2833
human	XC_NCFAM-001_31	1141420	106690	23212	20917	990601	67634	708	66926	24	7007	3.6167
human	XC_NCFAM-001_32	996217	70038	20082	21684	884413	59121	764	58357	22	6924	3.4000
human	XC_NCFAM-001_33	1375865	88614	30885	13963	1242403	126360	625	125735	20	8431	3.9000
human	XC_NCFAM-001_34	1031117	71169	22032	14574	923342	60653	531	60122	21	7588	3.3833
human	XC_NCFAM-001_35	442201	49135	9405	11489	372172	39625	630	38995	21	6065	2.7333
human	XC_NCFAM-001_36	1066674	79095	24931	10051	952597	97249	559	96690	20	8073	3.5167
human	XC_NCFAM-001_37	27238	2680	0	24501	57	780	764	16	24	16	2.2333
human	XC_NCFAM-001_38	1212960	130277	24578	25945	1032160	66100	861	65239	24	7348	3.6333
human	XC_NCFAM-001_39	2081855	273974	40177	20555	1747149	124777	755	124022	22	8550	4.6000
human	XC_NCFAM-001_40	41430	4452	244	22596	14138	1347	660	687	25	546	2.2833
human	XC_NCFAM-001_41	22921	107	0	22791	23	608	591	17	21	17	2.2500
human	XC_NCFAM-001_42	956001	91631	19873	20734	823763	66398	801	65597	23	7031	3.3667
human	XC_NCFAM-001_43	1303494	123230	26302	14185	1139777	94323	671	93652	23	8162	3.7500
human	XC_NCFAM-001_44	1530883	114660	35552	15315	1365356	112144	667	111477	26	8359	4.0333
human	XC_NCFAM-001_45	848688	58889	19090	25087	745622	49400	790	48610	25	6881	3.2167
human	XC_NCFAM-001_46	2515084	168143	55966	19768	2271207	163193	663	162530	24	9432	5.2667
human	XC_NCFAM-001_47	31348	6341	4	24745	258	763	726	37	24	33	2.3000
human	XC_NCFAM-001_48	871968	67165	24807	26227	753769	46319	747	45572	24	6561	3.2500
human	XC_NCFAM-001_49	20822	288	0	20182	352	771	737	34	21	34	2.3167
human	XC_NCFAM-001_50	430134	40050	14246	17193	358645	37654	769	36885	22	5727	2.8500
human	XC_NCFAM-001_51	1002042	64441	23518	13839	900244	69317	656	68661	25	7451	3.4667
human	XC_NCFAM-001_52	771408	85850	16042	18881	650635	46556	730	45826	27	6560	3.1833
human	XC_NCFAM-001_53	992341	52841	24614	21344	893542	62198	688	61510	23	7076	3.4333
human	XC_NCFAM-001_54	1958541	168558	42135	22514	1725334	123916	726	123190	19	8693	4.6833
human	XC_NCFAM-001_55	158295	126471	6	29514	2304	998	794	204	26	179	2.4500
human	XC_NCFAM-001_56	1515826	99658	39253	39447	1337468	113650	1482	112168	29	8173	4.1500
human	XC_NCFAM-001_57	471423	35457	10238	23093	402635	28381	628	27753	22	5612	2.8333
human	XC_NCFAM-001_58	58442	4945	508	30332	22657	2518	847	1671	23	1047	2.3500
human	XC_NCFAM-001_59	1155944	53101	25336	22779	1054728	79230	775	78455	21	7624	3.7500
human	XC_NCFAM-001_60	1342101	98328	29337	18925	1195511	98907	744	98163	24	7967	3.9500
human	XC_NCFAM-001_61	941886	98212	19840	30920	792914	54756	1000	53756	23	6512	3.4167
human	XC_NCFAM-001_62	1139435	89539	30803	30704	988389	82017	1016	81001	25	7467	3.7000
human	XC_NCFAM-001_63	1149296	99391	25238	33202	991465	67543	1005	66538	24	7202	3.6167
human	XC_NCFAM-001_64	495305	45951	12254	20281	416819	28706	593	28113	26	5468	2.9000
human	XC_NCFAM-001_65	1096478	76495	26391	22305	971287	64901	716	64185	21	7165	3.5833
human	XC_NCFAM-001_66	1836528	190569	40739	12664	1592556	143664	540	143124	25	9214	4.5167
human	XC_NCFAM-001_67	2765405	205273	67665	23323	2469144	247302	967	246335	23	9306	5.9000
human	XC_NCFAM-001_68	919810	43809	19733	16257	840011	71747	711	71036	24	7545	3.2833
human	XC_NCFAM-001_69	1157090	122691	23141	24124	987134	65223	805	64418	21	7111	3.7333
human	XC_NCFAM-001_70	1665879	114805	37761	22041	1491272	126909	884	126025	23	8386	4.2833
human	XC_NCFAM-001_71	2624160	200681	62907	27982	2332590	164072	898	163174	25	8853	5.7167
human	XC_NCFAM-001_72	2621327	162927	59937	19383	2379080	152945	628	152317	23	9025	5.4333
human	XC_NCFAM-001_73	21417	414	0	20837	166	737	702	35	27	33	2.2667
human	XC_NCFAM-001_74	32828	2201	316	18958	11353	1527	706	821	23	583	2.3000
human	XC_NCFAM-001_75	1881193	78836	44977	17067	1740313	125844	644	125200	22	8681	4.4000
human	XC_NCFAM-001_76	1131197	78443	27021	14345	1011388	88893	592	88301	23	8225	3.5833
human	XC_NCFAM-001_77	1289245	91214	24503	36380	1137148	86110	1134	84976	26	7607	3.8333
human	XC_NCFAM-001_78	586333	61705	13303	21473	489852	39852	837	39015	25	5794	2.9667
human	XC_NCFAM-001_79	2723983	277139	60446	29646	2356752	190019	1049	188970	28	9066	5.7500
human	XC_NCFAM-001_80	24578	1998	28	21810	742	791	725	66	24	61	2.2667
human	XC_NCFAM-001_81	23668	749	1	22726	192	1018	993	25	29	25	2.3500
human	XC_NCFAM-001_82	751685	63825	16208	19187	652465	51494	685	50809	26	6557	3.2833
human	XC_NCFAM-001_83	1790544	137712	45448	19421	1587963	121746	714	121032	19	8653	4.5667
human	XC_NCFAM-001_84	936917	73879	21619	19805	821614	84587	940	83647	20	7263	3.5333
human	XC_NCFAM-001_85	1594991	137275	31771	29536	1396409	91649	960	90689	20	7878	4.3167
human	XC_NCFAM-001_86	1969368	158238	43177	22315	1745638	142322	843	141479	21	8570	4.8333
human	XC_NCFAM-001_87	87575	56236	0	30077	1262	1111	1004	107	31	90	2.4333
human	XC_NCFAM-001_88	1209268	97593	30836	32257	1048582	53278	745	52533	23	6862	3.8333
human	XC_NCFAM-001_89	2036315	136056	52127	20941	1827191	239017	1305	237712	22	8888	5.2000
human	XC_NCFAM-001_90	2310886	140539	51170	26577	2092600	137584	914	136670	28	8928	5.1000
human	XC_NCFAM-001_91	1781995	115017	39774	14594	1612610	174240	838	173402	24	8511	4.7833
human	XC_NCFAM-001_92	2322508	195239	53014	16895	2057360	208882	810	208072	25	9548	5.2333
human	XC_NCFAM-001_93	41399	6680	132	31949	2638	1479	1271	208	25	187	2.4500
human	XC_NCFAM-001_94	2552462	222359	50769	21188	2258146	200936	999	199937	23	9385	5.6833
human	XC_NCFAM-001_95	38052	12065	16	25655	316	1101	1037	64	23	59	2.4000
human	XC_NCFAM-001_96	1445780	93164	31141	20432	1301043	103527	931	102596	21	7077	4.1667
human	XC_NR2F1-2112_01	2294062	191766	51016	18653	2032627	107867	523	107344	24	8308	5.0667
human	XC_NR2F1-2112_02	1281902	101398	27096	16289	1137119	59718	530	59188	23	6937	3.8333
human	XC_NR2F1-2112_03	18159	2320	1	15716	122	544	506	38	22	34	2.3333
human	XC_NR2F1-2112_04	842418	68523	17646	22975	733274	36059	594	35465	24	6260	3.2667
human	XC_NR2F1-2112_05	53340	12141	2	40082	1115	764	676	88	23	82	2.3333
human	XC_NR2F1-2112_06	880986	119190	17712	16925	727159	35427	398	35029	20	5960	3.3167
human	XC_NR2F1-2112_07	1487146	135376	32957	29248	1289565	56199	693	55506	27	7076	4.0333
human	XC_NR2F1-2112_08	2351633	210638	49717	32483	2058795	84970	720	84250	26	7873	5.0333
human	XC_NR2F1-2112_09	1236988	118866	29673	14826	1073623	68962	487	68475	23	7283	3.8000
human	XC_NR2F1-2112_10	1751219	152397	33164	32870	1532788	85093	800	84293	24	7584	4.3500
human	XC_NR2F1-2112_11	919189	80247	17635	18831	802476	64531	768	63763	21	6841	3.3500
human	XC_NR2F1-2112_12	1328820	100218	27115	23316	1178171	69680	677	69003	24	7198	3.9000
human	XC_NR2F1-2112_13	1114369	87138	33496	36526	957209	56813	923	55890	26	4497	3.8167
human	XC_NR2F1-2112_14	803054	81221	16628	12969	692236	38579	537	38042	23	6061	3.2333
human	XC_NR2F1-2112_15	37217	2317	0	34657	243	798	766	32	27	31	2.3500
human	XC_NR2F1-2112_16	1735434	144689	38679	32230	1519836	86785	876	85909	23	7377	4.3500
human	XC_NR2F1-2112_17	5128315	362304	110943	33480	4621588	340815	1221	339594	23	10076	9.6000
human	XC_NR2F1-2112_18	43103	13486	3	29412	202	1150	1080	70	25	65	2.2667
human	XC_NR2F1-2112_19	1487338	126565	30530	16018	1314225	76194	499	75695	21	7301	4.0000
human	XC_NR2F1-2112_20	1077308	73702	23644	15794	964168	80872	699	80173	18	7546	3.5333
human	XC_NR2F1-2112_21	1486946	115164	31271	32682	1307829	60413	717	59696	23	7065	3.9333
human	XC_NR2F1-2112_22	1154522	126790	24200	25434	978098	48623	549	48074	21	6593	3.5667
human	XC_NR2F1-2112_23	44499	13626	19	30523	331	1070	1002	68	24	64	2.2667
human	XC_NR2F1-2112_24	37349	2651	1	34576	121	933	883	50	23	48	2.3167
human	XC_NR2F1-2112_25	28706	306	1	28254	145	800	767	33	25	33	2.3000
human	XC_NR2F1-2112_26	2219203	154645	53064	25342	1986152	119171	831	118340	22	8301	4.7833
human	XC_NR2F1-2112_27	1050237	110809	19939	26040	893449	49104	718	48386	24	6409	3.4000
human	XC_NR2F1-2112_28	257071	13923	5632	2228	235288	55498	341	55157	24	6428	2.4833
human	XC_NR2F1-2112_29	2314950	204726	59994	42843	2007387	113996	1125	112871	23	8253	5.0333
human	XC_NR2F1-2112_30	931299	86521	22879	20062	801837	47491	638	46853	25	6588	3.2500
human	XC_NR2F1-2112_31	56597	11101	14	42514	2968	1432	1287	145	24	124	2.2500
human	XC_NR2F1-2112_32	1664110	185679	32791	31463	1414177	59142	626	58516	20	7013	4.1500
human	XC_NR2F1-2112_33	851317	61525	19353	28677	741762	45073	616	44457	25	6448	3.1667
human	XC_NR2F1-2112_34	1159229	107492	25000	17944	1008793	57560	596	56964	26	7008	3.5333
human	XC_NR2F1-2112_35	815246	61645	16882	12927	723792	93413	852	92561	23	7437	3.2167
human	XC_NR2F1-2112_36	577968	42620	11779	9449	514120	55408	543	54865	22	6859	2.9167
human	XC_NR2F1-2112_37	28177	3725	1	24285	166	975	939	36	27	34	2.2667
human	XC_NR2F1-2112_38	10586	692	0	9856	38	522	509	13	21	13	2.2333
human	XC_NR2F1-2112_39	8115	788	1	6483	843	570	498	72	21	64	2.2833
human	XC_NR2F1-2112_40	1654597	122163	38974	32940	1460520	60889	784	60105	21	7124	4.0833
human	XC_NR2F1-2112_41	1413664	84092	27561	39338	1262673	68777	861	67916	23	7185	3.9167
human	XC_NR2F1-2112_42	39494	877	7	38568	42	1328	1299	29	18	28	2.2833
human	XC_NR2F1-2112_43	2110	163	0	1885	62	400	367	33	18	31	2.2167
human	XC_NR2F1-2112_44	362295	26890	8591	6935	319879	33769	529	33240	26	5929	2.6333
human	XC_NR2F1-2112_45	1479335	121636	30231	18166	1309302	110504	762	109742	25	7794	4.1000
human	XC_NR2F1-2112_46	1084171	82144	25453	21520	955054	89159	980	88179	22	7532	3.6500
human	XC_NR2F1-2112_47	1136402	98709	25557	28365	983771	98317	1501	96816	23	7338	3.5833
human	XC_NR2F1-2112_48	1891048	126403	44972	33400	1686273	80931	738	80193	26	7600	4.4667
human	XC_NR2F1-2112_49	2198127	137780	43001	29501	1987845	89983	542	89441	22	7636	4.8667
human	XC_NR2F1-2112_50	1754420	134179	46623	15797	1557821	99775	630	99145	22	7852	4.5000
human	XC_NR2F1-2112_51	571818	38707	11866	6296	514949	73688	542	73146	22	7197	3.0333
human	XC_NR2F1-2112_52	143366	9215	3273	1779	129099	33365	311	33054	15	5439	2.5000
human	XC_NR2F1-2112_53	492101	50314	11802	10600	419385	46625	633	45992	21	6368	2.8833
human	XC_NR2F1-2112_54	516650	47301	11366	9461	448522	51503	522	50981	22	6559	2.9333
human	XC_NR2F1-2112_55	1336438	238028	25800	29069	1043541	98170	1473	96697	22	7443	3.8833
human	XC_NR2F1-2112_56	1900177	138847	47266	31334	1682730	86349	844	85505	28	7876	4.6000
human	XC_NR2F1-2112_57	2281403	171634	47181	25287	2037301	129107	776	128331	24	8268	5.2333
human	XC_NR2F1-2112_58	3024499	201754	67754	29576	2725415	111346	542	110804	23	8407	5.8333
human	XC_NR2F1-2112_59	666042	50624	15099	8317	592002	74062	536	73526	24	7264	3.1000
human	XC_NR2F1-2112_60	695703	51473	17432	11998	614800	74742	838	73904	29	7309	3.1667
human	XC_NR2F1-2112_61	20553	1414	0	18973	166	952	908	44	21	43	2.3000
human	XC_NR2F1-2112_62	8398	290	0	8037	71	506	470	36	22	36	2.3333
human	XC_NR2F1-2112_63	1837908	167662	39041	30766	1600439	80264	776	79488	22	7332	4.5500
human	XC_NR2F1-2112_64	4767120	383157	110696	29084	4244183	346392	967	345425	24	10180	10.0333
human	XC_NR2F1-2112_65	1744944	144445	45339	40532	1514628	81436	1014	80422	31	7334	4.3667
human	XC_NR2F1-2112_66	14901	1126	326	174	13275	6916	93	6823	8	2630	2.3000
human	XC_NR2F1-2112_67	622899	102814	9895	27506	482684	36135	739	35396	22	4721	3.4500
human	XC_NR2F1-2112_68	27872	562	1	27298	11	1081	1072	9	25	9	2.3333
human	XC_NR2F1-2112_69	611029	53509	10578	15087	531855	50473	664	49809	21	6543	3.0167
human	XC_NR2F1-2112_70	1422994	111962	32471	24323	1254238	116385	1251	115134	22	7752	4.0000
human	XC_NR2F1-2112_71	3339631	260521	62617	30048	2986445	230694	1337	229357	20	8902	6.3333
human	XC_NR2F1-2112_72	916460	92981	18876	34448	770155	35545	777	34768	21	5713	3.3500
human	XC_NR2F1-2112_73	1592794	149920	42262	27700	1372912	79202	793	78409	19	7224	4.2167
human	XC_NR2F1-2112_74	25757	2014	552	478	22713	11087	192	10895	14	3312	2.2833
human	XC_NR2F1-2112_75	765613	51052	16271	14523	683767	64060	745	63315	23	7016	3.1500
human	XC_NR2F1-2112_76	444006	32187	9734	13059	389026	33301	570	32731	24	5951	2.8000
human	XC_NR2F1-2112_77	2428143	93918	55135	29593	2249497	150002	940	149062	25	8689	5.2500
human	XC_NR2F1-2112_78	961044	75143	21190	21725	842986	80273	1078	79195	24	7185	3.4167
human	XC_NR2F1-2112_79	1893320	152271	41290	30197	1669562	95256	801	94455	22	7675	4.5333
human	XC_NR2F1-2112_80	2372631	187131	51627	25721	2108152	152224	1026	151198	22	7975	5.3833
human	XC_NR2F1-2112_81	30026	1023	8	28937	58	953	922	31	26	29	2.4333
human	XC_NR2F1-2112_82	10908	746	238	252	9672	5320	113	5207	12	2395	2.2333
human	XC_NR2F1-2112_83	1347372	144735	29562	26870	1146205	89425	965	88460	25	7413	3.8500
human	XC_NR2F1-2112_84	2926431	165788	67689	13220	2679734	200433	532	199901	17	9281	5.9500
human	XC_NR2F1-2112_85	30490	1807	1	28185	497	959	924	35	26	35	2.2333
human	XC_NR2F1-2112_86	1691151	87004	37019	34940	1532188	103420	1174	102246	30	7604	4.3667
human	XC_NR2F1-2112_87	3050282	296924	66424	35199	2651735	117497	738	116759	20	8177	5.9667
human	XC_NR2F1-2112_88	2029925	239005	37241	43158	1710521	82191	1029	81162	22	7299	4.6333
human	XC_NR2F1-2112_89	1595913	113711	30072	28436	1423694	93532	1008	92524	21	7660	4.0667
human	XC_NR2F1-2112_90	49580	3513	4	45930	133	1610	1545	65	26	60	2.2833
human	XC_NR2F1-2112_91	966570	68020	19734	23457	855359	61814	880	60934	27	6646	3.3500
human	XC_NR2F1-2112_92	1422649	112780	27768	23030	1259071	69968	705	69263	23	7308	3.9500
human	XC_NR2F1-2112_93	2341185	171698	50744	27241	2091502	132288	829	131459	25	8496	5.0000
human	XC_NR2F1-2112_94	91585	58901	2	31140	1542	1105	981	124	21	104	2.2833
human	XC_NR2F1-2112_95	53805	11660	3	41355	787	1319	1228	91	25	82	2.2833
human	XC_NR2F1-2112_96	89035	40336	2	47848	849	2121	1978	143	25	107	2.3500
human	XC_NR2F1-2838_01	14428	601	2	13765	60	521	475	46	22	45	2.2167
human	XC_NR2F1-2838_02	1622029	136347	30559	17788	1437335	83531	438	83093	21	7827	4.1333
human	XC_NR2F1-2838_03	16140	844	2	15253	41	506	487	19	20	16	2.2167
human	XC_NR2F1-2838_04	1876647	156623	38996	11083	1669945	109443	437	109006	25	8572	4.5167
human	XC_NR2F1-2838_05	1167480	120852	26131	25760	994737	44881	584	44297	19	6462	3.5500
human	XC_NR2F1-2838_06	1119281	114560	21787	19790	963144	58052	563	57489	22	6985	3.5167
human	XC_NR2F1-2838_07	2158139	108293	53611	21036	1975199	97338	505	96833	20	8569	4.5833
human	XC_NR2F1-2838_08	32974	2494	3	30301	176	700	623	77	22	72	2.3333
human	XC_NR2F1-2838_09	625391	55435	11222	14460	544274	49273	596	48677	20	6363	2.9500
human	XC_NR2F1-2838_10	1008965	87351	22716	22443	876455	64682	748	63934	25	7139	3.3833
human	XC_NR2F1-2838_11	15448	151	6	15150	141	486	450	36	22	36	2.2000
human	XC_NR2F1-2838_12	632193	67022	12133	17845	535193	45061	706	44355	22	6297	2.9333
human	XC_NR2F1-2838_13	2189051	284572	43282	25659	1835538	145642	927	144715	25	8708	4.6833
human	XC_NR2F1-2838_14	793011	74733	15639	12651	689988	53777	506	53271	19	6770	3.1500
human	XC_NR2F1-2838_15	23565	2555	0	20706	304	803	759	44	24	41	2.2667
human	XC_NR2F1-2838_16	1631048	121890	32763	30898	1445497	117230	1078	116152	23	8050	4.1833
human	XC_NR2F1-2838_17	1888854	165092	37049	34486	1652227	94699	966	93733	25	7783	4.5167
human	XC_NR2F1-2838_18	1742629	178297	38652	33550	1492130	95799	1032	94767	27	7893	4.4333
human	XC_NR2F1-2838_19	862664	77592	19195	15233	750644	66741	665	66076	21	6986	3.2833
human	XC_NR2F1-2838_20	778665	61802	16771	10665	689427	69457	516	68941	20	7561	3.2000
human	XC_NR2F1-2838_21	1718896	238814	29086	24406	1426590	92460	712	91748	23	8290	4.2667
human	XC_NR2F1-2838_22	1088179	113281	25211	16084	933603	76830	679	76151	22	7420	3.6500
human	XC_NR2F1-2838_23	1537267	119964	33932	20521	1362850	112359	879	111480	23	7850	4.2833
human	XC_NR2F1-2838_24	34696	4117	1	29811	767	1120	1064	56	21	51	2.3333
human	XC_NR2F1-2838_25	963161	77136	18726	20903	846396	54829	671	54158	23	7082	3.3667
human	XC_NR2F1-2838_26	17749	374	0	16558	817	725	619	106	23	101	2.3000
human	XC_NR2F1-2838_27	825976	79047	15646	21830	709453	53908	800	53108	24	6530	3.2500
human	XC_NR2F1-2838_28	12089	231	181	11149	528	624	578	46	22	44	2.3000
human	XC_NR2F1-2838_29	1178517	153458	24505	31561	968993	63902	952	62950	24	6904	3.6333
human	XC_NR2F1-2838_30	115214	98875	84	10966	5289	1460	569	891	21	617	2.4000
human	XC_NR2F1-2838_31	1707944	163592	41290	29885	1473177	95298	946	94352	26	7889	4.2500
human	XC_NR2F1-2838_32	26018	3558	1	22198	261	643	578	65	23	62	2.2833
human	XC_NR2F1-2838_33	554302	38283	11860	22894	481265	39269	767	38502	23	6206	2.8833
human	XC_NR2F1-2838_34	1757750	129749	35637	18201	1574163	120237	727	119510	22	7889	4.3333
human	XC_NR2F1-2838_35	839842	63596	18866	8916	748464	86192	615	85577	23	7723	3.2167
human	XC_NR2F1-2838_36	8627	1087	0	7499	41	600	572	28	21	28	2.2167
human	XC_NR2F1-2838_37	29203	2113	1	26978	111	791	772	19	21	18	2.2167
human	XC_NR2F1-2838_38	1139189	98709	23904	25598	990978	67751	864	66887	21	7188	3.5000
human	XC_NR2F1-2838_39	1706881	133771	37358	29918	1505834	104751	1002	103749	25	8086	4.2333
human	XC_NR2F1-2838_40	1715265	116953	34169	25356	1538787	87281	743	86538	23	7922	4.2833
human	XC_NR2F1-2838_41	35434	382	2	35009	41	1052	1016	36	27	33	2.2333
human	XC_NR2F1-2838_42	192	5	1	110	76	83	68	15	8	15	2.1833
human	XC_NR2F1-2838_43	462325	44341	9007	2423	406554	82812	373	82439	17	7491	2.8167
human	XC_NR2F1-2838_44	53	3	0	2	48	26	1	25	1	25	2.2000
human	XC_NR2F1-2838_45	1718476	337146	25593	21426	1334311	118442	898	117544	22	9090	4.1667
human	XC_NR2F1-2838_46	850407	59443	18000	20480	752484	58819	763	58056	22	7010	3.1833
human	XC_NR2F1-2838_47	874359	69860	18403	20848	765248	75346	976	74370	23	7304	3.2500
human	XC_NR2F1-2838_48	1491636	116297	36744	32010	1306585	77927	865	77062	26	7528	3.9667
human	XC_NR2F1-2838_49	21718	431	1	21222	64	655	602	53	24	48	2.3167
human	XC_NR2F1-2838_50	46051	3519	1000	650	40882	16818	228	16590	16	4375	2.3667
human	XC_NR2F1-2838_51	8854	399	27	8337	91	672	625	47	18	46	2.2833
human	XC_NR2F1-2838_52	158961	10447	3238	2754	142522	23973	321	23652	20	5123	2.4500
human	XC_NR2F1-2838_53	10077	1676	0	8217	184	579	524	55	21	51	2.2833
human	XC_NR2F1-2838_54	2190147	233080	41573	17338	1898156	163301	751	162550	23	9012	5.0333
human	XC_NR2F1-2838_55	101239	80327	36	19176	1700	1052	839	213	24	192	2.3667
human	XC_NR2F1-2838_56	1859808	140557	38012	34605	1646634	105848	958	104890	25	8259	4.4833
human	XC_NR2F1-2838_57	28677	625	21	27943	88	791	740	51	23	49	2.2833
human	XC_NR2F1-2838_58	2061186	148242	42773	30312	1839859	117130	1041	116089	26	8423	4.7167
human	XC_NR2F1-2838_59	21796	3819	1	17506	470	842	787	55	22	55	2.3000
human	XC_NR2F1-2838_60	7621	235	0	7320	66	625	584	41	22	39	2.2500
human	XC_NR2F1-2838_61	1850774	129920	39648	20421	1660785	103276	670	102606	21	8113	4.4167
human	XC_NR2F1-2838_62	1933787	176937	41885	22254	1692711	137168	850	136318	24	8598	4.6000
human	XC_NR2F1-2838_63	28811	983	22	26214	1592	1040	819	221	20	184	2.2833
human	XC_NR2F1-2838_64	818730	80702	16130	22384	699514	57084	905	56179	26	6514	3.2000
human	XC_NR2F1-2838_65	3646665	254400	78450	31203	3282612	176499	810	175689	25	9290	6.9333
human	XC_NR2F1-2838_66	1777317	165226	37608	14431	1560052	119879	490	119389	18	8722	4.5833
human	XC_NR2F1-2838_67	161746	26830	3361	6248	125307	25309	637	24672	24	5262	2.4333
human	XC_NR2F1-2838_68	1158504	75383	24193	13719	1045209	92858	629	92229	20	7788	3.6833
human	XC_NR2F1-2838_69	1503722	141469	28529	22706	1311018	92885	798	92087	23	7890	4.1000
human	XC_NR2F1-2838_70	407359	53588	7431	8448	337892	45124	598	44526	25	6511	2.7500
human	XC_NR2F1-2838_71	2555330	197476	55898	31038	2270918	178470	1166	177304	22	8672	5.3667
human	XC_NR2F1-2838_72	32144	1060	1	30976	107	921	856	65	24	58	2.2667
human	XC_NR2F1-2838_73	1941179	154556	46384	25688	1714551	110717	861	109856	25	8023	4.6667
human	XC_NR2F1-2838_74	34904	3215	927	309	30453	11810	105	11705	10	3553	2.3333
human	XC_NR2F1-2838_75	578672	38718	13848	15594	510512	40960	581	40379	23	6195	2.9500
human	XC_NR2F1-2838_76	581509	36854	10146	9589	524920	68604	649	67955	20	7529	2.9667
human	XC_NR2F1-2838_77	204184	17471	4381	5044	177288	35672	514	35158	17	5895	2.4833
human	XC_NR2F1-2838_78	630913	56720	13892	13552	546749	57526	699	56827	23	6467	3.0000
human	XC_NR2F1-2838_79	1391158	110317	27703	13575	1239563	141285	822	140463	25	8616	3.9333
human	XC_NR2F1-2838_80	1203437	82645	29908	40177	1050707	72144	1162	70982	26	7190	3.6500
human	XC_NR2F1-2838_81	1395582	105560	30382	27702	1231938	86246	881	85365	22	7524	3.9333
human	XC_NR2F1-2838_82	1717042	90521	39992	21589	1564940	100810	797	100013	23	8178	4.1833
human	XC_NR2F1-2838_83	714790	72242	15965	20884	605699	46551	737	45814	23	6405	3.0833
human	XC_NR2F1-2838_84	768788	60234	18361	11896	678297	56793	573	56220	20	7138	3.1500
human	XC_NR2F1-2838_85	13406	1334	0	11996	76	625	586	39	17	38	2.2667
human	XC_NR2F1-2838_86	887976	68190	16946	13104	789736	61947	623	61324	23	7220	3.3500
human	XC_NR2F1-2838_87	369874	40648	7277	5404	316545	48609	419	48190	20	6541	2.6833
human	XC_NR2F1-2838_88	4340344	392662	93694	36647	3817341	247610	1011	246599	27	9669	8.3167
human	XC_NR2F1-2838_89	39011	1207	1	37597	206	1155	1085	70	21	68	2.2667
human	XC_NR2F1-2838_90	1379074	136859	26741	48817	1166657	69897	1518	68379	24	6827	3.8000
human	XC_NR2F1-2838_91	33466	2707	2	30611	146	1101	1042	59	23	56	2.2833
human	XC_NR2F1-2838_92	1717954	123018	35830	25466	1533640	98276	716	97560	25	7926	4.3833
human	XC_NR2F1-2838_93	50130	8747	3	40845	535	1281	1201	80	26	76	2.2667
human	XC_NR2F1-2838_94	99126	62433	26	34358	2309	931	813	118	24	89	2.3333
human	XC_NR2F1-2838_95	1473497	142831	27882	36497	1266287	81025	1129	79896	25	7276	3.9167
human	XC_NR2F1-2838_96	4579463	351265	127738	48347	4052113	473931	2890	471041	27	9724	10.0833
human	XC_NR2F1-2922_01	1128825	108860	25000	25995	968970	52379	667	51712	21	6697	3.4667
human	XC_NR2F1-2922_02	29825	660	2	28912	251	706	666	40	24	38	2.2167
human	XC_NR2F1-2922_03	1350023	103433	27005	18635	1200950	57473	506	56967	24	7160	3.7000
human	XC_NR2F1-2922_04	36113	1251	6	34580	276	926	873	53	26	50	2.2167
human	XC_NR2F1-2922_05	2410497	202421	51079	33652	2123345	94186	764	93422	26	8224	4.9333
human	XC_NR2F1-2922_06	1378477	138547	25224	35459	1179247	64188	850	63338	21	7220	3.7000
human	XC_NR2F1-2922_07	1578812	126149	42592	32920	1377151	49290	644	48646	17	6980	3.9167
human	XC_NR2F1-2922_08	43284	3244	2	39908	130	908	830	78	26	74	2.2500
human	XC_NR2F1-2922_09	1363272	150886	31316	18501	1162569	86575	644	85931	23	8133	3.7333
human	XC_NR2F1-2922_10	1383473	239898	26526	22285	1094764	67369	674	66695	25	7227	3.8000
human	XC_NR2F1-2922_11	1668113	152222	39326	23135	1453430	103493	799	102694	24	8261	4.0833
human	XC_NR2F1-2922_12	35265	3919	2	31174	170	961	873	88	25	83	2.2167
human	XC_NR2F1-2922_13	2718272	224042	59166	30189	2404875	128535	771	127764	23	8614	5.3333
human	XC_NR2F1-2922_14	1843666	92361	40495	25397	1685413	105756	812	104944	24	8046	4.2167
human	XC_NR2F1-2922_15	40021	2736	0	37068	217	994	954	40	24	39	2.2833
human	XC_NR2F1-2922_16	44040	2143	0	41712	185	1328	1260	68	24	64	2.2500
human	XC_NR2F1-2922_17	70868	4593	5	65992	278	1633	1546	87	26	82	2.3000
human	XC_NR2F1-2922_18	51225	16815	3	33924	483	1057	991	66	23	63	2.2833
human	XC_NR2F1-2922_19	27028	4894	0	22007	127	644	604	40	22	40	2.2333
human	XC_NR2F1-2922_20	967212	76246	19798	19889	851279	63610	722	62888	18	7164	3.2833
human	XC_NR2F1-2922_21	58966	15823	4	42670	469	1275	1190	85	25	76	2.2667
human	XC_NR2F1-2922_22	2595784	271933	51243	24475	2248133	160824	851	159973	25	8905	5.2333
human	XC_NR2F1-2922_23	44080	15059	1	28294	726	990	917	73	21	59	2.2667
human	XC_NR2F1-2922_24	3811798	323946	77429	44544	3365879	182460	990	181470	28	9049	7.4333
human	XC_NR2F1-2922_25	38709	581	0	37912	216	1076	1041	35	25	34	2.2667
human	XC_NR2F1-2922_26	27225	562	1	26094	568	1137	1040	97	22	89	2.2333
human	XC_NR2F1-2922_27	2694316	196263	62266	38181	2397606	142090	996	141094	28	8594	5.4167
human	XC_NR2F1-2922_28	21924	886	0	20969	69	789	745	44	21	43	2.2667
human	XC_NR2F1-2922_29	51437	6745	917	43533	242	1045	987	58	25	54	2.3167
human	XC_NR2F1-2922_30	18073	2123	0	15864	86	594	551	43	21	39	2.2833
human	XC_NR2F1-2922_31	58173	16353	8	39093	2719	1127	957	170	23	147	2.2667
human	XC_NR2F1-2922_32	1710432	136503	37722	37127	1499080	77314	924	76390	26	7457	4.1500
human	XC_NR2F1-2922_33	884721	60554	18722	33696	771749	50315	797	49518	25	6507	3.2833
human	XC_NR2F1-2922_34	2026239	169765	41862	29249	1785363	115619	867	114752	22	8125	4.6000
human	XC_NR2F1-2922_35	1865656	142811	47135	15110	1660600	150484	690	149794	22	8626	4.6167
human	XC_NR2F1-2922_36	268640	16633	6312	5875	239820	45166	554	44612	22	6323	2.6000
human	XC_NR2F1-2922_37	793796	59698	17179	14625	702294	71040	700	70340	26	7503	3.2667
human	XC_NR2F1-2922_38	1246188	102719	29584	14483	1099402	106253	773	105480	25	7998	3.7500
human	XC_NR2F1-2922_39	2213831	184089	56613	35235	1937894	128137	996	127141	24	8146	5.0333
human	XC_NR2F1-2922_40	2072214	164652	53516	49403	1804643	75338	880	74458	23	7893	4.6500
human	XC_NR2F1-2922_41	1356143	108923	23945	38977	1184298	69296	942	68354	28	7321	3.8000
human	XC_NR2F1-2922_42	939652	66419	20850	5096	847287	139966	492	139474	25	8546	3.4833
human	XC_NR2F1-2922_43	20014	1123	0	18797	94	907	866	41	22	38	2.2833
human	XC_NR2F1-2922_44	622595	47982	14670	5895	554048	87083	541	86542	19	7470	3.0167
human	XC_NR2F1-2922_45	349718	26465	7962	6496	308795	59276	639	58637	19	7071	2.6667
human	XC_NR2F1-2922_46	1320226	89240	26471	29555	1174960	76712	916	75796	25	7444	3.8167
human	XC_NR2F1-2922_47	1848338	138859	42114	22279	1645086	104716	649	104067	24	8560	4.5667
human	XC_NR2F1-2922_48	49016	6458	0	41317	1241	984	911	73	27	65	2.3000
human	XC_NR2F1-2922_49	1197893	83510	25998	30293	1058092	49181	615	48566	22	6639	3.7167
human	XC_NR2F1-2922_50	581452	40462	13194	5222	522574	72986	493	72493	19	7465	3.0500
human	XC_NR2F1-2922_51	1168937	113975	21414	17854	1015694	65993	661	65332	26	7489	3.6333
human	XC_NR2F1-2922_52	285487	24825	5573	4003	251086	34598	427	34171	19	6072	2.6500
human	XC_NR2F1-2922_53	9586	1403	0	8100	83	665	641	24	21	24	2.3333
human	XC_NR2F1-2922_54	435920	39849	8470	4490	383111	63409	498	62911	22	7722	2.8500
human	XC_NR2F1-2922_55	1650212	245022	33769	34129	1337292	53183	592	52591	26	7320	4.1833
human	XC_NR2F1-2922_56	43569	1731	1	41745	92	886	834	52	22	49	2.3500
human	XC_NR2F1-2922_57	1570603	130983	35115	29522	1374983	104232	1056	103176	23	7794	4.1167
human	XC_NR2F1-2922_58	481703	34816	12696	4039	430152	92188	511	91677	22	7711	2.9167
human	XC_NR2F1-2922_59	325158	25158	7262	2729	290009	67249	441	66808	24	7275	2.8000
human	XC_NR2F1-2922_60	660249	42070	13702	8281	596196	74114	601	73513	23	7508	3.1167
human	XC_NR2F1-2922_61	8225	548	0	7633	44	669	635	34	20	34	2.3167
human	XC_NR2F1-2922_62	35842	2330	0	33390	122	1009	972	37	26	37	2.3667
human	XC_NR2F1-2922_63	2562952	139529	59511	47675	2316237	132175	1123	131052	23	8597	5.1833
human	XC_NR2F1-2922_64	1134483	95722	22592	26458	989711	55040	772	54268	23	6777	3.6000
human	XC_NR2F1-2922_65	3725849	254493	105183	46956	3319217	215524	1382	214142	24	9003	6.6833
human	XC_NR2F1-2922_66	136411	14205	3043	1494	117669	31956	284	31672	17	5758	2.3500
human	XC_NR2F1-2922_67	23389	415	1	22845	128	907	871	36	27	33	2.2500
human	XC_NR2F1-2922_68	720109	56510	16223	12901	634475	65457	759	64698	20	7096	2.9667
human	XC_NR2F1-2922_69	29041	5542	1	23195	303	875	814	61	22	55	2.2000
human	XC_NR2F1-2922_70	189283	16603	3647	3620	165413	32851	425	32426	21	5708	2.4000
human	XC_NR2F1-2922_71	534220	24337	12018	6888	490977	69491	508	68983	22	7295	2.8333
human	XC_NR2F1-2922_72	2590356	178115	48789	41326	2322126	141901	1170	140731	26	8487	5.2833
human	XC_NR2F1-2922_73	3162625	217701	84943	31565	2828416	245660	1352	244308	25	9061	6.1667
human	XC_NR2F1-2922_74	10467	798	450	652	8567	4804	85	4719	13	2158	2.2167
human	XC_NR2F1-2922_75	1361425	94026	31684	15802	1219913	96742	693	96049	22	8101	3.8000
human	XC_NR2F1-2922_76	2594583	150190	65112	27254	2352027	190361	1055	189306	23	9269	5.3000
human	XC_NR2F1-2922_77	39004	6148	10	32449	397	1109	1017	92	28	87	2.2333
human	XC_NR2F1-2922_78	19143	2762	0	16238	143	686	630	56	18	52	2.2333
human	XC_NR2F1-2922_79	3106877	195950	69708	46444	2794775	143132	1095	142037	24	8567	5.7333
human	XC_NR2F1-2922_80	2964284	217733	74008	33358	2639185	154804	911	153893	30	8715	5.9667
human	XC_NR2F1-2922_81	1265910	105062	29282	33178	1098388	85144	1307	83837	23	6995	3.4333
human	XC_NR2F1-2922_82	5620	560	134	112	4814	3214	68	3146	11	1646	2.0833
human	XC_NR2F1-2922_83	2302	193	5	1971	133	455	418	37	20	35	2.1167
human	XC_NR2F1-2922_84	1544	58	1	1362	123	332	281	51	16	48	2.0667
human	XC_NR2F1-2922_85	1603216	76397	39499	20471	1466849	117318	875	116443	31	8358	3.8167
human	XC_NR2F1-2922_86	2276827	169367	49367	37938	2020155	120181	1073	119108	25	8428	4.5333
human	XC_NR2F1-2922_87	55160	35065	2	18301	1792	750	598	152	25	133	2.1167
human	XC_NR2F1-2922_88	54068	13015	14	40480	559	810	720	90	21	86	2.1000
human	XC_NR2F1-2922_89	1840575	122223	38253	28906	1651193	103693	969	102724	22	7860	4.1333
human	XC_NR2F1-2922_90	3453314	242163	78952	49785	3082414	220409	1639	218770	25	9060	6.2667
human	XC_NR2F1-2922_91	1062150	72433	23968	26424	939325	86351	1173	85178	24	7255	3.4167
human	XC_NR2F1-2922_92	1769937	134335	38339	30472	1566791	95325	855	94470	25	7921	4.1667
human	XC_NR2F1-2922_93	2919630	211916	52992	36306	2618416	155151	934	154217	30	8841	5.6000
human	XC_NR2F1-2922_94	1709795	184581	31026	41540	1452648	72226	881	71345	24	7480	3.9833
human	XC_NR2F1-2922_95	2767064	213379	61714	38511	2453460	125140	1017	124123	28	8422	4.9667
human	XC_NR2F1-2922_96	4366334	297785	103986	57064	3907499	295292	1814	293478	24	9068	7.1833
