predicted.id	prediction.score.Erythrocyte	prediction.score.Mast	prediction.score.Erythrocyte.Prol	prediction.score.Pre.B	prediction.score.B.Prol	prediction.score.Neutrophil	prediction.score.Pro.B	prediction.score.Neutrophil.Prol	prediction.score.max
GS_1_1-1	Erythrocyte-Prol	0.2202296615314	0.00475256935516992	0.354860261289216	0.191152498763241	0.144800080541816	0.00118848988272784	0.0830164386364288	0	0.354860261289216
GS_1_1-2	Pre-B	0.000968625355272859	0.0233398662146951	0	0.746900416903564	0.0928719375365539	0	0.135919153989914	0	0.746900416903564
GS_1_1-3	Erythrocyte-Prol	0.181249315158262	0.0212505194866013	0.327113362201388	0.168760016948689	0.0788281271120787	0	0.222798659092981	0	0.327113362201388
GS_1_1-4	B-Prol	0.224475147877457	0.0371361406408484	0.00507067938950713	0.16237937334572	0.510855127557241	0	0.0600835311892267	0	0.510855127557241
GS_1_1-5	Pre-B	0.013972038972953	0.00564946236538923	0	0.942588857505853	0.0196070089030648	0	0.018182632252739	0	0.942588857505853
GS_1_1-6	Erythrocyte-Prol	0.243962476486861	0.0353821026985025	0.283591494845843	0.0862233952514571	0.272357168772525	0	0.078483361944811	0	0.283591494845843
GS_1_1-8	Pre-B	0.102842911643829	0	0.395134828136778	0.459854084433587	0.030497595966563	0	0.0116705798192418	0	0.459854084433587
GS_1_2-1	Pre-B	0	0.00376068139064772	0	0.977435487638876	0	0	0.0188038309704769	0	0.977435487638876
GS_1_2-2	Erythrocyte-Prol	0.0432047197278092	0	0.473729785626521	0.18137914336395	0.289953701780462	0	0.0117326495012571	0	0.473729785626521
GS_1_2-4	Pre-B	0.0261557178450907	0.16652814183628	0	0.528180258694727	0.0627253250099799	0.000393317587674287	0.216017239026248	0	0.528180258694727
GS_1_2-5	B-Prol	0.277357964160182	0.00959165204107543	0.26070737700548	0.109236271350722	0.328714617519143	0	0.00143893374325161	0.0129531841801465	0.328714617519143
GS_1_2-6	Pre-B	0.114591184013382	0.128782471705685	0.210665118233219	0.498784667604651	0.0318164553110944	0	0.0153601031319685	0	0.498784667604651
GS_1_2-7	Erythrocyte	0.46152458512764	0.0564654698502246	0.262417030505043	0.163185351166292	0.0229102270743522	0.0216625211444392	0.0118348151320092	0	0.46152458512764
GS_1_2-8	Pre-B	0.0467099503454574	0.00605941731119425	0.0325331857415455	0.7617849761039	0.0932947671459338	0	0.0596177033519686	0	0.7617849761039
GS_1_3-1	B-Prol	0.0958571831831716	0.0405712918463597	0.106777868218841	0.302959253339639	0.404408503996269	0	0.0494258994157199	0	0.404408503996269
GS_1_3-2	Neutrophil	0	0.00442009836980199	0	0.00696654255296291	0	0.917138925758147	0.0287237559168305	0.042750677402258	0.917138925758147
GS_1_3-3	B-Prol	0.0423395846304324	0.0248044697636311	0.205650179082078	0.315183954148853	0.33919251194862	0	0.0728293004263855	0	0.33919251194862
GS_1_3-4	Pre-B	0.0688402944649459	0.210087605296352	0.157608789849229	0.417310472622371	0.122409520336957	0	0.0237433174301451	0	0.417310472622371
GS_1_3-5	Neutrophil	0.0340674413500568	0.00322749084559523	0	0	0	0.902013648370822	0.0303887788107961	0.0303026406227303	0.902013648370822
GS_1_3-6	Mast	0.0591969467144566	0.640470356017092	0.0293213942536324	0.186643034763407	0.0641624923467173	0	0.0202057759046945	0	0.640470356017092
GS_1_3-7	Neutrophil	0.0024757132548737	0.00622986382042106	0	0.000598776768567267	0	0.919604314226722	0.049533192239378	0.0215581396900383	0.919604314226722
GS_1_3-8	Erythrocyte-Prol	0.305135084559167	0.0107678212592889	0.335073794745731	0.193233067750904	0.0114336402166911	0.085334368880343	0.0590222225878762	0	0.335073794745731
GS_1_4-1	Pre-B	0.057395709181378	0.0663244756135914	0.260081954796434	0.608585520840867	0.00720205353227907	0	0.000410286035450851	0	0.608585520840867
GS_1_4-2	Neutrophil	0.00817884529860731	0.0229870716294553	0	0.0149781708759373	0	0.896274337280849	0.0227533588814041	0.034828216033747	0.896274337280849
GS_1_4-3	Mast	0.00950106177766044	0.37589557957494	0.00415352710869129	0.334881383749063	0.239231410995989	0	0.0363370367936566	0	0.37589557957494
GS_1_4-4	Erythrocyte	0.312065421217749	0.0230983890097725	0.222113660063803	0.137979100280109	0.299858841807694	0	0.00488458762087211	0	0.312065421217749
GS_1_4-5	Pre-B	0	0.0428308731824413	0	0.804453502871245	0.0817417568582601	0	0.0709738670880543	0	0.804453502871245
GS_1_4-6	Erythrocyte	0.334170696560972	0	0.327897510440672	0.182575979231568	0.155355813766788	0	0	0	0.334170696560972
GS_1_4-7	Pre-B	0	0.0446917906455431	0	0.925383820327153	0.0122222658755884	0	0.0177021231517157	0	0.925383820327153
GS_1_4-8	Erythrocyte	0.487020231424656	0.277989567927634	0.00835584148128029	0.15144638939398	0.0361344550861671	0.000554048975336513	0.0384994657109462	0	0.487020231424656
GS_1_5-1	Pre-B	0.0431437860398124	0.143099838477876	0.214016400824237	0.387291753582924	0.166954054864053	0.0434980790574871	0.00199608715361013	0	0.387291753582924
GS_1_5-2	Erythrocyte	0.548235892614195	0.228514725917926	0.0815288809976953	0.0905231867684387	0.0381981293016689	0	0.00980641781603588	0.00319276658403983	0.548235892614195
GS_1_5-3	Pre-B	0.187362321429144	0.186543938519315	0.119957226910435	0.269903366621268	0.172957143898013	0.00508128852594835	0.0581947140958759	0	0.269903366621268
GS_1_5-4	Erythrocyte	0.37098729582097	0	0.284307841782376	0.198841239053085	0.0642257490842072	0.0318779120333164	0.0497599622260447	0	0.37098729582097
GS_1_5-5	Pre-B	0.132864065738147	0.0347964486245659	0.158827778518026	0.375031411973212	0.0950404285533155	0.166249328579286	0.0371905380134469	0	0.375031411973212
GS_1_5-6	B-Prol	0.138684935639448	0.0489148725337252	0.00674147988911662	0.345108686446023	0.402905519114521	0	0.0576445063771655	0	0.402905519114521
GS_1_5-7	Erythrocyte-Prol	0.157100369162547	0.0367372691254098	0.664945858097304	0.113732701353847	0.010787927887462	0.00673119858560816	0.00996467578782246	0	0.664945858097304
GS_1_5-8	Erythrocyte	0.417197792857616	0.314546650663176	0.0566250245437588	0.128238713847157	0.032446365467318	0.0409301999506754	0.0100152526702992	0	0.417197792857616
GS_1_6-1	B-Prol	0.283849549563879	0.0174723011115857	0.126845345005357	0.253799129446911	0.300809353930312	0.00331030053533502	0.0139140204066199	0	0.300809353930312
GS_1_6-2	Pre-B	0.0794665469771633	0.0658013639404009	0.140746023285308	0.489699224155183	0.210621330275922	0	0.0136655113660225	0	0.489699224155183
GS_1_6-3	Erythrocyte-Prol	0.0912285709039473	0	0.654834441071043	0.225172712610401	0.0195111837365627	0	0.00925309167804639	0	0.654834441071043
GS_1_6-4	Mast	0	0.653414491405083	0.00460885124276162	0.151702199540049	0.0476122411682484	0.0357617874251645	0.106900429218693	0	0.653414491405083
GS_1_6-5	Mast	0.165826164299057	0.632304764799429	0	0.0682429236046405	0.00231663001302537	0.0441499451868486	0.0871595720969997	0	0.632304764799429
GS_1_6-6	Neutrophil	0.0012807569523202	0.0287111178210123	0	0.00847516240259076	0	0.883523894548709	0.0780090682753665	0	0.883523894548709
GS_1_6-7	Erythrocyte-Prol	0.247189769469691	0.0559234509771267	0.442787227424108	0.0820145745682552	0.0861873252037525	0	0.0858976523570664	0	0.442787227424108
GS_1_6-8	Neutrophil	0.0026354245193494	0.00115204764083437	0	0.0209481445599393	0	0.940502142279202	0.0107838133981304	0.0239784276025439	0.940502142279202
GS_1_7-1	Pre-B	0.0999751954183219	0.143529003075076	0.264230777475644	0.43201266757178	0.0149228698334923	0	0.0453294866256854	0	0.43201266757178
GS_1_7-2	Pro-B	0.0403235480985783	0.00643069978089147	0.318153349484905	0.0729052393168688	0.149184530403889	0.00904368459768159	0.396790292886151	0.00716865543103515	0.396790292886151
GS_1_7-3	Mast	0	0.472954811431032	0.012557897297976	0.428559603814613	0.0633967340582953	0	0.0225309533980838	0	0.472954811431032
GS_1_7-4	Pre-B	0.148828168379832	0.0955942352229617	0.141313821149806	0.446984586443162	0.156589138518038	0.00156480005090653	0.00912525023529494	0	0.446984586443162
GS_1_7-5	Pre-B	0.0966003445065108	0	0.158522520481495	0.398907081666796	0.308685205315384	0	0.0372848480298135	0	0.398907081666796
GS_1_7-6	Pre-B	0.221965730226561	0.0526811397091677	0.268408556124884	0.338661765164921	0.0770969307458338	0.0339076066198598	0.00727827140877209	0	0.338661765164921
GS_1_7-8	Pre-B	0.0566382716608222	0.0170764721686233	0	0.577386287180708	0.133661448604595	0.00746480054040384	0.207772719844848	0	0.577386287180708
GS_1_8-1	Pre-B	0	0.429515370408089	0	0.497588916760186	0.066564594051965	0	0.00633111877976072	0	0.497588916760186
GS_1_8-2	Pre-B	0	0.0533496547548508	0	0.906106355826036	0.0288402974646611	0	0.0117036919544523	0	0.906106355826036
GS_1_8-3	Erythrocyte-Prol	0.100757377623028	0	0.64368047854472	0.0678093184356996	0.127763647869223	0	0.0599891775273286	0	0.64368047854472
GS_1_8-4	Neutrophil	0.00235401410133	0.0158803468420528	0	0.0189858114627348	0	0.854245342992466	0.0916974558609635	0.0168370287404528	0.854245342992466
GS_1_8-5	Pre-B	0.118975915060412	0.17012157844451	0.138174150344904	0.400012562803473	0.1570313180772	0	0.0156844752695004	0	0.400012562803473
GS_1_8-6	Pre-B	0	0.00637397263694075	0	0.97072864914564	0	0	0.0228973782174187	0	0.97072864914564
GS_1_8-7	Erythrocyte-Prol	0.358709269111803	0	0.451072953001224	0.109854504323864	0.0601512490230272	0	0.0202120245400823	0	0.451072953001224
GS_1_8-8	Pre-B	0.223727388194731	0.0468951263914568	0.163413800493923	0.382325200190507	0.131028933353595	0	0.0526095513757874	0	0.382325200190507
GS_1_9-1	Neutrophil	0	0.00375335513475243	0	0.0188546776938657	0	0.955908644406816	0.00504893401949866	0.0164343887450677	0.955908644406816
GS_1_9-2	Erythrocyte	0.381425129912378	0	0.318243916427958	0.182754628413743	0.0786011159566125	0	0.0389752092893085	0	0.381425129912378
GS_1_9-3	Erythrocyte-Prol	0.259247982473546	0	0.352773049482559	0.0856905882041174	0.297777767121174	0	0.00451061271860439	0	0.352773049482559
GS_1_9-4	Pre-B	0.150432362068682	0.118968690677753	0.109010611197713	0.35714781462135	0.123837533112395	0.0890988354611917	0.0505734506151315	0.000930702245784323	0.35714781462135
GS_1_9-5	B-Prol	0.113779179272896	0.0919334866001509	0.200427598120079	0.182564656088229	0.229660217223503	0.0343790680629072	0.0977062509338978	0.0495495436983374	0.229660217223503
GS_1_9-6	Erythrocyte	0.471540166039617	0.252915882991238	0.175443856560071	0.0554815135831455	0.0236232103929108	0	0.0209953704330175	0	0.471540166039617
GS_1_9-7	Erythrocyte-Prol	0.0659991478267185	0	0.74737725620501	0.0793051342568529	0.042044101109187	0.00569987431055389	0.0595744862916777	0	0.74737725620501
GS_1_9-8	Neutrophil	0	0.00300421272282239	0	0	0	0.960796459688148	0.0296523231479305	0.00654700444109973	0.960796459688148
GS_1_10-1	Erythrocyte	0.350639145085547	0.054698249543721	0.0583022067027282	0.268560930075915	0.259972665810395	0	0.00782680278169311	0	0.350639145085547
GS_1_10-2	Pre-B	0.257838313577131	0.181557915670084	0.0965202694623501	0.32315129072669	0.129179373088111	0	0.0117528374756334	0	0.32315129072669
GS_1_10-3	Erythrocyte-Prol	0.193034656739803	0.0198079216190087	0.296946149182353	0.24338654276687	0.122349082488706	0	0.114235286150536	0.0102403610527232	0.296946149182353
GS_1_10-4	Erythrocyte-Prol	0.361586203167411	0.0478410326399174	0.411194165065528	0.135676782521818	0.0367068839511851	0.00632540902140106	0.00066952363273922	0	0.411194165065528
GS_1_10-5	Pre-B	0.00465712960024625	0.0347781135657536	0	0.833306377924625	0.00103981018445287	0	0.126218568724923	0	0.833306377924625
GS_1_10-6	Erythrocyte	0.538939934796506	0	0.292324310139876	0.0963134070511489	0.0554895563180277	0	0.0169327916944401	0	0.538939934796506
GS_1_10-7	Erythrocyte	0.640948957828972	0.00644929640434599	0.132464064103108	0.18239254851333	0.0336322746077545	0.00109773430536333	0.00301512423712622	0	0.640948957828972
GS_1_10-8	Pre-B	0.0860922918275567	0.0503968828975353	0.291952931365674	0.29215108779881	0.196681217210693	0	0.0827255888997322	0	0.29215108779881
GS_1_11-1	Pre-B	0.0428826845255721	0.386087500096317	0.00874756229395734	0.470082220025306	0.0392352187943156	0.00998776493606388	0.0429770493284688	0	0.470082220025306
GS_1_11-2	Pre-B	0	0.091995207420833	0	0.58261753618037	0.0277998771310057	0	0.297587379267791	0	0.58261753618037
GS_1_11-3	Mast	0.0160595656646054	0.73008749373603	0	0.0634516788678761	0.0211016124264602	0.139587864380881	0.0297117849241478	0	0.73008749373603
GS_1_11-4	Erythrocyte-Prol	0.161714680128251	0.0286155833921364	0.329174327385272	0.171945622646077	0.263258945102448	0.0204530081986094	0.0248378331472067	0	0.329174327385272
GS_1_11-5	Erythrocyte-Prol	0.18926115292213	0	0.391906064728768	0.288980365001568	0.0633252652610136	0	0.0665271520865209	0	0.391906064728768
GS_1_11-6	Erythrocyte	0.400322452459528	0.098271691295587	0.104207568495914	0.337919485409232	0.0426749887675631	0	0.0166038135721752	0	0.400322452459528
GS_1_11-7	Pre-B	0.0326669870920961	0.029412096640734	0.0769992167486081	0.798585024037488	0.0463844645137396	0	0.0159522109673341	0	0.798585024037488
GS_1_11-8	Pre-B	0.151362588734916	0.00122375513826147	0.0841630395310588	0.542918818876644	0.110047956802238	0	0.110283840916882	0	0.542918818876644
GS_1_12-1	Pre-B	0.0321449030051258	0.242343262892599	0	0.582585356060549	0.0113847514236334	0	0.131541726618093	0	0.582585356060549
GS_1_12-2	Neutrophil	0	4.24441634706865e-05	0	0.000323768247199067	0	0.619379563104677	0.336307534219817	0.0439466902648364	0.619379563104677
GS_1_12-3	Erythrocyte	0.454237390664936	0	0.261754572849759	0.227863831340061	0.0561442051452437	0	0	0	0.454237390664936
GS_1_12-4	Pre-B	0.0829789928511034	0.243748482639754	0.0676953398663535	0.522797714488853	0.0488444176884232	0.0194740433733452	0.0144610090921668	0	0.522797714488853
GS_1_12-6	Neutrophil	0	0.0809626321700426	0	0.0668206043041395	0	0.835971535222074	0	0.0162452283037436	0.835971535222074
GS_1_12-7	Pre-B	0.333859275509177	0	0.28226342205187	0.357125170032296	0.0237959120043236	0	0.00295622040233248	0	0.357125170032296
GS_1_12-8	Pre-B	0.131835990288676	0.037044676428495	0	0.671571654375765	0.0417173714477029	0	0.117830307459362	0	0.671571654375765
GS_2_1-1	Erythrocyte	0.452180909945796	0.267320597080479	0.0532264149082254	0.147137582238451	0.0316403683270995	0.00948171405398879	0.0390124134459603	0	0.452180909945796
GS_2_1-2	Pre-B	0.00874436784920527	0.0507730356882064	0	0.594184937243267	0.166158915639855	0	0.180138743579466	0	0.594184937243267
GS_2_1-3	Neutrophil	0	0.0508690390428937	0	0.0828815534541615	0.0153147402093325	0.7148637284156	0.0383800975617798	0.0976908413162319	0.7148637284156
GS_2_1-4	Mast	0.0284278925680064	0.449156251531221	0	0.159627527707004	0.131894496675664	0.00700065670638699	0.223893174811717	0	0.449156251531221
GS_2_1-5	Pre-B	0.0631069232703573	0.226810170339534	0.0109794011271673	0.569069856031153	0.0279882071391037	0	0.102045442092684	0	0.569069856031153
GS_2_1-6	Neutrophil	0	0.0799727282425825	0	0.0841290038882783	0.00438101856247171	0.730145936278513	0.00818536721594501	0.0931859458122093	0.730145936278513
GS_2_1-7	Pre-B	0.237926555725944	0.10775086537567	0.0530338071459813	0.296597090957416	0.145620030807318	0	0.159071649987672	0	0.296597090957416
GS_2_1-8	Mast	0.0397048139207743	0.465923469439451	0	0.202543026104877	0.0712255598511751	0	0.220603130683723	0	0.465923469439451
GS_2_2-1	Erythrocyte-Prol	0.197298386416185	0.196656365878182	0.385261464724833	0.099756980871138	0.0402951606408614	0.00424988464080975	0.076481756827991	0	0.385261464724833
GS_2_2-2	Pre-B	0.171613261574715	0.119362302630035	0.00685508923787181	0.413335386370685	0.130813620815438	0	0.158020339371255	0	0.413335386370685
GS_2_2-3	Pre-B	0.17653946653751	0.207517364783285	0.15892089116052	0.314823935940666	0.0931108111247111	0	0.0490875304533082	0	0.314823935940666
GS_2_2-5	Mast	0.0654753818081832	0.20023858905508	0.0725304005761599	0.173957406300085	0.149933616410413	0.15164035861286	0.186224247237218	0	0.20023858905508
GS_2_2-6	Pre-B	0.101852384418308	0.107680787088013	0.0311181936033491	0.485853044148915	0.221583818099884	0	0.0519117726415299	0	0.485853044148915
GS_2_2-7	Pre-B	0.2979507117499	0.109045447580904	0.0154772287233109	0.38345275985324	0.109864686466483	0	0.0842091656261617	0	0.38345275985324
GS_2_2-8	Pre-B	0	0.0727149199000812	0	0.656001962348787	0.0772665258722794	0	0.194016591878852	0	0.656001962348787
GS_2_3-1	Erythrocyte	0.48117709263935	0.0882364254492604	0.0632723461027311	0.329988422293332	0.0212430520095013	0	0.0160826615058253	0	0.48117709263935
GS_2_3-2	Pre-B	0.0310377160813333	0.273702853560414	0	0.41755438742514	0.164782661697653	0	0.11292238123546	0	0.41755438742514
GS_2_3-3	Erythrocyte	0.479236427517011	0.132004710963569	0.0631118569250946	0.19188901454864	0.0321826777904195	0	0.101575312255266	0	0.479236427517011
GS_2_3-4	Mast	0.0208484664617372	0.677652152262948	0	0.179114709042576	0.0490313211670643	0	0.0733533510656742	0	0.677652152262948
GS_2_3-5	Pro-B	0.0542173239213062	0.234204972683405	0	0.209865787096412	0.217194489163204	0	0.284517427135672	0	0.284517427135672
GS_2_3-6	B-Prol	0.207230104911585	0.063018938431964	0.00117914084658792	0.311958659394573	0.356162994605497	0	0.0604501618097928	0	0.356162994605497
GS_2_3-7	Mast	0.0128966655558448	0.807743146371764	0	0.13136383733473	0.0114961224961156	0.00716823092301328	0.0293319973185323	0	0.807743146371764
GS_2_3-8	Pro-B	0.0029285553792445	0.322324015998394	0.000315465118605269	0.117556449670827	0.190716085502191	0.000945753089808571	0.365213675240931	0	0.365213675240931
GS_2_4-1	Neutrophil	0	0.0302961968504375	0	0.0315298858110453	0	0.894192591829126	0.000966313380483516	0.0430150121289073	0.894192591829126
GS_2_4-3	Pre-B	0.0179670821716171	0.00957036797541818	0	0.64496853258913	0.131339130669883	0	0.196154886593952	0	0.64496853258913
GS_2_4-4	Mast	0.00437656536976006	0.425461448702565	0	0.270178070984199	0.1160769077486	0	0.183907007194876	0	0.425461448702565
GS_2_4-5	Neutrophil	0	0.0355203692001856	0	0.0442224108759931	0.00789960261193717	0.818191228522039	0.039790687245736	0.0543757015441094	0.818191228522039
GS_2_4-7	Erythrocyte	0.33551502069998	0.0291370262314081	0.049433937640928	0.0941968018624349	0.272034300749675	0.000454272426451163	0.219228640389123	0	0.33551502069998
GS_2_4-8	Mast	0.204995551827628	0.346771077276049	0.0417495414167655	0.295435577554734	0.0474774714293914	0	0.063570780495432	0	0.346771077276049
GS_2_5-1	Erythrocyte	0.433440311842181	0.0360754536312575	0.0328300798376658	0.148862483293012	0.342501073333245	0	0.00629059806263867	0	0.433440311842181
GS_2_5-2	Neutrophil	0	0.0355243426327857	0	0.0347900366887134	0	0.761332124518563	0.0314832621180356	0.136870234041902	0.761332124518563
GS_2_5-4	Pre-B	0	0	0	0.851317161884824	0.0549004102631372	0	0.093782427852038	0	0.851317161884824
GS_2_5-5	Pre-B	0.0923137402535946	0.0467213789669188	0.1391995651953	0.370157088204797	0.330614134732016	0	0.0209940926473731	0	0.370157088204797
GS_2_5-6	Erythrocyte	0.314015498826337	0.134110082491387	0.0473449454632962	0.198466860885611	0.144772131415881	0	0.161290480917489	0	0.314015498826337
GS_2_5-7	Erythrocyte	0.449011674123044	0	0.0803033546364774	0.223074066622363	0.165715186855596	0	0.0818957177625183	0	0.449011674123044
GS_2_5-8	Erythrocyte	0.373978342806075	0.19424822275533	0.0372156549207703	0.328348935436063	0.0397167567057588	0	0.0264920873760035	0	0.373978342806075
GS_2_6-1	Pre-B	0.047532737848721	0.294789922346261	0	0.486958262273549	0.0974836310149721	0	0.0732354465164965	0	0.486958262273549
GS_2_6-2	B-Prol	0.0649750296761361	0.0177295775574464	0.0202974597537379	0.197635071896921	0.65862412190783	0	0.0407387392079279	0	0.65862412190783
GS_2_6-4	Pre-B	0	0.0943947547594468	0	0.701951458605873	0.075046431785664	0	0.128607354849016	0	0.701951458605873
GS_2_6-5	Erythrocyte	0.527711288679787	0.0515310441301155	0.0407546273553188	0.252614513632461	0.118631411574314	0	0.00875711462800349	0	0.527711288679787
GS_2_6-6	Pro-B	0.318718443233163	0.00386598128052858	0.0546639416086413	0.199665109186679	0.0397172198456735	0	0.380245702374692	0.00312360247062268	0.380245702374692
GS_2_6-8	Neutrophil	0	0.0400471463494492	0	0.0516199567386445	0	0.829024747728708	0.0229998534102462	0.0563082957729529	0.829024747728708
GS_2_7-1	Pre-B	0.0208307191955266	0.287565200080967	0	0.345867456154752	0.0802633444044042	0	0.26547328016435	0	0.345867456154752
GS_2_7-2	Pre-B	0.0179324565600491	0.00846718405939847	0	0.696265254448952	0.125193186326019	0	0.152141918605582	0	0.696265254448952
GS_2_7-4	Mast	0.00744225801190668	0.446343470435112	0.0145137278792682	0.151260014721973	0.104425531836323	0.0546591065722323	0.221355890543186	0	0.446343470435112
GS_2_7-5	Pre-B	0	0	0	0.493945597104046	0.229917652431175	0	0.276136750464779	0	0.493945597104046
GS_2_7-6	Pre-B	0.0463968356383307	0.342119840985598	0.0409543070834865	0.384901631155224	0.108305892837776	0	0.077321492299585	0	0.384901631155224
GS_2_7-7	Mast	0.00713091660014583	0.66882462178031	0	0.157061112501064	0.066998312461417	0.0114249226521294	0.0885601140049337	0	0.66882462178031
GS_2_8-1	Pre-B	0.247175152914953	0.119621390640579	0.0916259289337613	0.434177568508905	0.0620414706286656	0	0.0453584883731353	0	0.434177568508905
GS_2_8-3	Erythrocyte	0.495043763260015	0.0407197607747348	0.0697411389154997	0.337104447801711	0.0220443045922478	0	0.0353465846557917	0	0.495043763260015
GS_2_8-4	Pre-B	0.115145177277776	0.318543796190272	0.0214530600704958	0.394756577021697	0.0474575972305617	0	0.102643792209198	0	0.394756577021697
GS_2_8-5	Pre-B	0.215538576107316	0.0259096751127895	0.133907067246128	0.366797599411049	0.0319737685059651	0	0.2222430938912	0.00363021972555231	0.366797599411049
GS_2_8-7	Pre-B	0.00850141080956977	0.0178552473678817	0	0.723125566147185	0.092743003959576	0	0.157774771715787	0	0.723125566147185
GS_2_8-8	Mast	0.0109479616941272	0.432380478769753	0	0.319284008708616	0.0788777146266476	0.00163246440645683	0.1568773717944	0	0.432380478769753
GS_2_9-1	Erythrocyte	0.460723481570615	0.120746870986523	0.0434886308599996	0.259529395430342	0.034716336225139	0	0.0807952849273814	0	0.460723481570615
GS_2_9-2	B-Prol	0.0788412950373323	0.146763213934137	0.0939450832129041	0.29027050037031	0.293267036688714	0.0695687690716269	0.0273441016849758	0	0.293267036688714
GS_2_9-3	Pre-B	0.2528055694495	0.1022858434289	0.0449697947591483	0.333867832146264	0.11353010603939	0	0.152540854176798	0	0.333867832146264
GS_2_9-4	Neutrophil	0	0.0255935320954126	0	0.0363922993838053	0	0.893367867393005	0.00461292544667664	0.0400333756811004	0.893367867393005
GS_2_9-5	Erythrocyte	0.290616613633706	0.0734382959224077	0.0484379557771024	0.156522763731376	0.166181393786719	0.0126021570063781	0.252200820142311	0	0.290616613633706
GS_2_9-6	Erythrocyte	0.342673665093345	0.101235817275083	0.00455138339119737	0.264558734174392	0.142353437568017	0	0.144626962497965	0	0.342673665093345
GS_2_9-7	Neutrophil	0	0.038960512390915	0	0.059354531770987	0	0.787885814689859	0.013458439649151	0.100340701499089	0.787885814689859
GS_2_9-8	Mast	0.00766903806145837	0.440854158531053	0.00112037890439241	0.189647528690452	0.146188867883359	0	0.214520027929285	0	0.440854158531053
GS_2_10-1	Pre-B	0.191866221191038	0.159158396094874	0.0226760257320796	0.373841468314803	0.215267589007786	0	0.0371902996594191	0	0.373841468314803
GS_2_10-2	Neutrophil	0	0.046344735920251	0	0.0367766837217538	0	0.792289619505512	0.0588936786905624	0.065695282161921	0.792289619505512
GS_2_10-3	Erythrocyte	0.382584214410248	0.146324945049269	0.191491231103835	0.178250390824894	0.0363598108459211	0.0559554442469706	0.00903396351886151	0	0.382584214410248
GS_2_10-4	Pre-B	0	0.00719941028499429	0	0.637127980274592	0.221307456957052	0	0.134365152483361	0	0.637127980274592
GS_2_10-5	Pre-B	0	0	0	0.523404663594761	0.100213791013367	0	0.376381545391872	0	0.523404663594761
GS_2_10-6	Pre-B	0.20947401016952	0.27544834367101	0.00907538482200746	0.37077034474444	0.101320645738609	0	0.0339112708544132	0	0.37077034474444
GS_2_10-7	Neutrophil	0.00323875353736738	0.0540565282908687	0	0.311707967916311	0.144896958150948	0.372471883612274	0.0315330506363032	0.0820948578559265	0.372471883612274
GS_2_10-8	Mast	0.0265993920094818	0.598070812160254	0.0102157659238776	0.177073565729266	0.0746811617975074	0	0.113359302379614	0	0.598070812160254
GS_2_11-1	Mast	0.01168740874015	0.694252217202972	0.0114579394730939	0.130508867843134	0.0622203927246231	0	0.089873174016027	0	0.694252217202972
GS_2_11-2	Pre-B	0.0246488850950856	0.120816943443874	0.0052466181196826	0.447320537092955	0.357019304458736	0	0.0449477117896668	0	0.447320537092955
GS_2_11-3	Pre-B	0.109998111947563	0.133561629255427	0.0259681958685619	0.450484355190319	0.236400816715642	0	0.0435868910224866	0	0.450484355190319
GS_2_11-4	Pre-B	0.183507971075197	0.146641362062193	0.115820495455552	0.297628174598025	0.11218629505275	0	0.144215701756283	0	0.297628174598025
GS_2_11-6	Mast	0.0858627779523265	0.305986610319643	0.0803286936892062	0.279151690722209	0.162214813645848	0	0.0864554136707671	0	0.305986610319643
GS_2_11-7	Mast	0.112512550599765	0.474005029996932	0.000485270299221241	0.200728247716956	0.187050543944102	0	0.0252183574430234	0	0.474005029996932
GS_2_11-8	Mast	0.0125695642578581	0.49473299339277	0	0.16765579287083	0.118465862405319	0.00345912510705168	0.203116661966171	0	0.49473299339277
GS_2_12-1	Pre-B	0	0.00818453398736956	0	0.722772990435365	0.103516424642556	0	0.165526050934709	0	0.722772990435365
GS_2_12-2	Pre-B	0.00264124916448324	0.252056638519883	0.0294834608519081	0.45930533056126	0.0810212503575047	0.0257000490856	0.149792021459361	0	0.45930533056126
GS_2_12-3	Mast	0.0843303942611842	0.28635361787968	0.0087110220970466	0.231108719702966	0.176993183152077	0.0259266614960399	0.186576401411007	0	0.28635361787968
GS_2_12-4	Pre-B	0	0.105092900441398	0	0.665721086196304	0.0991399685002145	0.00943032322930971	0.120615721632773	0	0.665721086196304
GS_2_12-5	Pre-B	0.185961392801077	0.133772390016321	0.0362756236320776	0.380679751029936	0.232320109938036	0	0.0309907325825521	0	0.380679751029936
GS_2_12-6	Mast	0.189949872964381	0.545437750101019	0.0436454486184325	0.097243318664086	0.0439400252797361	0.00123625893349793	0.0785473254388476	0	0.545437750101019
GS_2_12-7	Mast	0	0.366426287848675	0	0.246445684589759	0.0966853994462948	0.00115511403601973	0.289287514079251	0	0.366426287848675
GS_2_12-8	Neutrophil	0	0.130442334973499	0	0.0732225721103562	0	0.732626929673275	0.00471584407766439	0.058992319165205	0.732626929673275
GS_3_1-1	B-Prol	0.29398806188334	0.0207681512772243	0.11339846991853	0.1480539824846	0.417060479390421	0	0.00673085504588394	0	0.417060479390421
GS_3_1-2	B-Prol	0.336441166836378	0	0.0552570354607613	0.176098939872963	0.422698211828352	0	0	0.00950464600154565	0.422698211828352
GS_3_1-3	Neutrophil	0	0.0228519119664487	0	0.03062952926923	0	0.90067587007488	0.00198935084270012	0.0438533378467413	0.90067587007488
GS_3_1-4	Erythrocyte-Prol	0.146478888928469	0.132895896175532	0.631673423736802	0.0712640945182206	0.00701175799661881	0.00983590745572559	0.00084003118863288	0	0.631673423736802
GS_3_1-5	Pre-B	0.14676707305558	0.129918145790147	0.184532982066306	0.355513244987753	0.158397301413021	0	0.0248712526871931	0	0.355513244987753
GS_3_1-6	Pre-B	0.334107818906474	0.0602603080071589	0.000227179081140912	0.479392634923194	0.0226656818273287	0	0.103346377254703	0	0.479392634923194
GS_3_1-7	Erythrocyte	0.571660775273542	0.0637418750379844	0.0761276125783964	0.256972601112483	0.0313219582407738	0	0.000175177756820154	0	0.571660775273542
GS_3_1-8	Erythrocyte	0.627527185312183	0.00920798694949036	0.100826191823558	0.237460300698834	0.0183783325376925	0.00279075784858674	0.00380924482965528	0	0.627527185312183
GS_3_2-1	Erythrocyte	0.422320713558556	0.0107231471660373	0.350704724490686	0.14965996679088	0.022997550095587	0.01644451205198	0.0271493858462738	0	0.422320713558556
GS_3_2-2	Erythrocyte	0.466791800363824	0	0.11039434248589	0.173981374862193	0.178158498877326	0	0.0493812942458632	0.0212926891649051	0.466791800363824
GS_3_2-3	Pre-B	0.0489030821117922	0.0281668214040063	0.113141948748485	0.468026519759744	0.313788678951911	0	0.0279729490240611	0	0.468026519759744
GS_3_2-4	Erythrocyte-Prol	0.0977261319495067	0.0382007365998498	0.483414483978062	0.162314523399163	0.0473572906606408	0	0.170986833412777	0	0.483414483978062
GS_3_2-5	Pre-B	0.0694739134307009	0.10927746065513	0.045271955506898	0.648250779263751	0.0336579986358709	0	0.0940678925076502	0	0.648250779263751
GS_3_2-6	Pre-B	0.158335923264002	0.0675587886362667	0.256776751550141	0.288897889312561	0.183978457719694	0	0.0444521895173364	0	0.288897889312561
GS_3_2-7	Erythrocyte	0.391107549290894	0.00361393468718937	0.180802904182647	0.205131796543051	0.176496391611469	0	0.00382540029607152	0.0390220233886782	0.391107549290894
GS_3_2-8	Pre-B	0.125661042714073	0.209312001725931	0.0918741490365377	0.488198265009757	0.013934356915138	0	0.0710201845985634	0	0.488198265009757
GS_3_3-1	Pre-B	0.214067652091973	0.0699953774756377	0.0892614229292374	0.559441773943935	0.0672337735592179	0	0	0	0.559441773943935
GS_3_3-2	Erythrocyte	0.333355125918557	0.0108320509758572	0.278824811336454	0.180592593001226	0.186155349721047	0	0	0.010240069046859	0.333355125918557
GS_3_3-3	Pre-B	0	0.0162070031578152	0	0.726207929509091	0.17608339834375	0	0.081501668989344	0	0.726207929509091
GS_3_3-4	Pre-B	0.141550475927599	0.034738708277642	0.143845704417816	0.342841048961188	0.212997131028536	0	0.0873667584454897	0.0366601729417295	0.342841048961188
GS_3_3-5	Pre-B	0.130158012959129	0.0419960142921698	0.0485907267621533	0.472246748777368	0.215535407934911	0	0.0914730892742687	0	0.472246748777368
GS_3_3-6	Pre-B	0.30137009006445	0.0398261409814259	0.0209760868682958	0.404205316913624	0.148567312457713	0	0.0850550527144916	0	0.404205316913624
GS_3_3-7	Erythrocyte	0.30445257070534	0	0.264538323798311	0.248351237129897	0.131938214481217	0	0.0507196538852356	0	0.30445257070534
GS_3_3-8	Neutrophil	0.00955139947527591	0.126917310457076	0	0.0144063002231933	0	0.776576602380229	0.0479029721865847	0.0246454152776422	0.776576602380229
GS_3_4-1	Pre-B	0.0331043486667731	0.0225297376972085	0.11309410932479	0.553714267432696	0.225511916976572	0	0.0491924604702291	0.00285315943173191	0.553714267432696
GS_3_4-2	Neutrophil	0	0.00412989351505235	0	0	0	0.919133663674525	0.0441509501030886	0.032585492707335	0.919133663674525
GS_3_4-3	Pre-B	0.236750437472015	0.01271048973299	0.00768632076432753	0.431602842339387	0.238613980118399	0	0.0726359295728819	0	0.431602842339387
GS_3_4-4	Mast	0.00680822720110375	0.706510712493287	0	0.165399896223028	0.043762522950626	0.0127843344937429	0.0647343066382126	0	0.706510712493287
GS_3_4-5	Neutrophil	0	0.00736267501909063	0	0.00834036997693625	0	0.953351532552139	0.0215081699727479	0.00943725247908653	0.953351532552139
GS_3_4-6	Erythrocyte	0.642569098418548	0.0238792135237829	0.0216132380432438	0.266391740968432	0.0416041485797119	0	0.0039425604662813	0	0.642569098418548
GS_3_4-7	Pre-B	0	0.00493994021944327	0	0.912080372387445	0.069301341075844	0	0.0136783463172683	0	0.912080372387445
GS_3_4-8	Pre-B	0	0.386036186998779	0	0.560995504771037	0.00448055825794465	0	0.0484877499722399	0	0.560995504771037
GS_3_5-1	Pre-B	0.0654858331514233	0.354678235173515	0.0436021927278419	0.367037722724815	0.15580595035303	0	0.0133900658693736	0	0.367037722724815
GS_3_5-2	Pre-B	0	0.0197183556328842	0	0.646167566998085	0.0226434914516819	0	0.311470585917348	0	0.646167566998085
GS_3_5-3	Neutrophil	0	0.01294619114865	0	0.0134859036604462	0.00136993785967705	0.961231928959108	0	0.0109660383721181	0.961231928959108
GS_3_5-4	Erythrocyte	0.446834089751481	0.0175274278298444	0.040888457192075	0.22488049254086	0.26986953268574	0	0	0	0.446834089751481
GS_3_5-5	B-Prol	0.112017377337989	0.0582635351892232	0.228318619021866	0.248867538796076	0.289578441192295	0.00153119049798546	0.0565506484663463	0.00487264949821868	0.289578441192295
GS_3_5-6	B-Prol	0.29635333565224	0.161656600415257	0.00910538195441182	0.10874929300047	0.41848073674632	0	0.00565465223130182	0	0.41848073674632
GS_3_5-7	Pre-B	0.275332146697274	0.0221938931891665	0.0559106819024998	0.380758151593586	0.252453702008117	0	0.0133514246093574	0	0.380758151593586
GS_3_5-8	Pre-B	0.165232186924924	0.211821403559521	0.162805032943664	0.293773788462995	0.166367588108897	0	0	0	0.293773788462995
GS_3_6-1	Neutrophil	0	0.153485810375925	0	0.287503026324954	0.0431560489367979	0.412879085223349	0.0759978302323607	0.0269781989066128	0.412879085223349
GS_3_6-2	Erythrocyte	0.683855622907215	0.00508670688782746	0.00790190188730988	0.266264635029657	0.0141868929910617	0	0.022704240296929	0	0.683855622907215
GS_3_6-3	Pre-B	0	0	0	0.950091531474893	0.0175454728351783	0	0.0323629956899291	0	0.950091531474893
GS_3_6-4	Pre-B	0.128780254873006	0.026908901121294	0.0229290513124484	0.440749034072878	0.282855606907887	0	0.0977771517124872	0	0.440749034072878
GS_3_6-5	Erythrocyte-Prol	0.173041247297712	0.0456068056129511	0.626839270121505	0.112025260227126	0.032315944485319	0	0.00927171482153158	0.000899757433855111	0.626839270121505
GS_3_6-6	Pre-B	0	0.289336076073941	0	0.665794665280068	0.0143294973444444	0	0.0305397613015459	0	0.665794665280068
GS_3_6-7	Pre-B	0.00187033316845238	0.00120417424973449	0	0.618010046951762	0.204673422104562	0	0.17424202352549	0	0.618010046951762
GS_3_6-8	Pre-B	0.00315817355902249	0	0	0.925926888252755	0.020920878624924	0	0.0499940595632987	0	0.925926888252755
GS_3_7-1	Pre-B	0	0.0676369094881003	0	0.639428770614674	0.206779904632193	0	0.0861544152650319	0	0.639428770614674
GS_3_7-2	Neutrophil	0	0.00601295758886397	0	0.0188257187446472	0	0.955371188203154	0.0019103360399296	0.0178797994234051	0.955371188203154
GS_3_7-3	B-Prol	0.179839531854531	0	0.272947160626925	0.126610286371248	0.412253334980426	0	0.00277233227056803	0.00557735389630267	0.412253334980426
GS_3_7-4	Erythrocyte	0.549679692897716	0	0.0170217815696368	0.359523335353277	0.0651580585514914	0	0.00861713162787878	0	0.549679692897716
GS_3_7-5	Neutrophil	0	0.0165787612303888	0	0.0848112244573909	0	0.860118069143798	0.00576683571715463	0.032725109451268	0.860118069143798
GS_3_7-6	Pre-B	0.164522059121461	0.148248167101213	0.14054163796516	0.434728908115577	0.0443883127154961	0	0.0675709149810929	0	0.434728908115577
GS_3_7-7	Pre-B	0	0.00871107059780189	0	0.719249023073009	0.23065671017585	0	0.0413831961533396	0	0.719249023073009
GS_3_7-8	Pre-B	0	0.00450054984508249	0	0.770512473856981	0.176245164411533	0	0.0487418118864046	0	0.770512473856981
GS_3_8-1	Erythrocyte	0.41346101750308	0.0108832993040533	0.0865486466809793	0.188587105598662	0.295657993757807	0	0.00240295573413145	0.00245898142128761	0.41346101750308
GS_3_8-2	Erythrocyte	0.484513268499407	0.0105945216857523	0.190921429276839	0.218178336837208	0.0502178355803787	0	0.0385367681554973	0.00703783996491836	0.484513268499407
GS_3_8-3	Erythrocyte	0.515138129396741	0.00149442514200333	0.211163518604173	0.257571503280077	0.0146324235770054	0	0	0	0.515138129396741
GS_3_8-4	Erythrocyte	0.40644899422854	0.00905646758170249	0.0164502342641374	0.268055359700427	0.263073237877962	0	0.036915706347231	0	0.40644899422854
GS_3_8-5	Pre-B	0.345873270927486	0.0652868787349058	0.104826222967623	0.358490360290469	0.0841800644357057	0	0.0413432026438099	0	0.358490360290469
GS_3_8-6	Erythrocyte	0.406302541328209	0.00481266473548695	0.0354883996252802	0.392703735168712	0.123919074625592	0	0.0367735845167197	0	0.406302541328209
GS_3_8-7	B-Prol	0.0230482537122808	0.000877385804239062	0.0048696354219169	0.438780624296256	0.525386801289485	0	0.00703729947582172	0	0.525386801289485
GS_3_8-8	Neutrophil	0	0.0196656718801343	0	0.164262325244256	0.0430990387174294	0.71681835048587	0.00170610445059653	0.054448509221714	0.71681835048587
GS_3_9-1	Neutrophil	0	0.0234000753603202	0	0.0464035992136422	0	0.850964232490818	0.0404921624410978	0.038739930494121	0.850964232490818
GS_3_9-2	Erythrocyte	0.76443633197525	0	0.0584647707059483	0.0961139722201863	0.0769130364405084	0	0	0.00407188865810748	0.76443633197525
GS_3_9-3	Pre-B	0.27118188958861	0.0841201214820744	0.114040627792313	0.433892090592579	0.0952830120755801	0	0.00148225846884431	0	0.433892090592579
GS_3_9-4	Pro-B	0.189934726343967	0.0173192417532245	0.109649619031145	0.129270906708545	0.227345362528805	0	0.321353732593162	0.00512641104115124	0.321353732593162
GS_3_9-5	Erythrocyte	0.56470663621742	0.016972406937211	0.0670790239561929	0.260922253532068	0.0844680471242538	0	0.00585163223285439	0	0.56470663621742
GS_3_9-6	Erythrocyte	0.755317273842777	0.00829679815526656	0.124129770619334	0.0879327880589435	0.00250765551005952	0	0.0218157138136197	0	0.755317273842777
GS_3_9-7	Mast	0.243356223104322	0.456527371005661	0.0838811718931274	0.100644946171463	0.102669206727699	0.0129210810977282	0	0	0.456527371005661
GS_3_9-8	Erythrocyte	0.764250499316265	0	0.026217904780398	0.186549101407134	0.0138113861430549	0	0.00917110835314799	0	0.764250499316265
GS_3_10-1	Pre-B	0	0.347708446484497	0	0.596084463271854	0.0376005240772702	0	0.0186065661663783	0	0.596084463271854
GS_3_10-2	Pre-B	0.044058911309646	0.0645941024607544	0.00311151818989837	0.692886033667551	0.175632977469489	0	0.00995636861436728	0.00976008828829416	0.692886033667551
GS_3_10-3	Pre-B	0.16633660700086	0.0550123748195507	0.0599499502043371	0.532074091009492	0.16585168175061	0	0.0207752952151499	0	0.532074091009492
GS_3_10-4	Erythrocyte-Prol	0.187597669649338	0	0.496817422014598	0.0942048187964443	0.0363599916830621	0	0.0499326463499571	0.1350874515066	0.496817422014598
GS_3_10-5	Erythrocyte	0.521807411860024	0.0191524114607323	0.0939925654352771	0.317643431899852	0.0474041793441145	0	0	0	0.521807411860024
GS_3_10-6	Pre-B	0.16615636846626	0.0496132883105419	0.116686367757103	0.582246888632239	0.0607209854440272	0	0.0237967445837676	0.000779356806062069	0.582246888632239
GS_3_10-8	Pre-B	0.163327189480203	0.0894741081322973	0.105447262343141	0.255478816545008	0.154001266642	0	0.232271356857349	0	0.255478816545008
GS_3_11-1	Neutrophil	0	0.00955979505113629	0	0.0264609990246469	0	0.904786407511427	0.0217876865417936	0.0374051118709957	0.904786407511427
GS_3_11-2	Pre-B	0.18556734665428	0	0.251594178030538	0.337955954729065	0.163644933638774	0	0.0150429884704704	0.046194598476873	0.337955954729065
GS_3_11-3	Mast	0.00148093085673805	0.6790878855399	0	0.17460354632552	0.0249168853625022	0.0557384918872761	0.0641722600280635	0	0.6790878855399
GS_3_11-4	Erythrocyte	0.760661213458867	0	0.00100187276245055	0.194361445927024	0.0159126233588439	0	0.0280628444928154	0	0.760661213458867
GS_3_11-5	Erythrocyte	0.539645347078302	0.00179445376986012	0.129546571521879	0.0787390004959078	0.216266617933912	0	0.0227571432967925	0.0112508659033463	0.539645347078302
GS_3_11-6	Pre-B	0.188420330543063	0.00726339349373455	0.152704915879096	0.52732675599136	0.0568631371203532	0	0.0674214669723933	0	0.52732675599136
GS_3_11-7	Pre-B	0.108889965942568	0.0045012561085159	0.0643110805435671	0.494128096426796	0.288574370509903	0	0.0395952304686501	0	0.494128096426796
GS_3_11-8	Pre-B	0	0.0044218878852479	0	0.955188344624439	0	0	0.0403897674903128	0	0.955188344624439
GS_3_12-1	Pre-B	0.13553738958678	0.00417489195202024	0	0.739188052063576	0.0792734038478931	0	0.041826262549731	0	0.739188052063576
GS_3_12-3	Neutrophil	0	0.0417624477775605	0	0.223227485005591	0.014677703110991	0.681086487765664	0	0.0392458763401926	0.681086487765664
GS_3_12-4	Pre-B	0.16505614079535	0.0113394509607345	0.0704189523244237	0.390823641508262	0.314412739455564	0	0.047949074955666	0	0.390823641508262
GS_3_12-5	Erythrocyte	0.470393829975821	0.003000956722381	0.0715243209186984	0.296907409478998	0.125221851698552	0	0.0329516312055501	0	0.470393829975821
GS_3_12-6	Pre-B	0	0.0949881254715281	0	0.814969253112198	0.0472452486710955	0	0.0427973727451784	0	0.814969253112198
GS_3_12-7	Neutrophil	0	0.111411495101919	0	0.112535344563092	0.000572008777596536	0.63175059082225	0.0168428213500421	0.1268877393851	0.63175059082225
GS_3_12-8	Pre-B	0.154849377572199	0.050771981349844	0.0131731022573255	0.349674069065701	0.269301382151563	0	0.161441192920758	0.000788894682610089	0.349674069065701
GS_4_1-1	Erythrocyte	0.418663830409378	0	0.193893002626417	0.312200660240141	0.0167908726109638	0.0331429157845284	0.0253087183285714	0	0.418663830409378
GS_4_1-2	Neutrophil	0	0.0219636479509199	0	0.0243904228975179	0	0.89251552417689	0.0548377484189673	0.00629265655570434	0.89251552417689
GS_4_1-4	Pre-B	0.246364821143175	0.106538072708809	0.07168467688582	0.416681703190047	0.156778254213439	0	0.00195247185870981	0	0.416681703190047
GS_4_1-5	Erythrocyte	0.394195368211868	0.176294666834516	0.130772099774123	0.210040142746928	0.0638514913227153	0	0.0248462311098505	0	0.394195368211868
GS_4_1-6	Pre-B	0.08857542220293	0.044249265553984	0.0645814663970031	0.420623771626175	0.378177843969661	0.00379223025024709	0	0	0.420623771626175
GS_4_1-7	Erythrocyte	0.47603978853342	0.0546476218687442	0.162446513065911	0.178685397244223	0.00340212764890801	0.0204916271607865	0.104286924478006	0	0.47603978853342
GS_4_2-1	Mast	0.00241327398409939	0.786977221499528	0	0.160619786854113	0.00456424863350766	0	0.0454254690287517	0	0.786977221499528
GS_4_2-3	Pre-B	0.0980615057353761	0.119194163207199	0.0460866565651344	0.550199674978528	0.0901361869479337	0	0.0963218125658291	0	0.550199674978528
GS_4_2-4	Pre-B	0.319235270800495	0.0181730444578907	0.0877949328750515	0.481523654054189	0.0668718888548235	0	0.0264012089575498	0	0.481523654054189
GS_4_2-5	Erythrocyte-Prol	0.357272083641691	0.0305079303040039	0.465793720776212	0.116271686137384	0.0159511957101851	0.00584486314257674	0.00835852028794661	0	0.465793720776212
GS_4_2-6	Pro-B	0.133008918605489	0.209116497869217	0.0550452999317095	0.0724851822264844	0.202561022317913	0	0.327783079049188	0	0.327783079049188
GS_4_2-7	Pre-B	0.205610817107497	0.0426168911048429	0.0807691971741609	0.536592022945535	0.110678665600133	0.0237324060678325	0	0	0.536592022945535
GS_4_2-8	Neutrophil	0	0.113371203012484	0	0.0778250691134465	0	0.772795608503681	0.00291042027124023	0.0330976990991478	0.772795608503681
GS_4_3-1	Mast	0	0.642588110756692	0	0.278959893287277	0.0191851141605621	0	0.0592668817954683	0	0.642588110756692
GS_4_3-2	Erythrocyte	0.609871455701043	0.0510208607130523	0.067633395182863	0.15163820329438	0.0821575016937636	0	0.0376785834148973	0	0.609871455701043
GS_4_3-3	B-Prol	0.172522758661497	0.0171247397407822	0.144312055492905	0.294465404957708	0.334813316702493	0	0.0199217408955985	0.0168399835490173	0.334813316702493
GS_4_3-4	Pre-B	0.0834999539340605	0.0379640971275206	0	0.600346820696437	0.0618643605654966	0	0.203800795452748	0.0125239722237376	0.600346820696437
GS_4_3-5	Pre-B	0.313390103328052	0.0314468621476566	0.075535851336659	0.419002080469377	0.125413762976738	0	0.0352113397415169	0	0.419002080469377
GS_4_3-6	Pre-B	0.0542013581647808	0.271418000021534	0.0572905054756231	0.443154651009803	0.161563033207098	0	0.0123724521211604	0	0.443154651009803
GS_4_3-8	Erythrocyte	0.87593465354929	0	0.000547624379955717	0.0814498633445584	0.0321515464634274	0	0.00991631226276881	0	0.87593465354929
GS_4_4-1	Erythrocyte	0.507219849284021	0	0.0874699350427449	0.265230050292193	0.0867940136401479	0	0.0532861517408925	0	0.507219849284021
GS_4_4-2	Pre-B	0.273224824422968	0.0169271010552445	0.0653129404171169	0.408012700640482	0.0759790007885543	0	0.160543432675634	0	0.408012700640482
GS_4_4-3	Neutrophil	0	0.0116531305147578	0	0.0546204794667986	0.00039432219473413	0.919370137691624	0	0.013961930132085	0.919370137691624
GS_4_4-4	Mast	0	0.654787056217429	0	0.241054364289309	0.038417642240973	0.016086483912353	0.0496544533399359	0	0.654787056217429
GS_4_4-5	Pre-B	0.169647053273456	0.0082357501282603	0.0510215650104295	0.639074870403403	0.132020761184451	0	0	0	0.639074870403403
GS_4_4-6	B-Prol	0	0.0151819922109298	0	0.276181843866135	0.388410140747586	0	0.320226023175349	0	0.388410140747586
GS_4_4-7	B-Prol	0.13327862303901	0.0834415631186859	0.00312191827270585	0.243146247287146	0.514923515647008	0	0.0220881326354445	0	0.514923515647008
GS_4_4-8	Pre-B	0.113513836801831	0.00334407250726462	0.0738342192030303	0.650809334412565	0.126940087524525	0	0.0315584495507841	0	0.650809334412565
GS_4_5-1	Neutrophil	0	0.00994168739773397	0	0.0323322878247354	0	0.897023509228805	0.0303392032796982	0.030363312269027	0.897023509228805
GS_4_5-2	Neutrophil	0	0.0122397430118829	0	0.0242222455024406	0.00592509286378733	0.934377363426499	0.000421858372503431	0.0228136968228869	0.934377363426499
GS_4_5-3	Pre-B	0.235144394453735	0.0529981698307681	0.0593512342735173	0.537047985852798	0.0515104556779681	0	0.0639477599112137	0	0.537047985852798
GS_4_5-4	Erythrocyte	0.45421851235063	0.0493123348330679	0.32231902413381	0.0764535711617628	0.0591728782995097	0	0.0375446602516762	0.000979018969542962	0.45421851235063
GS_4_5-5	Erythrocyte	0.699611389264472	0.012997656381623	0.0324282882791176	0.155848901037785	0.0872336771694478	0	0.0118800878675542	0	0.699611389264472
GS_4_5-6	Pre-B	0	0.0166656447652722	0	0.679207934595934	0	0	0.304126420638794	0	0.679207934595934
GS_4_5-7	Pre-B	0.241387448960906	0.00643884773512778	0.000119100593548442	0.413377848337929	0.159662207958317	0	0.179014546414172	0	0.413377848337929
GS_4_5-8	Pre-B	0.293644133026782	0.11348567321445	0.0459415339763056	0.322975513847854	0.185943263540932	0.00285303278470594	0.0351568496089703	0	0.322975513847854
GS_4_6-1	Pre-B	0	0.0185575059886989	0	0.775775939108701	0.00650245969746787	0	0.199164095205132	0	0.775775939108701
GS_4_6-2	Erythrocyte	0.673064314272399	0	0.0499128111439761	0.249459259188072	0.0275636153955525	0	0	0	0.673064314272399
GS_4_6-3	B-Prol	0.138195601689805	0.0554698448462068	0.00720439987841492	0.351785794135435	0.397313631480045	0	0.0500307279700934	0	0.397313631480045
GS_4_6-4	Pre-B	0	0.146058118354013	0	0.642805308919287	0.100520908631298	0	0.110615664095402	0	0.642805308919287
GS_4_6-5	Pre-B	0.271174653487151	0.0137443392785517	0.120714686610367	0.315354521862175	0.200918592224199	0	0.0589443726233044	0.0191488339142524	0.315354521862175
GS_4_6-6	Erythrocyte	0.405609331151349	0.0693224242993871	0.0094957872122531	0.23798629274215	0.11698160798685	0	0.160604556608011	0	0.405609331151349
GS_4_6-7	Erythrocyte-Prol	0.186948440577687	0.0366881094836317	0.325326613746312	0.186467345263487	0.245777476174598	0	0.0187920147542853	0	0.325326613746312
GS_4_6-8	Pre-B	0.172283060300166	0.0272493448713362	0.0669172199540694	0.566349203048557	0.117093202699895	0	0.0331263656947352	0.0169816034312416	0.566349203048557
GS_4_7-1	Pre-B	0	0.0662278056908007	0	0.891962339616377	0	0	0.0418098546928217	0	0.891962339616377
GS_4_7-2	Mast	0.035865570553239	0.639385577788349	0	0.0253585741272804	0.00183478093970176	0.276262746078949	0.0212927505124802	0	0.639385577788349
GS_4_7-3	Neutrophil	0	0.0509107837756248	0	0.0693750605290695	0	0.792956740970664	0.00947549988238709	0.0772819148422545	0.792956740970664
GS_4_7-4	Erythrocyte	0.44704215039621	0.0958650221894664	0.0725137280758827	0.213879313499236	0.104135692345614	0	0.0665640934935911	0	0.44704215039621
GS_4_7-5	Pre-B	0.429638615506775	0.000906591760684647	0.00263451149190146	0.508391456822162	0.0375358694492204	0	0.0208929549692568	0	0.508391456822162
GS_4_7-6	Pre-B	0.10963701565691	0.126733889905024	0.157953755694052	0.472248954368025	0.0414222436025111	0	0.092004140773478	0	0.472248954368025
GS_4_7-7	Neutrophil	0.0249269003839885	0.0149762331894863	0.0305042287524211	0.0936961738012455	0.0152376268714391	0.443426450423541	0.0419790164443887	0.33525337013349	0.443426450423541
GS_4_7-8	Mast	0.000305609708010485	0.404483166126245	0.00131929051129525	0.282039574839862	0.290590403223017	0.00067554701720557	0	0.0205864085743644	0.404483166126245
GS_4_8-1	Erythrocyte	0.379135677625747	0.00887335056363192	0.337751625028499	0.065841642973967	0.0861825449874051	0.00226921089616383	0.119945947924587	0	0.379135677625747
GS_4_8-2	Pre-B	0.156766888729347	0.0595324254764843	0.180810406745394	0.354767342841409	0.106207728749351	0	0.141915207458016	0	0.354767342841409
GS_4_8-3	Pre-B	0.0995398636340309	0.252882262091957	0.0584775669140975	0.473252847160286	0.0226609277116224	0	0.0931865324880062	0	0.473252847160286
GS_4_8-4	Pre-B	0.0814433350588212	0.159665378008652	0.114422801213959	0.335729055230627	0.269498394723683	0	0.0392410357642583	0	0.335729055230627
GS_4_8-5	Erythrocyte	0.400269565906896	0.0118279575099246	0.187060205920654	0.257110436930615	0.107587053946029	0	0.0361447797858813	0	0.400269565906896
GS_4_8-6	Pre-B	0	0.0203499826019811	0	0.927717501669145	0.0191964385644464	0	0.0327360771644274	0	0.927717501669145
GS_4_8-7	Neutrophil	0	0.0378213190664266	0	0.130005879039339	0.00588949274166318	0.790616444614834	0.0147484186172684	0.0209184459204687	0.790616444614834
GS_4_8-8	Pre-B	0	0.00782472015967327	0	0.903239343709918	0	0	0.0889359361304088	0	0.903239343709918
GS_4_9-1	Mast	0.0169477200032407	0.516010053695927	0.0254744600696837	0.347227056923789	0.0878099635041151	0	0.00653074580324442	0	0.516010053695927
GS_4_9-2	Neutrophil	0	0.00113974615149016	0	0.0455418947900645	0	0.928756136423864	0.00188899229906468	0.0226732303355161	0.928756136423864
GS_4_9-3	Erythrocyte	0.60059430129717	0.0163805569729561	0.105492781969067	0.166349365281564	0.111182994479242	0	0	0	0.60059430129717
GS_4_9-4	Erythrocyte	0.425381026102233	0.0827765954971022	0.079091143842063	0.283658259737757	0.0844489378090678	0	0.0446440370117773	0	0.425381026102233
GS_4_9-5	Erythrocyte	0.439612863406904	0.0223392550926157	0.15142762294614	0.272230203346618	0.0798870764836229	0	0.0345029787240996	0	0.439612863406904
GS_4_9-6	Pre-B	0.0826916673171605	0.0392376868175186	0.0142073790507268	0.581116891208622	0.265828447906899	0	0.0169179276990735	0	0.581116891208622
GS_4_9-7	Neutrophil	0	0.0198110831840529	0	0.0687250419764352	0	0.838437145544197	0.0407753413053796	0.0322513879899348	0.838437145544197
GS_4_9-8	Pre-B	0.000405691340354449	0.2345625817802	0	0.488999320384626	0.0108370649391764	0	0.265195341555643	0	0.488999320384626
GS_4_10-1	Pre-B	0.153094063893946	0.0484706886685393	0.114555376333207	0.568870099788759	0.0659625212962926	0	0.0490472500192562	0	0.568870099788759
GS_4_10-2	Pre-B	0	0.0110279877663471	0	0.830222935034361	0.0889320915139427	0	0.0698169856853496	0	0.830222935034361
GS_4_10-3	B-Prol	0.0391034959747926	0.0211085370657802	0.0856045049283319	0.120011426664243	0.720446475026996	0	0.0137255603398567	0	0.720446475026996
GS_4_10-4	Neutrophil	0	0.0114685959021239	0	0.0201744108012254	0	0.914395859529404	0.0350636952598652	0.0188974385073814	0.914395859529404
GS_4_10-5	Erythrocyte	0.665826766393482	0.0210771082337392	0.0886190943079158	0.175285758529239	0.0390486827190586	0	0.0101425898165652	0	0.665826766393482
GS_4_10-6	Mast	0.0400092024767264	0.601760076372882	0	0.14382013742608	0.0191351169421597	0.108324897055523	0.0869505697266278	0	0.601760076372882
GS_4_10-7	Pre-B	0.226223637102902	0.00829641017963495	0.196336571748021	0.426279871983418	0.125746311329087	0	0.0171171976569365	0	0.426279871983418
GS_4_10-8	B-Prol	0.213897407433507	0.0936089619829059	0.0286449689099148	0.19941209527041	0.464436566403262	0	0	0	0.464436566403262
GS_4_11-1	Erythrocyte	0.320744835519049	0.125742227717579	0.155995333258278	0.173069245701197	0.076804575001551	0.0827537923589473	0.0648899904433989	0	0.320744835519049
GS_4_11-2	Pro-B	0.215425207307318	0.191446591433818	0.00146018660835627	0.148985668937612	0.189757054412196	0	0.2529252913007	0	0.2529252913007
GS_4_11-3	Pre-B	0.174750195500315	0.130006168299158	0.232919329876823	0.344737659356998	0.0714382740265707	0	0.046148372940136	0	0.344737659356998
GS_4_11-4	Pre-B	0	0.0120585053209575	0	0.928938163140127	0.0305893450968448	0	0.0284139864420704	0	0.928938163140127
GS_4_11-5	Pre-B	0.251509143795541	0	0.0554359267685694	0.473185226016695	0.209126595089857	0	0.0107431083293379	0	0.473185226016695
GS_4_11-6	Neutrophil	0	0.0150998537988109	0	0.227941906590262	0.0103406558454495	0.537467997990211	0	0.209149585775267	0.537467997990211
GS_4_11-7	Pre-B	0.256727115862043	0.026834687453604	0.135252146873247	0.42696540364564	0.096574568486355	0	0.0576460776791107	0	0.42696540364564
GS_4_11-8	Erythrocyte	0.404734873565475	0.0135546346001293	0.267363945741751	0.134101311407669	0.110767890664254	0	0.0694773440207223	0	0.404734873565475
GS_4_12-1	Pre-B	0	0	0	0.83469852365149	0.0104200600260638	0	0.154881416322446	0	0.83469852365149
GS_4_12-2	Pre-B	0	0.0261281879447747	0.0034177250248749	0.74138477767974	0.0172662448767321	0	0.211803064473879	0	0.74138477767974
GS_4_12-3	Pre-B	0.229295115610143	0.0176921717305125	0.087143976492073	0.366328090068333	0.124380483086682	0	0.175160163012256	0	0.366328090068333
GS_4_12-4	Pre-B	0.284180119954516	0.102086998085155	0.0267944083065833	0.388505440612003	0.122560912594534	0.0225893743987043	0.0532827460485035	0	0.388505440612003
GS_4_12-6	Pro-B	0	0.0277533175915646	0	0.464930889621126	0.00877408978644119	0	0.498541703000868	0	0.498541703000868
GS_4_12-7	Neutrophil	0	0.0261750845259059	0	0.0642690753478538	0	0.86856855492599	0	0.0409872852002504	0.86856855492599
GS_4_12-8	Erythrocyte	0.720736153857498	0	0.0142507307948506	0.17991450108184	0.0850986142658111	0	0	0	0.720736153857498
GS_5_1-1	Pre-B	0	0.0208013260711494	0	0.88277103657641	0.0762925855521501	0	0.020135051800291	0	0.88277103657641
GS_5_1-2	Erythrocyte	0.640372007156416	0.00606489606664025	0.0188605471441827	0.174932263446225	0.159770286186537	0	0	0	0.640372007156416
GS_5_1-3	Pre-B	0.0179510748240452	0.0918651912956092	0	0.581564220577346	0.0125500307509378	0	0.296069482552062	0	0.581564220577346
GS_5_1-4	Erythrocyte-Prol	0.110783713905005	0.0280850390965791	0.558467220970405	0.253709395205608	0.0315926243174278	0.000339038801465448	0.0170229677035095	0	0.558467220970405
GS_5_1-5	Erythrocyte-Prol	0.131978377237285	0.0715173849292429	0.611608083809746	0.128200953548315	0.0371829078165712	0	0.0195122926588401	0	0.611608083809746
GS_5_1-6	B-Prol	0.0952464597304838	0	0.136527885588213	0.328714095492718	0.417979817251872	0	0.0215317419367131	0	0.417979817251872
GS_5_1-7	Pre-B	0.179724877895697	0.0164544103188115	0.0955263837340864	0.437262316640298	0.250918673029515	0	0.020113338381592	0	0.437262316640298
GS_5_1-8	Pre-B	0.330243807629849	0.00848363757177894	0.194924715977762	0.384033428895458	0.0636185999970918	0	0.0186958099280599	0	0.384033428895458
GS_5_2-1	Pre-B	0.0498892422610776	0.00307535528510115	0	0.613378729119271	0.125126588525711	0	0.208530084808839	0	0.613378729119271
GS_5_2-3	Erythrocyte-Prol	0.325480670697685	0.0115370317948847	0.497589351283098	0.0458881990336349	0.0262116142893876	0	0.03339479601878	0.0598983368825296	0.497589351283098
GS_5_2-4	Erythrocyte	0.83623435465387	0.00243101134113228	0.0494239170656314	0.071017705116295	0.0310663189849186	0	0.00632739973856407	0.00349929309958893	0.83623435465387
GS_5_2-5	Neutrophil	0	0.00405568775996363	0	0.112826886087552	0.00250732353283031	0.850158641008256	0	0.0304514616113982	0.850158641008256
GS_5_2-6	Pre-B	0	0.0383924690584192	0	0.801340994781195	0.00829687711569908	0	0.151969659044687	0	0.801340994781195
GS_5_2-7	Erythrocyte-Prol	0.343952263057227	0.00748604844691252	0.373704212630637	0.228407578951458	0.00273334123991229	0.0368607937694373	0.00685576190441627	0	0.373704212630637
GS_5_2-8	Pre-B	0	0.0136683316378972	0	0.90244602104089	0.0352217894948317	0	0.0486638578263806	0	0.90244602104089
GS_5_3-1	Erythrocyte	0.373173886518316	0.0380626991192741	0.285406087286601	0.122571732466217	0.111154357313283	0	0.0696312372963101	0	0.373173886518316
GS_5_3-2	Erythrocyte	0.681608837338163	0.01281754107876	0.0118133615010788	0.267506599879706	0.0262536602022915	0	0	0	0.681608837338163
GS_5_3-3	Erythrocyte	0.374685346301896	0.00906567824034466	0.187055613681338	0.201567452454341	0.106413523244005	0	0.121212386078076	0	0.374685346301896
GS_5_3-4	Pre-B	0	0.0302872699522944	0.00491561237795685	0.514414476205019	0.426218120025888	0	0.0241645214388424	0	0.514414476205019
GS_5_3-6	Neutrophil	0.000327067498659946	0.0098537739291116	0	0.0303930741054848	0.00210764220337131	0.914592283433328	0	0.0427261588300446	0.914592283433328
GS_5_3-7	Pre-B	0.0325544059566596	0.0173899798335178	0	0.624226144951836	0.0434852574575175	0	0.282344211800469	0	0.624226144951836
GS_5_3-8	Pre-B	0.183285554907248	0.00209526499674819	0.0468330862292164	0.457865333929265	0.126086542134923	0.152919918547987	0.0309142992546132	0	0.457865333929265
GS_5_4-1	Pre-B	0.212226515322616	0	0.268343198029007	0.351284216362429	0.154942573401373	0	0.0132034968845754	0	0.351284216362429
GS_5_4-2	Erythrocyte	0.493445264959042	0	0.240541279646174	0.167851566885381	0.0981618885094026	0	0	0	0.493445264959042
GS_5_4-3	Neutrophil	0	0.0138708648327257	0	0.346869241780807	0.0202077243972094	0.588413122110256	0.000490787628254188	0.030148259250748	0.588413122110256
GS_5_4-4	Erythrocyte	0.447223938662462	0	0.175652269286522	0.309464022318959	0.0376655634831537	0	0.0299942062489031	0	0.447223938662462
GS_5_4-6	Erythrocyte	0.43060886492568	0.0218390660485909	0.140450543249783	0.187639747929668	0.206557003698982	0	0.0129047741472958	0	0.43060886492568
GS_5_4-8	Pre-B	0.390363231051044	0	0.0241522632062796	0.475312039619975	0.0877459885091386	0	0.0224264776135629	0	0.475312039619975
GS_5_5-1	B-Prol	0.0848190893484767	0.13482426541626	0.248861089165531	0.219151634813356	0.30961661488872	0	0.00272730636765655	0	0.30961661488872
GS_5_5-4	B-Prol	0.0825777220533608	0.00468029222714178	0.0774889265390001	0.130311721902474	0.681703945450322	0	0.0203429938552874	0.00289439797241384	0.681703945450322
GS_5_5-5	Pro-B	0.0401891239399045	0	0.0610535488397832	0.214452003328128	0.0434953847300651	0	0.634111185945873	0.00669875321624698	0.634111185945873
GS_5_5-6	Pre-B	0	0.0118019198221059	0	0.866920600962612	0.00868320956413357	0	0.112594269651149	0	0.866920600962612
GS_5_5-7	Pre-B	0.127136046349583	0.0238488846259783	0.148096952688713	0.408431889932427	0.164162580921687	0	0.107265953487103	0.0210576919945069	0.408431889932427
GS_5_5-8	Erythrocyte-Prol	0.287142922624539	0	0.350306708391593	0.277127622736605	0.0256376748249529	0	0.048197587119242	0.0115874843030679	0.350306708391593
GS_5_6-1	Pre-B	0.375655958983722	0.0137453558384935	0.0469832879568944	0.438565136891708	0.111011258095691	0	0.0140390022334908	0	0.438565136891708
GS_5_6-2	Erythrocyte	0.388685934354909	0.0381411929772445	0.206574658008072	0.232077400585851	0.134520814073924	0	0	0	0.388685934354909
GS_5_6-3	Erythrocyte	0.588022545005024	0	0.057530837163643	0.201239569000622	0.148923227248102	0	0.00428382158260841	0	0.588022545005024
GS_5_6-4	Erythrocyte	0.277289413086361	0.0200028822661527	0.20130930556818	0.255415869974386	0.194332598388006	0	0.0359698909288034	0.015680039788111	0.277289413086361
GS_5_6-5	Erythrocyte-Prol	0.210903650064604	0.000743451282995839	0.528958571277587	0.209446512617038	0.028143236690005	0.0142328273578589	0.00757175070991071	0	0.528958571277587
GS_5_6-6	Erythrocyte	0.391969548257868	0.00432292120901053	0.29160995649629	0.144838199810095	0.109375301062614	0.057015205325055	0.000767353065163773	0.000101514773903451	0.391969548257868
GS_5_6-7	Erythrocyte	0.389599483507546	0.205525630546925	0.244215756658112	0.117974919533026	0.019875291462367	0.0179221114052272	0.00488680688679771	0	0.389599483507546
GS_5_6-8	Erythrocyte-Prol	0.133375208755554	0.00370796126755004	0.363950151913225	0.14081819975063	0.297076727773987	0	0.0183540280145417	0.0427177225245122	0.363950151913225
GS_5_7-1	Erythrocyte	0.796552009336456	0.00585446039865779	0.0493013543317556	0.100402850095387	0.0306089995283886	0	0.0172803263093547	0	0.796552009336456
GS_5_7-2	Mast	0.108949781009794	0.67325966234393	0.0165768620751358	0.0590575274669273	0.0354234653175437	0.0521667285270375	0.0545659732596312	0	0.67325966234393
GS_5_7-3	Erythrocyte	0.392029357140024	0	0.124559205225239	0.167170751106048	0.310466652586793	0	0.000657691233788256	0.00511634270810854	0.392029357140024
GS_5_7-4	Pre-B	0.166305346988461	0	0.14507278058157	0.534937793671174	0.149197799202487	0	0.00448627955630705	0	0.534937793671174
GS_5_7-7	Erythrocyte	0.838696507598604	0.00521899616709048	0.0751445800232472	0.0589100731799595	0.0220298430310986	0	0	0	0.838696507598604
GS_5_7-8	Erythrocyte	0.538086586352143	0	0.116562128215093	0.247497682929952	0.0850748318958785	0	0.00923989032585607	0.00353888028107755	0.538086586352143
GS_5_8-3	Erythrocyte	0.346968730960814	0.0275870356442235	0.0876552633772127	0.278555510199578	0.140997095195752	0	0.11823636462242	0	0.346968730960814
GS_5_8-4	B-Prol	0.023226422615538	0.0210422560880161	0.0240017447147835	0.182843981622198	0.743222928817301	0	0.00566266614216391	0	0.743222928817301
GS_5_8-5	Mast	0.0044031090624319	0.744461680736813	0	0.176966125370324	0.0246596747527543	0.01100433834823	0.038505071729446	0	0.744461680736813
GS_5_8-6	B-Prol	0.12638554412431	0.0152678156395533	0	0.130203234915457	0.710961554203331	0	0.0171818511173495	0	0.710961554203331
GS_5_8-7	Erythrocyte	0.288096584245878	0.0902913748945464	0.213256017886201	0.259562980886337	0.140485950761535	0	0.00830709132550242	0	0.288096584245878
GS_5_8-8	Pre-B	0.0905487349485091	0	0.314229394639487	0.374816212779655	0.0358831567776992	0	0.162147004653196	0.0223754962014541	0.374816212779655
GS_5_9-1	Pre-B	0.0233999315968298	0.227228246389733	0.0126535743878063	0.549133257615038	0.119015431951867	0	0.0685695580587264	0	0.549133257615038
GS_5_9-2	Pre-B	0.122430546980325	0.019899365241201	0	0.672505025681697	0.172093159039549	0	0.0130719030572281	0	0.672505025681697
GS_5_9-3	Erythrocyte	0.378736719799173	0	0.119763485301767	0.314298916989698	0.184925543122962	0	0.00227533478639957	0	0.378736719799173
GS_5_9-4	Erythrocyte	0.663544001681173	0.0426485960434272	0.049708785938911	0.184893105937604	0.0501147370661877	0	0.00909077333269654	0	0.663544001681173
GS_5_9-5	Neutrophil	0	0.00508579983031833	0	0.0169245273068863	0.0070921557948065	0.757026401681051	0.0490089741914712	0.164862141195466	0.757026401681051
GS_5_9-6	Erythrocyte	0.497056828332263	0	0.225440963384269	0.172289495547889	0.0940608700087578	0	0.00166106020002095	0.00949078252679955	0.497056828332263
GS_5_9-7	Neutrophil	0.000979740541061548	0.00128312188172895	0	0.00425530482629066	0	0.891631698748714	0.0626264521414254	0.039223681860779	0.891631698748714
GS_5_9-8	Pre-B	0	0	0	0.892340619471911	0.0320204863948375	0	0.0756388941332511	0	0.892340619471911
GS_5_10-1	Erythrocyte	0.578415617942729	0.0508227955692071	0.151672027641153	0.116416571445013	0.0750320220782831	0	0.0276409653236153	0	0.578415617942729
GS_5_10-3	Pre-B	0.132745897092041	0.00809268266062286	0.270554718621862	0.470426282938067	0.0573255107196769	0	0.0574760041478583	0.00337890381987087	0.470426282938067
GS_5_10-4	Pre-B	0.263145140735385	0.0104943721096709	0.164096163736264	0.306600577709267	0.249143746977374	0	0.00651999873203913	0	0.306600577709267
GS_5_10-6	Erythrocyte-Prol	0.217492606166652	0.00994767427153999	0.238160384697623	0.207603600578114	0.230541039588827	0	0.0962546946972437	0	0.238160384697623
GS_5_10-7	Pre-B	0.137357787205369	0.0207072850607328	0.0783165581290272	0.349912537476254	0.318622525769369	0	0.0950833063592468	0	0.349912537476254
GS_5_10-8	Pre-B	0	0.0403952928140013	0	0.865306329083611	0.00797620943513598	0	0.0863221686672517	0	0.865306329083611
GS_5_11-1	Pre-B	0.209162131857352	0.0290705688706345	0.0453652038272418	0.421963004998294	0.252443911537022	0	0.0419951789094561	0	0.421963004998294
GS_5_11-2	Erythrocyte	0.471378978730917	0.023516837797263	0.0213695420282199	0.252983447306064	0.154588990993154	0	0.0761622031443832	0	0.471378978730917
GS_5_11-3	Pre-B	0.319906792876814	0	0.119866971727497	0.535356981103772	0.0243730403095707	0	0.000496213982345748	0	0.535356981103772
GS_5_11-4	Pre-B	0.0983666656328945	0.0045531467538993	0.00199863447212564	0.417204906722948	0.19813573578913	0.247338156471071	0	0.0324027541579311	0.417204906722948
GS_5_11-5	Neutrophil	0	0.0173450648145123	0	0.0221459126687147	0.000234752878887147	0.879557438749205	0.0114724500113719	0.0692443808773093	0.879557438749205
GS_5_11-6	Erythrocyte	0.485219281315313	0.00155608396293662	0.321650784275626	0.143128729382497	0.0240161981131132	0.000894421315215282	0.016847060370215	0.0066874412650839	0.485219281315313
GS_5_11-7	Erythrocyte	0.513496147492656	0.00164048280927493	0.0664623623944016	0.0904301675321618	0.127675475508791	0	0.200295364262716	0	0.513496147492656
GS_5_11-8	Mast	6.8098338512199e-05	0.460110683848921	0	0.357029624508242	0.0722031806338737	0	0.110588412670451	0	0.460110683848921
GS_5_12-1	Erythrocyte-Prol	0.298917682328259	0.213325507790822	0.363013971245838	0.0864630597654014	0.0306817813543472	0	0.00759799751533245	0	0.363013971245838
GS_5_12-2	Erythrocyte	0.290965151825074	0.234061898307349	0.131420327792808	0.190970267699981	0.124251876569087	0	0.0283304778057006	0	0.290965151825074
GS_5_12-3	B-Prol	0.119607972632815	0.0626366453281534	0.218649554139443	0.222283210139887	0.362401485790118	0	0.0144211319695832	0	0.362401485790118
GS_5_12-4	Neutrophil	0	0	0	0	0	0.856587452962297	0.0861357384864017	0.0572768085513012	0.856587452962297
GS_5_12-6	Pre-B	0.291147429416267	0.00220627987585475	0.0395887784445082	0.347028990552391	0.320028521710978	0	0	0	0.347028990552391
GS_5_12-7	Pre-B	0	0.0438171176234963	0	0.811031385849542	0.0731325443367164	0	0.0720189521902456	0	0.811031385849542
GS_5_12-8	Pre-B	0.0630438152712318	0.0405286309718381	0	0.557327463872698	0.117309911538062	0	0.22179017834617	0	0.557327463872698
