Lung.Fibro-0	Ovary.Granulosa-R-Al	Pancreas.Fibro-PAMR1+SOX6+	Small intestine.Fibro-COL14A1	Small intestine.Fibro-COL6A5	Small intestine.SM-Visceral	Small intestine.T	Stomach.Fibro-ADAM28	Stomach.Fibro-FBLN1	Stomach.Fibro-IRF1
MD1	0.0965301599432253	0.0374823777612093	0.031211795748237	0.0672407352335477	0.0605860249927653	0.0759355075001503	0.0746587540000248	0.0357553376117322	0.0491525112805997	0.0466940408447576
MD2	0.129507554141281	0.0213730862575966	0.0491831627484453	0.0351811445205345	0.0443438405738822	0.0743922161707724	0.0925673910483147	0.0586371999295011	0.0438798218146874	0.0384625016565044
MD3	0.114069070064819	0.0570764490827291	0.0682006472386304	0.0594049203666295	0.0699139836218278	0.0639568003937245	0.0746315212570299	0.0591220744350915	0.0649177792440052	0.0641480971243207
MD4	0.115577845287277	0.0400321359666916	0.0202059840026274	0.0392200687001333	0.0610785943324377	0.0470391857687366	0.0631595493993128	0.0484224393974256	0.0479512052033349	0.0438794228231586
MD5	0.119666407223357	0.0848140955526634	0.114679277278355	0.124888358056759	0.0969331306343291	0.118000497382813	0.0942935977574914	0.109016445777828	0.12387256733662	0.117661370363517
MD6	0.129215420440874	0.0190219547006965	0.0234511190851928	0.0198306248099078	0.0254070855345477	0.0251546073143003	0.00920490460203692	0.0168371182445211	0.0261644511343895	0.0221239688359411
MD7	0.0883538332987439	0.00308413472295111	0.0275978528714549	0.0299149797575182	0.0137318828397562	0.0149471711881609	0.026707422787278	0.0217805768436169	0.032644715514017	0.0110069198491412
MD8	0.0945832005329098	0.0269900106820818	0.0826544624173459	0.0266210331496633	0.0181293143340155	0.0228463590836817	0.0555372600403998	0.0194859639215739	0.0216798789002938	0.0231141965944543
MD9	0.0960915487728675	0.0224373556810429	0.0348861611565524	0.0514637308390616	0.0657743818745709	0.0291412649766171	0.134676401826064	0.0597714066369747	0.0465940216900704	0.057665028524887
MD10	0.0980786228052121	-0.000824412223841636	0.0130327233774367	0.00962915365619417	0.0155907423017291	0.0235116061088788	0.00944609642497327	0.0270474244152843	0.0191574482155343	0.00985394672319736
MD11	0.118355940237389	0.0193610697979114	0.0290503871444171	0.0376049031494234	0.0112326000270602	0.013972135555566	0.0448149170121187	0.00610263891043664	0.0373735222722031	0.0311949129416144
MD12	0.107004859019581	0.0131709229525251	0.0643000569079443	0.0340443125783095	0.0431578587733101	0.0424917465773527	0.0153888105043732	0.0325453476857806	0.0551423287469919	0.0138773239970759
MD13	0.0888854339356745	0.0390346065303564	0.0617279956794676	0.0428178287231775	0.0527313740905836	0.0647597735314016	0.00540728683709645	0.038607642939505	0.0563975520088323	0.0227424205633997
MD14	0.0950019003344534	0.0646916934155332	0.106249312391108	0.0835823851904137	0.0658064325609622	0.114624881445815	0.0341978479271994	0.0460008477917142	0.093246596522351	0.0415842693313925
MD15	0.114023215646336	0.0730818478797566	0.17064712691175	0.110766863822805	0.143180059969548	0.155614338425268	0.0394794380359323	0.0703997499017987	0.127859831700068	0.0271749301590844
MD16	0.288384577893378	0.154419458529518	0.338435736882707	0.303193754673345	0.308771086505068	0.366173335342469	0.0959996675421287	0.184970453848069	0.28529288410001	0.0886331258575716
MD17	0.0936654024216356	0.0233873292634948	0.0378402718514721	0.028079404204495	0.0261877422104278	0.0247416628795636	0.0434829545289971	0.0248011004797925	0.0387094005599237	0.0161648267172619
MD18	0.088430838971149	0.0257603948665378	0.0294725047463066	0.0263853288616236	0.024336396298501	0.0242417447934979	0.045333183164677	0.0271987689707604	0.0308708750301697	0.0178329440715074
MD19	0.0957845208255745	0.0255895009099635	0.0308415779759352	0.0269896695236697	0.0269486181907257	0.0246523294527863	0.0390905483584253	0.0232815544580171	0.0362305747616986	0.0262045950110507
MD20	0.0905523799999712	0.0379716627395731	0.0245921790323344	0.0216383294862821	0.0171943040711458	0.0189861417373905	0.0325622475085999	0.029849334363414	0.0409857244232904	0.0193406662002944
MD21	0.0948621591001199	0.0395006497416352	0.0289624912792278	0.030297523550377	0.0292314747592417	0.0301859959887415	0.0313889323515556	0.0296248967820138	0.0329687988457679	0.0184461771256408
MD22	0.106255230802213	0.0481669989149428	0.0499508559449512	0.0433993530162604	0.0402278377957726	0.043658705604114	0.0925969180953345	0.048394507638188	0.0699004328318444	0.0506980765455654
MD23	0.126145537892071	0.0355705936325446	0.042899320724561	0.031215324791796	0.0250134344882352	0.0264847336836884	0.0881242301198359	0.0340645394603586	0.0414909088373222	0.0185139597143612
MD24	0.104354436543932	0.0448391010509865	0.0598293262441367	0.0320105541198661	0.0307261774439571	0.0394585457632846	0.0553400323095037	0.0253256420839999	0.0396690863154935	0.0320767448526189
MD25	0.121320520371226	0.0812206334560703	0.0813999147030639	0.0505261905675462	0.0620526385190993	0.0578399343687177	0.0855493170710487	0.0527385886681617	0.0480354303049958	0.0419512912752856
MD26	0.143475226011921	0.0639513919308902	0.0802685032851412	0.057912577070071	0.0528375794485957	0.0557482459622526	0.0745499662247162	0.04187664476745	0.0835978403323285	0.0435096126931489
MD27	0.232335257717433	0.299793252500179	0.246566529329016	0.155691603259106	0.154630647300777	0.172545522376206	0.330028041242333	0.126390988406696	0.220309438681424	0.112380727084589
MD28	0.0967016317661561	0.0215365090574174	0.0261479758013702	0.0288811043644548	0.0162067426000086	0.0200577617376599	0.0422166518093495	0.028821021336838	0.0338052359485045	0.027842187985567
MD29	0.0896102146541068	0.00768211479077467	0.0263608925825059	0.0227884245826773	0.0233556257649876	0.0209694393726799	0.0283248868348618	0.0123629547021923	0.027722504820149	0.0154353265453971
MD30	0.163823018674753	0.0230266204744765	0.0280588879870868	0.0372106939815364	0.0143443603075669	0.0113136810555139	0.00823778679549306	0.0284232872629058	0.0311383276089978	0.0303085602304456
MD31	0.146090081322656	0.039318854450619	0.0801120561628859	0.0764707183154014	0.0438795525783272	0.0570895773866393	0.024750667275243	0.035758148201188	0.0926476939474686	0.0450421133634816
MD32	0.171864210927973	0.0261417177520905	0.100889495887233	0.0939928684153006	0.0802291813217312	0.11125740766993	0.0403928404967929	0.0585618952412181	0.0752652997405624	0.0719527603178112
MD33	0.134313021355855	0.0111750892632285	0.0273691145974913	0.0160248903444061	0.0202806846160708	0.0182448765299888	0.0234504295169324	0.00995148123518102	0.0274389991749766	0.0326867097284086
MD34	0.215712332993548	0.0169042934060577	0.0451376076243458	0.0241763330858467	0.0200930618471843	0.0440023761707112	0.0272357926424045	0.0219692631312098	0.033735378963424	0.0472392024283825
MD35	0.0942386370914413	0.0146930943574856	0.0197650045983682	0.0255115612901326	0.0206236722312638	0.0140242460611089	-0.0121339467214866	0.00996934768545985	0.0104458630829933	-0.0014698758063634
MD36	0.03211761058452	0.0881891744625042	0.0396781412168508	0.043380115021462	0.0317763938906423	0.0380291606957493	0.0746897172977365	0.0249600011970182	0.0404811595185991	0.0332906082050831
MD37	0.0956214924873496	0.125657300136197	0.0723798189896323	0.0680796351174397	0.0478476851854872	0.0596363687002137	0.0983065689377652	0.0437781745167026	0.0808605363627857	0.0608570243791346
MD38	0.0804575838046663	0.100337772443301	0.030521875588554	0.0339519087908505	0.0328789577806763	0.0404633257303551	0.0697515025322967	0.0246441373063648	0.0409964113657489	0.0316483116537865
MD39	0.0627493448209517	0.0978652379175679	0.0415972788496278	0.0337144037342067	0.035877945042096	0.0317745966258476	0.0491907982973958	0.0397884658572383	0.032147197638836	0.0405952201971187
MD40	0.0682247069968578	0.147389054232565	0.0608607454841231	0.0619136812284216	0.0559350318445348	0.0529309610152467	0.0552740040238876	0.070062381571158	0.0354919161778042	0.0595442529690461
MD41	0.0154143309018156	0.120294853111925	0.00805096885335374	0.0183411095210466	0.0189412167947807	0.0185431961797693	0.0134192745760053	0.0157125063937396	0.0172571211391651	0.0264595045384782
MD42	0.0244181419647542	0.101304089274735	0.0135650088067537	0.0196753605294776	0.0155882044854864	0.0197853437268343	0.0242324599280338	0.0176032186631406	0.0154332846612001	0.0160732803938354
MD43	0.0191022921397531	0.114409909394513	0.021012211085929	0.0199897752163306	0.0233417814003188	0.0151662812180897	0.0192280604130082	0.0148725993986956	0.0210128313241941	0.0188289485522874
MD44	0.0309675413029499	0.107839748513373	0.0170587780468749	0.0120173719248193	0.0168031412953084	0.0126969304030425	0.0180126099401002	0.0053357850525826	0.0100092180158154	0.0142720154660512
MD45	0.0236639262312785	0.172848013368517	0.0112932699421041	0.0172082558555478	0.0132421959764407	0.0160757088842306	0.00868689642560158	0.0139758809944992	0.0172542828349917	0.0130818223029525
MD46	0.0904588273983614	0.113652476958623	0.0978373742665037	0.101697540743843	0.0827835118685153	0.0917857568346934	0.0923113703312016	0.0926591297668579	0.0970891994173824	0.0926834007703341
MD47	0.0285930729809987	0.097761891366588	0.0277460657281728	0.0283660744627495	0.0245150416377176	0.0206245674513605	0.0218907450941746	0.0300715112981492	0.0311960504078686	0.0206170232351197
MD48	0.0396233594702651	0.140261732309793	0.0502989020733514	0.0342399905480531	0.0263738497178121	0.0402722798538469	0.0254840882136001	0.0307458389515015	0.0455748296213355	0.0258987518579175
MD49	0.0243538051176934	0.156077070359239	0.037813702790135	0.0339956665645762	0.0303743915757689	0.0118478655622444	0.18552957019846	0.0290031482124114	0.0399509046465324	0.0183096841589839
MD50	0.0461353282448893	0.148929931074138	0.125318073505871	0.0773396145097695	0.0790027870449455	0.0837235947377766	0.0265496904872387	0.0606725824678865	0.11475214657724	0.0225680190104146
MD51	0.230502893702662	0.270895332483559	0.364062005981532	0.251850725617846	0.278490209217718	0.327286987480075	0.0984516387006926	0.191030079453923	0.29887774136325	0.0729080753366224
MD52	0.0306425101308662	0.116693651319653	0.023938125987572	0.0251310537249813	0.0090426260621648	0.0102195799278375	0.0161657691383193	0.00868811474247914	0.0118849191861677	0.0166828425276561
MD53	0.141011580540593	0.134224715367724	0.103465903349983	0.0738320023468511	0.0775739295453221	0.0810001909503381	0.102921927808083	0.0592241138594497	0.0874628276943513	0.0525728149016571
MD54	0.0669419106104948	0.100126103763439	0.0588894024586438	0.0385574829781958	0.0425725827771802	0.0405628398647924	0.0911332777153322	0.0355991631477285	0.041077716844489	0.0361750447749895
MD55	0.0793042768426865	0.106642027070053	0.0686779538522836	0.0374459400752771	0.0408014681089515	0.0348795173743371	0.101972866366118	0.0483265609313132	0.0590638245495777	0.0437301431576187
MD56	0.193318979191719	0.32766123974166	0.225606914317699	0.143297440302056	0.147027264528942	0.15957198288047	0.333173013192766	0.115209953775804	0.184530571639868	0.0916392330321378
MD57	0.0424875040458613	0.0974507921721509	0.0246689670183847	0.0210222267716821	0.0328654316168773	0.0307570329737023	0.0398882864550554	0.0219976442104505	0.0333852130576806	0.0168076444580851
MD58	0.087692313530072	0.13628893127148	0.0690037255851584	0.0712873907769515	0.0744311026477589	0.0691083927137572	0.0925875960797813	0.067879994359749	0.0678379432413315	0.0603607148553988
MD59	0.0337511336585085	0.0152520583540256	0.0980024005419101	0.0511644101150564	0.017701866374052	0.035587869935832	0.0185742374826252	0.0164647802317771	0.0372286146021809	0.0208524119496679
MD60	0.0333063339483869	0.0155193034825471	0.217504100214387	0.0776123516314672	0.0192226817436497	0.034053282978217	0.0278359675814705	0.0225969471598559	0.06786919478795	0.0361431181685189
MD61	0.00232308480971768	-0.00282647958357907	0.100604345925069	0.00574783481690371	0.013349412351377	0.0212273803724642	-0.016302463784864	0.00809803667883931	0.00541355987826805	0.0283132026812428
MD62	0.0878457614572372	0.0466134066566084	0.158971161899789	0.0219330495120568	0.0179115412863869	0.0322739346507154	0.066207041998615	0.0263457813230416	0.0267307185938554	0.0284191149914177
MD63	0.0354609347551148	0.0339918451618121	0.0949685330216332	0.0712646384805678	0.0746969712982103	0.106444199885296	0.0140733592334017	0.0167401937396333	0.0659442879584421	0.0535762305120501
MD64	0.0527408209624021	0.0302864268199096	0.104090386731968	0.055237365936047	0.0678434265611357	0.0853333079997611	0.018142433949891	0.0445116828026041	0.077988075229777	0.0413803475916467
MD65	0.0610552084783099	0.0395587805201077	0.114464418757682	0.0843892537349951	0.073710615653191	0.106398582941648	0.0240190912595168	0.0354674739601754	0.0872484393526489	0.0264298119472276
MD66	0.117321543152703	0.0975639969626157	0.278297829562481	0.181416682564474	0.198429676705308	0.223190255291749	0.0532330513052335	0.106167597344035	0.220002538078657	0.0614542080672825
MD67	0.0434362032508904	0.0343594111676351	0.0905823801728076	0.0326953096225096	0.012567928309082	0.0146021420389611	0.0477633255638025	0.0204957356325676	0.029229481903971	0.0197337790932572
MD68	0.0951851593245008	0.0692191062324864	0.107568471092941	0.0505360114968097	0.0537353127455106	0.0474723562458151	0.0919180961468268	0.0584511618064352	0.0657228834197096	0.0364242782778717
MD69	0.101802672617063	0.0900666125061937	0.102134552628739	0.0616454813021542	0.0571557011852285	0.0590649106852161	0.129590662454774	0.0525079799373256	0.0994016032777344	0.056499884037973
MD70	0.14109336464067	0.16555682022985	0.163879059967671	0.0870931750841832	0.0891670173800036	0.0868371075846554	0.163359511483153	0.0757916030090887	0.133384051541457	0.0670117650440211
MD71	0.241938971964146	0.379858722943306	0.302871878661319	0.192298653904356	0.194371512622211	0.210336994930181	0.424736891683178	0.147838797896253	0.240526413761159	0.119944851621287
MD72	0.160396063527633	0.228082559937324	0.175108794693549	0.130561961206989	0.120793715061487	0.126269053761436	0.165091920257844	0.0941690468724785	0.122521638508869	0.106870953094624
MD73	0.0464564016532839	0.0235202845457333	0.170818383235619	0.0358738081395766	0.0526694822080067	0.0403189005260731	0.00480617833905067	0.0282987854832156	0.0217122711809514	0.0436378017710656
MD74	0.121270724259513	0.203150370935272	0.115479187516536	0.132338082711299	0.108647781017256	0.115932566828086	0.152944312668195	0.0747187026367809	0.100121653790018	0.0806570326804157
MD75	0.130881812236299	0.173613723990584	0.140165179624254	0.0931598500522247	0.0873688761794735	0.0943880809924072	0.204280621255288	0.0740453425321301	0.135233409596596	0.0661117139317481
MD76	0.325811472310901	0.535637584690312	0.409247661436312	0.311032058424598	0.319786248733863	0.328056953146595	0.574335565944434	0.246425685565822	0.331212419772043	0.188136423982269
MD77	0.0782082454533983	0.0817043986877132	0.0914037132847576	0.124872603518224	0.0959834725651597	0.103577199896586	0.0774031606216363	0.0990558926344606	0.121230075032377	0.106995357168573
MD78	0.0745951221949524	0.0396244417140478	0.0411267264176143	0.0974450637639421	0.0501027934629227	0.0344852942978268	0.0474335072603295	0.049478487622366	0.0699588424656074	0.0642763428943119
MD79	0.0515140630862948	0.024900277510293	0.020616699622553	0.104746556394261	0.0260001281356406	0.0388096956129261	0.0242454785381425	0.039839332169368	0.032026985034598	0.0366766312065931
MD80	0.0614125660414657	0.0219083668120744	0.0217945840738132	0.190589912213275	0.0311557640676596	0.0473932706286933	0.00996174497959284	0.0229949650499642	0.0651069983443519	0.0412321691132528
MD81	0.0308813956816741	0.0284093248759894	0.0310705753920723	0.0899385498634407	0.0281251306398308	0.0289236897705978	0.000280359514301182	0.0440170968401016	0.0347553562292767	0.0334249671524294
MD82	0.0355195278082057	0.0162673361824343	0.0392374259867735	0.140574831183577	0.046657636858446	0.0479395146605592	0.0253023242984534	0.0437531713003152	0.0593735079548542	0.0433128360768672
MD83	0.0526411396406639	0.030995859283832	0.111956210260507	0.116480895259574	0.0878969518167527	0.124019510228537	0.0333776355733591	0.0377477992575337	0.0849706223070044	0.0577170523479277
MD84	0.125410012014119	0.102188684446312	0.228423392611117	0.20555985809973	0.199462823630229	0.250501089196776	0.0509298487370523	0.106598984411203	0.204971204422447	0.0597316634221723
MD85	0.0338898631646958	0.0107196403261329	0.0238398992737221	0.182375350042511	0.0109792517361274	0.031403712106514	0.0212107297525528	0.0110728434227823	0.0338173660224114	0.0154510493831706
MD86	0.0656437092957299	0.0228080931507245	0.0839696852445173	0.128190828632031	0.0335564436262867	0.0552955026939921	0.0334733353060649	0.0378348198097785	0.106461247047775	0.0380327645073102
MD87	0.0556491443044987	0.0160022625841604	0.0304823626663143	0.0932610548088246	0.0418455131101688	0.0470942567601659	0.0506799221128023	0.0469594117897375	0.0510285823982119	0.0390853858807555
MD88	0.403495190743837	0.510042301472919	0.335142508823079	0.316635839341271	0.300933165060556	0.321626646821398	0.359342985571584	0.244492506780511	0.270434163500073	0.244430409272937
MD89	0.126099713225306	0.0381791333081577	0.168194505409801	0.129126335400647	0.157577703816719	0.0908240635994267	0.0490739568691092	0.0817293179780934	0.0861095143316509	0.0757263339138034
MD90	0.0953989274525422	0.0765877860858357	0.0914620852843948	0.0997784763590548	0.119846973388303	0.0935725234755815	0.146232852345588	0.101491322876585	0.103021988696214	0.0910215622313114
MD91	0.0220080527316822	0.00917996464074564	0.0179114168550894	0.0117771322548096	0.175834320749607	0.0429491576545843	0.0181302652498753	0.0458089807022597	0.0153198724752294	0.0564684811889592
MD92	0.250698230925065	0.39203599307239	0.309179470247159	0.208892332780623	0.218386542194764	0.225079645897244	0.439334288565286	0.162591255634044	0.249915475690716	0.133519965581812
MD93	0.21944262331832	0.254708352544455	0.207699130069239	0.167205536751457	0.177379547201142	0.159889032716699	0.227211704086524	0.127469160811719	0.216794802558373	0.12645257830442
MD94	0.158298632392065	0.131989506891897	0.150645295952978	0.103407033428198	0.115095291899348	0.0997449829257255	0.168974966658352	0.0827923000787947	0.176639602232499	0.103249102112339
MD95	0.0472733837244542	0.0125235883288154	0.0242396262738628	0.0340815114192287	0.150759879699836	0.0388844311011016	0.0304051946242294	0.0600265371021944	0.0293149225999379	0.0838426097575237
MD96	0.0119422140738108	0.0284477268588901	0.0265119512458925	0.0357787731468511	0.0883257504262668	0.0152636557835992	0.0536875573851597	0.0412006930135325	0.0360393283006147	0.0572581409669369
MD97	0.0187950376739526	0.0381553009829117	0.0329180724967501	0.058718696351802	0.116108990120801	0.0470190036671458	0.0610653584757951	0.0440964604843326	0.024543168910727	0.0583740633333353
MD98	0.116749191885295	0.0873200904759048	0.220191739641091	0.181306785436359	0.225878802223269	0.237270363635946	0.0493927380525785	0.0966882380604351	0.186857201249662	0.0640646575764178
MD99	0.0801229671831725	0.0636957537842765	0.193075558119127	0.142574793305477	0.176076668102355	0.166663456650304	0.0710090538652663	0.0827655143716355	0.161820755480907	0.0643863000446557
MD100	0.0350776436601579	0.016765362644597	0.0229769313384347	0.0478673602274244	0.0897022213139002	0.0299020026077402	0.0511708610568271	0.0374105571991345	0.0535453267580653	0.0427220877840595
MD101	0.414458999245973	0.520574722309713	0.341210444965208	0.3172272914372	0.294427216581684	0.341476693410997	0.353362147923238	0.240493152222176	0.269859443902849	0.240093662059592
MD102	0.0532553224897782	0.0471297906113075	0.0491781256109717	0.0441262459419348	0.0401772739112291	0.101218173533206	0.0529113409934745	0.0441908609420379	0.0515175318494536	0.0449749273414659
MD103	0.107971654577685	0.105251654044124	0.0988458293829162	0.0736503618866581	0.0797383589028	0.0916271421319256	0.130481738467852	0.0593488641902442	0.0948839490280592	0.0585844058237105
MD104	0.120699360901025	0.136621003234576	0.122129522394957	0.0774529905920638	0.0682853284328403	0.0932599201515443	0.193692242150257	0.0479995411561709	0.10330979280701	0.0559503622428167
MD105	0.194166624173364	0.240128710188074	0.203837221065405	0.132005554348253	0.128293056499785	0.169356322234798	0.279324130292399	0.126707306999499	0.200124801987791	0.124027888544932
MD106	0.306894570600449	0.480508245420493	0.377282683080489	0.262592256450843	0.273809197877737	0.295569856931313	0.530167377739881	0.212326683288257	0.310480942883572	0.171164241605564
MD107	0.115903635477455	0.0272494070463466	0.0940651109904922	0.0889690031671946	0.0461936106279558	0.270328913187889	0.0405960837288368	0.0375463999505044	0.122689175283483	0.0609112670669985
MD108	0.124964737370653	0.090146263042437	0.113689011298577	0.100405488101919	0.111570045630243	0.132894792360677	0.141658772522326	0.110778928545123	0.113074652280962	0.0928480039963242
MD109	0.0224668399151849	0.008849581765312	0.0120073586336368	0.0300730831918295	0.0335961227515088	0.217947634133878	0.0207499440209318	0.0261153224249828	0.0347488421921618	0.0290866072096965
MD110	0.0166791778926278	0.0072450843994176	0.0582751771806927	0.0365772828404632	0.039040431344151	0.186321143095752	0.0195020047597835	0.0352234765314963	0.0372200812541656	0.043917547578204
MD111	0.0290028109986894	0.0170613655975214	0.0302193574068524	0.0321913884894163	0.0508403171238564	0.100962932694108	0.0289942253420886	0.0285933475829506	0.0435060482199877	0.0433245663284009
MD112	0.0554962153309983	0.0298652839435413	0.0663069395819357	0.0643923665579428	0.0710772210723861	0.108401930326311	0.0193564925768645	0.0356016793964032	0.0601477885997932	0.0362741106273044
MD113	0.045008859220327	0.019678404179942	0.0465080342746086	0.0646242402519603	0.0590145844275305	0.12356986236133	0.0169213596041536	0.0235430010363201	0.0564704135432023	0.0315283941621997
MD114	0.116676093314392	0.0859980640435916	0.220150905737303	0.180952818671188	0.197557586330209	0.249934163772948	0.0451923683473706	0.0936882408063743	0.189028112820914	0.0584270704432406
MD115	0.0431217926439328	0.0230055305826067	0.0167875542729097	0.0421041889843465	0.0370373871096282	0.142566938985775	0.0274859384206506	0.0172036030524749	0.0368254881080394	0.0163983211913167
MD116	0.0375269058290121	0.0114214757559992	0.00835101389854276	0.0289774425366413	0.0304868562114726	0.118401337974992	0.01289156765799	0.0192335595458875	0.0482930734003928	0.0270398780260075
MD117	0.027136394683801	0.00939026337804158	0.0213727411720196	0.0458895861150137	0.0415737393293498	0.221001242738729	0.0127568818904797	0.0303574562984461	0.0642112296662747	0.0269037909093596
MD118	0.0274293907127263	0.00666944931637369	0.0109160516659739	0.0228585929741926	0.0148275763199941	0.130699510289035	0.00890107155359877	0.0136461954890446	0.0237991190304458	0.0191944652718728
MD119	0.0242608772530895	0.0837374275672342	0.0248069064024522	0.0533879443509243	0.0749607351115286	0.110973514169375	0.110204777880249	0.0329926290937433	0.0289991708043716	0.0479581766230133
MD120	0.0459193812845873	0.0188806885472246	0.0285165308724217	0.030138995990744	0.0412343963205017	0.0302947799878534	0.126603578484323	0.0203930033114188	0.0304810721547626	0.0210174103250756
MD121	0.0344396620768932	0.0175147441052907	0.0202375025142841	0.0351004325616765	0.0269787673774084	0.0216781601356593	0.181230117526301	0.0185376797765666	0.0256791911562898	0.0199168376035464
MD122	0.06623186344374	0.0687061842689705	0.0834074462099733	0.112108609987048	0.109561685804959	0.145842665203872	0.270685268899107	0.0456188234760496	0.0901291386882109	0.0604982699983329
MD123	0.0729347800517634	0.0628980621760421	0.109895521985373	0.0853749648377015	0.112605863572711	0.105890842771661	0.131957807511115	0.0738467157512591	0.107106539788806	0.033701851960881
MD124	0.0198699953415226	0.0107010257788111	0.0214045473747572	0.0209058192061645	0.0137777971207918	0.0167520775011062	0.115697235117597	0.0106566516835358	0.0131251744120148	0.00721958271198806
MD125	0.0196857594846281	0.0111546557150025	0.0192228986775245	0.0164658673952526	0.00943408089456608	0.015424436749923	0.0937293906596234	0.0132308653595981	0.0183120510634637	0.0135884102072937
MD126	0.0395072763487581	0.0159905637616358	0.0117925417631575	0.0202427649557042	0.0154735425648121	0.0186801797599632	0.189400740577705	0.0154454658703343	0.0214808398090105	0.011167266878402
MD127	0.0233985342506153	0.0198708961541497	0.0131408934607221	0.0211032794096763	0.0220872424705497	0.0164775489528553	0.0911420777475783	0.0195363140763592	0.0360570112917628	0.0255966181424671
MD128	0.0476902172069029	0.0316779808489427	0.0298026257348806	0.0299316261656447	0.0408830988035836	0.0457813274068931	0.0911814305013251	0.038363917335044	0.0287714720289969	0.040317772975324
MD129	0.0845482511164403	0.0992526113217772	0.152099684868972	0.102007988792111	0.0728680491400325	0.0947542840080803	0.122065154825375	0.0721784396555295	0.102229029248997	0.075604417534777
MD130	0.0412683877577673	0.0166609154541515	0.029583131049513	0.0141567075497037	0.0564055782408187	0.0451466556045431	0.101893910758381	0.0331207714556286	0.0401909005801966	0.0241817924775407
MD131	0.0487540130573514	0.0265056416120592	0.0262227199265015	0.0377939197456508	0.0432456926490934	0.0451269036429885	0.100779715569754	0.0354972505323163	0.046608853849246	0.0383417998492036
MD132	0.0443016802502817	0.0395695524330157	0.0227627731999462	0.0303480826031384	0.039092417607641	0.0454190328220001	0.0971743659406816	0.0395664897250509	0.0446386251358704	0.0387225443755915
MD133	0.0513894409669982	0.069190883225155	0.0368345527581946	0.0699991570664864	0.0729007790311921	0.0718908744143094	0.123387065042766	0.0473517311980342	0.0552030871873094	0.0572386732787798
MD134	0.0553745090355272	0.0162874252418719	0.0545861420408197	0.0915820539715495	0.0506994031800053	0.0544390419557511	0.150060347686619	0.0376752182492156	0.0455069854775299	0.0202159882642386
MD135	0.0225843297857454	0.0379946684744443	0.0280916119086645	0.0353061536767427	0.0357706113443641	0.0360585924038389	0.238364517048043	0.0202615599056114	0.0214959934495802	0.0226301894409665
MD136	0.0377018498333909	-0.00619106527056513	0.0211497188065629	0.022338689182939	0.0134797166277824	0.0131512045519303	0.279519976477657	0.00687046365400187	0.00225808331077818	0.0172132443004671
MD137	0.0477903030053423	0.0228388724357281	0.0423563000086534	0.0279776331427693	0.0345566340100919	0.0293453859248817	0.0922577701817079	0.0261329946052995	0.0331514832035273	0.0206367052454038
MD138	0.0467933633231915	0.0374162924486415	0.0378331252787293	0.0277493297090606	0.0238176104609828	0.0281652000497782	0.105827562165896	0.0311194235487869	0.039769010587481	0.0233905674712802
MD139	0.0803339668605969	0.104247574435368	0.0788967373558084	0.0558688604030938	0.0632589405376484	0.0671362769228775	0.155503114647229	0.0495307005516134	0.0761708553656892	0.0487930054177725
MD140	0.17812114985569	0.249562996386837	0.202582565027344	0.128194467738327	0.130798508966362	0.146298656223317	0.350556733242982	0.107771878468891	0.170930907467019	0.085488494608665
MD141	0.0530331518589642	0.0563011008460475	0.06691861552783	0.0393813272563755	0.0410676950002503	0.052063765494196	0.10824167095144	0.0493458566179995	0.0769860086777682	0.050385947773464
MD142	0.176828323789741	0.0663131926363916	0.208911229912683	0.213184896937431	0.215697391316413	0.238445077542887	0.274173470632402	0.0942538788348737	0.169216513878019	0.123613685802194
MD143	0.0268202156396132	0.0162946501793453	0.041082930488657	0.0139476519777849	0.0142438599377595	0.0220223230533697	0.0951430569031372	0.0162727857641993	0.0124129209710633	0.00630250106050061
MD144	0.0297520912270398	0.00890242316389495	0.0293279799228321	0.0208420915592248	0.0317693579720453	0.0257316252362623	0.0963280074400077	0.0156248343710356	0.022147238917585	0.0184903800138507
MD145	0.0257563081573303	0.0113653194102952	0.0194685002961312	0.0150962836353881	0.0164751134559207	0.0117833737939966	0.100304738807362	0.0159545032225714	0.0138059060277049	0.0105063809277737
MD146	0.0194478293415234	0.0145294374146336	0.011550217498592	0.0144355550537779	0.0138135093221917	0.0130140203413732	0.250784279599862	0.0124431653311744	0.0135227690956999	0.0115243889614
MD147	0.083649629296316	0.0534899038591285	0.0702325484389661	0.0486523778071147	0.0445916749133302	0.0486952842015528	0.151471501666229	0.0361294051312585	0.0543580663859097	0.0301244215127517
MD148	0.0295961902716515	0.0106705505655676	0.020157737253437	0.0211363421986661	0.00625814732043633	0.0158674493458219	0.1020856785576	0.0257227998975002	0.0253753032311994	0.0141887705835528
MD149	0.0361678024508805	0.0335343482033932	0.0276205617754754	0.00837124951100868	0.00418729433283814	0.0212175916441454	0.0961648753849466	0.0143869452715322	0.0247925317985145	0.00118027218567345
MD150	0.0309242239757882	0.0169205810984424	0.02868152174578	0.022403381030859	0.0223917934217534	0.0122368320050753	0.0951119370848533	0.0193648659066958	0.0280578192448104	0.0130571081895649
MD151	0.0238343713181575	0.0145154918275251	0.0248139594010653	0.0110723694401408	0.0202494626713428	0.0112482255735748	0.103937266316145	0.018271944481099	0.0282586292414902	0.0158240017265879
MD152	0.0533665507670455	0.0158836037140736	0.0307132878356491	0.0216174327602958	0.0230552753077329	0.0162805917166514	0.0929328928002823	0.0133771134916715	0.0243830074545493	0.010715498359272
MD153	0.0265033071268395	0.0281694643874725	0.0275425562461149	0.0189012179336155	0.0173523195945408	0.0202296262813118	0.0902909622722426	0.0226935558222991	0.0315007431381437	0.0156054425116854
MD154	0.0400668521032709	0.0311090392491712	0.0220614227581523	0.0128362035415054	0.023677309351809	0.0204964260743765	0.11146074108686	0.0184457407085363	0.0256726855491144	0.0104906679419965
MD155	0.0301102917735367	0.0197668169991531	0.0266901058332663	0.0234041167384202	0.017191040860657	0.00932504980519737	0.0958835945713401	0.0135298440292272	0.0242581284400118	0.0140650962634555
MD156	0.0238621665540012	0.0150301183609935	0.0263516201091073	0.0209807225219134	0.0160303382398748	0.0181918888541559	0.101474770019131	0.0181423315800369	0.0211703018078809	0.0100162248109976
MD157	0.0278402816194441	0.0181575112934958	0.014242016686706	0.0191035551018746	0.0184452884008503	0.0196289900639257	0.104664127022933	0.0244121184265731	0.0243156906627182	0.0155783296802072
MD158	0.0432783116244256	0.0296452032760429	0.0331339494247296	0.0324943963488661	0.0287541380406142	0.0298931665971256	0.115884841868747	0.0325439361791766	0.0454094933945245	0.0238411040354421
MD159	0.071556253700275	0.0569521232627578	0.0541684377863442	0.0347871960666084	0.0444596115471304	0.0392462216653363	0.177926230675761	0.03962987599504	0.0452786782069724	0.0325092048259604
MD160	0.0363139273396379	0.0104855883193457	0.0248024014044357	0.015682626631884	0.0229273421990478	0.0220072921616717	0.104167386275356	0.014390108201862	0.0316008713354587	0.0185294019594686
MD161	0.0245792823875831	0.0222905568794711	0.0401353171246699	0.0252301402181582	0.0156416917182153	0.0189502235224787	0.133977642968078	0.00783249100357873	0.0263050968871027	0.0202201992649872
MD162	0.0348917828290062	0.0112642455388413	0.0184756144988042	0.0254617250301842	0.016508690285691	0.0165451446065658	0.116464161666188	0.0140172774698464	0.0277960265761721	0.0163719740371426
MD163	0.0547726800666893	0.0201315544423032	0.0343624273756648	0.0237920859103862	0.0205708794629662	0.0117266262662456	0.16053395415069	0.020800086288486	0.0309610778773328	0.0206747139563409
MD164	0.0266087535436775	0.011908059652501	0.0204908267165423	0.0251749500451694	0.0148647476735511	0.0135961308041163	0.124343968030437	0.0200986694070854	0.0221898702074399	0.0160243409863539
MD165	0.0501213678212849	0.0400315528495424	0.0418867815855415	0.0458159810860709	0.0333426422674427	0.0355702345866554	0.169964484175479	0.0303978126482303	0.0435831527716798	0.0336428155142711
MD166	0.0291705819308376	0.0241996032783589	0.0321391612775045	0.0319377923325363	0.0367643918851222	0.0250513144027892	0.282399705401307	0.0318713041506508	0.0419400470269189	0.032959445385391
MD167	0.196409760609483	0.301759574241087	0.191230173341986	0.174507451423845	0.167414722832528	0.162211368853946	0.205046330779189	0.157241542840823	0.163232836782049	0.145907933419209
MD168	0.141603494514258	0.152729522942431	0.150303643446811	0.125876286894175	0.129347289588211	0.123560212800038	0.236742247535316	0.170491596419389	0.145802486195817	0.152463582610799
MD169	0.159250497271088	0.177729100891468	0.148549857356195	0.106301697282137	0.118655820034724	0.0875120954377079	0.164609315746322	0.148781521460144	0.201694318506831	0.146041305700708
MD170	0.326923482659954	0.408092399713957	0.340461167016819	0.231721953261987	0.239859673804764	0.266792730969826	0.407217953825214	0.259975999605544	0.387280937176871	0.236312503074448
MD171	0.189426149291443	0.234289655925746	0.20404678571457	0.145791009289756	0.145505136969472	0.177582953984386	0.273970486506373	0.136702011812116	0.23216364578349	0.14850752523446
MD172	0.272784420759945	0.452980888652394	0.350604218841738	0.236858210584193	0.250886072094819	0.26422341667527	0.495208711449531	0.23035794739232	0.272648709824074	0.152980653058234
MD173	0.0551320131040794	0.0188566073364712	0.0614327985828372	0.0627465721841682	0.0686475618057711	0.0511675655588647	0.0284309645550892	0.120803811955219	0.0470540840711934	0.0895640912430928
MD174	0.0415517910327701	0.0251187198645263	0.0647400918210234	0.126733602868076	0.118195608370193	0.249406327228636	0.0399558900062414	0.151572718433892	0.132535527462219	0.155483495466621
MD175	0.0822976551643116	0.027402405047977	0.0287531531212825	0.0287719797780427	0.0518154191982535	0.0212752836518659	0.0306259357838999	0.100150069846595	0.0499062406845677	0.0465781721200056
MD176	0.0478196265818427	0.0436614742787125	0.029061188255621	0.0326553354041489	0.0529012477579793	0.0532569679330149	0.0403550562797443	0.0913881239940747	0.0613220214570755	0.0592096192804347
MD177	0.0182900389243584	0.00905066636736712	0.0161365116019741	0.0175452877233485	0.053223119692668	0.0147029766193337	0.00599252154305695	0.0979470268079836	0.0104770348252868	0.0894125866965089
MD178	0.0166359402225551	0.00740713205590892	0.0146218916197957	0.0157416493585475	0.0891085140112815	0.0570991650674766	0.00964137536981687	0.174130590258323	0.0162959459396129	0.160713023724266
MD179	0.10570970668801	0.10022563623757	0.121445834472663	0.127436149322583	0.116872843327269	0.137103353598311	0.0964353923818158	0.154977821214431	0.135066759281549	0.123788354700201
MD180	0.234781597556074	0.175087100431642	0.361867433191957	0.275539748107213	0.311237839140227	0.353506779778075	0.0859915532127208	0.208777159092734	0.292968208033835	0.0813894762503917
MD181	0.115264163025479	0.0917495937250437	0.0916211474942037	0.0727125843703613	0.0796643755041481	0.0814053987161548	0.0587544159402496	0.138167591199609	0.0966364992512138	0.119323895730138
MD182	0.0337276409460805	0.0154692193124739	0.0540544576920917	0.0300720922659113	0.0438301369641934	0.0327760778774486	0.0699790410330531	0.124727249558825	0.094562353264352	0.0927136653957639
MD183	0.0604664072491515	0.0486205872174461	0.0435448921671083	0.0565595597914232	0.0491793056273842	0.0682629822731629	0.0649302151942621	0.0432908405283208	0.0894351607837722	0.0489065961429534
MD184	0.0779718642926094	0.0678717783107334	0.0524677760532019	0.0657207679863469	0.0513627483408449	0.0501514842851347	0.0705984872147965	0.0447318251053843	0.122905097709148	0.0558324404667795
MD185	0.0174533578342543	0.0407756622638938	0.0340114639094917	0.0303037219360891	0.0284044342771809	0.025801308131134	0.0177986798335043	0.0407554115871701	0.140822730767514	0.0600954575338215
MD186	0.0260522091494559	0.0466207781216519	0.0353842366506972	0.0264154997889244	0.0146605456422885	0.0251913898845491	0.0227196475704963	0.0363529910288948	0.127554291809866	0.0499728927906033
MD187	0.0598213440868662	0.0148404227960187	0.0195553906402331	0.0404270289842269	0.0210290232651293	0.0264010230723188	0.019340962033179	0.014332405322928	0.111311886268299	0.0302899948011958
MD188	0.0560959732485137	0.0111235200259525	0.0533121914331288	0.045264423458476	0.0107635313682524	0.0328215659608953	0.0164153829774429	0.0149094766359834	0.109854468487589	0.0247579718432785
MD189	0.0620265300018034	0.0193373603349353	0.0848527066196817	0.106546407157097	0.0295271369113622	0.107179723653902	0.0320941225346996	0.036350453766344	0.21454943337259	0.0424751150173391
MD190	0.0294488451268219	0.00104726203334413	0.0235983797902558	0.0888727574627726	0.0227104043321221	0.0358575435905777	-0.00521362648510078	0.0119513238427475	0.154214956971442	0.01280325618829
MD191	0.0215036803554312	0.00320240077132754	0.0292651886744605	0.04040543407676	0.0189643061761984	0.0234447150705619	0.0130875554386393	0.020793452770719	0.113205897590472	0.0165178697008093
MD192	0.0423607357760677	0.0251912314841122	0.104686822136835	0.0807229061218466	0.0960510021544466	0.10916793443368	0.0111591242097092	0.0259017283996487	0.113628607164188	0.0362240065522041
MD193	0.0686639182068981	0.0349440567764932	0.104652398571745	0.0941773515914628	0.0938034583521016	0.111798747499331	0.0469944677752585	0.0541635459839665	0.116031987916874	0.0435386659820626
MD194	0.122321571755943	0.111162122179172	0.291357283753268	0.199215070552449	0.211708298183057	0.246411725459802	0.0574719909038308	0.111357781488088	0.256802906399905	0.0676543948199806
MD195	0.0211689033206658	0.0125879394946638	0.027438785389893	0.0073615717975627	0.00762102989817034	0.0162783871882031	0.0172869133297323	0.00631266773088757	0.0887099419627795	0.00411670383279474
MD196	0.155974845720415	0.109574838174852	0.116148376884543	0.0818942710697588	0.08634269593082	0.0799428624693206	0.111868776995574	0.0755217869790123	0.130009703808147	0.0684201039902845
MD197	0.0992546717774355	0.137594297540192	0.110477694815605	0.0788781185470543	0.0788015769859877	0.071061225884035	0.158727628456219	0.0663451985589977	0.114722161361074	0.0719639054010221
MD198	0.234261994308646	0.324686481162821	0.258703315779868	0.164643294973201	0.166128951878241	0.177500606817297	0.333793912941567	0.136848118874214	0.245633927735819	0.119824750393932
MD199	0.037674538126379	0.0275930808495114	0.0376598080937516	0.0479998310731472	0.0279186860222235	0.029631775173124	0.0151775206489689	0.0401515786510127	0.0980562207662934	0.0434897007025314
MD200	0.0652562553316121	0.0492385880415819	0.0629003472370217	0.0653775635379685	0.0503882158084457	0.0619418175898741	0.0474281027928129	0.0652774436859277	0.105133199350227	0.0696319955638259
MD201	0.0132320189387743	0.021200472266542	0.0129761271279873	0.0273563901996371	0.0243580813028672	0.0173177087538298	0.00957927919315434	0.0331037423318268	0.0997842939561412	0.0338634187603256
MD202	0.0243108958227308	0.0173659345672525	0.0174429035381066	0.0355466144756162	0.0282768898173452	0.0355487907568253	0.00844509629630234	0.0264224302691064	0.103589833250879	0.0389718861364145
MD203	0.0334837074192903	0.0125735542543912	0.0296182231573746	0.0824134717306555	0.0582740052813189	0.100346727630405	0.0245134828975107	0.062096629791023	0.202446522593084	0.0803133591818145
MD204	0.0221208430820389	0.0198699243737505	0.0203904050067684	0.022864729814848	0.0351104979020995	0.0222340118310202	0.0135812707392751	0.0455747188791786	0.0384199550135672	0.0912074074215183
MD205	0.0434513416238643	0.026154829741887	0.0274462993902439	0.0354373357479228	0.0673863933016244	0.023050382903838	0.0176976921463931	0.103470405984531	0.0525700882434834	0.164456606478161
MD206	0.0515933324863615	0.012193238605448	0.0444042732642507	0.0445350958631688	0.0927970822897345	0.0480053709095343	0.0150548459165344	0.0831676880723945	0.0545824979553252	0.141706525480049
MD207	0.0576739755277154	0.0750810129382804	0.0738246786254149	0.0691419938579618	0.0611291919526296	0.0770145187662482	0.0440752343395877	0.0839327076516487	0.0754975241650329	0.100027616586934
MD208	0.193057498894206	0.209448166673556	0.167556934529895	0.123049313026904	0.118530702482164	0.124919993440214	0.205356135557029	0.124979801110035	0.217381693259689	0.159333562950193
MD209	0.035433908181455	0.0263974401429914	0.0248701117485598	0.0469592136000522	0.0280356363559772	0.0310691800591811	0.0217556426766511	0.0494791451780169	0.0548972755057998	0.0950084072091774
MD210	0.114366762264122	0.209476570778798	0.110989794845809	0.108336781955422	0.1050153669509	0.115240264738799	0.143098688023225	0.1044845480563	0.126657598195904	0.140825938365541
MD211	0.0944408161169998	0.0681132810909232	0.075686876782159	0.084993175655156	0.076245490947781	0.0687288591154517	0.116809039553282	0.081500322182884	0.105497004858212	0.133499929142732
MD212	0.0290910949370165	0.0155057827962667	0.0121750170033158	0.0269087492073239	0.0546456482874626	0.0335224270329097	0.00761987885430148	0.101947557082658	0.0192172043524529	0.16435866428066
MD213	0.0270455071773769	0.00758007121232892	0.0187112028679952	0.011055332534134	0.0463091199486304	0.0351549270359566	-0.0118894528143714	0.0491954111951469	0.0254441389708329	0.106947419294742
MD214	0.0203355339185362	0.014923896193257	0.0128008784482937	0.014923965827049	0.0878962085391797	0.0258623876995189	0.0204495303014865	0.145603730636253	0.013882727521489	0.208118462272424
MD215	0.0219190193094444	0.00859927482580442	0.0373462122739518	0.0318935446390167	0.116999207089068	0.0233863790869801	0.0164765547201286	0.0886467935432456	0.0254871642660146	0.143002457282458
MD216	0.0288660696240141	0.0215644862524342	0.0248758774569497	0.0404753417389118	0.0297856506985331	0.0187562841895572	0.0430632509211681	0.0424974291444291	0.018104089589126	0.0941580545158959
MD217	0.0258021089873618	0.0571908769952259	0.0795033078807394	0.0645120935576057	0.0614509893909304	0.0587875665247582	0.0156778139055969	0.0615351159630918	0.145963329097656	0.142482768491041
MD218	0.0429768503258948	0.0253248830177624	0.0512454599742856	0.0529034607690242	0.0490641025846428	0.0578969429698325	0.0635295737912865	0.0395625026407122	0.0422225137364941	0.0990889217414678
MD219	0.0722643613259353	0.0473835370072616	0.0533632167024842	0.0717673192072042	0.0617912501237468	0.0671459630123554	0.050491350634745	0.0681402956795698	0.0642121778643956	0.119560046831933
MD220	0.0272911735735768	0.0622499156470968	0.0040400564785873	0.0515449639209025	0.0590533049707027	0.0587307114999316	0.055156250278112	0.0707662078009988	0.0775344296036388	0.114007083651379
MD221	0.184456894582402	0.319027554152911	0.224811908851461	0.151700381745324	0.153439021904165	0.156267796198994	0.387382035113156	0.128869108626015	0.179650892933192	0.110956607041015
MD222	0.0639888974596925	0.037989883356694	0.0377322794382669	0.049685065533278	0.0442679382095516	0.0714626476809942	0.0362575210943226	0.100834428862114	0.0421880193585306	0.146917144655118
MD223	0.0706332741373352	0.0600771688836894	0.0693667622659318	0.0816947859039393	0.0819376733162049	0.074911958605327	0.0262343886084953	0.107638147578574	0.0949718419490669	0.178345237355714
MD224	0.0820815453287787	0.0787387491748244	0.249056126727871	0.148809998080242	0.187222426300307	0.203628539246155	0.0690882698926373	0.099058845337613	0.219206273175827	0.115384148142067
MD225	0.196656836097822	0.0761415363534604	0.244432669377089	0.227781929259487	0.23058852442991	0.251138897133354	0.210283554966115	0.099640844542172	0.189617627966305	0.158458680679419
MD226	0.0562451889674638	0.0383118132446964	0.106166615759849	0.109739163200544	0.117835686116499	0.140879042605974	0.0383801549577668	0.0414564135125777	0.0958663803768788	0.0965061061156959
MD227	0.115116403183209	0.0697979080462625	0.172630135947309	0.187996352226223	0.20970252799915	0.266230934951914	0.0525333937059375	0.0947208303206557	0.187164012975023	0.162910087767653
