human	PD10_XXL_Mono-1	248919447	299.2500	PD10Mono1cell1	20115280	21842096	18101034	82832	21231939	20631627	20631626
human	PD10_XXL_Mono-1	248919447	299.2500	PD10Mono1cell2	2551427	2788210	2019556	87318	2473919	2300877	2300876
human	PD10_XXL_Mono-1	248919447	299.2500	PD10Mono1cell3	2349394	2610604	1789013	47745	2208053	2070772	2070772
human	PD10_XXL_Mono-1	248919447	299.2500	PD10Mono1cell4	1333411	2409214	1477421	80022	1949606	1748003	1748003
human	PD10_XXL_Mono-1	248919447	299.2500	PD10Mono1cell5	1951259	2126503	1648833	44352	1986375	1882343	1882343
human	PD10_XXL_Mono-1	248919447	299.2500	PD10Mono1cell6	3588428	3957976	2547538	59725	3039694	2905409	2905409
human	PD10_XXL_Mono-1	248919447	299.2500	PD10Mono1cell7	5018064	5405948	4231687	47626	4942000	4812111	4812111
human	PD10_XXL_Mono-1	248919447	299.2500	PD10Mono1cell8	554989	614643	386122	9784	469499	447143	447143
human	PD10_XXL_Mono-1	248919447	299.2500	PD10Mono1cell9	3331765	3649389	2769863	62129	3348468	3193163	3193163
human	PD10_XXL_Mono-1	248919447	299.2500	PD10Mono1cell10	2355673	2549379	1848094	73282	2266411	2121381	2121381
human	PD10_XXL_Mono-1	248919447	299.2500	PD10Mono1cell11	1574112	1738670	1143677	61060	1430819	1310648	1310647
human	PD10_XXL_Mono-1	248919447	299.2500	PD10Mono1cell12	568532	974657	526031	77031	735092	622066	622066
human	PD10_XXL_Mono-1	248919447	299.2500	PD10Mono1cell13	2794643	3031025	2420962	39680	2890754	2768666	2768666
human	PD10_XXL_Mono-1	248919447	299.2500	PD10Mono1cell14	4007457	4426599	3005862	42001	3593506	3457958	3457958
human	PD10_XXL_Mono-1	248919447	299.2500	PD10Mono1cell15	4525499	4870767	3768201	35457	4447851	4311431	4311431
human	PD10_XXL_Mono-1	248919447	299.2500	PD10Mono1cell16	2633022	2850885	2239567	32120	2623136	2531466	2531466
human	PD10_XXL_Mono-1	248919447	299.2500	PD10Mono1cell17	2392699	2640382	1951557	48702	2369947	2251365	2251365
human	PD10_XXL_Mono-1	248919447	299.2500	PD10Mono1cell18	859174	935026	608419	55371	767747	688451	688451
human	PD10_XXL_Mono-1	248919447	299.2500	PD10Mono1cell19	1921327	2141161	1438761	36153	1749062	1653985	1653985
human	PD10_XXL_Mono-1	248919447	299.2500	PD10Mono1cell20	1078630	1994156	1221098	71910	1594371	1453907	1453907
human	PD10_XXL_Mono-1	248919447	299.2500	PD10Mono1cell21	2153623	2368935	1805335	54515	2200934	2082016	2082016
human	PD10_XXL_Mono-1	248919447	299.2500	PD10Mono1cell22	1225693	1360355	728750	57403	915136	829093	829092
human	PD10_XXL_Mono-1	248919447	299.2500	PD10Mono1cell23	2990755	3233213	2374478	36795	2808772	2724377	2724376
human	PD10_XXL_Mono-1	248919447	299.2500	PD10Mono1cell24	2849812	3103746	2429411	32619	2849759	2756522	2756521
human	PD10_XXL_Mono-1	248919447	299.2500	PD10Mono1cell25	3794894	4165423	3159090	63700	3797846	3628632	3628632
human	PD10_XXL_Mono-1	248919447	299.2500	PD10Mono1cell26	3076973	3326208	2484776	78933	3031424	2865351	2865351
human	PD10_XXL_Mono-1	248919447	299.2500	PD10Mono1cell27	2107669	2330272	1612321	38372	1971837	1864108	1864108
human	PD10_XXL_Mono-1	248919447	299.2500	PD10Mono1cell28	477602	788230	362172	78956	550655	435371	435371
human	PD10_XXL_Mono-1	248919447	299.2500	PD10Mono1cell29	3180912	3439871	2748089	35094	3261469	3148771	3148770
human	PD10_XXL_Mono-1	248919447	299.2500	PD10Mono1cell30	3201519	3518149	2273774	51219	2717816	2609799	2609799
human	PD10_XXL_Mono-1	248919447	299.2500	PD10Mono1cell31	3701661	3993909	3034719	33988	3563784	3457514	3457514
human	PD10_XXL_Mono-1	248919447	299.2500	PD10Mono1cell32	2560057	2778487	2158138	34104	2543715	2469361	2469361
human	PD10_XXL_Mono-1	248919447	299.2500	PD10Mono1cell33	2537264	2893117	2123340	44471	2629127	2490931	2490930
human	PD10_XXL_Mono-1	248919447	299.2500	PD10Mono1cell34	1312103	1465088	935409	68905	1222773	1099065	1099065
human	PD10_XXL_Mono-1	248919447	299.2500	PD10Mono1cell35	1422676	1636855	1037295	29133	1306057	1228150	1228150
human	PD10_XXL_Mono-1	248919447	299.2500	PD10Mono1cell36	445607	784451	376214	52210	537255	458179	458179
human	PD10_XXL_Mono-1	248919447	299.2500	PD10Mono1cell37	2996941	3358209	2605446	32036	3173439	3063692	3063691
human	PD10_XXL_Mono-1	248919447	299.2500	PD10Mono1cell38	1455619	1660674	842038	41356	1067489	992335	992335
human	PD10_XXL_Mono-1	248919447	299.2500	PD10Mono1cell39	3130754	3470097	2561227	30210	3095840	2995359	2995359
human	PD10_XXL_Mono-1	248919447	299.2500	PD10Mono1cell40	1781059	1984351	1459878	25392	1765256	1706652	1706652
human	PD10_XXL_Mono-1	248919447	299.2500	PD10Mono1cell41	3102740	3552447	2323849	52063	3179396	2985998	2985998
human	PD10_XXL_Mono-1	248919447	299.2500	PD10Mono1cell42	2905648	3179681	2065144	77354	2818702	2625839	2625839
human	PD10_XXL_Mono-1	248919447	299.2500	PD10Mono1cell43	1854474	2151634	1289027	32877	1730415	1623622	1623622
human	PD10_XXL_Mono-1	248919447	299.2500	PD10Mono1cell44	914546	1620035	802512	64701	1203895	1069261	1069261
human	PD10_XXL_Mono-1	248919447	299.2500	PD10Mono1cell45	725738	819079	455092	54800	674808	580601	580601
human	PD10_XXL_Mono-1	248919447	299.2500	PD10Mono1cell46	2426252	2752440	1383428	23043	1854003	1752167	1752167
human	PD10_XXL_Mono-1	248919447	299.2500	PD10Mono1cell47	3114595	3498574	2339318	49943	3064639	2919637	2919636
human	PD10_XXL_Mono-1	248919447	299.2500	PD10Mono1cell48	2206051	2448871	1650139	23517	2132307	2057414	2057414
human	PD10_XXL_Mono-1	248919447	299.2500	PD10Mono1cell49	3124373	3469475	2556924	76444	3164056	2989131	2989130
human	PD10_XXL_Mono-1	248919447	299.2500	PD10Mono1cell50	2312997	2511456	1756535	89016	2214339	2062314	2062314
human	PD10_XXL_Mono-1	248919447	299.2500	PD10Mono1cell51	1665571	1857082	1147482	33577	1447280	1356092	1356092
human	PD10_XXL_Mono-1	248919447	299.2500	PD10Mono1cell52	656574	1141056	571203	72668	816976	685949	685949
human	PD10_XXL_Mono-1	248919447	299.2500	PD10Mono1cell53	1325585	1440653	1024063	42083	1285071	1201355	1201355
human	PD10_XXL_Mono-1	248919447	299.2500	PD10Mono1cell54	3519418	3911748	2490538	51257	3013583	2896311	2896311
human	PD10_XXL_Mono-1	248919447	299.2500	PD10Mono1cell55	86335	98376	38440	7935	56468	45686	45686
human	PD10_XXL_Mono-1	248919447	299.2500	PD10Mono1cell56	2508073	2729272	2083278	34670	2497386	2413337	2413336
human	PD10_XXL_Mono-1	248919447	299.2500	PD10Mono1cell57	1431532	1660706	1027552	46488	1433655	1317037	1317037
human	PD10_XXL_Mono-1	248919447	299.2500	PD10Mono1cell58	1592769	1752865	1038101	64481	1480140	1340086	1340086
human	PD10_XXL_Mono-1	248919447	299.2500	PD10Mono1cell59	1610656	1873213	1122064	38175	1515099	1411646	1411646
human	PD10_XXL_Mono-1	248919447	299.2500	PD10Mono1cell60	907094	1706855	934624	61631	1377722	1231351	1231351
human	PD10_XXL_Mono-1	248919447	299.2500	PD10Mono1cell61	1446816	1610728	1055381	33077	1453985	1359699	1359699
human	PD10_XXL_Mono-1	248919447	299.2500	PD10Mono1cell62	3206085	3638463	1979171	45123	2675014	2534307	2534307
human	PD10_XXL_Mono-1	248919447	299.2500	PD10Mono1cell63	3556347	4020958	2766033	39493	3603349	3461733	3461733
human	PD10_XXL_Mono-1	248919447	299.2500	PD10Mono1cell64	2043034	2260884	1530193	31930	2027418	1936360	1936360
human	PD10_XXL_Mono-1	248919447	299.2500	PD10Mono1cell65	2821750	3125560	2250573	72019	2780232	2621609	2621609
human	PD10_XXL_Mono-1	248919447	299.2500	PD10Mono1cell66	1674677	1819970	1198356	84998	1540083	1385941	1385941
human	PD10_XXL_Mono-1	248919447	299.2500	PD10Mono1cell67	1951524	2167085	1427062	49901	1794169	1670037	1670037
human	PD10_XXL_Mono-1	248919447	299.2500	PD10Mono1cell68	92703	126447	18941	38758	72123	24217	24217
human	PD10_XXL_Mono-1	248919447	299.2500	PD10Mono1cell69	1297999	1416932	1034154	45189	1281977	1199845	1199845
human	PD10_XXL_Mono-1	248919447	299.2500	PD10Mono1cell70	889381	995318	323080	46829	451151	376670	376670
human	PD10_XXL_Mono-1	248919447	299.2500	PD10Mono1cell71	628206	679633	328394	39146	445839	389282	389281
human	PD10_XXL_Mono-1	248919447	299.2500	PD10Mono1cell72	2640244	2879381	2224259	32229	2623138	2549991	2549991
human	PD10_XXL_Mono-1	248919447	299.2500	PD10Mono1cell73	2686887	2980346	2106507	72191	2623081	2446766	2446766
human	PD10_XXL_Mono-1	248919447	299.2500	PD10Mono1cell74	2639711	2851166	2115691	58726	2585649	2450754	2450753
human	PD10_XXL_Mono-1	248919447	299.2500	PD10Mono1cell75	1475875	1645409	1043693	37543	1320694	1230610	1230610
human	PD10_XXL_Mono-1	248919447	299.2500	PD10Mono1cell76	218345	345639	134078	46328	228577	167327	167327
human	PD10_XXL_Mono-1	248919447	299.2500	PD10Mono1cell77	2485763	2687306	2075155	37993	2522242	2410969	2410969
human	PD10_XXL_Mono-1	248919447	299.2500	PD10Mono1cell78	2172631	2403252	1357397	47223	1676028	1576717	1576717
human	PD10_XXL_Mono-1	248919447	299.2500	PD10Mono1cell79	149709	168194	82833	11323	112461	97170	97170
human	PD10_XXL_Mono-1	248919447	299.2500	PD10Mono1cell80	1020957	1118040	744317	29690	917228	868968	868968
human	PD10_XXL_Mono-1	248919447	299.2500	PD10Mono1cell81	2325504	2702529	1730798	48443	2393218	2227513	2227513
human	PD10_XXL_Mono-1	248919447	299.2500	PD10Mono1cell82	929308	1022422	568719	46497	818581	728893	728893
human	PD10_XXL_Mono-1	248919447	299.2500	PD10Mono1cell83	501502	592164	271735	29562	406928	350616	350616
human	PD10_XXL_Mono-1	248919447	299.2500	PD10Mono1cell84	864259	1519598	704000	60054	1080334	949699	949699
human	PD10_XXL_Mono-1	248919447	299.2500	PD10Mono1cell85	1413791	1578711	973260	20945	1363271	1280966	1280966
human	PD10_XXL_Mono-1	248919447	299.2500	PD10Mono1cell86	2657148	3029107	1662911	36909	2254532	2136590	2136589
human	PD10_XXL_Mono-1	248919447	299.2500	PD10Mono1cell87	2170712	2468889	1505689	52026	2061782	1930369	1930369
human	PD10_XXL_Mono-1	248919447	299.2500	PD10Mono1cell88	574326	648950	324407	35501	480745	421743	421743
human	PD10_XXL_Mono-1	248919447	299.2500	PD10Mono1cell89	1445741	1609951	1101869	39743	1383162	1292303	1292303
human	PD10_XXL_Mono-1	248919447	299.2500	PD10Mono1cell90	1915779	2086094	1440539	73089	1827692	1690058	1690058
human	PD10_XXL_Mono-1	248919447	299.2500	PD10Mono1cell91	433067	492006	212340	29997	308117	260066	260066
human	PD10_XXL_Mono-1	248919447	299.2500	PD10Mono1cell92	97396	140908	19142	36771	70894	24751	24751
human	PD10_XXL_Mono-1	248919447	299.2500	PD10Mono1cell93	559026	614138	388484	24680	514749	465053	465053
human	PD10_XXL_Mono-1	248919447	299.2500	PD10Mono1cell94	2489273	2765247	1753325	23884	2129089	2047007	2047007
human	PD10_XXL_Mono-1	248919447	299.2500	PD10Mono1cell95	304782	330838	191020	13013	245117	224094	224094
human	PD10_XXL_Mono-1	248919447	299.2500	PD10Mono1cell96	373632	407403	223015	21836	293942	260891	260891
human	PD10_XXL_Mono-2	259470981	308.2000	PD10Mono2cell1	2898125	3181037	2283319	79978	2761357	2599092	2599092
human	PD10_XXL_Mono-2	259470981	308.2000	PD10Mono2cell2	3333581	3610344	2690832	99377	3258065	3066246	3066246
human	PD10_XXL_Mono-2	259470981	308.2000	PD10Mono2cell3	2672284	2948441	2116304	43011	2530544	2405081	2405081
human	PD10_XXL_Mono-2	259470981	308.2000	PD10Mono2cell4	1440478	2626531	1606759	75353	2076061	1894237	1894237
human	PD10_XXL_Mono-2	259470981	308.2000	PD10Mono2cell5	3121298	3415906	2667593	42255	3179410	3055710	3055710
human	PD10_XXL_Mono-2	259470981	308.2000	PD10Mono2cell6	5572063	6139979	4339785	63284	5137663	4970398	4970398
human	PD10_XXL_Mono-2	259470981	308.2000	PD10Mono2cell7	3920700	4211063	3126625	74057	3733555	3575271	3575271
human	PD10_XXL_Mono-2	259470981	308.2000	PD10Mono2cell8	1895946	2078990	1562137	23644	1818279	1755505	1755505
human	PD10_XXL_Mono-2	259470981	308.2000	PD10Mono2cell9	1001749	1113691	716715	45154	903560	821818	821818
human	PD10_XXL_Mono-2	259470981	308.2000	PD10Mono2cell10	2680733	2882894	2085154	82822	2559147	2402483	2402482
human	PD10_XXL_Mono-2	259470981	308.2000	PD10Mono2cell11	1497504	1657221	1110146	34461	1357953	1273629	1273629
human	PD10_XXL_Mono-2	259470981	308.2000	PD10Mono2cell12	1063278	1897488	1070326	77428	1425619	1285523	1285523
human	PD10_XXL_Mono-2	259470981	308.2000	PD10Mono2cell13	2956652	3205602	2531999	31562	2999198	2893792	2893792
human	PD10_XXL_Mono-2	259470981	308.2000	PD10Mono2cell14	4569093	5019485	3437194	49505	4071233	3919782	3919782
human	PD10_XXL_Mono-2	259470981	308.2000	PD10Mono2cell15	4090325	4398491	3329839	57446	3915574	3782841	3782841
human	PD10_XXL_Mono-2	259470981	308.2000	PD10Mono2cell16	2554188	2763958	2130550	37314	2491912	2409557	2409557
human	PD10_XXL_Mono-2	259470981	308.2000	PD10Mono2cell17	2411925	2654918	1956370	59474	2342491	2211523	2211523
human	PD10_XXL_Mono-2	259470981	308.2000	PD10Mono2cell18	3528116	3838598	2893732	108732	3497286	3283054	3283054
human	PD10_XXL_Mono-2	259470981	308.2000	PD10Mono2cell19	1510846	1679054	1113674	33943	1363217	1283614	1283614
human	PD10_XXL_Mono-2	259470981	308.2000	PD10Mono2cell20	1139465	2080790	1235846	72185	1589921	1442551	1442551
human	PD10_XXL_Mono-2	259470981	308.2000	PD10Mono2cell21	3690886	4045937	3233640	43989	3847549	3699167	3699166
human	PD10_XXL_Mono-2	259470981	308.2000	PD10Mono2cell22	4782909	5271985	3699380	55101	4345694	4207700	4207700
human	PD10_XXL_Mono-2	259470981	308.2000	PD10Mono2cell23	2674654	2891145	2100464	60155	2469149	2362943	2362943
human	PD10_XXL_Mono-2	259470981	308.2000	PD10Mono2cell24	2424529	2642181	2067640	32155	2400171	2329227	2329227
human	PD10_XXL_Mono-2	259470981	308.2000	PD10Mono2cell25	2097144	2302069	1638743	72722	2002345	1865561	1865561
human	PD10_XXL_Mono-2	259470981	308.2000	PD10Mono2cell26	3692210	3984783	2999068	104693	3603128	3395472	3395472
human	PD10_XXL_Mono-2	259470981	308.2000	PD10Mono2cell27	2305701	2553829	1821809	34186	2207012	2098081	2098081
human	PD10_XXL_Mono-2	259470981	308.2000	PD10Mono2cell28	364098	595301	178063	80664	336431	221247	221247
human	PD10_XXL_Mono-2	259470981	308.2000	PD10Mono2cell29	2158198	2349646	1813731	46525	2190107	2075765	2075765
human	PD10_XXL_Mono-2	259470981	308.2000	PD10Mono2cell30	3247874	3601105	2381911	60037	2858107	2722562	2722562
human	PD10_XXL_Mono-2	259470981	308.2000	PD10Mono2cell31	3201415	3466473	2581009	45557	3047331	2935669	2935669
human	PD10_XXL_Mono-2	259470981	308.2000	PD10Mono2cell32	2567040	2782366	2172075	39222	2541639	2457242	2457242
human	PD10_XXL_Mono-2	259470981	308.2000	PD10Mono2cell33	2957969	3337512	2466437	66725	3037843	2885209	2885209
human	PD10_XXL_Mono-2	259470981	308.2000	PD10Mono2cell34	1240929	1391667	881543	82934	1147825	1020614	1020614
human	PD10_XXL_Mono-2	259470981	308.2000	PD10Mono2cell35	1635623	1881087	1263282	35703	1580751	1493057	1493057
human	PD10_XXL_Mono-2	259470981	308.2000	PD10Mono2cell36	819440	1526972	912529	65589	1211326	1091447	1091447
human	PD10_XXL_Mono-2	259470981	308.2000	PD10Mono2cell37	954107	1066905	734507	35817	927515	864096	864096
human	PD10_XXL_Mono-2	259470981	308.2000	PD10Mono2cell38	3130756	3534709	2324620	43435	2808810	2699404	2699404
human	PD10_XXL_Mono-2	259470981	308.2000	PD10Mono2cell39	2089224	2306200	1586884	51402	1939769	1848502	1848502
human	PD10_XXL_Mono-2	259470981	308.2000	PD10Mono2cell40	2867453	3145188	2475022	23455	2924691	2858939	2858939
human	PD10_XXL_Mono-2	259470981	308.2000	PD10Mono2cell41	3346009	3806714	2483492	74899	3425980	3186920	3186920
human	PD10_XXL_Mono-2	259470981	308.2000	PD10Mono2cell42	4269262	4635240	3073475	113251	4251051	3945386	3945386
human	PD10_XXL_Mono-2	259470981	308.2000	PD10Mono2cell43	1864677	2166641	1306743	42771	1772504	1653676	1653676
human	PD10_XXL_Mono-2	259470981	308.2000	PD10Mono2cell44	1222045	2362537	1336381	66808	1912322	1736567	1736567
human	PD10_XXL_Mono-2	259470981	308.2000	PD10Mono2cell45	181268	216084	65608	31439	128736	84707	84707
human	PD10_XXL_Mono-2	259470981	308.2000	PD10Mono2cell46	4966722	5601899	3468484	44765	4529616	4348322	4348322
human	PD10_XXL_Mono-2	259470981	308.2000	PD10Mono2cell47	4271693	4827263	3246341	60612	4247254	4077698	4077698
human	PD10_XXL_Mono-2	259470981	308.2000	PD10Mono2cell48	2855575	3149331	2187233	27448	2853940	2751154	2751154
human	PD10_XXL_Mono-2	259470981	308.2000	PD10Mono2cell49	2779179	3091049	2110734	88415	2659560	2482861	2482861
human	PD10_XXL_Mono-2	259470981	308.2000	PD10Mono2cell50	1881817	2039033	1310809	104349	1690964	1524510	1524510
human	PD10_XXL_Mono-2	259470981	308.2000	PD10Mono2cell51	2221402	2455171	1704225	32986	2100345	1995869	1995869
human	PD10_XXL_Mono-2	259470981	308.2000	PD10Mono2cell52	1002312	1814054	1073602	70705	1431307	1297230	1297230
human	PD10_XXL_Mono-2	259470981	308.2000	PD10Mono2cell53	144469	169544	54918	30692	105003	66667	66667
human	PD10_XXL_Mono-2	259470981	308.2000	PD10Mono2cell54	3920864	4329491	2892458	51262	3514260	3369682	3369682
human	PD10_XXL_Mono-2	259470981	308.2000	PD10Mono2cell55	3901734	4233682	3149216	43490	3784602	3663358	3663358
human	PD10_XXL_Mono-2	259470981	308.2000	PD10Mono2cell56	1657520	1813311	1281927	23567	1542506	1495897	1495897
human	PD10_XXL_Mono-2	259470981	308.2000	PD10Mono2cell57	2652083	3055751	1911702	63038	2662958	2467749	2467749
human	PD10_XXL_Mono-2	259470981	308.2000	PD10Mono2cell58	3885812	4226661	2729624	97324	3821062	3542561	3542561
human	PD10_XXL_Mono-2	259470981	308.2000	PD10Mono2cell59	1572881	1847468	1095459	30234	1519416	1419098	1419098
human	PD10_XXL_Mono-2	259470981	308.2000	PD10Mono2cell60	809180	1362967	604552	63320	941017	804163	804163
human	PD10_XXL_Mono-2	259470981	308.2000	PD10Mono2cell61	671066	747944	439404	44101	645068	568485	568485
human	PD10_XXL_Mono-2	259470981	308.2000	PD10Mono2cell62	4176066	4716562	2842611	37265	3776852	3621337	3621337
human	PD10_XXL_Mono-2	259470981	308.2000	PD10Mono2cell63	4741798	5352744	3751539	41612	4898910	4728664	4728664
human	PD10_XXL_Mono-2	259470981	308.2000	PD10Mono2cell64	211310	239620	72401	27829	133593	93622	93622
human	PD10_XXL_Mono-2	259470981	308.2000	PD10Mono2cell65	3294967	3657568	2635554	79887	3220671	3041134	3041134
human	PD10_XXL_Mono-2	259470981	308.2000	PD10Mono2cell66	2758444	3002250	2096862	122863	2648924	2440683	2440681
human	PD10_XXL_Mono-2	259470981	308.2000	PD10Mono2cell67	2704197	3006642	2127883	45280	2590623	2465703	2465703
human	PD10_XXL_Mono-2	259470981	308.2000	PD10Mono2cell68	1347912	2504601	1526661	100985	1999948	1811138	1811138
human	PD10_XXL_Mono-2	259470981	308.2000	PD10Mono2cell69	4005800	4348621	3380363	44214	4093900	3935795	3935795
human	PD10_XXL_Mono-2	259470981	308.2000	PD10Mono2cell70	3560163	3933299	2506188	52288	3038561	2915684	2915684
human	PD10_XXL_Mono-2	259470981	308.2000	PD10Mono2cell71	293052	318013	157233	21321	212088	182619	182619
human	PD10_XXL_Mono-2	259470981	308.2000	PD10Mono2cell72	2607653	2831027	2145395	46688	2547210	2450605	2450604
human	PD10_XXL_Mono-2	259470981	308.2000	PD10Mono2cell73	2696092	2982238	2170094	66178	2661321	2505188	2505188
human	PD10_XXL_Mono-2	259470981	308.2000	PD10Mono2cell74	3070965	3299652	2436320	102718	3010488	2815637	2815637
human	PD10_XXL_Mono-2	259470981	308.2000	PD10Mono2cell75	1277371	1423569	899689	30720	1138479	1062656	1062656
human	PD10_XXL_Mono-2	259470981	308.2000	PD10Mono2cell76	290792	474180	172502	61820	293702	205584	205584
human	PD10_XXL_Mono-2	259470981	308.2000	PD10Mono2cell77	330807	376246	200458	34743	282032	233938	233938
human	PD10_XXL_Mono-2	259470981	308.2000	PD10Mono2cell78	4310675	4735394	3253554	50761	3899489	3768764	3768764
human	PD10_XXL_Mono-2	259470981	308.2000	PD10Mono2cell79	716555	778688	533931	19056	646859	612748	612748
human	PD10_XXL_Mono-2	259470981	308.2000	PD10Mono2cell80	2213176	2395506	1834630	27781	2162260	2096000	2096000
human	PD10_XXL_Mono-2	259470981	308.2000	PD10Mono2cell81	770659	909013	475420	46516	703700	615024	615024
human	PD10_XXL_Mono-2	259470981	308.2000	PD10Mono2cell82	2228750	2430349	1530644	71008	2168607	2002045	2002045
human	PD10_XXL_Mono-2	259470981	308.2000	PD10Mono2cell83	818331	955758	492466	35274	713464	641244	641244
human	PD10_XXL_Mono-2	259470981	308.2000	PD10Mono2cell84	956336	1712255	923663	51435	1378099	1230313	1230313
human	PD10_XXL_Mono-2	259470981	308.2000	PD10Mono2cell85	1596843	1777353	1174507	38405	1624098	1518857	1518857
human	PD10_XXL_Mono-2	259470981	308.2000	PD10Mono2cell86	556022	638600	191154	40011	310385	248405	248405
human	PD10_XXL_Mono-2	259470981	308.2000	PD10Mono2cell87	1191241	1352137	752473	39233	1042901	961909	961909
human	PD10_XXL_Mono-2	259470981	308.2000	PD10Mono2cell88	373108	414516	182830	28102	279400	236535	236535
human	PD10_XXL_Mono-2	259470981	308.2000	PD10Mono2cell89	1320204	1456912	1033717	36528	1272534	1198584	1198584
human	PD10_XXL_Mono-2	259470981	308.2000	PD10Mono2cell90	49622	58650	14975	6820	27249	18159	18159
human	PD10_XXL_Mono-2	259470981	308.2000	PD10Mono2cell91	505322	566015	306147	16770	396364	361341	361341
human	PD10_XXL_Mono-2	259470981	308.2000	PD10Mono2cell92	84157	114106	16673	31415	60215	21014	21014
human	PD10_XXL_Mono-2	259470981	308.2000	PD10Mono2cell93	249993	278297	140777	21770	200211	168039	168039
human	PD10_XXL_Mono-2	259470981	308.2000	PD10Mono2cell94	509311	579854	108121	36802	181941	131052	131052
human	PD10_XXL_Mono-2	259470981	308.2000	PD10Mono2cell95	346777	380793	178346	17744	233141	207061	207061
human	PD10_XXL_Mono-2	259470981	308.2000	PD10Mono2cell96	284056	316281	142451	15697	195275	173149	173149
human	PD10_XXL_Mono-3	291757608	383.5666	PD10Mono3cell1	4398736	4831374	3490424	118326	4224423	3984797	3984797
human	PD10_XXL_Mono-3	291757608	383.5666	PD10Mono3cell2	1408376	1556710	864730	131650	1170330	986965	986965
human	PD10_XXL_Mono-3	291757608	383.5666	PD10Mono3cell3	1800862	1989972	1202564	52842	1506294	1384300	1384300
human	PD10_XXL_Mono-3	291757608	383.5666	PD10Mono3cell4	1034848	1851671	975130	89842	1321819	1158425	1158425
human	PD10_XXL_Mono-3	291757608	383.5666	PD10Mono3cell5	2229919	2484375	1856720	51366	2259576	2142917	2142917
human	PD10_XXL_Mono-3	291757608	383.5666	PD10Mono3cell6	5184364	5746314	3868167	55496	4573434	4424044	4424044
human	PD10_XXL_Mono-3	291757608	383.5666	PD10Mono3cell7	5664366	6118212	4765525	58759	5569663	5399176	5399175
human	PD10_XXL_Mono-3	291757608	383.5666	PD10Mono3cell8	2508556	2727027	2033397	55303	2416032	2311107	2311107
human	PD10_XXL_Mono-3	291757608	383.5666	PD10Mono3cell9	2375327	2618708	1808238	69114	2259227	2099985	2099985
human	PD10_XXL_Mono-3	291757608	383.5666	PD10Mono3cell10	3803770	4098890	3070247	118018	3722074	3499607	3499607
human	PD10_XXL_Mono-3	291757608	383.5666	PD10Mono3cell11	2398227	2650218	1878453	30305	2264274	2160086	2160086
human	PD10_XXL_Mono-3	291757608	383.5666	PD10Mono3cell12	1030018	1900861	1089803	97219	1484606	1311511	1311511
human	PD10_XXL_Mono-3	291757608	383.5666	PD10Mono3cell13	3322235	3603311	2826224	54691	3393934	3241671	3241671
human	PD10_XXL_Mono-3	291757608	383.5666	PD10Mono3cell14	2846619	3137741	1868713	67945	2264203	2136109	2136109
human	PD10_XXL_Mono-3	291757608	383.5666	PD10Mono3cell15	2415451	2599430	1923116	51889	2288807	2187938	2187937
human	PD10_XXL_Mono-3	291757608	383.5666	PD10Mono3cell16	3718193	4020358	3101961	43412	3638031	3508054	3508054
human	PD10_XXL_Mono-3	291757608	383.5666	PD10Mono3cell17	3713403	4093819	2987110	90990	3622961	3423056	3423056
human	PD10_XXL_Mono-3	291757608	383.5666	PD10Mono3cell18	3993491	4373237	3296202	124643	3974262	3741875	3741874
human	PD10_XXL_Mono-3	291757608	383.5666	PD10Mono3cell19	1817226	2033478	1342937	47905	1630458	1522530	1522530
human	PD10_XXL_Mono-3	291757608	383.5666	PD10Mono3cell20	1292239	2347112	1357539	95334	1793966	1625145	1625145
human	PD10_XXL_Mono-3	291757608	383.5666	PD10Mono3cell21	4490345	4936233	4003705	54565	4715200	4547331	4547331
human	PD10_XXL_Mono-3	291757608	383.5666	PD10Mono3cell22	5072077	5601132	3859629	65226	4562475	4407877	4407876
human	PD10_XXL_Mono-3	291757608	383.5666	PD10Mono3cell23	3132594	3376622	2462651	61767	2897874	2778579	2778579
human	PD10_XXL_Mono-3	291757608	383.5666	PD10Mono3cell24	2853611	3121314	2398344	41945	2811874	2712228	2712228
human	PD10_XXL_Mono-3	291757608	383.5666	PD10Mono3cell25	3874246	4247252	3143555	109056	3829777	3608320	3608320
human	PD10_XXL_Mono-3	291757608	383.5666	PD10Mono3cell26	3705826	4027294	2988942	130228	3668111	3406005	3406005
human	PD10_XXL_Mono-3	291757608	383.5666	PD10Mono3cell27	1751800	1933046	1308656	51814	1605767	1502926	1502926
human	PD10_XXL_Mono-3	291757608	383.5666	PD10Mono3cell28	890700	1649091	951081	76226	1263639	1119999	1119999
human	PD10_XXL_Mono-3	291757608	383.5666	PD10Mono3cell29	1651242	1807863	1352214	32494	1622685	1544951	1544951
human	PD10_XXL_Mono-3	291757608	383.5666	PD10Mono3cell30	5140528	5622443	3885811	62598	4603838	4432702	4432700
human	PD10_XXL_Mono-3	291757608	383.5666	PD10Mono3cell31	2773992	2981495	2163958	46997	2579424	2475252	2475252
human	PD10_XXL_Mono-3	291757608	383.5666	PD10Mono3cell32	2763092	3007846	2331324	31923	2722535	2643288	2643288
human	PD10_XXL_Mono-3	291757608	383.5666	PD10Mono3cell33	2519629	2873310	1968155	90799	2478799	2299586	2299586
human	PD10_XXL_Mono-3	291757608	383.5666	PD10Mono3cell34	2744989	3050873	2195190	100407	2733248	2544774	2544774
human	PD10_XXL_Mono-3	291757608	383.5666	PD10Mono3cell35	2239575	2538480	1782770	40548	2198843	2094209	2094209
human	PD10_XXL_Mono-3	291757608	383.5666	PD10Mono3cell36	1030393	1975988	1164007	70102	1569106	1425668	1425668
human	PD10_XXL_Mono-3	291757608	383.5666	PD10Mono3cell37	3325963	3746501	2922236	31346	3531764	3406991	3406991
human	PD10_XXL_Mono-3	291757608	383.5666	PD10Mono3cell38	4820195	5449340	3686893	53612	4505952	4351632	4351632
human	PD10_XXL_Mono-3	291757608	383.5666	PD10Mono3cell39	3763875	4162000	3027232	79068	3663850	3499612	3499612
human	PD10_XXL_Mono-3	291757608	383.5666	PD10Mono3cell40	2979511	3299942	2519173	34703	3016517	2918786	2918786
human	PD10_XXL_Mono-3	291757608	383.5666	PD10Mono3cell41	3648973	4166279	2637633	98476	3614605	3351296	3351296
human	PD10_XXL_Mono-3	291757608	383.5666	PD10Mono3cell42	2754100	3007273	1901877	122603	2666022	2400279	2400279
human	PD10_XXL_Mono-3	291757608	383.5666	PD10Mono3cell43	2376996	2767509	1738272	43934	2311916	2175427	2175427
human	PD10_XXL_Mono-3	291757608	383.5666	PD10Mono3cell44	626884	1111515	367300	66389	624246	483926	483926
human	PD10_XXL_Mono-3	291757608	383.5666	PD10Mono3cell45	4476333	4898278	3538143	50808	4668031	4446273	4446272
human	PD10_XXL_Mono-3	291757608	383.5666	PD10Mono3cell46	5522544	6232866	3960922	70116	5189393	4961834	4961834
human	PD10_XXL_Mono-3	291757608	383.5666	PD10Mono3cell47	4638995	5219531	3643111	62143	4706930	4516819	4516819
human	PD10_XXL_Mono-3	291757608	383.5666	PD10Mono3cell48	3159051	3516250	2421197	37917	3156255	3024528	3024528
human	PD10_XXL_Mono-3	291757608	383.5666	PD10Mono3cell49	4002374	4433856	3184202	80789	3943285	3719007	3719005
human	PD10_XXL_Mono-3	291757608	383.5666	PD10Mono3cell50	3788213	4118188	2960528	129555	3683855	3431143	3431143
human	PD10_XXL_Mono-3	291757608	383.5666	PD10Mono3cell51	3004235	3342125	2371342	54694	2926526	2770380	2770380
human	PD10_XXL_Mono-3	291757608	383.5666	PD10Mono3cell52	776571	1369733	777920	70897	1056942	932036	932036
human	PD10_XXL_Mono-3	291757608	383.5666	PD10Mono3cell53	334861	385252	159417	51960	262052	192740	192740
human	PD10_XXL_Mono-3	291757608	383.5666	PD10Mono3cell54	1778895	1998259	839952	88778	1129367	993528	993528
human	PD10_XXL_Mono-3	291757608	383.5666	PD10Mono3cell55	2194149	2397062	1579532	67054	1949766	1832248	1832248
human	PD10_XXL_Mono-3	291757608	383.5666	PD10Mono3cell56	3552765	3884367	2981762	35160	3568982	3460627	3460627
human	PD10_XXL_Mono-3	291757608	383.5666	PD10Mono3cell57	1399151	1633841	918558	65492	1320860	1185193	1185193
human	PD10_XXL_Mono-3	291757608	383.5666	PD10Mono3cell58	4045630	4392080	2839133	106604	3943650	3654543	3654543
human	PD10_XXL_Mono-3	291757608	383.5666	PD10Mono3cell59	2169119	2521472	1603313	30813	2154094	2041564	2041564
human	PD10_XXL_Mono-3	291757608	383.5666	PD10Mono3cell60	901241	1647816	890885	61054	1270303	1132955	1132955
human	PD10_XXL_Mono-3	291757608	383.5666	PD10Mono3cell61	2474779	2723636	1892978	33488	2572518	2449715	2449714
human	PD10_XXL_Mono-3	291757608	383.5666	PD10Mono3cell62	2625945	2997013	1539226	40345	2090293	1960496	1960496
human	PD10_XXL_Mono-3	291757608	383.5666	PD10Mono3cell63	719244	818942	357179	46062	534617	454929	454929
human	PD10_XXL_Mono-3	291757608	383.5666	PD10Mono3cell64	1712860	1894162	1184185	30717	1598315	1511273	1511273
human	PD10_XXL_Mono-3	291757608	383.5666	PD10Mono3cell65	3986179	4429470	3080905	128878	3838164	3586354	3586354
human	PD10_XXL_Mono-3	291757608	383.5666	PD10Mono3cell66	4963976	5410410	3968497	148154	4900720	4593580	4593578
human	PD10_XXL_Mono-3	291757608	383.5666	PD10Mono3cell67	2610983	2937384	2047978	52080	2495106	2368012	2368012
human	PD10_XXL_Mono-3	291757608	383.5666	PD10Mono3cell68	1259799	2274102	1283368	77120	1703684	1537546	1537546
human	PD10_XXL_Mono-3	291757608	383.5666	PD10Mono3cell69	4049100	4405843	3407195	52250	4092858	3922462	3922462
human	PD10_XXL_Mono-3	291757608	383.5666	PD10Mono3cell70	2612092	2907269	1514612	78178	1923004	1772421	1772421
human	PD10_XXL_Mono-3	291757608	383.5666	PD10Mono3cell71	4454072	4820310	3492454	105080	4228284	4030773	4030773
human	PD10_XXL_Mono-3	291757608	383.5666	PD10Mono3cell72	1539280	1697557	1142579	56500	1417960	1327034	1327034
human	PD10_XXL_Mono-3	291757608	383.5666	PD10Mono3cell73	4103308	4505311	3329453	67553	4006790	3814624	3814624
human	PD10_XXL_Mono-3	291757608	383.5666	PD10Mono3cell74	762332	841551	508320	54577	661932	586163	586163
human	PD10_XXL_Mono-3	291757608	383.5666	PD10Mono3cell75	1719333	1914397	1279774	30319	1577476	1492517	1492517
human	PD10_XXL_Mono-3	291757608	383.5666	PD10Mono3cell76	257714	418891	157296	60565	269358	189564	189564
human	PD10_XXL_Mono-3	291757608	383.5666	PD10Mono3cell77	932707	1016601	691292	35968	865664	797567	797567
human	PD10_XXL_Mono-3	291757608	383.5666	PD10Mono3cell78	651126	741144	189844	63763	311802	223729	223729
human	PD10_XXL_Mono-3	291757608	383.5666	PD10Mono3cell79	3619549	3903755	2922787	56281	3473299	3345728	3345728
human	PD10_XXL_Mono-3	291757608	383.5666	PD10Mono3cell80	618966	687130	354041	37810	468219	411454	411454
human	PD10_XXL_Mono-3	291757608	383.5666	PD10Mono3cell81	2744556	3176078	2089711	66865	2872022	2679923	2679923
human	PD10_XXL_Mono-3	291757608	383.5666	PD10Mono3cell82	1275398	1404241	755203	71303	1130713	991818	991818
human	PD10_XXL_Mono-3	291757608	383.5666	PD10Mono3cell83	564111	671389	275525	33545	426622	362789	362789
human	PD10_XXL_Mono-3	291757608	383.5666	PD10Mono3cell84	613039	1210176	583067	47442	890785	772600	772600
human	PD10_XXL_Mono-3	291757608	383.5666	PD10Mono3cell85	484022	559603	225643	69316	407976	297512	297512
human	PD10_XXL_Mono-3	291757608	383.5666	PD10Mono3cell86	1500444	1710358	694516	47200	996376	895483	895483
human	PD10_XXL_Mono-3	291757608	383.5666	PD10Mono3cell87	1801348	2045734	1221030	49978	1633567	1537665	1537665
human	PD10_XXL_Mono-3	291757608	383.5666	PD10Mono3cell88	484488	538123	275920	30023	396295	349188	349188
human	PD10_XXL_Mono-3	291757608	383.5666	PD10Mono3cell89	247256	286708	93525	31882	155969	111038	111038
human	PD10_XXL_Mono-3	291757608	383.5666	PD10Mono3cell90	1387659	1504646	1073808	46326	1344785	1255925	1255925
human	PD10_XXL_Mono-3	291757608	383.5666	PD10Mono3cell91	1036429	1158785	738128	21967	918118	863912	863912
human	PD10_XXL_Mono-3	291757608	383.5666	PD10Mono3cell92	300464	522044	253570	36756	364763	307719	307719
human	PD10_XXL_Mono-3	291757608	383.5666	PD10Mono3cell93	169703	193061	77884	17693	115610	91747	91747
human	PD10_XXL_Mono-3	291757608	383.5666	PD10Mono3cell94	714437	806492	200739	39791	303747	241766	241766
human	PD10_XXL_Mono-3	291757608	383.5666	PD10Mono3cell95	1399834	1518615	1101516	20488	1325407	1275550	1275550
human	PD10_XXL_Mono-3	291757608	383.5666	PD10Mono3cell96	501615	546303	336494	22588	424443	388998	388998
human	PD10_XXL_Mono-4	242502252	320.3833	PD10Mono4cell1	3491756	3829591	2767692	98756	3372387	3143107	3143107
human	PD10_XXL_Mono-4	242502252	320.3833	PD10Mono4cell2	3338042	3632637	2584139	118344	3225999	2980628	2980628
human	PD10_XXL_Mono-4	242502252	320.3833	PD10Mono4cell3	1509260	1664840	1079953	48668	1346917	1243285	1243285
human	PD10_XXL_Mono-4	242502252	320.3833	PD10Mono4cell4	648701	1090207	466706	90731	694110	546688	546688
human	PD10_XXL_Mono-4	242502252	320.3833	PD10Mono4cell5	3439182	3750622	2956405	43496	3527639	3387928	3387928
human	PD10_XXL_Mono-4	242502252	320.3833	PD10Mono4cell6	4188358	4726304	3050271	72614	3811031	3589676	3589676
human	PD10_XXL_Mono-4	242502252	320.3833	PD10Mono4cell7	1416804	1551756	935693	59159	1198045	1089000	1089000
human	PD10_XXL_Mono-4	242502252	320.3833	PD10Mono4cell8	3775539	4148760	3128344	82038	3775435	3590727	3590727
human	PD10_XXL_Mono-4	242502252	320.3833	PD10Mono4cell9	2488581	2709428	2005146	59502	2416913	2286938	2286938
human	PD10_XXL_Mono-4	242502252	320.3833	PD10Mono4cell10	2866760	3084593	2349451	78437	2827107	2660323	2660323
human	PD10_XXL_Mono-4	242502252	320.3833	PD10Mono4cell11	1669917	1863382	1239294	36634	1532526	1438754	1438754
human	PD10_XXL_Mono-4	242502252	320.3833	PD10Mono4cell12	896013	1583027	966844	52713	1259418	1155256	1155256
human	PD10_XXL_Mono-4	242502252	320.3833	PD10Mono4cell13	2898343	3117890	2500195	29157	2955211	2840723	2840722
human	PD10_XXL_Mono-4	242502252	320.3833	PD10Mono4cell14	3855917	4223455	2892336	41513	3400170	3281769	3281769
human	PD10_XXL_Mono-4	242502252	320.3833	PD10Mono4cell15	3935816	4210745	3236302	46544	3784235	3675034	3675034
human	PD10_XXL_Mono-4	242502252	320.3833	PD10Mono4cell16	2259970	2443852	1903365	28339	2223659	2147853	2147853
human	PD10_XXL_Mono-4	242502252	320.3833	PD10Mono4cell17	2746110	3052390	2307974	50122	2752185	2617920	2617920
human	PD10_XXL_Mono-4	242502252	320.3833	PD10Mono4cell18	2078360	2260749	1681738	60574	2012912	1897054	1897054
human	PD10_XXL_Mono-4	242502252	320.3833	PD10Mono4cell19	1458329	1623284	1088380	58425	1341461	1240258	1240258
human	PD10_XXL_Mono-4	242502252	320.3833	PD10Mono4cell20	883262	1673822	1006450	60137	1310089	1185759	1185759
human	PD10_XXL_Mono-4	242502252	320.3833	PD10Mono4cell21	1602765	1767997	1339914	27225	1598270	1527420	1527420
human	PD10_XXL_Mono-4	242502252	320.3833	PD10Mono4cell22	2552284	2845967	1684106	51493	2033486	1932459	1932459
human	PD10_XXL_Mono-4	242502252	320.3833	PD10Mono4cell23	3173389	3427421	2595890	44278	3070276	2968798	2968797
human	PD10_XXL_Mono-4	242502252	320.3833	PD10Mono4cell24	2147289	2331568	1829282	22566	2121098	2069211	2069211
human	PD10_XXL_Mono-4	242502252	320.3833	PD10Mono4cell25	3242780	3543597	2675709	66755	3229478	3061588	3061587
human	PD10_XXL_Mono-4	242502252	320.3833	PD10Mono4cell26	3060973	3300776	2487951	79060	2986018	2832823	2832823
human	PD10_XXL_Mono-4	242502252	320.3833	PD10Mono4cell27	820837	919382	491343	41937	653076	577351	577351
human	PD10_XXL_Mono-4	242502252	320.3833	PD10Mono4cell28	1146549	2086296	1290588	68306	1650049	1517983	1517983
human	PD10_XXL_Mono-4	242502252	320.3833	PD10Mono4cell29	2752599	2966175	2340252	30061	2782167	2671078	2671078
human	PD10_XXL_Mono-4	242502252	320.3833	PD10Mono4cell30	1579563	1750044	828953	49596	1031084	950433	950433
human	PD10_XXL_Mono-4	242502252	320.3833	PD10Mono4cell31	3643392	3903529	2982460	59850	3501634	3383434	3383434
human	PD10_XXL_Mono-4	242502252	320.3833	PD10Mono4cell32	1419346	1538228	1136145	17599	1331910	1290285	1290285
human	PD10_XXL_Mono-4	242502252	320.3833	PD10Mono4cell33	1141880	1300202	823392	63510	1073518	963059	963059
human	PD10_XXL_Mono-4	242502252	320.3833	PD10Mono4cell34	2625497	2917410	2123535	66456	2592803	2447691	2447691
human	PD10_XXL_Mono-4	242502252	320.3833	PD10Mono4cell35	1634559	1868755	1257615	24395	1553144	1473017	1473017
human	PD10_XXL_Mono-4	242502252	320.3833	PD10Mono4cell36	730142	1317442	684319	73907	961931	832756	832756
human	PD10_XXL_Mono-4	242502252	320.3833	PD10Mono4cell37	1471058	1646820	1188696	36130	1478432	1399517	1399517
human	PD10_XXL_Mono-4	242502252	320.3833	PD10Mono4cell38	2547465	2900507	1796071	27547	2200354	2119917	2119917
human	PD10_XXL_Mono-4	242502252	320.3833	PD10Mono4cell39	2598640	2868641	2048334	49114	2474491	2369205	2369205
human	PD10_XXL_Mono-4	242502252	320.3833	PD10Mono4cell40	1492245	1652139	1214379	20254	1455601	1408398	1408398
human	PD10_XXL_Mono-4	242502252	320.3833	PD10Mono4cell41	2743313	3103641	2034584	66878	2733328	2558413	2558413
human	PD10_XXL_Mono-4	242502252	320.3833	PD10Mono4cell42	3787994	4093921	2755484	73625	3687144	3454994	3454994
human	PD10_XXL_Mono-4	242502252	320.3833	PD10Mono4cell43	982081	1138902	567354	52766	812079	717175	717175
human	PD10_XXL_Mono-4	242502252	320.3833	PD10Mono4cell44	1339715	2366858	1347033	77512	1944722	1773106	1773106
human	PD10_XXL_Mono-4	242502252	320.3833	PD10Mono4cell45	2944865	3220343	2290996	30581	3012013	2867248	2867248
human	PD10_XXL_Mono-4	242502252	320.3833	PD10Mono4cell46	4335911	4878397	3044414	52424	4007721	3816057	3816057
human	PD10_XXL_Mono-4	242502252	320.3833	PD10Mono4cell47	4424477	4953084	3463794	52671	4471393	4309463	4309463
human	PD10_XXL_Mono-4	242502252	320.3833	PD10Mono4cell48	1069324	1176711	713509	25538	956818	896582	896582
human	PD10_XXL_Mono-4	242502252	320.3833	PD10Mono4cell49	2234051	2471890	1686176	67285	2102145	1962882	1962882
human	PD10_XXL_Mono-4	242502252	320.3833	PD10Mono4cell50	3228700	3504499	2493987	107489	3093486	2884286	2884284
human	PD10_XXL_Mono-4	242502252	320.3833	PD10Mono4cell51	1496692	1657856	1033106	71213	1337458	1209600	1209600
human	PD10_XXL_Mono-4	242502252	320.3833	PD10Mono4cell52	1221291	2274748	1423110	66566	1865808	1718286	1718286
human	PD10_XXL_Mono-4	242502252	320.3833	PD10Mono4cell53	3504127	3840806	3002521	42770	3624610	3470965	3470965
human	PD10_XXL_Mono-4	242502252	320.3833	PD10Mono4cell54	3249856	3600814	2257323	52921	2741686	2630650	2630650
human	PD10_XXL_Mono-4	242502252	320.3833	PD10Mono4cell55	3727102	4019056	3012963	54524	3599908	3471137	3471136
human	PD10_XXL_Mono-4	242502252	320.3833	PD10Mono4cell56	2582531	2804209	2134879	38457	2533389	2453449	2453449
human	PD10_XXL_Mono-4	242502252	320.3833	PD10Mono4cell57	3025692	3470078	2308418	52289	3154686	2969727	2969727
human	PD10_XXL_Mono-4	242502252	320.3833	PD10Mono4cell58	2921964	3195090	2105024	79610	2878250	2681311	2681311
human	PD10_XXL_Mono-4	242502252	320.3833	PD10Mono4cell59	1628213	1886755	1187956	29823	1585727	1495031	1495031
human	PD10_XXL_Mono-4	242502252	320.3833	PD10Mono4cell60	865157	1628019	843943	51567	1231833	1102259	1102259
human	PD10_XXL_Mono-4	242502252	320.3833	PD10Mono4cell61	3535597	3853042	2758420	27288	3658509	3509042	3509042
human	PD10_XXL_Mono-4	242502252	320.3833	PD10Mono4cell62	3825771	4289616	2697874	56830	3535975	3376782	3376782
human	PD10_XXL_Mono-4	242502252	320.3833	PD10Mono4cell63	3193408	3592639	2463562	50496	3242454	3090040	3090040
human	PD10_XXL_Mono-4	242502252	320.3833	PD10Mono4cell64	1942088	2130966	1449919	36064	1899191	1808227	1808227
human	PD10_XXL_Mono-4	242502252	320.3833	PD10Mono4cell65	1904523	2095276	1505036	61697	1852254	1734588	1734588
human	PD10_XXL_Mono-4	242502252	320.3833	PD10Mono4cell66	3251046	3540885	2643126	90347	3194920	3024645	3024645
human	PD10_XXL_Mono-4	242502252	320.3833	PD10Mono4cell67	1332479	1482578	899811	57136	1144357	1042635	1042635
human	PD10_XXL_Mono-4	242502252	320.3833	PD10Mono4cell68	1200259	2232646	1370502	64554	1787326	1641715	1641715
human	PD10_XXL_Mono-4	242502252	320.3833	PD10Mono4cell69	2423540	2633102	2025397	34947	2460107	2356036	2356036
human	PD10_XXL_Mono-4	242502252	320.3833	PD10Mono4cell70	886526	999716	305096	59848	444141	359174	359174
human	PD10_XXL_Mono-4	242502252	320.3833	PD10Mono4cell71	3357318	3619083	2733096	61975	3240640	3114397	3114397
human	PD10_XXL_Mono-4	242502252	320.3833	PD10Mono4cell72	822305	891716	574632	39552	716511	658433	658433
human	PD10_XXL_Mono-4	242502252	320.3833	PD10Mono4cell73	1120048	1241410	779269	55515	992809	907296	907296
human	PD10_XXL_Mono-4	242502252	320.3833	PD10Mono4cell74	1621960	1768616	1215456	62702	1516570	1397039	1397039
human	PD10_XXL_Mono-4	242502252	320.3833	PD10Mono4cell75	969844	1070211	650833	43399	828877	752972	752972
human	PD10_XXL_Mono-4	242502252	320.3833	PD10Mono4cell76	920937	1558594	932037	55577	1242754	1124530	1124530
human	PD10_XXL_Mono-4	242502252	320.3833	PD10Mono4cell77	3088076	3339595	2620552	35165	3142353	3020788	3020788
human	PD10_XXL_Mono-4	242502252	320.3833	PD10Mono4cell78	649176	732440	203477	46495	303132	237526	237526
human	PD10_XXL_Mono-4	242502252	320.3833	PD10Mono4cell79	1645088	1776083	1159698	33623	1411842	1345371	1345371
human	PD10_XXL_Mono-4	242502252	320.3833	PD10Mono4cell80	1455269	1589385	1143022	23435	1369673	1305554	1305554
human	PD10_XXL_Mono-4	242502252	320.3833	PD10Mono4cell81	709304	828228	446011	36436	646642	574429	574429
human	PD10_XXL_Mono-4	242502252	320.3833	PD10Mono4cell82	2863856	3113828	2080096	66709	2876254	2678196	2678196
human	PD10_XXL_Mono-4	242502252	320.3833	PD10Mono4cell83	363176	430343	130637	33820	226123	167981	167981
human	PD10_XXL_Mono-4	242502252	320.3833	PD10Mono4cell84	380122	629190	269549	53250	455285	359095	359095
human	PD10_XXL_Mono-4	242502252	320.3833	PD10Mono4cell85	602120	682803	400016	36100	585378	517138	517138
human	PD10_XXL_Mono-4	242502252	320.3833	PD10Mono4cell86	3464849	3910801	2479212	35565	3258111	3129458	3129458
human	PD10_XXL_Mono-4	242502252	320.3833	PD10Mono4cell87	1705733	1930000	1212141	54084	1651364	1539205	1539205
human	PD10_XXL_Mono-4	242502252	320.3833	PD10Mono4cell88	173808	200903	47069	25358	95537	61013	61013
human	PD10_XXL_Mono-4	242502252	320.3833	PD10Mono4cell89	178407	199294	88633	16573	126221	102956	102956
human	PD10_XXL_Mono-4	242502252	320.3833	PD10Mono4cell90	997944	1078574	745299	40609	936438	867719	867718
human	PD10_XXL_Mono-4	242502252	320.3833	PD10Mono4cell91	283503	314823	127853	17566	177671	150448	150448
human	PD10_XXL_Mono-4	242502252	320.3833	PD10Mono4cell92	119611	175333	28984	38820	85425	36363	36363
human	PD10_XXL_Mono-4	242502252	320.3833	PD10Mono4cell93	342845	376669	241460	24866	316444	281068	281068
human	PD10_XXL_Mono-4	242502252	320.3833	PD10Mono4cell94	1264106	1410968	727373	38956	911246	845679	845679
human	PD10_XXL_Mono-4	242502252	320.3833	PD10Mono4cell95	309167	335779	157219	14360	204129	182818	182818
human	PD10_XXL_Mono-4	242502252	320.3833	PD10Mono4cell96	303594	330898	188735	19192	246256	218521	218521
human	PD10_XXL_Mono-5	291874535	374.8166	PD10Mono5cell1	4752069	5257981	3786738	123866	4610344	4350654	4350654
human	PD10_XXL_Mono-5	291874535	374.8166	PD10Mono5cell2	5181760	5668423	4200251	148869	5108203	4799162	4799162
human	PD10_XXL_Mono-5	291874535	374.8166	PD10Mono5cell3	2972402	3325582	2248794	49292	2741041	2590540	2590540
human	PD10_XXL_Mono-5	291874535	374.8166	PD10Mono5cell4	1438685	2638038	1509275	93951	1980102	1777282	1777282
human	PD10_XXL_Mono-5	291874535	374.8166	PD10Mono5cell5	4970497	5436697	4269355	43508	5077263	4890276	4890274
human	PD10_XXL_Mono-5	291874535	374.8166	PD10Mono5cell6	3930859	4421026	2446300	66026	2986132	2835681	2835681
human	PD10_XXL_Mono-5	291874535	374.8166	PD10Mono5cell7	6178890	6669753	4998669	78221	5897551	5710490	5710490
human	PD10_XXL_Mono-5	291874535	374.8166	PD10Mono5cell8	3737616	4119969	3163706	47089	3707990	3595815	3595815
human	PD10_XXL_Mono-5	291874535	374.8166	PD10Mono5cell9	2571842	2851923	1963812	85084	2446069	2263035	2263035
human	PD10_XXL_Mono-5	291874535	374.8166	PD10Mono5cell10	1777569	1925678	1358223	63260	1673437	1561719	1561719
human	PD10_XXL_Mono-5	291874535	374.8166	PD10Mono5cell11	2233198	2468709	1629520	40116	2014321	1899396	1899396
human	PD10_XXL_Mono-5	291874535	374.8166	PD10Mono5cell12	237607	368869	112540	67084	220941	134639	134639
human	PD10_XXL_Mono-5	291874535	374.8166	PD10Mono5cell13	4108835	4448810	3478404	51111	4177688	4008494	4008494
human	PD10_XXL_Mono-5	291874535	374.8166	PD10Mono5cell14	5037773	5550822	3645971	58191	4363215	4198783	4198783
human	PD10_XXL_Mono-5	291874535	374.8166	PD10Mono5cell15	2927402	3176407	2222742	52224	2660400	2548822	2548822
human	PD10_XXL_Mono-5	291874535	374.8166	PD10Mono5cell16	2662632	2889249	2171819	37785	2553066	2465164	2465164
human	PD10_XXL_Mono-5	291874535	374.8166	PD10Mono5cell17	1086505	1214462	709172	66942	936017	819492	819492
human	PD10_XXL_Mono-5	291874535	374.8166	PD10Mono5cell18	3212120	3524430	2518894	143636	3092477	2853794	2853793
human	PD10_XXL_Mono-5	291874535	374.8166	PD10Mono5cell19	2639102	2939482	2018005	39032	2440289	2318325	2318325
human	PD10_XXL_Mono-5	291874535	374.8166	PD10Mono5cell20	1209172	2197512	1307440	88181	1710522	1532099	1532099
human	PD10_XXL_Mono-5	291874535	374.8166	PD10Mono5cell21	1413582	1565542	1097134	49591	1355901	1256250	1256250
human	PD10_XXL_Mono-5	291874535	374.8166	PD10Mono5cell22	5808704	6420314	4368719	71236	5181363	4989552	4989552
human	PD10_XXL_Mono-5	291874535	374.8166	PD10Mono5cell23	5471932	5937223	4538190	48888	5352276	5177789	5177789
human	PD10_XXL_Mono-5	291874535	374.8166	PD10Mono5cell24	3775725	4113330	3163107	31349	3698790	3606854	3606854
human	PD10_XXL_Mono-5	291874535	374.8166	PD10Mono5cell25	4387060	4848870	3488636	135303	4294898	4007320	4007320
human	PD10_XXL_Mono-5	291874535	374.8166	PD10Mono5cell26	3990115	4345037	3124952	136566	3878230	3615886	3615886
human	PD10_XXL_Mono-5	291874535	374.8166	PD10Mono5cell27	2374919	2623416	1725040	56635	2131366	1997553	1997553
human	PD10_XXL_Mono-5	291874535	374.8166	PD10Mono5cell28	1293531	2397742	1419524	80754	1884115	1705391	1705391
human	PD10_XXL_Mono-5	291874535	374.8166	PD10Mono5cell29	4648618	5067890	4060271	42261	4797664	4634887	4634887
human	PD10_XXL_Mono-5	291874535	374.8166	PD10Mono5cell30	2678519	2978383	1565853	61502	1937510	1821012	1821012
human	PD10_XXL_Mono-5	291874535	374.8166	PD10Mono5cell31	2768706	2997114	2079338	57512	2490294	2383368	2383367
human	PD10_XXL_Mono-5	291874535	374.8166	PD10Mono5cell32	3419259	3710261	2869987	33169	3362860	3277671	3277671
human	PD10_XXL_Mono-5	291874535	374.8166	PD10Mono5cell33	2624886	3028652	2063102	77044	2608528	2438938	2438938
human	PD10_XXL_Mono-5	291874535	374.8166	PD10Mono5cell34	1778995	1988385	1319486	85941	1698348	1545231	1545230
human	PD10_XXL_Mono-5	291874535	374.8166	PD10Mono5cell35	2062708	2367857	1527964	37810	1927789	1815180	1815180
human	PD10_XXL_Mono-5	291874535	374.8166	PD10Mono5cell36	839925	1518534	810628	71148	1110446	989320	989320
human	PD10_XXL_Mono-5	291874535	374.8166	PD10Mono5cell37	1180553	1331040	900940	43463	1145618	1061664	1061664
human	PD10_XXL_Mono-5	291874535	374.8166	PD10Mono5cell38	2002746	2266021	1098776	57149	1394497	1290406	1290406
human	PD10_XXL_Mono-5	291874535	374.8166	PD10Mono5cell39	3561881	3985875	2805454	53751	3455509	3307957	3307957
human	PD10_XXL_Mono-5	291874535	374.8166	PD10Mono5cell40	1480937	1644710	1135129	29437	1388497	1318615	1318615
human	PD10_XXL_Mono-5	291874535	374.8166	PD10Mono5cell41	3603688	4155929	2610716	120110	3664340	3370818	3370818
human	PD10_XXL_Mono-5	291874535	374.8166	PD10Mono5cell42	1785645	1947883	1160337	72343	1673142	1512404	1512404
human	PD10_XXL_Mono-5	291874535	374.8166	PD10Mono5cell43	2340651	2758821	1621926	50554	2238496	2087843	2087843
human	PD10_XXL_Mono-5	291874535	374.8166	PD10Mono5cell44	1539905	2822855	1564677	79032	2241338	2043864	2043863
human	PD10_XXL_Mono-5	291874535	374.8166	PD10Mono5cell45	4905309	5414900	3728626	53164	5083563	4833285	4833285
human	PD10_XXL_Mono-5	291874535	374.8166	PD10Mono5cell46	5386406	6167786	3581300	55419	4804609	4585220	4585219
human	PD10_XXL_Mono-5	291874535	374.8166	PD10Mono5cell47	2696566	3060219	1997624	61911	2696423	2539296	2539296
human	PD10_XXL_Mono-5	291874535	374.8166	PD10Mono5cell48	2282182	2542547	1599180	39054	2148799	2037111	2037111
human	PD10_XXL_Mono-5	291874535	374.8166	PD10Mono5cell49	1926569	2160384	1362729	96351	1781222	1609110	1609110
human	PD10_XXL_Mono-5	291874535	374.8166	PD10Mono5cell50	3331575	3634147	2502849	126922	3207758	2976029	2976029
human	PD10_XXL_Mono-5	291874535	374.8166	PD10Mono5cell51	2779134	3108998	1991505	48339	2514223	2376105	2376105
human	PD10_XXL_Mono-5	291874535	374.8166	PD10Mono5cell52	1191705	2177137	1312390	74530	1749953	1586854	1586854
human	PD10_XXL_Mono-5	291874535	374.8166	PD10Mono5cell53	1435595	1582112	1076031	58141	1370397	1267758	1267758
human	PD10_XXL_Mono-5	291874535	374.8166	PD10Mono5cell54	4771070	5295357	3268958	58096	3988854	3825382	3825382
human	PD10_XXL_Mono-5	291874535	374.8166	PD10Mono5cell55	1483909	1627716	979059	54593	1243438	1150007	1150007
human	PD10_XXL_Mono-5	291874535	374.8166	PD10Mono5cell56	1312035	1430465	963592	40232	1179023	1115434	1115434
human	PD10_XXL_Mono-5	291874535	374.8166	PD10Mono5cell57	3977650	4640346	2977265	84737	4185095	3925425	3925424
human	PD10_XXL_Mono-5	291874535	374.8166	PD10Mono5cell58	4497528	4943577	3161180	112917	4510838	4193708	4193708
human	PD10_XXL_Mono-5	291874535	374.8166	PD10Mono5cell59	1496932	1770430	938338	42134	1336108	1223896	1223896
human	PD10_XXL_Mono-5	291874535	374.8166	PD10Mono5cell60	1117118	2034792	1084187	69837	1597079	1426889	1426889
human	PD10_XXL_Mono-5	291874535	374.8166	PD10Mono5cell61	3056809	3409683	2272616	39685	3151192	2987637	2987637
human	PD10_XXL_Mono-5	291874535	374.8166	PD10Mono5cell62	2244131	2563702	1108106	61548	1581159	1447411	1447411
human	PD10_XXL_Mono-5	291874535	374.8166	PD10Mono5cell63	3218387	3689373	2337113	47290	3145581	2995490	2995490
human	PD10_XXL_Mono-5	291874535	374.8166	PD10Mono5cell64	1272483	1425334	817168	34527	1116503	1042687	1042687
human	PD10_XXL_Mono-5	291874535	374.8166	PD10Mono5cell65	3735572	4186173	2841711	130588	3609371	3340658	3340658
human	PD10_XXL_Mono-5	291874535	374.8166	PD10Mono5cell66	3874260	4218576	2893055	178955	3684871	3373962	3373962
human	PD10_XXL_Mono-5	291874535	374.8166	PD10Mono5cell67	2003627	2262955	1400336	55972	1752140	1632850	1632850
human	PD10_XXL_Mono-5	291874535	374.8166	PD10Mono5cell68	509338	833398	360176	113055	581919	429979	429979
human	PD10_XXL_Mono-5	291874535	374.8166	PD10Mono5cell69	582503	652514	311783	69753	464286	373828	373828
human	PD10_XXL_Mono-5	291874535	374.8166	PD10Mono5cell70	2338483	2617002	1151085	81486	1501982	1354286	1354286
human	PD10_XXL_Mono-5	291874535	374.8166	PD10Mono5cell71	726399	791813	420500	44246	558930	490972	490972
human	PD10_XXL_Mono-5	291874535	374.8166	PD10Mono5cell72	2132152	2346313	1651707	50579	2015525	1924148	1924148
human	PD10_XXL_Mono-5	291874535	374.8166	PD10Mono5cell73	1100227	1260762	707185	57803	931935	834432	834432
human	PD10_XXL_Mono-5	291874535	374.8166	PD10Mono5cell74	1411149	1570183	896269	104248	1233477	1050815	1050815
human	PD10_XXL_Mono-5	291874535	374.8166	PD10Mono5cell75	2741424	3040089	2033842	41251	2515778	2395319	2395319
human	PD10_XXL_Mono-5	291874535	374.8166	PD10Mono5cell76	981873	1808292	1009107	84535	1361677	1197426	1197426
human	PD10_XXL_Mono-5	291874535	374.8166	PD10Mono5cell77	702886	780826	462477	42624	621922	554246	554246
human	PD10_XXL_Mono-5	291874535	374.8166	PD10Mono5cell78	2024677	2254654	917637	57097	1195450	1081200	1081200
human	PD10_XXL_Mono-5	291874535	374.8166	PD10Mono5cell79	4022927	4346562	3175025	56826	3832794	3674074	3674074
human	PD10_XXL_Mono-5	291874535	374.8166	PD10Mono5cell80	577310	636441	246148	45650	352837	289173	289173
human	PD10_XXL_Mono-5	291874535	374.8166	PD10Mono5cell81	2218908	2604579	1505087	60689	2160573	1987675	1987675
human	PD10_XXL_Mono-5	291874535	374.8166	PD10Mono5cell82	696295	779250	367558	49659	590134	500495	500495
human	PD10_XXL_Mono-5	291874535	374.8166	PD10Mono5cell83	2176503	2575852	1540041	34026	2176970	2039967	2039967
human	PD10_XXL_Mono-5	291874535	374.8166	PD10Mono5cell84	857230	1568426	734713	71943	1156270	988766	988766
human	PD10_XXL_Mono-5	291874535	374.8166	PD10Mono5cell85	1018239	1145722	680379	35762	998610	916348	916348
human	PD10_XXL_Mono-5	291874535	374.8166	PD10Mono5cell86	1603316	1841610	683879	36651	975595	889287	889287
human	PD10_XXL_Mono-5	291874535	374.8166	PD10Mono5cell87	2068765	2362099	1369955	43770	1903152	1781671	1781671
human	PD10_XXL_Mono-5	291874535	374.8166	PD10Mono5cell88	369628	413565	115107	27720	194490	151475	151475
human	PD10_XXL_Mono-5	291874535	374.8166	PD10Mono5cell89	762664	861484	444604	61871	623068	530540	530540
human	PD10_XXL_Mono-5	291874535	374.8166	PD10Mono5cell90	1687090	1829364	1242357	65016	1583611	1459659	1459659
human	PD10_XXL_Mono-5	291874535	374.8166	PD10Mono5cell91	766406	872408	448782	33060	605303	539449	539449
human	PD10_XXL_Mono-5	291874535	374.8166	PD10Mono5cell92	178553	291751	101678	38262	174749	122337	122337
human	PD10_XXL_Mono-5	291874535	374.8166	PD10Mono5cell93	2088174	2291067	1734369	21927	2133013	2049079	2049078
human	PD10_XXL_Mono-5	291874535	374.8166	PD10Mono5cell94	1638401	1838565	963114	36696	1209709	1135841	1135841
human	PD10_XXL_Mono-5	291874535	374.8166	PD10Mono5cell95	138497	152811	54981	11392	81275	66198	66198
human	PD10_XXL_Mono-5	291874535	374.8166	PD10Mono5cell96	229760	251879	70181	25849	118382	84728	84728
human	PD10_XXL_Mono-6	247558854	319.3500	PD10Mono6cell1	4184905	4557423	3421931	81035	4084757	3877075	3877075
human	PD10_XXL_Mono-6	247558854	319.3500	PD10Mono6cell2	4701431	5105084	3807790	151368	4563261	4279499	4279499
human	PD10_XXL_Mono-6	247558854	319.3500	PD10Mono6cell3	2227113	2458730	1647788	42879	1990543	1881046	1881046
human	PD10_XXL_Mono-6	247558854	319.3500	PD10Mono6cell4	1394320	2483779	1510123	75855	1927350	1749111	1749111
human	PD10_XXL_Mono-6	247558854	319.3500	PD10Mono6cell5	3082276	3348044	2566260	34460	3054607	2929035	2929035
human	PD10_XXL_Mono-6	247558854	319.3500	PD10Mono6cell6	4405879	4815753	3123831	50918	3702052	3567301	3567301
human	PD10_XXL_Mono-6	247558854	319.3500	PD10Mono6cell7	3078479	3297359	2374922	59950	2794429	2677663	2677663
human	PD10_XXL_Mono-6	247558854	319.3500	PD10Mono6cell8	2628821	2839152	2165248	36654	2493829	2412741	2412741
human	PD10_XXL_Mono-6	247558854	319.3500	PD10Mono6cell9	3423843	3762972	2778080	84027	3333904	3150068	3150068
human	PD10_XXL_Mono-6	247558854	319.3500	PD10Mono6cell10	3417588	3673856	2690924	104788	3278671	3060144	3060144
human	PD10_XXL_Mono-6	247558854	319.3500	PD10Mono6cell11	2417590	2632752	1794887	42647	2173155	2048015	2048015
human	PD10_XXL_Mono-6	247558854	319.3500	PD10Mono6cell12	1191811	2179181	1383419	74640	1788229	1624385	1624385
human	PD10_XXL_Mono-6	247558854	319.3500	PD10Mono6cell13	3062275	3292200	2592839	33629	3063679	2965105	2965105
human	PD10_XXL_Mono-6	247558854	319.3500	PD10Mono6cell14	4352809	4745353	3067712	42651	3602494	3483034	3483034
human	PD10_XXL_Mono-6	247558854	319.3500	PD10Mono6cell15	3902717	4169863	3064380	50688	3590326	3479846	3479846
human	PD10_XXL_Mono-6	247558854	319.3500	PD10Mono6cell16	2308320	2472161	1800438	50590	2109128	2016686	2016686
human	PD10_XXL_Mono-6	247558854	319.3500	PD10Mono6cell17	3336902	3673765	2590116	95003	3118130	2915703	2915703
human	PD10_XXL_Mono-6	247558854	319.3500	PD10Mono6cell18	3977297	4305401	3222826	106510	3890084	3643970	3643969
human	PD10_XXL_Mono-6	247558854	319.3500	PD10Mono6cell19	2512751	2776944	1916777	38180	2292468	2189936	2189936
human	PD10_XXL_Mono-6	247558854	319.3500	PD10Mono6cell20	292265	437408	151728	80456	279278	176532	176532
human	PD10_XXL_Mono-6	247558854	319.3500	PD10Mono6cell21	2938170	3199813	2554214	31368	2985361	2898062	2898062
human	PD10_XXL_Mono-6	247558854	319.3500	PD10Mono6cell22	4311706	4763673	3107874	57725	3670799	3532725	3532725
human	PD10_XXL_Mono-6	247558854	319.3500	PD10Mono6cell23	2510824	2692542	1964709	54982	2317846	2218183	2218183
human	PD10_XXL_Mono-6	247558854	319.3500	PD10Mono6cell24	1608534	1749931	1224586	31680	1446904	1378492	1378492
human	PD10_XXL_Mono-6	247558854	319.3500	PD10Mono6cell25	2296387	2522353	1604080	78692	2000143	1861216	1861216
human	PD10_XXL_Mono-6	247558854	319.3500	PD10Mono6cell26	4234745	4579390	3406209	100558	4066196	3839109	3839108
human	PD10_XXL_Mono-6	247558854	319.3500	PD10Mono6cell27	2610080	2859850	1887060	44149	2289564	2163148	2163148
human	PD10_XXL_Mono-6	247558854	319.3500	PD10Mono6cell28	1129747	2070004	1228574	80292	1601187	1438676	1438676
human	PD10_XXL_Mono-6	247558854	319.3500	PD10Mono6cell29	3196056	3439547	2675738	40331	3156293	3033004	3033004
human	PD10_XXL_Mono-6	247558854	319.3500	PD10Mono6cell30	5109841	5592028	3653339	68180	4306386	4135773	4135773
human	PD10_XXL_Mono-6	247558854	319.3500	PD10Mono6cell31	3232391	3458175	2537508	44730	2956882	2858018	2858018
human	PD10_XXL_Mono-6	247558854	319.3500	PD10Mono6cell32	2287518	2469625	1799676	33883	2104387	2035972	2035972
human	PD10_XXL_Mono-6	247558854	319.3500	PD10Mono6cell33	1729250	1977690	1233692	67348	1560751	1438656	1438656
human	PD10_XXL_Mono-6	247558854	319.3500	PD10Mono6cell34	2068196	2296567	1554800	111844	1981069	1800402	1800402
human	PD10_XXL_Mono-6	247558854	319.3500	PD10Mono6cell35	1630071	1857319	1161612	30530	1418555	1345581	1345581
human	PD10_XXL_Mono-6	247558854	319.3500	PD10Mono6cell36	859778	1517843	774297	68624	1060240	934774	934774
human	PD10_XXL_Mono-6	247558854	319.3500	PD10Mono6cell37	2321958	2572085	1955256	29124	2355154	2267324	2267324
human	PD10_XXL_Mono-6	247558854	319.3500	PD10Mono6cell38	3955438	4442505	2717842	51325	3315533	3174213	3174213
human	PD10_XXL_Mono-6	247558854	319.3500	PD10Mono6cell39	1604421	1765241	1054467	43376	1333055	1239885	1239885
human	PD10_XXL_Mono-6	247558854	319.3500	PD10Mono6cell40	1535729	1692084	1126840	36693	1388147	1319992	1319992
human	PD10_XXL_Mono-6	247558854	319.3500	PD10Mono6cell41	4337386	4873666	3332099	76718	4431009	4187378	4187377
human	PD10_XXL_Mono-6	247558854	319.3500	PD10Mono6cell42	3196035	3472495	2295249	96082	3124363	2898827	2898827
human	PD10_XXL_Mono-6	247558854	319.3500	PD10Mono6cell43	1093034	1269721	617929	51035	886727	783193	783193
human	PD10_XXL_Mono-6	247558854	319.3500	PD10Mono6cell44	688067	1136321	467240	84310	772369	627600	627600
human	PD10_XXL_Mono-6	247558854	319.3500	PD10Mono6cell45	4862808	5264339	3779079	42582	4906368	4704897	4704897
human	PD10_XXL_Mono-6	247558854	319.3500	PD10Mono6cell46	372000	423929	70490	42395	150678	91317	91317
human	PD10_XXL_Mono-6	247558854	319.3500	PD10Mono6cell47	1610630	1813208	1054202	53659	1421516	1312325	1312325
human	PD10_XXL_Mono-6	247558854	319.3500	PD10Mono6cell48	3331588	3657531	2578181	27332	3278537	3171741	3171741
human	PD10_XXL_Mono-6	247558854	319.3500	PD10Mono6cell49	3536821	3908158	2817595	84536	3443997	3249103	3249103
human	PD10_XXL_Mono-6	247558854	319.3500	PD10Mono6cell50	2908024	3123261	2132843	87274	2651920	2473607	2473607
human	PD10_XXL_Mono-6	247558854	319.3500	PD10Mono6cell51	1112725	1237782	610237	46788	802998	712888	712888
human	PD10_XXL_Mono-6	247558854	319.3500	PD10Mono6cell52	1113861	2009076	1164028	81564	1542799	1383993	1383993
human	PD10_XXL_Mono-6	247558854	319.3500	PD10Mono6cell53	1292769	1402385	947537	32821	1174883	1100636	1100636
human	PD10_XXL_Mono-6	247558854	319.3500	PD10Mono6cell54	1135123	1272079	478733	61738	646917	557829	557829
human	PD10_XXL_Mono-6	247558854	319.3500	PD10Mono6cell55	3922448	4230733	3114698	51814	3665441	3553400	3553400
human	PD10_XXL_Mono-6	247558854	319.3500	PD10Mono6cell56	224898	246384	65434	36538	121755	76657	76657
human	PD10_XXL_Mono-6	247558854	319.3500	PD10Mono6cell57	2571084	2962960	1905789	59122	2584704	2417094	2417094
human	PD10_XXL_Mono-6	247558854	319.3500	PD10Mono6cell58	1712720	1865562	1077476	94007	1557252	1377779	1377779
human	PD10_XXL_Mono-6	247558854	319.3500	PD10Mono6cell59	2267950	2603297	1535726	32586	2046293	1938815	1938815
human	PD10_XXL_Mono-6	247558854	319.3500	PD10Mono6cell60	1251482	2305072	1290353	69544	1778121	1620770	1620770
human	PD10_XXL_Mono-6	247558854	319.3500	PD10Mono6cell61	1676773	1857758	1163966	43969	1566401	1456473	1456473
human	PD10_XXL_Mono-6	247558854	319.3500	PD10Mono6cell62	1917216	2161783	891071	50640	1254842	1136419	1136419
human	PD10_XXL_Mono-6	247558854	319.3500	PD10Mono6cell63	2133366	2400458	1467949	64279	1963432	1834901	1834901
human	PD10_XXL_Mono-6	247558854	319.3500	PD10Mono6cell64	325652	360948	110897	30308	181647	139994	139994
human	PD10_XXL_Mono-6	247558854	319.3500	PD10Mono6cell65	2999685	3303550	2324306	104605	2894896	2696432	2696432
human	PD10_XXL_Mono-6	247558854	319.3500	PD10Mono6cell66	3892172	4181624	3100372	103899	3769174	3564638	3564638
human	PD10_XXL_Mono-6	247558854	319.3500	PD10Mono6cell67	2812897	3131835	2070927	44495	2510333	2376545	2376545
human	PD10_XXL_Mono-6	247558854	319.3500	PD10Mono6cell68	988157	1784052	1060325	86356	1436643	1282790	1282790
human	PD10_XXL_Mono-6	247558854	319.3500	PD10Mono6cell69	1392353	1522909	1042725	76878	1335967	1195923	1195923
human	PD10_XXL_Mono-6	247558854	319.3500	PD10Mono6cell70	686159	773849	202539	49205	306328	238121	238121
human	PD10_XXL_Mono-6	247558854	319.3500	PD10Mono6cell71	171025	184776	70130	15845	102459	81255	81255
human	PD10_XXL_Mono-6	247558854	319.3500	PD10Mono6cell72	3342626	3617191	2770666	36703	3239076	3143069	3143069
human	PD10_XXL_Mono-6	247558854	319.3500	PD10Mono6cell73	1693584	1871850	1180285	60374	1486729	1380995	1380995
human	PD10_XXL_Mono-6	247558854	319.3500	PD10Mono6cell74	1127067	1225803	803876	58552	1000659	910833	910833
human	PD10_XXL_Mono-6	247558854	319.3500	PD10Mono6cell75	1648486	1816349	1099748	48608	1383729	1283612	1283612
human	PD10_XXL_Mono-6	247558854	319.3500	PD10Mono6cell76	325986	471027	98893	77276	221001	122219	122219
human	PD10_XXL_Mono-6	247558854	319.3500	PD10Mono6cell77	1357222	1472807	1053611	38767	1282249	1208989	1208988
human	PD10_XXL_Mono-6	247558854	319.3500	PD10Mono6cell78	909479	1020768	249256	59002	375444	294678	294678
human	PD10_XXL_Mono-6	247558854	319.3500	PD10Mono6cell79	3761448	4041989	2913061	56307	3494372	3365082	3365082
human	PD10_XXL_Mono-6	247558854	319.3500	PD10Mono6cell80	437142	479030	220286	43961	310961	254257	254257
human	PD10_XXL_Mono-6	247558854	319.3500	PD10Mono6cell81	758411	880470	418117	51264	620426	529592	529592
human	PD10_XXL_Mono-6	247558854	319.3500	PD10Mono6cell82	1282463	1398982	831595	46101	1155844	1057219	1057219
human	PD10_XXL_Mono-6	247558854	319.3500	PD10Mono6cell83	1385621	1599659	910868	36657	1228930	1141423	1141423
human	PD10_XXL_Mono-6	247558854	319.3500	PD10Mono6cell84	384098	602945	176071	64079	340298	236924	236924
human	PD10_XXL_Mono-6	247558854	319.3500	PD10Mono6cell85	314509	358850	110765	42855	211253	145598	145598
human	PD10_XXL_Mono-6	247558854	319.3500	PD10Mono6cell86	1391592	1593082	562462	92371	912807	743756	743756
human	PD10_XXL_Mono-6	247558854	319.3500	PD10Mono6cell87	2610967	2934206	1968432	49635	2605498	2468607	2468607
human	PD10_XXL_Mono-6	247558854	319.3500	PD10Mono6cell88	201473	226083	46926	39068	112506	60748	60748
human	PD10_XXL_Mono-6	247558854	319.3500	PD10Mono6cell89	111236	126140	37840	12498	62217	45202	45202
human	PD10_XXL_Mono-6	247558854	319.3500	PD10Mono6cell90	579329	626906	314444	46155	436763	372146	372146
human	PD10_XXL_Mono-6	247558854	319.3500	PD10Mono6cell91	126447	140394	30228	19609	61072	36332	36332
human	PD10_XXL_Mono-6	247558854	319.3500	PD10Mono6cell92	159162	237337	56519	42226	128600	70562	70562
human	PD10_XXL_Mono-6	247558854	319.3500	PD10Mono6cell93	278437	313326	108038	45170	188025	130392	130392
human	PD10_XXL_Mono-6	247558854	319.3500	PD10Mono6cell94	1730239	1918164	1050601	25264	1288736	1223512	1223512
human	PD10_XXL_Mono-6	247558854	319.3500	PD10Mono6cell95	2367848	2558153	1934257	31981	2299613	2214856	2214856
human	PD10_XXL_Mono-6	247558854	319.3500	PD10Mono6cell96	202492	219053	81754	19907	122480	96214	96214
human	PD10_XXL_Mono-7	248802721	322.2666	PD10Mono7cell1	5388350	5897662	4481497	71088	5389406	5158256	5158256
human	PD10_XXL_Mono-7	248802721	322.2666	PD10Mono7cell2	3937981	4286201	3237673	73138	3878752	3687580	3687580
human	PD10_XXL_Mono-7	248802721	322.2666	PD10Mono7cell3	2051149	2278678	1464638	55450	1811323	1677351	1677351
human	PD10_XXL_Mono-7	248802721	322.2666	PD10Mono7cell4	1181085	2108271	1120437	82391	1522983	1329769	1329769
human	PD10_XXL_Mono-7	248802721	322.2666	PD10Mono7cell5	2784104	3066190	2332017	59205	2841563	2677397	2677397
human	PD10_XXL_Mono-7	248802721	322.2666	PD10Mono7cell6	4591382	5073686	3434492	73730	4123370	3935516	3935516
human	PD10_XXL_Mono-7	248802721	322.2666	PD10Mono7cell7	6109639	6618914	5085112	81702	5957735	5754171	5754171
human	PD10_XXL_Mono-7	248802721	322.2666	PD10Mono7cell8	2068845	2256598	1615661	74293	1959533	1842046	1842046
human	PD10_XXL_Mono-7	248802721	322.2666	PD10Mono7cell9	2626400	2886068	2096533	65437	2555697	2402215	2402215
human	PD10_XXL_Mono-7	248802721	322.2666	PD10Mono7cell10	3257983	3515605	2625930	77296	3145740	2979889	2979888
human	PD10_XXL_Mono-7	248802721	322.2666	PD10Mono7cell11	2461728	2725047	1882018	46402	2304064	2177266	2177266
human	PD10_XXL_Mono-7	248802721	322.2666	PD10Mono7cell12	972502	1752097	928632	80471	1262947	1112605	1112605
human	PD10_XXL_Mono-7	248802721	322.2666	PD10Mono7cell13	379663	429006	202119	52454	296842	230314	230314
human	PD10_XXL_Mono-7	248802721	322.2666	PD10Mono7cell14	4462657	4910397	3304537	45950	3894571	3771702	3771701
human	PD10_XXL_Mono-7	248802721	322.2666	PD10Mono7cell15	3978565	4276694	3281773	55305	3858894	3725247	3725247
human	PD10_XXL_Mono-7	248802721	322.2666	PD10Mono7cell16	1787107	1936924	1447602	46583	1729505	1644046	1644044
human	PD10_XXL_Mono-7	248802721	322.2666	PD10Mono7cell17	2845871	3111578	2288734	71600	2757834	2599548	2599548
human	PD10_XXL_Mono-7	248802721	322.2666	PD10Mono7cell18	2439651	2653720	1880667	115566	2331757	2143096	2143095
human	PD10_XXL_Mono-7	248802721	322.2666	PD10Mono7cell19	559716	627111	253309	51234	367455	292662	292662
human	PD10_XXL_Mono-7	248802721	322.2666	PD10Mono7cell20	1251018	2285298	1357467	103924	1819258	1616984	1616984
human	PD10_XXL_Mono-7	248802721	322.2666	PD10Mono7cell21	3066904	3358716	2618494	53652	3155531	3009117	3009117
human	PD10_XXL_Mono-7	248802721	322.2666	PD10Mono7cell22	1529770	1705961	702830	63078	926685	817393	817393
human	PD10_XXL_Mono-7	248802721	322.2666	PD10Mono7cell23	3792620	4092029	3029752	64934	3580491	3437068	3437068
human	PD10_XXL_Mono-7	248802721	322.2666	PD10Mono7cell24	829944	906359	536308	43414	680202	618911	618911
human	PD10_XXL_Mono-7	248802721	322.2666	PD10Mono7cell25	2726990	3028910	2025215	138705	2532515	2303067	2303067
human	PD10_XXL_Mono-7	248802721	322.2666	PD10Mono7cell26	3004102	3253050	2278305	74238	2742590	2578915	2578915
human	PD10_XXL_Mono-7	248802721	322.2666	PD10Mono7cell27	2693396	2957801	2077007	59523	2515779	2379611	2379611
human	PD10_XXL_Mono-7	248802721	322.2666	PD10Mono7cell28	520093	853129	367724	105846	577537	428326	428326
human	PD10_XXL_Mono-7	248802721	322.2666	PD10Mono7cell29	1952397	2108840	1618055	66827	1961559	1836635	1836635
human	PD10_XXL_Mono-7	248802721	322.2666	PD10Mono7cell30	4904711	5398331	3801179	64337	4493220	4331086	4331086
human	PD10_XXL_Mono-7	248802721	322.2666	PD10Mono7cell31	312031	342132	223014	15518	278272	254802	254802
human	PD10_XXL_Mono-7	248802721	322.2666	PD10Mono7cell32	748321	814181	463406	50263	606951	534457	534457
human	PD10_XXL_Mono-7	248802721	322.2666	PD10Mono7cell33	2194350	2530083	1710322	71037	2164682	2005834	2005834
human	PD10_XXL_Mono-7	248802721	322.2666	PD10Mono7cell34	3641320	4039438	2936144	120481	3674736	3438905	3438905
human	PD10_XXL_Mono-7	248802721	322.2666	PD10Mono7cell35	2084221	2401659	1583463	61125	2022490	1872298	1872298
human	PD10_XXL_Mono-7	248802721	322.2666	PD10Mono7cell36	852298	1509132	860761	93706	1202679	1048841	1048841
human	PD10_XXL_Mono-7	248802721	322.2666	PD10Mono7cell37	2044578	2306647	1745626	57866	2143230	2027337	2027337
human	PD10_XXL_Mono-7	248802721	322.2666	PD10Mono7cell38	3259640	3707395	2412938	58079	2979297	2835154	2835154
human	PD10_XXL_Mono-7	248802721	322.2666	PD10Mono7cell39	3431453	3803553	2693415	66896	3287948	3144522	3144522
human	PD10_XXL_Mono-7	248802721	322.2666	PD10Mono7cell40	988948	1102951	711650	32582	886860	835741	835741
human	PD10_XXL_Mono-7	248802721	322.2666	PD10Mono7cell41	2378973	2715887	1687360	64527	2299743	2135493	2135493
human	PD10_XXL_Mono-7	248802721	322.2666	PD10Mono7cell42	3554412	3855406	2508690	98123	3374731	3127651	3127651
human	PD10_XXL_Mono-7	248802721	322.2666	PD10Mono7cell43	2043789	2354939	1470276	65013	1979076	1832051	1832051
human	PD10_XXL_Mono-7	248802721	322.2666	PD10Mono7cell44	550571	869399	252877	84120	477197	338122	338122
human	PD10_XXL_Mono-7	248802721	322.2666	PD10Mono7cell45	1379855	1532968	970486	45863	1342266	1226360	1226360
human	PD10_XXL_Mono-7	248802721	322.2666	PD10Mono7cell46	5431375	6108773	3967159	55426	5122376	4927219	4927219
human	PD10_XXL_Mono-7	248802721	322.2666	PD10Mono7cell47	3071813	3417153	2373151	50559	3041203	2908442	2908442
human	PD10_XXL_Mono-7	248802721	322.2666	PD10Mono7cell48	2554293	2820832	1984596	29234	2542728	2459680	2459680
human	PD10_XXL_Mono-7	248802721	322.2666	PD10Mono7cell49	2508483	2785353	1868023	83993	2325924	2161519	2161519
human	PD10_XXL_Mono-7	248802721	322.2666	PD10Mono7cell50	1892512	2064113	1296019	137113	1706510	1505350	1505350
human	PD10_XXL_Mono-7	248802721	322.2666	PD10Mono7cell51	468936	550457	201754	54367	315119	238907	238907
human	PD10_XXL_Mono-7	248802721	322.2666	PD10Mono7cell52	1213745	2165892	1224557	88484	1666205	1474845	1474845
human	PD10_XXL_Mono-7	248802721	322.2666	PD10Mono7cell53	3413983	3676124	2825526	69571	3457207	3294594	3294594
human	PD10_XXL_Mono-7	248802721	322.2666	PD10Mono7cell54	3270736	3633474	2316497	55654	2835447	2710435	2710434
human	PD10_XXL_Mono-7	248802721	322.2666	PD10Mono7cell55	3838526	4130010	3102159	67921	3704152	3565670	3565670
human	PD10_XXL_Mono-7	248802721	322.2666	PD10Mono7cell56	270075	298111	92687	47501	166899	107849	107849
human	PD10_XXL_Mono-7	248802721	322.2666	PD10Mono7cell57	2640047	3075146	1931717	63941	2652756	2460833	2460833
human	PD10_XXL_Mono-7	248802721	322.2666	PD10Mono7cell58	3354126	3662833	2358893	97873	3238571	3006188	3006188
human	PD10_XXL_Mono-7	248802721	322.2666	PD10Mono7cell59	1117459	1322282	703981	49059	999547	891978	891978
human	PD10_XXL_Mono-7	248802721	322.2666	PD10Mono7cell60	282814	444128	128368	87020	293915	170160	170160
human	PD10_XXL_Mono-7	248802721	322.2666	PD10Mono7cell61	3747088	4113675	2912965	59148	3891776	3691729	3691729
human	PD10_XXL_Mono-7	248802721	322.2666	PD10Mono7cell62	5085653	5718711	3722578	63630	4848076	4638464	4638463
human	PD10_XXL_Mono-7	248802721	322.2666	PD10Mono7cell63	607262	685383	304092	32727	436497	384906	384906
human	PD10_XXL_Mono-7	248802721	322.2666	PD10Mono7cell64	2300984	2552301	1752315	47591	2306656	2198486	2198486
human	PD10_XXL_Mono-7	248802721	322.2666	PD10Mono7cell65	3752014	4163471	2846005	128614	3557226	3297142	3297142
human	PD10_XXL_Mono-7	248802721	322.2666	PD10Mono7cell66	1261242	1387901	743020	84534	1000091	871538	871538
human	PD10_XXL_Mono-7	248802721	322.2666	PD10Mono7cell67	1468171	1638361	1012491	71150	1303746	1181616	1181616
human	PD10_XXL_Mono-7	248802721	322.2666	PD10Mono7cell68	1559952	2796012	1790912	95679	2325036	2119189	2119189
human	PD10_XXL_Mono-7	248802721	322.2666	PD10Mono7cell69	720067	817586	487725	64271	653418	563472	563472
human	PD10_XXL_Mono-7	248802721	322.2666	PD10Mono7cell70	3826321	4231934	2769090	71446	3335262	3182813	3182813
human	PD10_XXL_Mono-7	248802721	322.2666	PD10Mono7cell71	4885914	5259330	4003625	89263	4732619	4559164	4559164
human	PD10_XXL_Mono-7	248802721	322.2666	PD10Mono7cell72	710877	779288	475201	45217	615767	546008	546008
human	PD10_XXL_Mono-7	248802721	322.2666	PD10Mono7cell73	2791168	3073796	1965510	133224	2527973	2291343	2291343
human	PD10_XXL_Mono-7	248802721	322.2666	PD10Mono7cell74	603795	667955	339112	62738	484941	396008	396008
human	PD10_XXL_Mono-7	248802721	322.2666	PD10Mono7cell75	1058653	1184453	613215	32470	805136	729134	729134
human	PD10_XXL_Mono-7	248802721	322.2666	PD10Mono7cell76	1048470	2037009	1235055	89398	1647014	1474882	1474882
human	PD10_XXL_Mono-7	248802721	322.2666	PD10Mono7cell77	751128	833368	526490	65175	702337	609901	609901
human	PD10_XXL_Mono-7	248802721	322.2666	PD10Mono7cell78	4655784	5106798	3604037	69459	4308684	4146753	4146753
human	PD10_XXL_Mono-7	248802721	322.2666	PD10Mono7cell79	1236672	1352546	841948	50487	1054818	970098	970098
human	PD10_XXL_Mono-7	248802721	322.2666	PD10Mono7cell80	194052	218068	90670	28276	140014	105235	105235
human	PD10_XXL_Mono-7	248802721	322.2666	PD10Mono7cell81	237528	287462	121865	21021	193667	157578	157578
human	PD10_XXL_Mono-7	248802721	322.2666	PD10Mono7cell82	3110383	3387646	2136805	100444	2968553	2739225	2739225
human	PD10_XXL_Mono-7	248802721	322.2666	PD10Mono7cell83	622005	724636	315289	38356	471741	401031	401031
human	PD10_XXL_Mono-7	248802721	322.2666	PD10Mono7cell84	788626	1422072	665668	114562	1084651	882106	882106
human	PD10_XXL_Mono-7	248802721	322.2666	PD10Mono7cell85	1030153	1139139	727923	46400	1018595	924723	924723
human	PD10_XXL_Mono-7	248802721	322.2666	PD10Mono7cell86	1398235	1583190	878954	46505	1197567	1104360	1104360
human	PD10_XXL_Mono-7	248802721	322.2666	PD10Mono7cell87	873373	981605	627515	25537	836017	785157	785157
human	PD10_XXL_Mono-7	248802721	322.2666	PD10Mono7cell88	483085	552538	244751	38282	365041	307313	307313
human	PD10_XXL_Mono-7	248802721	322.2666	PD10Mono7cell89	244584	274152	106450	23751	162025	127923	127923
human	PD10_XXL_Mono-7	248802721	322.2666	PD10Mono7cell90	622241	668889	438258	19700	541049	507937	507937
human	PD10_XXL_Mono-7	248802721	322.2666	PD10Mono7cell91	166750	191762	74369	23476	119480	87909	87909
human	PD10_XXL_Mono-7	248802721	322.2666	PD10Mono7cell92	248514	378827	125759	62883	234944	151824	151824
human	PD10_XXL_Mono-7	248802721	322.2666	PD10Mono7cell93	264280	298381	142269	35591	218031	167833	167833
human	PD10_XXL_Mono-7	248802721	322.2666	PD10Mono7cell94	1048302	1168773	626045	41551	793036	726101	726101
human	PD10_XXL_Mono-7	248802721	322.2666	PD10Mono7cell95	225259	246889	95906	21650	143528	113860	113860
human	PD10_XXL_Mono-7	248802721	322.2666	PD10Mono7cell96	347017	384401	200450	23803	276707	236951	236951
human	PD10_XXL_Mono-8	260258256	324.4333	PD10Mono8cell1	5405569	5978605	4220654	171336	5239045	4873736	4873736
human	PD10_XXL_Mono-8	260258256	324.4333	PD10Mono8cell2	5000616	5480344	3821858	244107	4819954	4409756	4409756
human	PD10_XXL_Mono-8	260258256	324.4333	PD10Mono8cell3	2837176	3191556	2092504	66606	2574675	2424670	2424669
human	PD10_XXL_Mono-8	260258256	324.4333	PD10Mono8cell4	1995182	3542381	2215284	98625	2836081	2620661	2620661
human	PD10_XXL_Mono-8	260258256	324.4333	PD10Mono8cell5	4291830	4726042	3676264	49461	4416779	4224876	4224876
human	PD10_XXL_Mono-8	260258256	324.4333	PD10Mono8cell6	2586937	2904096	1463752	158699	1925159	1693191	1693191
human	PD10_XXL_Mono-8	260258256	324.4333	PD10Mono8cell7	6120290	6634026	4932811	67451	5812677	5635960	5635960
human	PD10_XXL_Mono-8	260258256	324.4333	PD10Mono8cell8	2690390	2947301	2185112	53917	2604012	2499081	2499081
human	PD10_XXL_Mono-8	260258256	324.4333	PD10Mono8cell9	4578687	5044248	3662249	101500	4472297	4243604	4243603
human	PD10_XXL_Mono-8	260258256	324.4333	PD10Mono8cell10	4472750	4894987	3602305	116085	4423608	4169324	4169324
human	PD10_XXL_Mono-8	260258256	324.4333	PD10Mono8cell11	1290844	1446781	729930	67278	969623	855987	855986
human	PD10_XXL_Mono-8	260258256	324.4333	PD10Mono8cell12	897572	1547721	707927	92144	1007593	847608	847608
human	PD10_XXL_Mono-8	260258256	324.4333	PD10Mono8cell13	803654	889685	515338	49459	682274	597074	597074
human	PD10_XXL_Mono-8	260258256	324.4333	PD10Mono8cell14	1341192	1500054	425483	88691	630089	503415	503415
human	PD10_XXL_Mono-8	260258256	324.4333	PD10Mono8cell15	6362959	6896973	5233138	76635	6178883	5974485	5974484
human	PD10_XXL_Mono-8	260258256	324.4333	PD10Mono8cell16	1771250	1937266	1397163	31783	1683414	1611433	1611433
human	PD10_XXL_Mono-8	260258256	324.4333	PD10Mono8cell17	3110590	3481958	2352456	143039	2940400	2697150	2697150
human	PD10_XXL_Mono-8	260258256	324.4333	PD10Mono8cell18	4116875	4531175	3231411	177253	4025324	3692332	3692331
human	PD10_XXL_Mono-8	260258256	324.4333	PD10Mono8cell19	2988020	3345832	2308937	54512	2793090	2635294	2635293
human	PD10_XXL_Mono-8	260258256	324.4333	PD10Mono8cell20	1410672	2655290	1573313	122677	2099420	1856792	1856791
human	PD10_XXL_Mono-8	260258256	324.4333	PD10Mono8cell21	3027676	3393225	2588543	57345	3124862	2977319	2977319
human	PD10_XXL_Mono-8	260258256	324.4333	PD10Mono8cell22	6315722	7036522	4827066	69157	5740173	5551567	5551567
human	PD10_XXL_Mono-8	260258256	324.4333	PD10Mono8cell23	4819761	5244849	3951839	62628	4701001	4539796	4539796
human	PD10_XXL_Mono-8	260258256	324.4333	PD10Mono8cell24	715789	782161	491738	54907	628896	555527	555527
human	PD10_XXL_Mono-8	260258256	324.4333	PD10Mono8cell25	3260963	3593380	2580225	88077	3141129	2967847	2967847
human	PD10_XXL_Mono-8	260258256	324.4333	PD10Mono8cell26	3604586	3905482	2819469	128544	3464807	3226250	3226250
human	PD10_XXL_Mono-8	260258256	324.4333	PD10Mono8cell27	2671190	2968621	1971039	56712	2414487	2275393	2275393
human	PD10_XXL_Mono-8	260258256	324.4333	PD10Mono8cell28	1284904	2315810	1307228	131349	1801348	1560097	1560096
human	PD10_XXL_Mono-8	260258256	324.4333	PD10Mono8cell29	1458107	1612270	1092506	62880	1366799	1257393	1257393
human	PD10_XXL_Mono-8	260258256	324.4333	PD10Mono8cell30	1286415	1438664	456113	90766	663267	533581	533581
human	PD10_XXL_Mono-8	260258256	324.4333	PD10Mono8cell31	2233865	2404264	1687531	47662	2028566	1936034	1936032
human	PD10_XXL_Mono-8	260258256	324.4333	PD10Mono8cell32	354162	390922	183549	48321	270961	210855	210855
human	PD10_XXL_Mono-8	260258256	324.4333	PD10Mono8cell33	591534	681112	283738	58996	427227	342331	342331
human	PD10_XXL_Mono-8	260258256	324.4333	PD10Mono8cell34	394118	442985	241823	32257	332520	283710	283710
human	PD10_XXL_Mono-8	260258256	324.4333	PD10Mono8cell35	1110180	1273249	628592	49485	845040	752942	752942
human	PD10_XXL_Mono-8	260258256	324.4333	PD10Mono8cell36	717569	1167858	481900	151176	796826	597822	597822
human	PD10_XXL_Mono-8	260258256	324.4333	PD10Mono8cell37	2192376	2486875	1796591	35190	2252837	2136850	2136850
human	PD10_XXL_Mono-8	260258256	324.4333	PD10Mono8cell38	2783770	3192034	1737857	111389	2251905	2056999	2056999
human	PD10_XXL_Mono-8	260258256	324.4333	PD10Mono8cell39	5069959	5686172	4235815	55785	5140185	4953888	4953886
human	PD10_XXL_Mono-8	260258256	324.4333	PD10Mono8cell40	2092397	2346745	1656401	30095	2068840	1984532	1984532
human	PD10_XXL_Mono-8	260258256	324.4333	PD10Mono8cell41	1546779	1808779	897297	100989	1365019	1179873	1179873
human	PD10_XXL_Mono-8	260258256	324.4333	PD10Mono8cell42	5862646	6392604	4085227	134934	5753776	5331560	5331560
human	PD10_XXL_Mono-8	260258256	324.4333	PD10Mono8cell43	1277679	1501741	684640	83241	1055804	894477	894477
human	PD10_XXL_Mono-8	260258256	324.4333	PD10Mono8cell44	775043	1347711	455529	102292	829455	626727	626727
human	PD10_XXL_Mono-8	260258256	324.4333	PD10Mono8cell45	3495584	3853394	2657398	74918	3611441	3398630	3398630
human	PD10_XXL_Mono-8	260258256	324.4333	PD10Mono8cell46	1530239	1767779	507387	93708	832310	669367	669367
human	PD10_XXL_Mono-8	260258256	324.4333	PD10Mono8cell47	5991055	6789155	4680561	83629	6228707	5967272	5967272
human	PD10_XXL_Mono-8	260258256	324.4333	PD10Mono8cell48	1613990	1805006	1101743	65582	1528880	1406452	1406452
human	PD10_XXL_Mono-8	260258256	324.4333	PD10Mono8cell49	4148402	4617084	3195943	121359	4019503	3761492	3761491
human	PD10_XXL_Mono-8	260258256	324.4333	PD10Mono8cell50	4074978	4460609	3163165	134929	3973340	3722185	3722185
human	PD10_XXL_Mono-8	260258256	324.4333	PD10Mono8cell51	2519269	2823297	1794574	67195	2294294	2141654	2141654
human	PD10_XXL_Mono-8	260258256	324.4333	PD10Mono8cell52	565234	849955	211617	156411	484497	271339	271339
human	PD10_XXL_Mono-8	260258256	324.4333	PD10Mono8cell53	1798422	1978176	1345898	82272	1774671	1624256	1624256
human	PD10_XXL_Mono-8	260258256	324.4333	PD10Mono8cell54	602546	689987	224432	62019	355479	270111	270111
human	PD10_XXL_Mono-8	260258256	324.4333	PD10Mono8cell55	4007030	4367878	3018493	89853	3739867	3566512	3566512
human	PD10_XXL_Mono-8	260258256	324.4333	PD10Mono8cell56	1774334	1947840	1273356	70549	1624472	1511440	1511440
human	PD10_XXL_Mono-8	260258256	324.4333	PD10Mono8cell57	4511361	5263077	3338643	95979	4675019	4372844	4372844
human	PD10_XXL_Mono-8	260258256	324.4333	PD10Mono8cell58	2242358	2475408	1496562	80515	2121736	1935856	1935856
human	PD10_XXL_Mono-8	260258256	324.4333	PD10Mono8cell59	2199324	2588101	1485519	52094	2098837	1949372	1949372
human	PD10_XXL_Mono-8	260258256	324.4333	PD10Mono8cell60	1626273	2869485	1571983	117945	2366242	2091541	2091541
human	PD10_XXL_Mono-8	260258256	324.4333	PD10Mono8cell61	2365942	2622918	1662383	43016	2336240	2173382	2173382
human	PD10_XXL_Mono-8	260258256	324.4333	PD10Mono8cell62	1506959	1726143	789437	63529	1143346	1021202	1021202
human	PD10_XXL_Mono-8	260258256	324.4333	PD10Mono8cell63	1168619	1341610	594756	59044	871686	766064	766064
human	PD10_XXL_Mono-8	260258256	324.4333	PD10Mono8cell64	1225038	1369161	745609	31684	1053380	977905	977905
human	PD10_XXL_Mono-8	260258256	324.4333	PD10Mono8cell65	5220338	5835159	4183312	107298	5216964	4929805	4929805
human	PD10_XXL_Mono-8	260258256	324.4333	PD10Mono8cell66	1404615	1558689	730812	151908	1079089	869745	869745
human	PD10_XXL_Mono-8	260258256	324.4333	PD10Mono8cell67	2688295	3029461	1910558	100600	2443896	2251630	2251630
human	PD10_XXL_Mono-8	260258256	324.4333	PD10Mono8cell68	880941	1440578	621895	170453	1023601	774619	774619
human	PD10_XXL_Mono-8	260258256	324.4333	PD10Mono8cell69	816125	919546	486586	78515	707895	587392	587392
human	PD10_XXL_Mono-8	260258256	324.4333	PD10Mono8cell70	1755577	1986066	603069	96725	892170	734848	734847
human	PD10_XXL_Mono-8	260258256	324.4333	PD10Mono8cell71	753626	831348	349852	65002	500295	414622	414622
human	PD10_XXL_Mono-8	260258256	324.4333	PD10Mono8cell72	844794	933979	396366	102898	611231	474703	474703
human	PD10_XXL_Mono-8	260258256	324.4333	PD10Mono8cell73	2962360	3333579	2243087	101323	2825048	2624065	2624065
human	PD10_XXL_Mono-8	260258256	324.4333	PD10Mono8cell74	2675649	2897725	1999765	106479	2547422	2351618	2351618
human	PD10_XXL_Mono-8	260258256	324.4333	PD10Mono8cell75	2023225	2258437	1317782	67152	1747064	1578971	1578971
human	PD10_XXL_Mono-8	260258256	324.4333	PD10Mono8cell76	187734	273526	70268	67570	170990	85489	85489
human	PD10_XXL_Mono-8	260258256	324.4333	PD10Mono8cell77	349377	402413	131099	88163	270399	158722	158722
human	PD10_XXL_Mono-8	260258256	324.4333	PD10Mono8cell78	1171074	1306846	503334	70622	697840	594620	594620
human	PD10_XXL_Mono-8	260258256	324.4333	PD10Mono8cell79	462396	513022	222882	41292	325480	265541	265541
human	PD10_XXL_Mono-8	260258256	324.4333	PD10Mono8cell80	402841	445965	139614	64921	249152	166501	166501
human	PD10_XXL_Mono-8	260258256	324.4333	PD10Mono8cell81	3003811	3502494	2099991	80983	2997868	2768889	2768889
human	PD10_XXL_Mono-8	260258256	324.4333	PD10Mono8cell82	199124	233348	63543	24828	126159	85982	85982
human	PD10_XXL_Mono-8	260258256	324.4333	PD10Mono8cell83	409348	501088	120813	53073	246355	164318	164318
human	PD10_XXL_Mono-8	260258256	324.4333	PD10Mono8cell84	583363	962760	304195	87834	586238	417163	417163
human	PD10_XXL_Mono-8	260258256	324.4333	PD10Mono8cell85	504262	581897	209870	80663	409955	280956	280956
human	PD10_XXL_Mono-8	260258256	324.4333	PD10Mono8cell86	989576	1153509	217859	81693	432323	298132	298132
human	PD10_XXL_Mono-8	260258256	324.4333	PD10Mono8cell87	264687	305587	87127	28612	159850	115985	115985
human	PD10_XXL_Mono-8	260258256	324.4333	PD10Mono8cell88	1147823	1299245	695573	40235	982432	904879	904879
human	PD10_XXL_Mono-8	260258256	324.4333	PD10Mono8cell89	1010522	1149048	662343	51704	880249	793374	793374
human	PD10_XXL_Mono-8	260258256	324.4333	PD10Mono8cell90	528145	578558	295332	41256	410283	347653	347653
human	PD10_XXL_Mono-8	260258256	324.4333	PD10Mono8cell91	846061	964586	493089	49754	674553	588000	588000
human	PD10_XXL_Mono-8	260258256	324.4333	PD10Mono8cell92	375071	639245	267371	72921	430811	324822	324822
human	PD10_XXL_Mono-8	260258256	324.4333	PD10Mono8cell93	225763	258239	86361	44182	166561	109307	109307
human	PD10_XXL_Mono-8	260258256	324.4333	PD10Mono8cell94	900565	1025359	215986	73702	381504	268135	268135
human	PD10_XXL_Mono-8	260258256	324.4333	PD10Mono8cell95	187954	209031	60117	19532	100872	74237	74237
human	PD10_XXL_Mono-8	260258256	324.4333	PD10Mono8cell96	314586	348281	122469	44876	205011	147316	147316
