predicted.id	prediction.score.Fibro.SCN7A	prediction.score.Fibro.SFRP2	prediction.score.Fibro.Prol	prediction.score.Fibro.GUCY1A3	prediction.score.SKM	prediction.score.Fibro.COL11A1	prediction.score.Endo	prediction.score.Immune	prediction.score.SM	prediction.score.Glial	prediction.score.max
GJ_1_1-1	Endo	0.011156929576673	0.0116135125123938	0	0.00794797749609243	0	0.00243523899439057	0.964466954954179	0.000464020064137369	0	0.00191536640213397	0.964466954954179
GJ_1_1-2	Fibro-SCN7A	0.690476607966402	0.118853833948583	0.05602173931791	0.0223637661211933	0	0	0	0.106617992753722	0.00566605989218951	0	0.690476607966402
GJ_1_1-3	Fibro-SFRP2	0.294338002231478	0.484077553596908	0.05126953759164	0.0288745528269484	0	0.141440353753026	0	0	0	0	0.484077553596908
GJ_1_1-5	Fibro-SCN7A	0.415958719173206	0.060844717824844	0.0878012362163978	0.309114427149799	0	0	0	0.0422238995351705	0.0717333766030445	0.0123236234975382	0.415958719173206
GJ_1_1-6	Endo	0.0329866179843346	0	0	0.000880659717734229	0	0	0.94034490076574	0.024326398464337	0	0.00146142306785378	0.94034490076574
GJ_1_1-8	Fibro-SCN7A	0.523988865585419	0.132717999050405	0	0.312669178661155	0	0.012915216052549	0	0.0177087406504723	0	0	0.523988865585419
GJ_1_2-1	Endo	0.102555187915071	0.0567992854854798	0.0463263260288045	0.198893697605214	0	0.0739047850914105	0.478321677447443	0.0186858946029113	0.0245131458236662	0	0.478321677447443
GJ_1_2-2	Fibro-GUCY1A3	0.261388656979817	0.113303978070507	0	0.284288990114492	0.0206233147407865	0.108029715695636	0	0.00218742512962804	0.000625510127719661	0.209552409141413	0.284288990114492
GJ_1_2-3	Fibro-GUCY1A3	0.0813943946261324	0.0825448189069911	0.00229352638300309	0.39630058199018	0	0.0223790246487869	0.34780287039705	0.0128208230867923	0.0329536292907062	0.021510330670358	0.39630058199018
GJ_1_2-4	Immune	0.012366267760131	0	0	0	0	0	0	0.987633732239869	0	0	0.987633732239869
GJ_1_2-5	SM	0.0321254452122715	0.0424521482830588	0.131446896914145	0.0111170546082765	0.00641086653768919	0	0	0.044030933569732	0.732416654874827	0	0.732416654874827
GJ_1_2-6	Fibro-SCN7A	0.827095837642048	0.0496652154927294	0.0716001555521358	0.0208990465248095	0	0	0	0.0300812964487334	0.000658448339544654	0	0.827095837642048
GJ_1_2-7	Fibro-SCN7A	0.714909072431733	0.179961623951874	0	0.0692430830112269	0	0	0	0.01680037851088	0.0190858420942859	0	0.714909072431733
GJ_1_2-8	Fibro-GUCY1A3	0.146043389332798	0.0747571295102417	0	0.547750365682034	0.0352129075982502	0.195999370110223	0	0	0.000236837766452075	0	0.547750365682034
GJ_1_3-1	Fibro-SCN7A	0.556618584515285	0.0215297261292379	0.0201152365698112	0.280980973331952	0	0	0	0.0998375603242658	0.0209179191294478	0	0.556618584515285
GJ_1_3-2	Fibro-SCN7A	0.48890919233819	0.0789508423843694	0.331396766716301	0.0387237385182059	0.00215686485373524	0	0	0.00948052989446443	0.0503820652947338	0	0.48890919233819
GJ_1_3-3	Fibro-GUCY1A3	0.282183475125711	0.274769538953026	0.0175363294208922	0.294387883647977	0.0198029327224673	0.0559547444731105	0	0.0354779894312664	0.0198871062255495	0	0.294387883647977
GJ_1_3-4	Fibro-SCN7A	0.454741620057799	0.053675099221816	0.0738586585456948	0.371214504010444	0	0.00527814052888932	0	0.0199204711250367	0.0213115065103201	0	0.454741620057799
GJ_1_3-5	Fibro-COL11A1	0.11157789232419	0.0336741899604555	0.0232457272811809	0.00415525756518736	0	0.818918755731451	0	0	0.00842817713753583	0	0.818918755731451
GJ_1_3-6	Fibro-GUCY1A3	0.369567240400317	0.0481515370623463	0.0343881151618958	0.489951179728389	0	0.0487493163278971	0	0	0.00919261131915419	0	0.489951179728389
GJ_1_3-7	Fibro-SFRP2	0.309963613005419	0.523085667067184	0.00914261388568652	0.136471386321085	0	0	0	0	0	0.0213367197206262	0.523085667067184
GJ_1_3-8	Fibro-SCN7A	0.370745787542267	0.0167693496198919	0	0.301016740669493	0	0.266317319398233	0	0.0448231604070415	0.000327642363073809	0	0.370745787542267
GJ_1_4-1	Fibro-COL11A1	0.0270874135138739	0.00657540724208592	0	0.00624863514013252	0	0.960088544103907	0	0	0	0	0.960088544103907
GJ_1_4-2	SM	0.174070162359346	0.0607972178295299	0.00866917717469837	0.199166402676512	0.0128866076101687	0.00777060304959496	0	0	0.53663982930015	0	0.53663982930015
GJ_1_4-3	Fibro-COL11A1	0.142073281846761	0.0703035464976307	0.00792420431662326	0.109116081206368	0	0.668468464371469	0	0	0.0021144217611482	0	0.668468464371469
GJ_1_4-4	Endo	0.033312612992107	0.0102096769625117	0	0.0561448455150846	0	0.0100626506231027	0.859626978857376	0.0114293606895549	0.00933230285509531	0.00988157150516807	0.859626978857376
GJ_1_4-5	Fibro-SCN7A	0.435505487254068	0.120121404461715	0.00903430910551008	0.0286351210406649	0	0	0	0.00476056974291826	0.354999474231462	0.0469436341636622	0.435505487254068
GJ_1_4-6	Fibro-SCN7A	0.468013168408209	0.118778005463146	0.150404545705643	0.211686121901699	0.00208818161918729	0	0	0.0141613538190358	0.0348686230830803	0	0.468013168408209
GJ_1_4-7	Fibro-SCN7A	0.49378245791323	0.363790224290123	0.0189597242646509	0.107283296922676	0	0.0131613696508324	0	0.00235070237414996	0.00067222458433727	0	0.49378245791323
GJ_1_4-8	Fibro-GUCY1A3	0.259928882257428	0.0489448961259703	0.011715770325042	0.346516253980886	0.0155333842920049	0.0245979510647107	0	0	0.291280295764213	0.00148256618974486	0.346516253980886
GJ_1_5-1	Immune	0.291690536975644	0.0280530032624288	0.0927310182412253	0.0854687489012346	0	0	0	0.455656636795593	0.0464000558238741	0	0.455656636795593
GJ_1_5-2	SM	0.0393293173791101	0.0218361114822379	0	0.0144264183776751	0.0925507041809322	0	0	0.0247862700851976	0.807071178494847	0	0.807071178494847
GJ_1_5-3	Fibro-GUCY1A3	0.183368872706387	0.0471214604552654	0	0.583454458036083	0.0188760719402693	0.167179136861995	0	0	0	0	0.583454458036083
GJ_1_5-4	SM	0.112524790471032	0.00201953853533014	0	0.040844519270081	0	0.00451510633172271	0	0	0.840096045391834	0	0.840096045391834
GJ_1_5-5	Fibro-COL11A1	0.0709680863732301	0.135124056702341	0.0119425556956704	0.0257840530412994	0	0.668953618941106	0	0.0817750417247147	0.00545258752163844	0	0.668953618941106
GJ_1_5-6	Fibro-SCN7A	0.613296534557606	0.0914956816664722	0.0300919736391308	0.238736488244944	0	0	0	0.018347040822375	0.00803228106947263	0	0.613296534557606
GJ_1_5-8	Immune	0.149290113780838	0.0216529786456024	0	0.029965298005552	0	0.00947005645301107	0.270005894159693	0.518085101271788	0	0.00153055768351509	0.518085101271788
GJ_1_6-1	Fibro-GUCY1A3	0.128459290424041	0.0407441285275446	0.000314785546308993	0.468085561698487	0	0.0137964227275686	0	0	0.348599811076049	0	0.468085561698487
GJ_1_6-2	Immune	0.0118792310008815	0	0	0	0	0	0	0.988120768999118	0	0	0.988120768999118
GJ_1_6-3	Fibro-SCN7A	0.873575833172187	0.0404987742819702	0.0175985314668392	0.0469394397362856	0	0	0	0.0200109734149085	0.00137644792780889	0	0.873575833172187
GJ_1_6-4	Fibro-SCN7A	0.734002531183421	0.193354854963923	0.00241049503391815	0.0379753173972135	0	0	0	0.032256801421524	0	0	0.734002531183421
GJ_1_6-5	Fibro-SCN7A	0.802439752683698	0.103204028182288	0	0.0943562191340145	0	0	0	0	0	0	0.802439752683698
GJ_1_6-6	SM	0.132579507667823	0.0469609322697359	0	0.0641728822890099	0	0	0	0	0.75628667777343	0	0.75628667777343
GJ_1_6-7	SM	0.110825395304494	0.0614129564447073	0	0.0372969845259046	0	0	0	0.00658489248963744	0.779493456776551	0.00438631445870579	0.779493456776551
GJ_1_6-8	Fibro-SCN7A	0.595731773685432	0.339534125968037	0.00558658199869597	0.0120999978544599	0	0	0	0.0297632615785377	0.017284258914837	0	0.595731773685432
GJ_1_7-1	SM	0.024931387057611	0.035799775619357	0.000615703292113195	0.000160858092827936	0.183439499297287	0	0	0.000711795416939416	0.754340981223865	0	0.754340981223865
GJ_1_7-2	Fibro-SCN7A	0.455597197110895	0.109392343864817	0.0686135647002505	0.25748041190568	0	0	0	0.0358128643904606	0.071915886385258	0.00118773164263914	0.455597197110895
GJ_1_7-3	Endo	0.036159211358415	0.00835574604528374	0	0.00278097577683664	0	0.0094272389083104	0.896125051374863	0.0471517765362909	0	0	0.896125051374863
GJ_1_7-4	Fibro-SFRP2	0.292198930771896	0.310733232542185	0.0485278694704292	0.267618591135278	0	0.0605292901936918	0	0.00739991586844986	0.0129921700180697	0	0.310733232542185
GJ_1_7-5	Fibro-SCN7A	0.628102632569144	0.0435177034378889	0.284851414263469	0.00379098741434481	0	0	0	0.0384714359966048	0.00126582631854872	0	0.628102632569144
GJ_1_7-6	Fibro-GUCY1A3	0.188281999571842	0.29615120299559	0.0076413891114563	0.481337730545369	0.0170464154285262	0.00954126234721689	0	0	0	0	0.481337730545369
GJ_1_7-7	SM	0.100569971195035	0.0682580643561182	0	0.0897644325744144	0	0.0129868226112405	0	0	0.728420709263191	0	0.728420709263191
GJ_1_7-8	Endo	0.0063325971338815	0.017937603653276	0	0.00208467741798206	0	0.00759504150244539	0.964649546708994	0.000856693426841853	0	0.000543840156580056	0.964649546708994
GJ_1_8-1	Fibro-GUCY1A3	0.147825869861415	0.054224450096468	0	0.580763637489165	0.0594130317445574	0.150209514861502	0	0	0.0075634959468929	0	0.580763637489165
GJ_1_8-2	SM	0.167535846726374	0.00524132849185433	0.0042676369540589	0.0377047756086904	0	0	0	0.000184020790432124	0.78506639142859	0	0.78506639142859
GJ_1_8-3	Fibro-SCN7A	0.483914523248477	0.163739226508074	0.180262203044225	0.0798861386075383	0	0	0	0.0453644255154387	0.0468334830762467	0	0.483914523248477
GJ_1_8-5	SM	0.106379087591146	0.174453354901362	0	0.0253910228504727	0.204913151084073	0	0	0	0.474001508982289	0.0148618745906569	0.474001508982289
GJ_1_8-6	Fibro-GUCY1A3	0.220681518373803	0.0406094755641349	0	0.569046906645699	0.020512244470669	0.128074540037363	0	0	0.0128722144579081	0.00820310045042401	0.569046906645699
GJ_1_8-7	Fibro-SFRP2	0.0743774140578119	0.799232610621918	0	0.0685639106168218	0	0.0578260647034479	0	0	0	0	0.799232610621918
GJ_1_9-1	SM	0.211711228781817	0.104672168909841	0	0.138809501793521	0	0.0121722186178108	0	0.0521083427017374	0.435943384550196	0.0445831546450776	0.435943384550196
GJ_1_9-2	Fibro-SCN7A	0.568975038564294	0.259319283692904	0.113081163136504	0.0360793903052902	0	0	0	0.0171048247461698	0.00544029955483775	0	0.568975038564294
GJ_1_9-3	Fibro-SCN7A	0.424064737351851	0.0521999866028563	0	0.0343599294549245	0	0	0	0.0580401514483303	0.422929962168052	0.00840523297398566	0.424064737351851
GJ_1_9-4	Fibro-SFRP2	0.284525243822773	0.380709686290173	0.0212418628456733	0.0782023674427222	0	0.0111747587798106	0	0.0206667702798851	0.192449879007144	0.0110294315318192	0.380709686290173
GJ_1_9-5	Endo	0.0101273960128397	0.0121719657778057	0.00315397357994667	0.028119261486581	0	0.0212584410216612	0.885687063884438	0.0394818982367275	0	0	0.885687063884438
GJ_1_9-6	Fibro-GUCY1A3	0.436343860226084	0.0536218154336835	0.0294806795934821	0.465845096871023	0	0.00683130357142717	0	0	0.00787724430429987	0	0.465845096871023
GJ_1_9-7	Immune	0.0174786459047622	0	0	0.00073013553462429	0	0	0	0.981791218560613	0	0	0.981791218560613
GJ_1_9-8	Endo	0.0216994817909773	0.00766200067703761	0	0.00576747158928109	0	0.00965823813149076	0.93281751330673	0.0223952945044835	0	0	0.93281751330673
GJ_1_10-1	SM	0.107387955862276	0.045939931936321	0	0.0118654272105518	0	0	0	0	0.834806684990851	0	0.834806684990851
GJ_1_10-2	Fibro-SCN7A	0.907837353289955	0.000717675195237295	0.0199806489428306	0.0419531368626559	0	0.00243811171660353	0	0.0154716897714509	0.0116013842212671	0	0.907837353289955
GJ_1_10-3	Fibro-SCN7A	0.651379857875066	0.270180324396476	0.0223337278451643	0.0561060898832933	0	0	0	0	0	0	0.651379857875066
GJ_1_10-4	Fibro-SCN7A	0.472736391614533	0.180295444613917	0.0349882451063378	0.0558068183810607	0	0.0103659297543311	0	0.119263527323395	0.126543643206426	0	0.472736391614533
GJ_1_10-5	Fibro-SCN7A	0.6883745430575	0.00815478197775966	0.00168212801260755	0.00678105403088165	0.0130553229771754	0	0	0.0388730215928984	0.235227676067481	0.00785147228369616	0.6883745430575
GJ_1_10-6	Immune	0.010160807448184	0	0	0	0	0	0	0.989839192551816	0	0	0.989839192551816
GJ_1_10-7	SM	0.28007845679154	0.14293123179417	0.123248767226195	0.138627419638702	0	0.00191670883436503	0	0.0129491941491759	0.300248221565853	0	0.300248221565853
GJ_1_10-8	SM	0.265167882973587	0.0471434246174944	0	0.0927910038919038	0.0532815289103333	0	0	0	0.513221573573666	0.0283945860330155	0.513221573573666
GJ_1_11-1	Fibro-GUCY1A3	0.164642198925987	0.345149975855588	0.0394613716658714	0.363597067804815	0.0518624832139151	0.0253316207348657	0	0	0.00995528179895873	0	0.363597067804815
GJ_1_11-2	Fibro-SCN7A	0.79308554344231	0.0776338145901913	0.087967607772439	0.0196179600244386	0	0	0	0.021695074170621	0	0	0.79308554344231
GJ_1_11-3	Fibro-GUCY1A3	0.164077835010513	0.147093241084525	0	0.531187803595512	0.0161725884290568	0.141468531880394	0	0	0	0	0.531187803595512
GJ_1_11-4	SM	0.224971722813901	0.0343669947194023	0.00789094113685193	0.0396757337963404	0.069435069053236	0.00969540219017405	0	0.0157510857744754	0.531108227868154	0.0671048226474644	0.531108227868154
GJ_1_11-5	SM	0.0305293341183268	0.010054480977841	0	0	0.0190545078378409	0	0	0	0.917730911008548	0.0226307660574438	0.917730911008548
GJ_1_11-6	Fibro-SCN7A	0.509630391061708	0.249914855567815	0	0.221813236157278	0	0.018641517213199	0	0	0	0	0.509630391061708
GJ_1_11-7	SM	0.0416373085140194	0.0237444073985128	0.00493057387078122	0.00395038997971596	0.141650672209641	0	0	0.0184225395283911	0.765664108498939	0	0.765664108498939
GJ_1_11-8	Fibro-SCN7A	0.802966750184979	0.0773240619218959	0.0561511942040347	0.0365824992326488	0	0	0	0.025129481059181	0.00184601339726068	0	0.802966750184979
GJ_1_12-1	SM	0.278163851070981	0.281767641241307	0.00340498125635223	0	0.0772369132378781	0	0	0	0.359426613193483	0	0.359426613193483
GJ_1_12-2	Fibro-SCN7A	0.630018391643547	0.244828652944344	0	0.0574311913995422	0	0.031677305374579	0.0360444586379878	0	0	0	0.630018391643547
GJ_1_12-3	SM	0.0873344996394792	0.0606245933735974	0	0.00833536098415318	0.220241369428111	0	0	0.0174162870257495	0.60604788954891	0	0.60604788954891
GJ_1_12-4	Immune	0	0	0	0	0	0	0	1	0	0	1
GJ_1_12-5	Fibro-SCN7A	0.777700764494802	0.0722843200147649	0.0926715683819203	0.0158530183582654	0	0	0	0.0414903287502475	0	0	0.777700764494802
GJ_1_12-6	Fibro-GUCY1A3	0.0906847111948566	0.299651366903269	0	0.362115174477575	0.0140624709172436	0.232839731102228	0	0.00064654540482774	0	0	0.362115174477575
GJ_1_12-7	Fibro-SCN7A	0.717172043135802	0.0255902727318541	0	0.0108656158525828	0.0357506980044898	0.00192392603877442	0	0.0232289894940529	0.136940695959121	0.0485277587833231	0.717172043135802
GJ_1_12-8	Fibro-SCN7A	0.759224050897936	0.118179479562554	0.00729140665942871	0.0317849371346294	0	0.0522225107473304	0	0.0312209188487705	7.66961493516602e-05	0	0.759224050897936
GJ_2_1-1	Fibro-SFRP2	0.158708576992233	0.508592116794641	0.0207618563601745	0.114040231966932	0.0689263270788781	0	0	0.10971164680576	0.0192592440013811	0	0.508592116794641
GJ_2_1-2	Fibro-SCN7A	0.651574644730416	0.134689292438017	0.00759193045720236	0.206144132374365	0	0	0	0	0	0	0.651574644730416
GJ_2_1-3	Fibro-GUCY1A3	0.239906551191273	0.0221311897520605	0.0445885292682377	0.622741556969529	0	0.0118665195413368	0	0.0468398644820123	0.0119257887955511	0	0.622741556969529
GJ_2_1-4	SM	0.189882401908215	0.122752504891629	0.155171784156594	0.00666470295962573	0.00360028432231653	0	0	0.0265534009998213	0.495374920761798	0	0.495374920761798
GJ_2_1-5	SKM	0.226085047702952	0.162331194980242	0	0.118701128092443	0.390465906874396	0.0308728380074168	0	0.0236636591103945	0.0149614300901558	0.0329187951419998	0.390465906874396
GJ_2_1-6	Fibro-SCN7A	0.351539057996135	0.154696276052049	0.0125676487106298	0.179631586739867	0.191875937554628	0.0634587751150738	0	0	0.0210700960863152	0.0251606217453017	0.351539057996135
GJ_2_1-7	Fibro-SCN7A	0.499334954497049	0.166056567929058	0.00294623021889661	0.105438298242063	0	0.00468724791170411	0	0.0740918634842529	0.147444837716977	0	0.499334954497049
GJ_2_1-8	Fibro-SCN7A	0.550736631968483	0.133934908360082	0	0.253190034855555	0	0.0621384248158806	0	0	0	0	0.550736631968483
GJ_2_2-1	Fibro-SCN7A	0.375779731499556	0.312694082533663	0.0225701968725971	0.180713585944468	0.0936692472166083	0.00766897402491731	0	0	0.00690418190819031	0	0.375779731499556
GJ_2_2-2	Fibro-SFRP2	0.1999283580517	0.484188733180435	0.00805353471686303	0.112710180337805	0.0680914269115308	0	0	0.113359198617753	0.0136685681839126	0	0.484188733180435
GJ_2_2-3	Fibro-SCN7A	0.345390137004506	0.0122349396663175	0.2136696627466	0.302841025063931	0	0.0262309001187525	0	0.0337783930065639	0.0658549423933282	0	0.345390137004506
GJ_2_2-4	Fibro-SCN7A	0.54055413629064	0.0239820101352494	0.045798804639718	0.223218427173945	0.00179882232070411	0	0	0.0998672699912232	0.0647805294485198	0	0.54055413629064
GJ_2_2-5	Immune	0.178393019068618	0.157864163578128	0.221578456480381	0.0694758162187396	0	0	0	0.235220050765375	0.137468493888759	0	0.235220050765375
GJ_2_2-6	Fibro-SFRP2	0.170138269852461	0.49982580060397	0.0133256132166206	0.0907112984676431	0.0674505802934198	0	0	0.141987126206133	0.0165613113597522	0	0.49982580060397
GJ_2_2-7	Fibro-SCN7A	0.759064134437915	0.169724961953214	0.0106818838847327	0.0477767683466565	0	0	0	0.00297286043382249	0.00977939094365952	0	0.759064134437915
GJ_2_2-8	Fibro-SCN7A	0.344601124411258	0.0856557641749819	0.250792215513935	0.263650383797712	0.00206314585889866	0	0	0.00488350774942086	0.0483538584937933	0	0.344601124411258
GJ_2_3-1	Fibro-SCN7A	0.547050443183255	0.313326897123915	0	0.114364366330609	0.0178109145994807	0.00744737876274117	0	0	0	0	0.547050443183255
GJ_2_3-2	Fibro-SCN7A	0.506864856217584	0.116558129038478	0.141232708317754	0.1191877738457	0.000199303212755952	0.00672587895820741	0	0.0194101330339966	0.0898212173755248	0	0.506864856217584
GJ_2_3-3	SM	0.322675998407952	0.0089938146364	0.115164856444917	0.00122884021456244	0.0801984609318998	0	0	0.0181052620862077	0.453632767278061	0	0.453632767278061
GJ_2_3-4	Fibro-SCN7A	0.358961067705261	0.278719657209003	0.116556131237353	0.13497649536219	0	0.00603152988201027	0	0.0954735561239512	0.00928156248023056	0	0.358961067705261
GJ_2_3-5	Fibro-GUCY1A3	0.281664984968211	0.0561998200793311	0	0.517236306715086	0.00555739184898388	0.137741034211646	0	0	0	0.0016004621767418	0.517236306715086
GJ_2_3-6	Endo	0.0304350855984847	0.00660811292921128	0	0.0217141855427013	0	0.0464211562996743	0.870823026874547	0.0234606832847801	0	0.000537749470601044	0.870823026874547
GJ_2_3-7	Fibro-Prol	0.277907241275217	0.0889799684517308	0.340157650286982	0.113603828096883	0.00182355423986216	0	0	0.0228354261684539	0.154692331480871	0	0.340157650286982
GJ_2_3-8	Fibro-SFRP2	0.294006226982184	0.550297056394868	0.0205147261283386	0.107807287396007	0	0.0211094800277343	0	0	0.00626522307086814	0	0.550297056394868
GJ_2_4-1	Fibro-SFRP2	0.102437608578944	0.268167230211259	0.012341074554517	0.126649073388304	0.0357806519026583	0.244773321719307	0	0.0984383110180946	0.0349231458162825	0.0764895828106327	0.268167230211259
GJ_2_4-2	Fibro-SCN7A	0.423562118659693	0.151437392790558	0.164800830429755	0.146834666986202	0.00171014613921613	0	0	0.0276727019441859	0.0839821430503902	0	0.423562118659693
GJ_2_4-3	Fibro-SCN7A	0.528907906138202	0.147914714758326	0.0696078982019961	0.169324501776469	0	0	0	0.0318193586559023	0.0524256204691047	0	0.528907906138202
GJ_2_4-4	Fibro-GUCY1A3	0.405240589739076	0.170270378019706	0	0.424489032241218	0	0	0	0	0	0	0.424489032241218
GJ_2_4-5	Fibro-SCN7A	0.317250417870719	0.278598712702184	0.126042796758126	0.243908401569319	0	0	0	0	0.0341996710996512	0	0.317250417870719
GJ_2_4-6	Fibro-SFRP2	0.178297823503009	0.514995871175931	0.0183552287960403	0.0953047797246371	0.0833611559013074	0	0	0.0932397261978449	0.0164454147012305	0	0.514995871175931
GJ_2_4-7	Fibro-SCN7A	0.45009640938059	0.166148367312394	0.0665231825438247	0.30980449029316	0.000709813587209267	0	0	0.00649586244891291	0.000221874433908824	0	0.45009640938059
GJ_2_4-8	Fibro-SFRP2	0.194377656222392	0.494076379033449	0.0120133096739876	0.095717615403833	0.0692709905252335	0	0	0.120653857617338	0.0138901915237667	0	0.494076379033449
GJ_2_5-1	Fibro-SCN7A	0.423370649929566	0.181594407629316	0.187109317107419	0.199861704718015	0	0	0	0	0.0080639206156826	0	0.423370649929566
GJ_2_5-3	Glial	0.2528669523086	0.0586081804239452	0	0.136752556435648	0	0.0968059832372501	0	0.0344113119948567	0.0276664813865178	0.392888534213182	0.392888534213182
GJ_2_5-4	Fibro-SCN7A	0.367871390832119	0.197944402678578	0.127732934599467	0.163318062816232	0.000938395958286434	0.000140179667271066	0	0.0533935605232062	0.0886610729248402	0	0.367871390832119
GJ_2_5-5	Fibro-SCN7A	0.668433138078948	0.100252351507907	0.0872915810037924	0.100124373767046	0	0	0	0.0115832540256887	0.0323153016166176	0	0.668433138078948
GJ_2_5-6	Fibro-SFRP2	0.153202439605554	0.468016993821715	0.00562915133898068	0.0782764446521421	0.0662336712797138	0	0.000689999470299269	0.216497725453282	0.0114535743783124	0	0.468016993821715
GJ_2_5-7	Fibro-SFRP2	0.236250298744429	0.454271897181616	0.028624629859424	0.142588853383467	0.0608579533353168	0	0	0.0661546130461953	0.0112517544495515	0	0.454271897181616
GJ_2_5-8	Fibro-SFRP2	0.0714942544028151	0.480927835982955	0.139978783746985	0.270314328945991	0	0.00940091378948316	0	0	0.0278838831317703	0	0.480927835982955
GJ_2_6-1	Fibro-GUCY1A3	0.281064519525504	0.0294188960404155	0.0730068312445226	0.603714841584412	0	0	0	0	0.012794911605145	0	0.603714841584412
GJ_2_6-3	Fibro-SFRP2	0.259178314221049	0.407414666105868	0.0272326631888194	0.151493607614559	0.0616351781625752	0	0	0.0764111301025321	0.0166344406045985	0	0.407414666105868
GJ_2_6-4	Fibro-SFRP2	0.312155103181288	0.444376608258151	0.0412698022043971	0.195753443488823	0	0	0	0	0.00644504286734053	0	0.444376608258151
GJ_2_6-5	Fibro-GUCY1A3	0.0875542466084685	0.0445530262653923	0.0313062086526073	0.594356991712229	0.0312218787895556	0.0519029405886579	0	0.0315904421117581	0.122125793264745	0.00538847200658595	0.594356991712229
GJ_2_6-6	Fibro-SFRP2	0.180814169241927	0.486052926136177	0.00623037465682876	0.0975559214053307	0.0708025002563451	0	0	0.146236406031213	0.0123077022721792	0	0.486052926136177
GJ_2_6-7	Fibro-SCN7A	0.315802000427393	0.161110448896215	0.211051671355538	0.121141201829122	0.0101710263967781	0	0	0.0358655836672757	0.144858067427678	0	0.315802000427393
GJ_2_6-8	Fibro-SCN7A	0.528060824993408	0.255003526415039	0.0972041858730526	0.0703461187593891	0	0.0184186259927592	0	0.0166703750486393	0.0142963429177123	0	0.528060824993408
GJ_2_7-1	Fibro-SFRP2	0.383550293333435	0.385558243243998	0.0310099504405209	0.123862305663667	0.0613742681654128	0.00515096206591447	0	0	0.00949397708705306	0	0.385558243243998
GJ_2_7-2	Fibro-GUCY1A3	0.282622091918576	0.296742043455683	0.113287925042327	0.307347939583414	0	0	0	0	0	0	0.307347939583414
GJ_2_7-3	Fibro-SCN7A	0.41394968150699	0.287984516539496	0.0704393836754635	0.18389421192851	0	0	0	0.0411209282043016	0.00261127814523972	0	0.41394968150699
GJ_2_7-4	Fibro-SFRP2	0.253392432897255	0.528235308891045	0.0672030913865758	0.151169166825123	0	0	0	0	0	0	0.528235308891045
GJ_2_7-5	Fibro-SFRP2	0.196049746496986	0.528802894390106	0.0298560855061529	0.0693461673822333	0.0728497506955979	0	0	0.0800406562779128	0.023054699251011	0	0.528802894390106
GJ_2_7-6	Fibro-SCN7A	0.40385032595022	0.311217457982087	0.0867668047120216	0.175974387556386	0	0	0	0	0.022191023799286	0	0.40385032595022
GJ_2_7-7	Fibro-COL11A1	0.122919968338213	0.0877975788215201	0.0835372625349359	0.0073095702094399	0	0.397637988008829	0	0.219371809554671	0.0814258225323908	0	0.397637988008829
GJ_2_7-8	Fibro-SCN7A	0.716451606654299	0.188942132558547	0	0.0774430195169725	0	0.0171632412701821	0	0	0	0	0.716451606654299
GJ_2_8-1	Fibro-SFRP2	0.105610510382733	0.297471264775349	0	0.0596270906894473	0.0968255391963201	0.122083324710196	0	0.27992594434037	0.0157910260666191	0.0226652998389658	0.297471264775349
GJ_2_8-2	Glial	0.202196276641689	0.165599450832715	0.0340832950986551	0.0483272833439087	0	0.0959193351512368	0	0.0626727329882294	0.0614162383600964	0.32978538758347	0.32978538758347
GJ_2_8-3	Fibro-SCN7A	0.586656864755419	0.212294861414381	0.021020410320669	0.180027863509531	0	0	0	0	0	0	0.586656864755419
GJ_2_8-4	Fibro-SCN7A	0.415493847590806	0.0372528775272709	0.0988954712391872	0.238845661604155	0	0.173545752789397	0	0.00588253702322968	0.0300838522259546	0	0.415493847590806
GJ_2_8-5	Fibro-GUCY1A3	0.200837196288333	0.0499237789321632	0	0.655630744004161	0.00371043668642181	0.0898978440889215	0	0	0	0	0.655630744004161
GJ_2_8-6	Fibro-SCN7A	0.550906845238455	0.196427094830102	0.000913173154527928	0.249241488526314	0	0.00175034259472677	0	0	0.000761055655874453	0	0.550906845238455
GJ_2_8-7	Fibro-SCN7A	0.331182044146972	0.309631592860672	0.101098026351406	0.241551075410421	0	0.0165372612305284	0	0	0	0	0.331182044146972
GJ_2_8-8	Glial	0.247570764580469	0.0856040708071471	0	0.0633353324430909	0.0529040823884573	0.100986100177936	0	0.0280894530612226	0.0238738595222961	0.397636337019381	0.397636337019381
GJ_2_9-1	Fibro-SCN7A	0.486671002223405	0.323525969422971	0.0363437572615221	0.11042329503307	0.0318700248880476	0	0	0	0.0111659511709842	0	0.486671002223405
GJ_2_9-2	Fibro-SCN7A	0.386438815567441	0.319820100552461	0.0207732517645731	0.186148097423984	0.0709359553860908	0.0132354267526629	0	0	0.00264835255278742	0	0.386438815567441
GJ_2_9-3	Fibro-SCN7A	0.324059507400525	0.147837448603425	0.0177004855287333	0.0500514600927112	0	0.20518211371905	0	0	0.0134424074492992	0.241726577206256	0.324059507400525
GJ_2_9-4	Glial	0.213849663438036	0.160504224126531	0.00071812044434517	0.0738785582968363	0	0.222531773359708	0	0.00721315965027831	0.0307854407321564	0.290519059952108	0.290519059952108
GJ_2_9-5	Fibro-SFRP2	0.285790358467243	0.354286716769993	0.166640598341989	0.191145819309822	0	0	0	0	0.00213650711095278	0	0.354286716769993
GJ_2_9-7	Fibro-SFRP2	0.185501971029056	0.461460957785736	0.0160549778763683	0.097135715462564	0.0612787260282729	0	0	0.15900949582976	0.0195581559882418	0	0.461460957785736
GJ_2_9-8	Fibro-SFRP2	0.213294972810184	0.298638127439884	0.23133107192166	0.169476542092841	0	0.0696073643377551	0	0	0.0176519213976766	0	0.298638127439884
GJ_2_10-1	Fibro-SCN7A	0.342459214682173	0.17653963451184	0.211857372315128	0.246173967041482	0	5.91548944821414e-05	0	0	0.0229106565548957	0	0.342459214682173
GJ_2_10-2	Fibro-SCN7A	0.296530515291214	0.113442682503906	0.226188033563919	0.130070582018042	0	0	0	0.0280779512044526	0.18859977471284	0.017090460705627	0.296530515291214
GJ_2_10-3	Fibro-Prol	0.180589505801398	0.197521604658133	0.491968761611792	0.109751695220762	0	0	0	0	0.0201684327079159	0	0.491968761611792
GJ_2_10-4	Fibro-SCN7A	0.454485883872393	0.318722897632641	0.0344366046317472	0.190663836465198	0	0	0	0	0.00169077739802083	0	0.454485883872393
GJ_2_10-5	Fibro-Prol	0.13623103084397	0.13150658767481	0.440898910139317	0.143830183849247	0.00585623279586885	0	0	0	0.141677054696787	0	0.440898910139317
GJ_2_10-6	Fibro-GUCY1A3	0.251890687343479	0.301733737290798	0.0956316868701138	0.348583420250994	0	0.00216046824461509	0	0	0	0	0.348583420250994
GJ_2_10-7	Fibro-SCN7A	0.380648342530067	0.1481075805789	0.0923111091352573	0.378932967755775	0	0	0	0	0	0	0.380648342530067
GJ_2_10-8	Fibro-GUCY1A3	0.164843320857839	0.125302528739974	0.0259792089657881	0.665076687812113	0	0.0187982536242856	0	0	0	0	0.665076687812113
GJ_2_11-1	Fibro-SCN7A	0.508482755679439	0.311884976767058	0.00650318642641691	0.151665295546144	0.0187467470790383	0.000735141471882757	0	0	0.00198189703002057	0	0.508482755679439
GJ_2_11-2	Fibro-SCN7A	0.499205169182172	0.419857302013088	0	0.0703468799415509	0	0.00708830323358947	0	0	0.00350234562959954	0	0.499205169182172
GJ_2_11-3	Fibro-SCN7A	0.457847756272709	0.124697462032829	0.0375117055240502	0.217173766790498	0	0.0422880338337503	0	0.0245116724204768	0.0875133427678801	0.008456260357807	0.457847756272709
GJ_2_11-4	Endo	0.0256598022114819	0.00914309532484027	0	0	0	0.00369576780136463	0.950230702923611	0.0112706317387024	0	0	0.950230702923611
GJ_2_11-5	Fibro-Prol	0.229500314083211	0.276097693733043	0.344994810154008	0.124346375106642	8.37529114057326e-05	0.00131525747423986	0	0	0.0236617965374519	0	0.344994810154008
GJ_2_11-6	Fibro-SCN7A	0.589905129886958	0.334226243692628	0.0154767591369452	0.0414483593871228	0	0.0142246913940436	0	0	0.00471881650230252	0	0.589905129886958
GJ_2_11-7	Fibro-SCN7A	0.522935795605377	0.151322167970648	0.0441061297561865	0.207886611989691	0	0.0619581061791497	0	0	0.011791188498948	0	0.522935795605377
GJ_2_11-8	Fibro-SCN7A	0.493214499368301	0.37333210150752	0.00179001427086865	0.0382070408962336	0.0114545653209562	0.0814568533234923	0	0	0.000544925312628931	0	0.493214499368301
GJ_2_12-1	Fibro-SFRP2	0.359036616475838	0.408696309442428	0.0917013829509136	0.140565691130821	0	0	0	0	0	0	0.408696309442428
GJ_2_12-2	Fibro-Prol	0.204912400603462	0.186935011116311	0.282441293337025	0.155089545688406	0	0	0	0	0.169491652554299	0.00113009670049714	0.282441293337025
GJ_2_12-3	Fibro-SCN7A	0.291256488754682	0.103491637283493	0	0.206375616349682	0	0.0656740494461377	0	0.0186965584104184	0.0599834784166289	0.254522171338958	0.291256488754682
GJ_2_12-4	Fibro-SCN7A	0.427044024235756	0.186242231631583	0.017971627003537	0.368742117129123	0	0	0	0	0	0	0.427044024235756
GJ_2_12-5	Fibro-SFRP2	0.186490917008873	0.46190119491008	0	0.0926589221029502	0.0845581652075551	0	0	0.165623455521322	0.00876734524921846	0	0.46190119491008
GJ_2_12-6	Fibro-SCN7A	0.305207368765832	0.0720426867914058	0.0425233708423477	0.244912434067056	0	0.0823775802537323	0	0.0466986086149708	0.0963976813038671	0.109840269360788	0.305207368765832
GJ_2_12-7	Fibro-SFRP2	0.189030192532649	0.473190355937503	0.00769503576625025	0.0997431466344892	0.0682957297065519	0	0	0.148905728668829	0.0131398107537275	0	0.473190355937503
GJ_2_12-8	Fibro-SCN7A	0.586586310519602	0.275754875273244	0	0.127692506786121	0.00996630742103337	0	0	0	0	0	0.586586310519602
GJ_3_1-1	Fibro-GUCY1A3	0.183111044620545	0.0388690399722764	0.0028274128436029	0.495828156587828	0	0.242426968892069	0	0.0215123144136601	0.0154250626700188	0	0.495828156587828
GJ_3_1-2	Fibro-SCN7A	0.943346025110597	0.0234812248487825	0.00433324296566524	0.00859642921414261	0	0	0	0.0202430778608133	0	0	0.943346025110597
GJ_3_1-4	Fibro-SFRP2	0.113726049792715	0.38339877013414	0.342528891445276	0.035952958202162	0.00133955999097635	0.123053770434731	0	0	0	0	0.38339877013414
GJ_3_1-5	SM	0.0311272532789692	0.0189797620167436	0	0.0100590320684689	0	0	0	0	0.939833952635818	0	0.939833952635818
GJ_3_1-6	Fibro-SCN7A	0.571167102129152	0.191310095433306	0.129635617888852	0.0883138005060248	0.00541807562339757	0	0	0	0.0141553084192669	0	0.571167102129152
GJ_3_1-7	Immune	0.00937352258721705	0	0	0	0	0	0	0.990626477412783	0	0	0.990626477412783
GJ_3_1-8	Fibro-SCN7A	0.814023436819821	0.0569384572591139	0.0500957810779718	0.0419505171605522	0	0	0	0.0213487184688816	0	0.0156430892136599	0.814023436819821
GJ_3_2-1	Fibro-SCN7A	0.818506624088302	0.0444648272689734	0.00773007441804936	0.00999655442885922	0	0.119301919795816	0	0	0	0	0.818506624088302
GJ_3_2-2	SM	0.10015105157752	0.0584473296484539	0	0.0277001812823072	0.109460017783985	0.0135847289561677	0	0.0492401745638028	0.641416516187763	0	0.641416516187763
GJ_3_2-4	Fibro-SFRP2	0.266777813947734	0.671365801943533	0.020456339485939	0.0392264799444218	0	0	0	0	0	0.00217356467837307	0.671365801943533
GJ_3_2-5	Fibro-SFRP2	0.0663703846131352	0.76811071208041	0	0.132138663791589	0	0.0279018829110492	0	0	0.00547835660381631	0	0.76811071208041
GJ_3_2-6	SM	0.13047437756814	0.0031216092458497	0.0472797963348582	0.000953693699366958	0	0	0	0.00338598337887108	0.780233706188823	0.034550833584091	0.780233706188823
GJ_3_2-7	Fibro-SCN7A	0.464364117959923	0.0810393318769711	0.380996057520819	0.0194076007937312	0.00507290373647726	0.00971405119586725	0	0.0100320066358626	0.0293739302803488	0	0.464364117959923
GJ_3_2-8	Endo	0.0158701270281039	0.00135182893955421	0	0.00304382439164136	0	0.0049960339770598	0.971988084876504	0.00275010078713616	0	0	0.971988084876504
GJ_3_3-1	Fibro-SFRP2	0.101162103868822	0.723194038327564	0.0744873496456532	0.0447043650439978	0	0.0564521431139636	0	0	0	0	0.723194038327564
GJ_3_3-2	Fibro-SCN7A	0.890447292802865	0.0505127208588389	0.0295291212663197	0.024985194614473	0	0	0	0	0	0.00452567045750319	0.890447292802865
GJ_3_3-3	Endo	0.0144918407205558	0.00648123050338139	0	0.00940056316669968	0	0.00301076309645054	0.964302762645007	0.00192414691091167	0	0.000388692956993692	0.964302762645007
GJ_3_3-4	SM	0.0128616998388927	0.00414498781895527	0.0132331750294431	0.000104295299431645	0	0	0	0.00397141612868588	0.965684425884591	0	0.965684425884591
GJ_3_3-5	Fibro-GUCY1A3	0.236558014032335	0.249442417136342	0.0210873918447717	0.397974525179205	0.00628972287526768	0.0886479289320787	0	0	0	0	0.397974525179205
GJ_3_3-6	SM	0.20531550991981	0.0529556792280955	0.0774440517363862	0.102058182512887	0	0.0926264967403202	0	0.0339781967279148	0.433149868725672	0.00247201440891453	0.433149868725672
GJ_3_3-8	Fibro-Prol	0.213916369649903	0.201488320507732	0.334885757158907	0.0576142379237318	0.00384547762951315	0.00535160929426857	0	0.00948227346116422	0.172999339223605	0.000416615151175278	0.334885757158907
GJ_3_4-1	SM	0.0833803495417449	0.000416257787053714	0.0358701780002938	0.177988531191797	0.0475605650869564	0.0013867357377591	0	0.0240047520780854	0.629392630576309	0	0.629392630576309
GJ_3_4-3	Fibro-SCN7A	0.453093638335604	0.153331056669431	0.166825582392339	0.0762643667655377	0.020603949730868	0.00567923623879005	0	0.0612910284050128	0.0629111414624177	0	0.453093638335604
GJ_3_4-4	SM	0.0262331078951724	0.217095199460289	0	0.0119747059763295	0.00447514508649431	0.00387074123653803	0	0	0.736351100345176	0	0.736351100345176
GJ_3_4-5	Fibro-GUCY1A3	0.328211260164225	0.169161809514301	0.108865339297777	0.342354372639479	0	0.0221257319782474	0	0	0.0292814864059702	0	0.342354372639479
GJ_3_4-6	SM	0.0635596929575631	0.016631023011813	0.00866114049338663	0.00491057610044269	0.0212867560062859	0	0	0.016625857947825	0.847639743389846	0.0206852100928376	0.847639743389846
GJ_3_4-7	Immune	0.247459657825065	0.217345322616078	0.0444611703883827	0.0991411220361811	0	0	0	0.253041604886335	0.134881383794315	0.00366973845364315	0.253041604886335
GJ_3_4-8	Fibro-SCN7A	0.455109040659559	0.174609028842289	0.0282446617624448	0.208583854319129	0	0	0	0	0	0.133453414416578	0.455109040659559
GJ_3_5-1	Fibro-Prol	0.175086647116028	0.0618605012894012	0.427461805383943	0.00825241203937018	0	0.0941518992888134	0	0.0125528095139837	0.220633925368461	0	0.427461805383943
GJ_3_5-2	Endo	0.108813019247674	0.00395226704019462	0	0.00135682827244813	0	0.0037716247108832	0.84656600455025	0.0355402561785509	0	0	0.84656600455025
GJ_3_5-3	Endo	0.0201130305517088	0.0205491641850103	0	0	0	0.0370465539721266	0.910666841409982	0.00807770615891545	0	0.00354670372225756	0.910666841409982
GJ_3_5-4	Fibro-SCN7A	0.836834632860797	0.0871501329948737	0.00668888949300937	0.0552067470955784	0	0	0	0	0	0.014119597555742	0.836834632860797
GJ_3_5-5	Fibro-SCN7A	0.825923023437305	0.0439198462327575	0.095976530335117	0.001919160073295	0	0	0	0.012150980524841	0.0201104593966841	0	0.825923023437305
GJ_3_5-6	SM	0.138930160283913	0.00916400988762107	0	0.134238987362687	0.0786349742020241	0.0595292422889513	0	0.000424613555206825	0.565736866453303	0.0133411459662939	0.565736866453303
GJ_3_5-7	Fibro-SCN7A	0.821994320062863	0.0270567734438228	0.1134535276575	0.0175401951081025	0	0	0	0.00191816684301586	0.0180370168846954	0	0.821994320062863
GJ_3_5-8	Fibro-SCN7A	0.720320001639482	0.117232586470943	0.105558167485232	0.013468833171245	0	0	0	0.0106892146564817	0.0327311965766164	0	0.720320001639482
GJ_3_6-1	SM	0.0518923020272592	0.011339675365159	0.0294824044806125	0.00295907429061631	0.00302001896369091	0	0	0.0159729547394838	0.869347021765884	0.0159865483672941	0.869347021765884
GJ_3_6-2	SM	0.0470376333411314	0.0146386760780303	0	0.00263461425078308	0.114600589768925	0	0	0.0251986902715	0.787782250942056	0.00810754534757453	0.787782250942056
GJ_3_6-3	SM	0.0586497362529801	0.0186193267903489	0	0.0135992280867452	0.0142808329761499	0	0	0	0.894850875893777	0	0.894850875893777
GJ_3_6-4	SM	0.103800513473439	0.155843720388786	0.00779093029740915	0.00757242318381179	0.0970733864055382	0.00221647423942994	0	0.08460667140516	0.517344053848155	0.0237518267582709	0.517344053848155
GJ_3_6-5	Fibro-SCN7A	0.480251246389048	0.191447505794919	0	0.272353537981337	0	0.0559477098346969	0	0	0	0	0.480251246389048
GJ_3_6-6	Fibro-SCN7A	0.437061437740475	0.206813701392032	0.123672668552876	0.189588368853975	0	0.0127225818313705	0	0	0.0301412416292718	0	0.437061437740475
GJ_3_6-7	Fibro-SCN7A	0.649720846240023	0.0714158892848747	0.146301234944407	0.0467884757102816	0.00660977643764938	0	0	0.0213519639767187	0.0578118134060461	0	0.649720846240023
GJ_3_6-8	Fibro-SCN7A	0.490334747895415	0.0720712829453223	0.0035591725992671	0	0.00452937465503239	0.0132753478050939	0	0.0919381597261694	0.3242919143737	0	0.490334747895415
GJ_3_7-1	SM	0.0321435609960415	0.0120792593825491	0.03205398881061	0	0.0735832855060465	0.0104994266376009	0	0.0221823234513668	0.817458155215785	0	0.817458155215785
GJ_3_7-2	Fibro-GUCY1A3	0.229933293238658	0.18402858293168	0.0509929593241963	0.501420875633964	0	0	0	0.0199672381706104	0.0136570507008913	0	0.501420875633964
GJ_3_7-4	Endo	0.0176300011956777	0.000471618849076338	0	0.00357116801651092	0	0.006340478493859	0.968972479230303	0.00301425421457261	0	0	0.968972479230303
GJ_3_7-5	SM	0.0344154601641721	0.126550406491146	0.160992236991	0.00165146643737698	0.0245719530820708	0.0106789958976077	0	0.0273287396286991	0.613810741307927	0	0.613810741307927
GJ_3_7-6	SM	0.0366275033850061	0.0114139194085611	0.0375477295972704	0.0129098246093166	0.000927209519795924	0.0021279979416303	0	0.000372222163294001	0.898073593375126	0	0.898073593375126
GJ_3_7-7	Fibro-COL11A1	0.0170204835859946	0.0351032007003889	0.0734159734076609	0.00142054772013538	0	0.766721907979818	0	0.077346815573595	0.0289710710324073	0	0.766721907979818
GJ_3_7-8	Fibro-SCN7A	0.52278809767904	0.13694087048009	0.163397008234619	0.0622036625029929	0	0	0	0.103247416985062	0.0114229441181968	0	0.52278809767904
GJ_3_8-1	Fibro-SCN7A	0.603826187588676	0.0494488780235817	0.121921159819099	0.00543461393308625	0.0022965142121515	0	0	0.0818357598342043	0.135236886589201	0	0.603826187588676
GJ_3_8-2	Fibro-SFRP2	0.212102830719888	0.745606577302346	0	0.0370667565902838	0	0.00522383538748236	0	0	0	0	0.745606577302346
GJ_3_8-3	Fibro-SCN7A	0.921440971946751	0.0329477300446919	0.0212337759712293	0.00958192047597019	0	0	0	0.0147956015613572	0	0	0.921440971946751
GJ_3_8-4	Immune	0.0070058466639065	0	0	0	0	0	0	0.992994153336093	0	0	0.992994153336093
GJ_3_8-5	SM	0.0173058740333968	0.0121267357973383	0	0	0.0895789037176729	0	0	0.0310651998458564	0.849923286605736	0	0.849923286605736
GJ_3_8-6	Fibro-SCN7A	0.691681368276233	0.044006905710062	0.101814153675845	0.0494687313998125	0	0.00707410033470757	0	0.0629225626972155	0.0430321779061246	0	0.691681368276233
GJ_3_8-8	Fibro-GUCY1A3	0.40614181331827	0.00842958851344432	0.0855659060054014	0.454421156286313	0	0	0	0.0231907959425919	0.0222507399339797	0	0.454421156286313
GJ_3_9-1	Immune	0.00767232912078838	0.00354163496740563	0.00214721345624934	0.00109642772312707	0	0	0	0.983752173228979	0.00179022150345064	0	0.983752173228979
GJ_3_9-2	Fibro-SCN7A	0.544330450913647	0.057696303701054	0.151756101619903	0.0280134144655888	0	0.00138676511040063	0	0.127068176595878	0.089748787593529	0	0.544330450913647
GJ_3_9-3	Fibro-COL11A1	0.28108915030826	0.222696938068875	0.0217708932738095	0.0344491785835758	0	0.433495117886402	0	0	0.00400581274931406	0.00249290912976329	0.433495117886402
GJ_3_9-4	SM	0.0688168391384337	0.0128347608730725	0.0217246214035027	0	0.00451880302775075	0	0	0.0181201013168886	0.707331051707802	0.16665382253255	0.707331051707802
GJ_3_9-5	Fibro-Prol	0.207187816251463	0.0392180539318044	0.530865934589945	0.0820638759269502	0	0	0	0	0.140664319299837	0	0.530865934589945
GJ_3_9-6	Fibro-SFRP2	0.137974325699866	0.677840904385289	0.00219468233411609	0.0496211994393689	0	0.132368888141359	0	0	0	0	0.677840904385289
GJ_3_9-7	SM	0.0338852039106947	0.00208908903728896	0.0325027504946163	0.0021351516840388	0	0	0	0.0392379266481517	0.89014987822521	0	0.89014987822521
GJ_3_9-8	Fibro-Prol	0.251116161525348	0.107723510122887	0.254848113842841	0.087464469605396	0	0.110556046909169	0	0.165325691757753	0.0229660062366051	0	0.254848113842841
GJ_3_10-1	SM	0.0798438094478566	0.0463390037225073	0.108955365745628	0.0429932351140629	0.0744824710742712	0.00710167999486175	0	0.0318904772703744	0.608393957630438	0	0.608393957630438
GJ_3_10-2	Fibro-SCN7A	0.434470344296472	0.0405138759860202	0	0.0178547648493037	0.0135175041963912	0	0.0544922908191747	0.171642045407816	0.184291989585246	0.0832171848595763	0.434470344296472
GJ_3_10-3	SM	0.118132228227513	0.188448335328794	0.045933060553843	0.0943715303957105	0	0.0873656284465502	0	0.00312003655561669	0.462629180491972	0	0.462629180491972
GJ_3_10-4	Fibro-SCN7A	0.895879068618992	0	0.0124165718490059	0.0302441191269631	0	0	0	0.058905982515995	0.00255425788904318	0	0.895879068618992
GJ_3_10-5	SM	0.247924881296167	0.0619374929591757	0.0200802033763212	0.142536983738693	0	0	0	0.0879863439291732	0.439130750119832	0.000403344580637267	0.439130750119832
GJ_3_10-6	Fibro-GUCY1A3	0.168051197999885	0.061193596455202	0	0.448123212429153	0.00708043078068869	0.312841426041631	0	0.00145911141577506	0.00125102487766505	0	0.448123212429153
GJ_3_10-7	Fibro-SCN7A	0.95944954121526	0.0161315846977476	0.00789104300931649	0.0132313247662869	0	0	0	0	0.00329650631138902	0	0.95944954121526
GJ_3_10-8	SM	0.126928459108411	0.0555932547368403	0.145671819491339	0.0202476156827874	0.000586648372259714	0.00262399280543583	0	0.0149074493508414	0.624051988207238	0.00938877224484813	0.624051988207238
GJ_3_11-1	Fibro-SCN7A	0.369637338033547	0.0421592051443077	0.0771647823125675	0.106709547128007	0	0.014114018804222	0	0.14794758447247	0.242267524104879	0	0.369637338033547
GJ_3_11-2	Fibro-SCN7A	0.623734488937885	0.164623296112159	0.0336214489984025	0.163996993820063	0	0	0	0	0.0140237721314908	0	0.623734488937885
GJ_3_11-3	Immune	0.00975070612279381	0.0329374975343197	0.00610394027074857	0	0	0.0115279728005386	0	0.923268875070016	0.0164110082015827	0	0.923268875070016
GJ_3_11-4	Fibro-SFRP2	0.0877474259240177	0.685251586262581	0.0669654508292401	0.0402772433662206	0	0	0	0.0790036531798922	0.0407546404380486	0	0.685251586262581
GJ_3_11-5	SM	0.0590884048961102	0.0296009443454958	0.125233131239303	0	0.191767881589447	0	0	0.165334978248639	0.424031241497989	0.00494341818301624	0.424031241497989
GJ_3_11-6	Fibro-COL11A1	0.0802759371503541	0.0920000088743304	0.0945265971061173	0.139736258553045	0	0.478979785455261	0	0.05877935312497	0.0557020597359222	0	0.478979785455261
GJ_3_11-7	SM	0.0274461781350359	0	0	0.00577600474194924	0.00511037751467453	0	0	0	0.954195420144895	0.00747201946344572	0.954195420144895
GJ_3_11-8	Fibro-SCN7A	0.569261282299784	0.00371864464674049	0.00971491503199213	0.0360084932164645	0	0.00938139649365586	0	0.356589505226793	0.0153257630845699	0	0.569261282299784
GJ_3_12-1	SM	0.159893770219161	0.0236095004493323	0	0.0256355414448418	0.0436099740508237	0	0	0	0.747251213835842	0	0.747251213835842
GJ_3_12-2	SM	0.0653994613014303	0.0352612519199212	0	0	0.118858215696681	0.00045656797536117	0	0.00463919752821558	0.75763946802139	0.0177458375570009	0.75763946802139
GJ_3_12-3	SM	0.150325040522906	0.0123106545092627	0	0.0751827832537551	0.00819219279340503	0.00233636159079444	0	0	0.751652967329876	0	0.751652967329876
GJ_3_12-4	SM	0.0410855695807863	0.01029586760063	0	0.00139703238329716	0.167231491794947	0	0	0	0.779990038640341	0	0.779990038640341
GJ_3_12-5	Fibro-GUCY1A3	0.263777829328622	0.195072975828315	0.0145435598981474	0.452726419311185	0	0.0737510247357798	0	0	0.000128190897950829	0	0.452726419311185
GJ_3_12-6	SM	0.0655948861108129	0.0442903372129283	0.0174161579259467	0	0.256444623188537	0	0	0.019530035289168	0.596522464026724	0.000201496245883017	0.596522464026724
GJ_3_12-7	Fibro-SCN7A	0.290020341028327	0.0814676699181824	0.264904131850043	0.0993208017070925	0	0.00439025124867352	0	0.0521238522337225	0.207772952013959	0	0.290020341028327
GJ_4_1-1	Fibro-SCN7A	0.24973532742293	0.0784646525607209	0.117204472282402	0.168950114147205	0	0.0916279387759683	0	0.133863995941566	0.147150431273984	0.0130030675952239	0.24973532742293
GJ_4_1-2	SM	0.0398220576853679	0.200409926484214	0	0.00011294257398723	0	0	0	0.0338653775700399	0.725789695686391	0	0.725789695686391
GJ_4_1-3	Fibro-COL11A1	0.0675874911804547	0.095060998451573	0.0116354018215767	0.0119745528800952	0	0.812538418133996	0	0	0.00120313753230374	0	0.812538418133996
GJ_4_1-4	Fibro-SCN7A	0.683456965630747	0.0412715376620651	0.258422722406185	0.00627520792187774	0.00100661287691093	0.00765325873574416	0	0.00103040715379165	0.000883287612678658	0	0.683456965630747
GJ_4_1-5	Fibro-SFRP2	0.135373972646646	0.481320135045662	0	0.0262602597558311	0	0.357045632551861	0	0	0	0	0.481320135045662
GJ_4_1-6	Fibro-COL11A1	0.1563419836228	0.0542810756186827	0.246657517200757	0.0150332985939989	0	0.505999449093417	0	0	0.021686675870345	0	0.505999449093417
GJ_4_1-7	Fibro-SCN7A	0.895146650078787	0.0758833007211703	0	0.0186535581677064	0	0.0103164910323363	0	0	0	0	0.895146650078787
GJ_4_2-1	SM	0.0316271284119194	0.00356884154581205	0	0	0.406510349736056	0	0	0.0534100060543426	0.50488367425187	0	0.50488367425187
GJ_4_2-2	SM	0.099225489266775	0.0232443480567775	0	0.00547893252952563	0.109426239344916	0	0	0.0628763509983805	0.658616396299213	0.0411322435044126	0.658616396299213
GJ_4_2-3	Fibro-SCN7A	0.494285891682141	0.196422269837044	0.124599177863071	0.0326467893999136	0	0.152045871217829	0	0	0	0	0.494285891682141
GJ_4_2-4	Endo	0.0141625702001057	0.00601723356166815	0	0.00171918476849972	0	0.0010049844780528	0.975793203498493	0.00127982093502714	2.30025581535188e-05	0	0.975793203498493
GJ_4_2-5	Fibro-SCN7A	0.613953778346365	0.173855565133759	0.176703474571397	0.0288922901337158	0	0.00630953153426238	0	0	0.000285360280500802	0	0.613953778346365
GJ_4_2-7	Fibro-SCN7A	0.521805736124167	0.299124367255992	0.105514399956715	0	0	0.0106426932888872	0	0.0525125481480709	0.0104002552261682	0	0.521805736124167
GJ_4_2-8	SM	0.0881361747790202	0.0623546098183379	0.0597457417620039	0.00260630635983956	0.238177554084709	0	0	0.0751909989475855	0.473788614248504	0	0.473788614248504
GJ_4_3-1	Fibro-GUCY1A3	0.295257048931089	0.198766735728582	0.0562851182810738	0.310919951888188	0	0.104800711354487	0	0.0188949932200229	0.0150754405965567	0	0.310919951888188
GJ_4_3-2	Immune	0.00400530963938271	0	0	0	0	0	0	0.995994690360618	0	0	0.995994690360618
GJ_4_3-3	SM	0.103093134194726	0.0152672494805022	0.176812828439291	0.000478299367202527	0	0	0	0.0202923717903435	0.674387085937434	0.00966903079050065	0.674387085937434
GJ_4_3-4	SM	0.0278427912437044	0.00174689490801323	0	0	0.0444345363181623	0	0	0	0.920857677099085	0.00511810043103521	0.920857677099085
GJ_4_3-5	Fibro-SCN7A	0.438583031823257	0.237650702605888	0.0229472444036053	0.0948740007608576	0	0.199812415916873	0	0	0.0061326044895184	0	0.438583031823257
GJ_4_3-6	SM	0.0618139630344953	0.0112241975174555	0.00948204187452037	0.0192820667686922	0	0	0	0.00724321996872835	0.890954510836108	0	0.890954510836108
GJ_4_3-7	Fibro-SFRP2	0.178920672690959	0.482223232616137	0.0419809462993972	0.192701120463628	0	0.104174027929879	0	0	0	0	0.482223232616137
GJ_4_3-8	SM	0.0313846746600551	0.00443339645592548	0	0.00614505312646198	0.00577325846740363	0	0	0	0.952263617290154	0	0.952263617290154
GJ_4_4-1	SM	0.187639089893764	0.0380983613703815	0.0316375911973434	0.103096384966614	0	0	0	0.0112959916907701	0.626064281177985	0.00216829970314223	0.626064281177985
GJ_4_4-2	Endo	0.0137313845363275	0.00231019760719209	0	0.00325239076502281	0	0.00477868004692695	0.972725786961746	0.0020090488157169	0	0.00119251126706803	0.972725786961746
GJ_4_4-3	SM	0.0209716445545586	0.0191237420697733	0.045367489729005	0	0.319225581249543	0.00258850694076057	0	0.0450001941091621	0.547722841347198	0	0.547722841347198
GJ_4_4-4	Fibro-SCN7A	0.456862829935827	0.042064013055832	0.347413568562574	0.0593214527952281	0.00437507411639697	0.00568174646776779	0	0	0.0842813150663737	0	0.456862829935827
GJ_4_4-5	Fibro-SCN7A	0.768218924712191	0.0850242454751678	0.0375947907353846	0.0483513297816771	0.00034305164045658	0.0144741436133426	0	0.0289821857692608	0.0170113282725192	0	0.768218924712191
GJ_4_4-6	Fibro-GUCY1A3	0.16558771989576	0.0426905122144872	0	0.622418945634519	0.0130638909389182	0.156238931316316	0	0	0	0	0.622418945634519
GJ_4_4-7	Immune	0.00652194107750592	0	0	0	0	0	0	0.993478058922494	0	0	0.993478058922494
GJ_4_4-8	SM	0.0462920270258101	0.0216996459783274	0.0915396354131039	6.09178125755933e-05	0.00744239684247523	0.00351570011754506	0	0.289564839578718	0.539884837231444	0	0.539884837231444
GJ_4_5-1	Fibro-SCN7A	0.625523963159229	0.286591975806339	0	0.058064382510573	0	0.0233775651666852	0	0.00644211335717444	0	0	0.625523963159229
GJ_4_5-4	SM	0.0933757359079042	0.0415373997406807	0	0.00698138873493696	0.207596286402303	0.0031036243467757	0	0.00195531228145421	0.641252166851185	0.00419808573475953	0.641252166851185
GJ_4_5-5	Fibro-SCN7A	0.972923031515902	0	0.00469794416773899	0.00449298136593637	0	0.0178860429504224	0	0	0	0	0.972923031515902
GJ_4_5-6	SM	0.103693296040197	0.0270081256691079	0	0.00246163208190129	0	0	0	0.0504569935853725	0.816379952623421	0	0.816379952623421
GJ_4_5-7	Fibro-GUCY1A3	0.109819246534504	0.0203092415063004	0.0567699368341955	0.788848437259529	0	0	0	0.00902698018973014	0.01522615767574	0	0.788848437259529
GJ_4_5-8	Fibro-GUCY1A3	0.216104980307431	0.0380311360102922	0	0.575308521567449	0.0116065137881545	0.15889976292766	0	0	4.90853990125398e-05	0	0.575308521567449
GJ_4_6-1	SM	0.0266697945165933	0.061129793889347	0.022954307402277	0.00631614477504616	0	0	0	0	0.882929959416736	0	0.882929959416736
GJ_4_6-2	Fibro-COL11A1	0.00626880312738611	0.0298024915546128	0.0229883497097906	0.00531165027178964	0	0.916238316577958	0	0	0.0193903887584635	0	0.916238316577958
GJ_4_6-3	Fibro-SCN7A	0.369613896972202	0.0786966079441456	0.161369893625203	0.146103306873002	0.00514961006510428	0.00288438920340016	0	0.0712230534161533	0.16495924190079	0	0.369613896972202
GJ_4_6-4	SM	0.0629415944396339	0.0194598378069328	0	0.0266225192301452	0.012376707027536	0	0	0.00471301737490301	0.86616903479379	0.00771728932705971	0.86616903479379
GJ_4_6-5	Endo	0.0203003416028995	0.00663253550647682	0	0.00188180904671222	0	0.00429015102198877	0.963945536573118	0.00213493695832143	0	0.000814689290483054	0.963945536573118
GJ_4_6-6	SM	0.0158646980701595	0.0382072139293517	0.351369261412588	0.0067911182311132	0.0170864867263783	0	0	0.106748617554958	0.463932604075451	0	0.463932604075451
GJ_4_6-8	Fibro-GUCY1A3	0.27131398752855	0.0919631189800296	0.109564801618373	0.444304693009987	0	0	0	0.053445812840258	0.0294075860228022	0	0.444304693009987
GJ_4_7-1	Fibro-COL11A1	0.0165481075208846	0.0797755801169605	0	0.00514442420369393	0	0.898531888158461	0	0	0	0	0.898531888158461
GJ_4_7-2	SM	0.0309414492073905	0.0188228997026025	0	0	0.176452291333003	0	0	0.0081065949861398	0.765676764770864	0	0.765676764770864
GJ_4_7-3	SM	0.0709716869365145	0.0809117380373398	0.110979196948637	0.0111075487905704	0	0	0	0.122430998552685	0.579263113262888	0.0243357174713653	0.579263113262888
GJ_4_7-4	Endo	0.0192448772225095	0.00607066809584049	0	0.000707334062565262	0	0.00187494627070663	0.955392522729536	0.0165594149959547	0.000150236622887067	0	0.955392522729536
GJ_4_7-5	Fibro-GUCY1A3	0.352674771828415	0.0323598767291952	0.144056013663049	0.358576953463854	0	0.048773013251372	0	0.025135583149797	0.0384237879143187	0	0.358576953463854
GJ_4_7-6	Fibro-SCN7A	0.716418819536702	0.227776993771823	0	0.0356931590372521	0	0.00210092205225142	0	0	0	0.018010105601972	0.716418819536702
GJ_4_7-7	SM	0.0198576024410712	0.00979538547610002	0	0	0.101131512868339	0.0222908493196266	0	0.0265723862103953	0.820352263684468	0	0.820352263684468
GJ_4_7-8	SM	0.274028510463904	0.0193543874283259	0	0.0470963251023946	0.0405827977249573	0.00610275158820715	0	0.00229440033595246	0.60888758620704	0.00165324114921837	0.60888758620704
GJ_4_8-1	SM	0.027606574357822	0.0160347742156521	0	0	0.125201964851217	0	0	0.0261924763600362	0.804964210215273	0	0.804964210215273
GJ_4_8-2	Fibro-Prol	0.294527817987314	0.0461833556269737	0.376171515085653	0.181641090696595	0	0	0	0	0.101476220603463	0	0.376171515085653
GJ_4_8-3	Fibro-SFRP2	0.222947128520616	0.295231151056522	0.060216747956388	0.0322872566966796	0	0.0606538254516036	0	0.0405835819630267	0.0738530679381558	0.214227240417008	0.295231151056522
GJ_4_8-5	Fibro-SCN7A	0.889728082672889	0.0236272098741389	0.0613949206763197	0.0231145571410422	0	0	0	0	0.000846315057444167	0.00128891457816531	0.889728082672889
GJ_4_8-6	Endo	0.0122504440230599	0.00393450556232378	0	0.010881529921102	0	0.00449515492127451	0.967156504544197	0.000838905826392056	0	0.000442955201650464	0.967156504544197
GJ_4_8-7	Fibro-SCN7A	0.930537439500151	0.0143977691411112	0.0251876594963789	0.0253244102252615	0	0.00431339158311674	0	0	0.000239330053980445	0	0.930537439500151
GJ_4_8-8	Fibro-GUCY1A3	0.22620501372926	0.0601199973170927	0	0.548208232254128	0.0147251361558107	0.150741620543709	0	0	0	0	0.548208232254128
GJ_4_9-1	Fibro-SCN7A	0.886822462274519	0.042442282362781	0	0.0707352553626998	0	0	0	0	0	0	0.886822462274519
GJ_4_9-2	Fibro-SCN7A	0.441834689482065	0.0234116612804833	0.00144447976803193	0.0300495473613826	0.0156302948365756	0.091703265279012	0	0	0.390013304700435	0.00591275729201373	0.441834689482065
GJ_4_9-3	Immune	0.249668537760878	0.0442584085663028	0.190347747809402	0.00528467972697016	0	0	0	0.439277644583456	0.0711629815529913	0	0.439277644583456
GJ_4_9-4	SM	0.0221115490469343	0.0131708982981018	0	0	0.130928872511445	0	0	0.0173494498691758	0.816439230274343	0	0.816439230274343
GJ_4_9-5	SM	0.0307557558180748	0.0288965222257642	0	0	0.0767575978130313	0	0	0.0111636478786689	0.85242647626446	0	0.85242647626446
GJ_4_9-6	Fibro-SCN7A	0.370223412269939	0.317982023677589	0.0280845764245488	0.280388397079439	0	0.00261729982501235	0	0	0.000704290723471489	0	0.370223412269939
GJ_4_9-7	SM	0.0414532164724729	0.00497468340676668	0.0582037393162063	0.00753407658769546	0	0	0	0.00120221935696395	0.875191499038829	0.0114405658210654	0.875191499038829
GJ_4_9-8	SM	0.0178724522940519	0.0127315400860707	0.00509205330475319	0.00104721887729852	0.102449538497253	0.000428209135966103	0	0.0245262063863991	0.835852781418207	0	0.835852781418207
GJ_4_10-1	Fibro-SCN7A	0.711049465071269	0.25832526710215	0	0.0280204394596933	0	0	0	0	0	0.00260482836688711	0.711049465071269
GJ_4_10-2	Endo	0.0291369106677866	0.000294457980044388	0	0	0	0.00429994835302817	0.94393099663352	0.022141989253903	0.000195697111718195	0	0.94393099663352
GJ_4_10-3	Fibro-SCN7A	0.919945520568598	0.0198094108952437	0.0194959208026599	0.00610716954637613	0	0.0119058369075662	0	0.0218911094385503	0	0.000845031841005618	0.919945520568598
GJ_4_10-4	SM	0.0347209175270463	0.0448567681186615	0.123588867955362	0	0	0.002385612618673	0	0.00427822103383875	0.786921601799738	0.00324801094668027	0.786921601799738
GJ_4_10-5	SM	0.0194639638516074	0.0149237417697102	0	0	0.322975134025506	0	0	0.0238408065837473	0.618796353769429	0	0.618796353769429
GJ_4_10-6	SM	0.0231167290275557	0.0268986577772957	0	0.008858070645971	0.0192660421108556	0.00249349426465816	0	0	0.886996295717823	0.0323707104558404	0.886996295717823
GJ_4_10-7	SM	0.0469657509013679	0.0584230626500667	0.114581136787025	0.000200465673392783	0.00846707866194343	0	0	0.205650346260783	0.565712159065422	0	0.565712159065422
GJ_4_10-8	Fibro-SCN7A	0.638574164611479	0.0765155645062511	0.0204790291766969	0.134495501665171	0	0.000538605733199794	0	0.0951990743802551	0.034198059926947	0	0.638574164611479
GJ_4_11-1	Endo	0.0176332254165243	0.00511240973484082	0	0.0261391443804366	0	0.00845756313501996	0.926389786540292	0.0132448232120173	0.00143903994762957	0.00158400763323975	0.926389786540292
GJ_4_11-2	SM	0.239933438434141	0.0611872502186475	0	0.00471326067843349	0.0450980914769973	0.0011145802865319	0	0.0015798156566746	0.617325040746566	0.0290485225020088	0.617325040746566
GJ_4_11-3	Fibro-SCN7A	0.846762118534871	0.0844260296235365	0.0151739129572104	0.0401503376660194	0	0.00612035510347316	0	0	0	0.00736724611488925	0.846762118534871
GJ_4_11-5	Fibro-SFRP2	0.357892442364881	0.409223749400621	0.158780314817147	0.0199325399099798	0	0	0	0.011019182820693	0.0431517706866788	0	0.409223749400621
GJ_4_11-6	Fibro-SCN7A	0.585630637948028	0.0323740392708584	0.138514677053856	0.198368785723388	0	0	0	0.0077070677260553	0.0374047922778145	0	0.585630637948028
GJ_4_11-7	SM	0.0163580873068818	0.0455827778760672	0.0799665975599518	0.00947536383038586	0	0.00384879694795997	0	0.0240365354958673	0.820731840982886	0	0.820731840982886
GJ_4_11-8	SM	0.0196958447183428	0.0423570134554648	0.340960308010977	0.00109265247037733	0	0.00163706450846454	0	0.0376158291171991	0.555732885984857	0.000908401734316358	0.555732885984857
GJ_4_12-1	SM	0.0520953932067467	0.00945396527243621	0	0	0.188462855135129	0.00193419285072132	0	0.278562492029226	0.469491101505741	0	0.469491101505741
GJ_4_12-2	SM	0.0418325021303621	0.00596546399011265	0	0.000967410308525057	0.18164354321769	0	0	0.0183973613995252	0.751193718953784	0	0.751193718953784
GJ_4_12-3	Fibro-SCN7A	0.53433970248307	0.306436241808664	0.00701414512257924	0.0257852317765805	0	0.123852778336051	0	0	0.00257190047305578	0	0.53433970248307
GJ_4_12-4	SM	0.024913796968801	0.00519157053005046	0.00652170382327798	0.00428673225780969	0	0	0	0.00622181627041272	0.941285998980581	0.0115783811690676	0.941285998980581
GJ_4_12-5	SM	0.027587732799855	0.0271686232069748	0	0	0.103258878980334	0	0	0.00724580556954222	0.834738959443293	0	0.834738959443293
GJ_4_12-6	Fibro-SCN7A	0.865639154200928	0.0976174888521073	0.0162902769911699	0.00546018278398165	0	0	0	0.0149928971718127	0	0	0.865639154200928
GJ_4_12-7	Fibro-SCN7A	0.710945632678307	0.266218958625767	0.000610896701288008	0.0181059816083018	0	0.00135040662978138	0	0	0	0.00276812375655495	0.710945632678307
GJ_4_12-8	SM	0.0340934657191376	0.0167705719499134	0	0	0.184957159815913	0	0	0.0643927365177838	0.699786065997252	0	0.699786065997252
GJ_5_1-1	SM	0.323092119847336	0	0	0.0494052872357992	0.0400586613004468	0.00945502030363896	0	0.00381004618386971	0.571653660744957	0.00252520438395232	0.571653660744957
GJ_5_1-2	SM	0.190956363604495	0.00242698338011763	0	0.00415356539851744	0.058719472763987	0	0	0	0.735863823571241	0.00787979128164147	0.735863823571241
GJ_5_1-4	Fibro-SFRP2	0.0955361102554607	0.691698073866104	0.0626962458308538	0.0651993008208371	0.00905155048153026	0.0758187187452136	0	0	0	0	0.691698073866104
GJ_5_1-5	Fibro-COL11A1	0.121064732246915	0.105996968965746	0.193703429656071	0.117221249876676	0	0.260510121162818	0	0.0166958759378459	0.18199346801947	0.0028141541344576	0.260510121162818
GJ_5_1-6	Fibro-SCN7A	0.739085049673076	0.118557334411295	0.00706511189793375	0.0947961564108822	0	0	0	0.0404963476068135	0	0	0.739085049673076
GJ_5_1-7	SM	0.0957328061765818	0.0155936607771352	0	0	0.26657286034557	0	0	0.0598282308260036	0.562272441874709	0	0.562272441874709
GJ_5_1-8	Fibro-SCN7A	0.738286530696727	0.0765825477792149	0.0973036809915169	0.061321937118764	0	0	0	0	0	0.0265053034137772	0.738286530696727
GJ_5_2-1	Fibro-SFRP2	0.0464027779845749	0.43486858706273	0.0467663314429104	0.138008054798433	0	0.333954248711352	0	0	0	0	0.43486858706273
GJ_5_2-2	Endo	0.099498255246569	0.108776186994236	0.00987623894138944	0.0154192089466644	0	0	0.760395621415344	0.00181134568716905	0	0.00422314276862794	0.760395621415344
GJ_5_2-3	Fibro-GUCY1A3	0.264056553668611	0.0328395327848168	0	0.505096283866739	0.0146309610344832	0.18337666864535	0	0	0	0	0.505096283866739
GJ_5_2-4	Fibro-COL11A1	0.0273664880070483	0.165633646650109	0.0181631209876495	0.00663104758150857	0.018780871381805	0.76342482539188	0	0	0	0	0.76342482539188
GJ_5_2-5	Fibro-SFRP2	0.162300910832117	0.431467040285282	0.0947284800602718	0.208960649206874	0.0472253975846027	0.0325554827378542	0	0.00206055162082652	0.0207014876721719	0	0.431467040285282
GJ_5_2-6	SM	0.188366570876065	0.0226834525249118	0.0829667433376454	0.0176828104705612	0.0168750211982104	0.00142587662480494	0	0.302655466267196	0.33340499786327	0.0339390608373353	0.33340499786327
GJ_5_2-7	Fibro-GUCY1A3	0.249214636354092	0.0290356483990928	0.0249900033948551	0.604228574738067	0	0	0	0.0858520212432576	0.00667911587063504	0	0.604228574738067
GJ_5_2-8	Endo	0.0205175216359308	0.00893584658978711	0	0	0	0	0.960310311318751	0.00974978306655814	0.000486537388972491	0	0.960310311318751
GJ_5_3-1	SM	0.0285161648394841	0.00459156130265661	0	0	0.0737174067578892	0	0	0	0.89317486709997	0	0.89317486709997
GJ_5_3-3	SM	0.252203056781476	0.0104770965995571	0.0245443349099658	0.0381648566536579	0	0	0	0.0125533736657115	0.643570890178968	0.0184863912106647	0.643570890178968
GJ_5_3-4	Immune	0.00768435708894939	0	0	0	0	0	0	0.99231564291105	0	0	0.99231564291105
GJ_5_3-5	SM	0.0147340146200564	0.0766182073332096	0.109542446210598	0.00167315102178246	0	0	0	0.0632402172139348	0.734191963600419	0	0.734191963600419
GJ_5_3-6	Fibro-COL11A1	0.181430381634346	0.355869630370911	0.0224335393380908	0.0258588657263141	0	0.406420175831813	0	0	0.00798740709852517	0	0.406420175831813
GJ_5_3-7	SM	0.0115077902178499	0.00468450034118994	0	0.00367080739662184	0.0253519754661761	0	0	0.000322386416421359	0.90913670859205	0.0453258315696909	0.90913670859205
GJ_5_4-1	Fibro-SCN7A	0.362963845058639	0.271235654664758	0.00330456061421505	0.25458323782252	0.00327008077065607	0.086018675777083	0	0.0118500643456904	0.00677388094643814	0	0.362963845058639
GJ_5_4-2	Fibro-SCN7A	0.897483759355971	0.0259459854668028	0.0382573401529152	0.0122476579864262	0	0.0114942149054869	0	0.0145710421323982	0	0	0.897483759355971
GJ_5_4-3	SM	0.0625557609013328	0.0710286645405614	0	0	0.12831211878311	0	0	0.0209285305245414	0.717174925250454	0	0.717174925250454
GJ_5_4-4	SM	0.0142038470791683	0.0287299810578297	0.0762353731307498	0	0.0177722727485146	0	0	0.00639560243091938	0.856662923552818	0	0.856662923552818
GJ_5_4-5	SM	0.208211040589044	0.146472801286923	0.0387361554777941	0.18206534233155	0.0105897433066579	0	0	0.0500683397197767	0.363856577288255	0	0.363856577288255
GJ_5_4-6	Immune	0.0116650744225133	0	0	0	0	0	0	0.987804738563351	0.000530187014135068	0	0.987804738563351
GJ_5_4-7	Fibro-SCN7A	0.518376963671965	0.0798428828590478	0.113659435369716	0.136949735556756	0.00374189294994532	0.0095517384990868	0.0253393193837028	0.0726546978744298	0.0398833338353497	0	0.518376963671965
GJ_5_4-8	Fibro-SCN7A	0.322813890587021	0.0581757430748442	0	0.0160709816230956	0	0.0948589010329525	0	0.190304793016727	0.0300665985666544	0.287709092098705	0.322813890587021
GJ_5_5-1	Fibro-SFRP2	0.164163334836869	0.44441064355524	0.0448370227821371	0.0586539134702345	0	0.287935085355518	0	0	0	0	0.44441064355524
GJ_5_5-2	SM	0.0334943784039599	0.00537309362367328	0	0.00691068053460324	0	0	0	0	0.954221847437764	0	0.954221847437764
GJ_5_5-3	Endo	0.0618982882861668	0.014990868019008	0.0329688364105447	0.00552889544299785	0	0.040106381891956	0.810599467800773	0.0151497258612629	0.0187575362872911	0	0.810599467800773
GJ_5_5-4	SM	0.132514310463	0.0153133030247624	0	0.0389350901508329	0.261379190460942	0.0173356559258598	0	0.00231857749875241	0.521847138355774	0.010356734120077	0.521847138355774
GJ_5_5-5	Fibro-COL11A1	0.070980436978706	0.104001171414417	0.0114465927687509	0.00904192653124577	0	0.802647812770267	0	0	0.00188205953661307	0	0.802647812770267
GJ_5_5-6	Fibro-COL11A1	0.274481814658984	0.178297649387233	0	0.00245589667200344	0	0.531448517949739	0	0.01331612133204	0	0	0.531448517949739
GJ_5_5-8	Fibro-GUCY1A3	0.220642724205528	0.0470266159045344	0.00780377351331128	0.534281494613495	0.0158700454976468	0.159998593212227	0	0	0	0.0143767530532589	0.534281494613495
GJ_5_6-1	SM	0.0256853135369095	0.000352167497515191	0	0.00350691794307825	0.00841126738580004	0	0	0	0.957508834139936	0.00453549949676087	0.957508834139936
GJ_5_6-2	SM	0.0233218975560054	0.00655090143335013	0.00836294870518972	0.00404121857282262	0.341093754765594	0	0	0.124542171600087	0.492087107366952	0	0.492087107366952
GJ_5_6-3	Fibro-SCN7A	0.387878580705169	0.259225072691476	0.0689005771302521	0.17834424706454	0	0.0350988487639498	0	0.0672685272977315	0.0032841463468811	0	0.387878580705169
GJ_5_6-4	Fibro-SCN7A	0.57402724464331	0.375820232316725	0	0.0093628784434269	0	0	0	0	0.0407896445965384	0	0.57402724464331
GJ_5_6-5	Fibro-SFRP2	0.0435895175908249	0.898798582388697	0.00673635738910549	0.0211706081461497	0	0.0297049344852226	0	0	0	0	0.898798582388697
GJ_5_6-6	Fibro-GUCY1A3	0.222783067648967	0.0721753727529959	0.00995642797664418	0.513922575318506	0.0191708765677073	0.15705214543111	0	0	0.00493953430406909	0	0.513922575318506
GJ_5_6-7	Fibro-GUCY1A3	0.102823176473964	0.0521660110002458	0.134866140622145	0.57519098837208	0.00361388904135218	0.0867950831447197	0	0.00837636828028569	0.036168343065208	0	0.57519098837208
GJ_5_6-8	Fibro-SCN7A	0.627904438282622	0.34093174644531	0.00691894249905464	0.0154535107725922	0	0	0	0	0	0.00879136200042089	0.627904438282622
GJ_5_7-2	Fibro-SFRP2	0.0337556161743173	0.87854928615052	0.0066121876737636	0.011218425234773	0.0174980234315326	0.0523664613350933	0	0	0	0	0.87854928615052
GJ_5_7-3	SM	0.11475504045713	0.0176929788713408	0.0179997863373057	0.0311703628210078	0.0167663852592927	0.000823593823423366	0	0.0843231941126893	0.678903498349187	0.0375651599686239	0.678903498349187
GJ_5_7-4	SM	0.0571453018197933	0.00487131538367044	0.00242978315953599	0.0269109660571347	0.0010211114796973	0.0115088573407633	0	0.078189085178324	0.755580921268447	0.0623426583126342	0.755580921268447
GJ_5_7-5	Endo	0.0146269650751114	0.00530799217080247	0	0.00555677645157577	0	0.00328551728298025	0.968909808645751	0.00148094328806157	0	0.000831997085717113	0.968909808645751
GJ_5_7-6	SM	0.332671101609121	0.131604104627471	0.128435414794778	0.0171834121504979	0	0	0	0.00161145735508455	0.388494509463048	0	0.388494509463048
GJ_5_7-7	Immune	0.0673434800711982	0.111684053759026	0.06026851157635	0.0196005353706073	0	0.356132024922585	0	0.363425958141375	0.0215454361588578	0	0.363425958141375
GJ_5_7-8	Fibro-SCN7A	0.895899580625754	0.0519413212919629	0.0337703427943758	0.0119558561801784	0	0	0	0	0.00643289910772876	0	0.895899580625754
GJ_5_8-1	Fibro-SFRP2	0.0426718171481618	0.784512315790154	0.0542200110209409	0.0958141166052618	0	0.00825725046720119	0	0	0.014524488968281	0	0.784512315790154
GJ_5_8-3	Fibro-SCN7A	0.770891586543159	0.0364331798281266	0.0236503530596225	0.00960886616475136	0	0.0740952689201701	0	0.0853207454841708	0	0	0.770891586543159
GJ_5_8-5	SM	0.0101246674147283	0.271389533006326	0.0546976730999272	0.00206693887877835	0	0	0	0.00528414678068201	0.646145525086004	0.0102915157335543	0.646145525086004
GJ_5_8-6	Fibro-COL11A1	0.221848025358915	0.136687692330914	0	0.0299618180665946	0	0.611502464243577	0	0	0	0	0.611502464243577
GJ_5_8-7	Fibro-SCN7A	0.914011435721433	0.0182854221409098	0.0255106317694056	0.0299600337515505	0	0	0	0	0	0.0122324766167013	0.914011435721433
GJ_5_8-8	SM	0.0251294170556119	0.00471984922243484	0	0.00192027845719959	0.0476265143377506	0	0	0	0.920603940927003	0	0.920603940927003
GJ_5_9-1	SM	0.0246265327972685	0.0135121457449169	0	0	0.154763700117451	0	0	0.0330388272620606	0.774058794078303	0	0.774058794078303
GJ_5_9-2	Fibro-GUCY1A3	0.231193597438233	0.0885184961068418	0.0201703831294597	0.470811139596034	0.0165901276903393	0.17229969827683	0	0	0.000416557762261848	0	0.470811139596034
GJ_5_9-3	Fibro-SFRP2	0.14221271416376	0.618636075452405	0.0212998093516985	0.0982279384223652	0	0.119623462609772	0	0	0	0	0.618636075452405
GJ_5_9-4	Glial	0.264178777451476	0.115244536118929	0	0.0283877420807461	0	0.174039170665793	0	0.0562646131985481	0.0484291666224275	0.313455993862081	0.313455993862081
GJ_5_9-5	Fibro-GUCY1A3	0.319119068787671	0.0451175996490931	0.0849112026101452	0.521514528562187	0	0	0	0.00652514105001319	0.0228124593408903	0	0.521514528562187
GJ_5_9-6	SM	0.180397222625987	0.144297791125533	0	0.00610005285450077	0.109736405396565	0	0	0.00550516766525059	0.553023578436821	0.000939781895342327	0.553023578436821
GJ_5_9-7	SM	0.0412310027377356	0.00208158793918591	0	0.00573993672397017	0.233675568879897	0	0	0.00573465099522053	0.711537252723991	0	0.711537252723991
GJ_5_9-8	SM	0.17565344329844	0.0691166903428962	0.17412588370891	0.05658503937185	0.000950568239493519	0.0237703524683544	0	0.0514838554298771	0.446527479589169	0.0017866875510096	0.446527479589169
GJ_5_10-1	Fibro-SFRP2	0.316679248420521	0.511960842226997	0.0037101553498326	0.144176514584938	0	0.00463532098237096	0	0	0.0188379184353401	0	0.511960842226997
GJ_5_10-2	SM	0.209737852966826	0.0353974847372283	0.0198635774373857	0.0184669948400491	0	0.00821873003316331	0	0.0260318344063574	0.682283525578991	0	0.682283525578991
GJ_5_10-3	SM	0.0492184176794148	0.0170729928107571	0	0	0.197410524803602	0	0	0.0171612920792385	0.719136772626988	0	0.719136772626988
GJ_5_10-4	Fibro-SFRP2	0.184608568069451	0.606445374043478	0	0.133298835749984	0	0.0756472221370875	0	0	0	0	0.606445374043478
GJ_5_10-5	Fibro-SFRP2	0.3212274517614	0.444663330600349	0.0569875633008198	0.0242834189550189	0	0.152838235382413	0	0	0	0	0.444663330600349
GJ_5_10-6	Fibro-SFRP2	0.085152735688588	0.817251924401292	0	0.0418336895472685	0	0.0557616503628521	0	0	0	0	0.817251924401292
GJ_5_10-7	Fibro-SCN7A	0.807652760716313	0.0345067540142334	0.0171089615704687	0.0894036778637498	0	0	0	0.0445910123625245	0.00673683347271085	0	0.807652760716313
GJ_5_10-8	Endo	0.037482410820158	0.0209292266597443	0	0	0	0	0.929709307927518	0.0118790545925802	0	0	0.929709307927518
GJ_5_11-1	Fibro-SFRP2	0.119667338789131	0.465288409313871	0.00601610279201941	0.0410860105369812	0.102096764351165	0.191066336765962	0	0.0618823218604056	0.0128967155904645	0	0.465288409313871
GJ_5_11-3	Immune	0.106443295004642	0.0463162719519652	0.0839725396986853	0.0211259549554699	0	0.00360893343869073	0	0.625656935456446	0.1128760694941	0	0.625656935456446
GJ_5_11-5	SM	0.0691965761539215	0.0341396299811927	0	0.0403849520142385	0.0127347665583057	0.00813839238336579	0	0.00190592213320652	0.833499760775769	0	0.833499760775769
GJ_5_11-8	Immune	0.222493814480418	0.0745156556632234	0	0.1441030708566	0	0.0103867418230433	0	0.532493324099649	0.0160073930770664	0	0.532493324099649
GJ_5_12-1	SM	0.0346509345949986	0.0141919888740597	0	0.00391302372298817	0.0362774970006331	0	0	0	0.884422697433215	0.0265438583741059	0.884422697433215
GJ_5_12-2	SM	0.018140712148269	0.0231985222121163	0	0	0.281944443155588	0	0	0.0457271407840728	0.630989181699954	0	0.630989181699954
GJ_5_12-3	SM	0.0585124925424623	0.00950860651342224	0	0	0.317145502181449	0	0	0.132574521891657	0.482258876871009	0	0.482258876871009
GJ_5_12-4	Immune	0.01036852724814	0	0	0	0	0	0	0.98963147275186	0	0	0.98963147275186
GJ_5_12-6	Endo	0.0119549001632132	0.00547728588870641	0	0	0	0	0.979027807648055	0.000141519086435899	0.000155670013341046	0.0032428172002483	0.979027807648055
GJ_5_12-7	SM	0.17103761670392	0.000704329680797863	0	0.0280353659881962	0	0.00701886831805628	0	0	0.765441180040007	0.027762639269022	0.765441180040007
GJ_5_12-8	Fibro-SCN7A	0.790391386551967	0.0138273124159665	0.0577784469819125	0.0541302170671654	0.0102648671937177	0.0153190742384235	0	0.0582886955508476	0	0	0.790391386551967
