GM_mx96-1_01	252748	23	2	2	47639	2	1	2
GM_mx96-1_02	456263	12	0	3	35738	2	0	3
GM_mx96-1_03	5585	5	0	1	1445	5	0	1
GM_mx96-1_04	486874	3	0	9	52299	3	0	5
GM_mx96-1_05	55984	0	0	2	1750	0	0	2
GM_mx96-1_06	124124	1	0	3	11527	1	0	2
GM_mx96-1_07	978708	5	0	9	84980	3	0	5
GM_mx96-1_08	618170	1	1	0	59866	1	1	0
GM_mx96-1_09	812207	0	1	1	46713	0	1	1
GM_mx96-1_10	654343	0	0	18	55143	0	0	11
GM_mx96-1_11	825132	0	0	2	72751	0	0	2
GM_mx96-1_12	462544	1	0	7	45494	1	0	5
GM_mx96-1_13	842014	11	1	0	60249	1	1	0
GM_mx96-1_14	1160220	2	0	6	90597	2	0	5
GM_mx96-1_15	739179	0	6	10	70909	0	2	3
GM_mx96-1_16	1543242	0	1	4	142876	0	1	4
GM_mx96-1_17	1340859	0	0	10	110173	0	0	4
GM_mx96-1_18	1079985	1	0	2	59133	1	0	2
GM_mx96-1_19	1101378	4	0	34	80724	1	0	10
GM_mx96-1_20	393560	0	0	4	31252	0	0	3
GM_mx96-1_21	911784	4	2	8	63088	1	2	3
GM_mx96-1_22	926886	1	0	9	109645	1	0	7
GM_mx96-1_23	1039153	1	4	5	160727	1	2	4
GM_mx96-1_24	1620360	1	5	19	111836	1	4	4
GM_mx96-1_25	1295413	3	1	119	66328	1	1	5
GM_mx96-1_26	868959	1	0	16	75548	1	0	8
GM_mx96-1_27	1084426	0	0	7	62446	0	0	4
GM_mx96-1_28	25401	0	0	3	1074	0	0	3
GM_mx96-1_29	1078033	0	0	2	54490	0	0	2
GM_mx96-1_30	33964	0	0	1	800	0	0	1
GM_mx96-1_31	641181	0	47	31	39033	0	1	6
GM_mx96-1_32	80901	1	1	5	1824	1	1	4
GM_mx96-1_33	560321	0	3	11	48587	0	1	2
GM_mx96-1_34	1084500	2	1	2	88151	2	1	2
GM_mx96-1_35	810442	0	0	3	61378	0	0	2
GM_mx96-1_36	382015	1	0	5	37909	1	0	5
GM_mx96-1_37	873484	24	0	4	81643	3	0	3
GM_mx96-1_38	839510	2	0	9	93180	2	0	6
GM_mx96-1_39	67472	1	1	0	2872	1	1	0
GM_mx96-1_40	886070	37	0	3	59844	1	0	2
GM_mx96-1_41	1181394	0	0	59	119019	0	0	9
GM_mx96-1_42	494312	2	0	12	35027	1	0	4
GM_mx96-1_43	1068121	0	0	6	87476	0	0	4
GM_mx96-1_44	685940	0	0	1	38802	0	0	1
GM_mx96-1_45	496610	3	0	0	31283	1	0	0
GM_mx96-1_46	552343	0	0	92	51149	0	0	7
GM_mx96-1_47	223168	0	0	0	17577	0	0	0
GM_mx96-1_48	802512	2	0	19	46440	2	0	4
GM_mx96-1_49	905097	0	0	8	64258	0	0	7
GM_mx96-1_50	721444	0	0	6	38937	0	0	3
GM_mx96-1_51	802535	8	0	5	70297	3	0	3
GM_mx96-1_52	835223	2	0	8	62365	2	0	4
GM_mx96-1_53	597019	1	0	3	43579	1	0	2
GM_mx96-1_54	841839	1	2	1	51791	1	1	1
GM_mx96-1_55	601630	0	0	30	52773	0	0	5
GM_mx96-1_56	1574102	1	0	16	136643	1	0	5
GM_mx96-1_57	194280	2	0	2	27429	2	0	2
GM_mx96-1_58	1284929	0	0	6	134934	0	0	6
GM_mx96-1_59	417802	0	0	1	23504	0	0	1
GM_mx96-1_60	868405	0	0	11	39226	0	0	3
GM_mx96-1_61	378830	3	0	3	21512	3	0	3
GM_mx96-1_62	892345	0	0	1	57414	0	0	1
GM_mx96-1_63	837448	4	4	5	55211	3	3	4
GM_mx96-1_64	1650656	0	0	41	139464	0	0	8
GM_mx96-1_65	1337551	2	0	34	103100	1	0	7
GM_mx96-1_66	1408820	0	0	21	80523	0	0	7
GM_mx96-1_67	648303	17	1	25	63777	3	1	7
GM_mx96-1_68	827066	3	0	13	80640	1	0	2
GM_mx96-1_69	973998	0	1	11	123416	0	1	7
GM_mx96-1_70	1104429	0	0	6	112898	0	0	5
GM_mx96-1_71	1224474	1	0	5	155446	1	0	4
GM_mx96-1_72	1723928	0	1	52	127151	0	1	6
GM_mx96-1_73	1067164	0	0	8	55251	0	0	3
GM_mx96-1_74	1001408	11	2	48	70082	1	2	18
GM_mx96-1_75	1138654	3	2	10	77024	2	2	6
GM_mx96-1_76	774453	0	0	2	52563	0	0	1
GM_mx96-1_77	1092027	0	37	21	204508	0	4	7
GM_mx96-1_78	1072633	1	1	15	95144	1	1	10
GM_mx96-1_79	1274231	5	3	24	205776	5	3	8
GM_mx96-1_80	799057	0	0	10	76649	0	0	4
GM_mx96-1_81	353380	11	5	4	27230	3	1	3
GM_mx96-1_82	304693	2	1	13	83633	2	1	7
GM_mx96-1_83	666153	1	10	11	74183	1	1	7
GM_mx96-1_84	603148	1	0	3	43845	1	0	2
GM_mx96-1_85	558240	2	0	9	64286	2	0	2
GM_mx96-1_86	678083	0	0	15	69679	0	0	7
GM_mx96-1_87	1348676	5	1	6	95790	3	1	3
GM_mx96-1_88	47480	2	0	64	1308	2	0	1
GM_mx96-1_89	1812776	1	0	12	190024	1	0	10
GM_mx96-1_90	1098249	9	4	26	104030	5	3	3
GM_mx96-1_91	593096	1	0	6	48679	1	0	4
GM_mx96-1_92	924364	0	0	4	60523	0	0	2
GM_mx96-1_93	618981	0	0	5	109944	0	0	2
GM_mx96-1_94	883881	1	2	22	114806	1	1	4
GM_mx96-1_95	44440	10	0	0	1063	10	0	0
GM_mx96-1_96	924335	5	0	12	52789	5	0	2
