cluster	gene	size	boundary	avgExpr	cvExpr	avgCor	cvCor	protein_coding	lncRNA	sncRNA	pseudogene	Ig/TcR	tf
M8	MTND1P23	15	1:15	2165.27065223322	0.906425624000293	0.271440082709797	0.498479002137447	0.666666666666667	0	0.133333333333333	0.2	0	0
M8	MT-ND1	15	1:15	2165.27065223322	0.906425624000293	0.271440082709797	0.498479002137447	0.666666666666667	0	0.133333333333333	0.2	0	0
M8	MTRNR2L12	15	1:15	2165.27065223322	0.906425624000293	0.271440082709797	0.498479002137447	0.666666666666667	0	0.133333333333333	0.2	0	0
M8	MT-CO3	15	1:15	2165.27065223322	0.906425624000293	0.271440082709797	0.498479002137447	0.666666666666667	0	0.133333333333333	0.2	0	0
M8	MTCO1P12	15	1:15	2165.27065223322	0.906425624000293	0.271440082709797	0.498479002137447	0.666666666666667	0	0.133333333333333	0.2	0	0
M8	MT-CO1	15	1:15	2165.27065223322	0.906425624000293	0.271440082709797	0.498479002137447	0.666666666666667	0	0.133333333333333	0.2	0	0
M8	MT-CO2	15	1:15	2165.27065223322	0.906425624000293	0.271440082709797	0.498479002137447	0.666666666666667	0	0.133333333333333	0.2	0	0
M8	MTND2P28	15	1:15	2165.27065223322	0.906425624000293	0.271440082709797	0.498479002137447	0.666666666666667	0	0.133333333333333	0.2	0	0
M8	MT-ND2	15	1:15	2165.27065223322	0.906425624000293	0.271440082709797	0.498479002137447	0.666666666666667	0	0.133333333333333	0.2	0	0
M8	MT-CYB	15	1:15	2165.27065223322	0.906425624000293	0.271440082709797	0.498479002137447	0.666666666666667	0	0.133333333333333	0.2	0	0
M8	MT-ND4	15	1:15	2165.27065223322	0.906425624000293	0.271440082709797	0.498479002137447	0.666666666666667	0	0.133333333333333	0.2	0	0
M8	MT-ND5	15	1:15	2165.27065223322	0.906425624000293	0.271440082709797	0.498479002137447	0.666666666666667	0	0.133333333333333	0.2	0	0
M8	MT-ATP6	15	1:15	2165.27065223322	0.906425624000293	0.271440082709797	0.498479002137447	0.666666666666667	0	0.133333333333333	0.2	0	0
M8	MT-RNR1	15	1:15	2165.27065223322	0.906425624000293	0.271440082709797	0.498479002137447	0.666666666666667	0	0.133333333333333	0.2	0	0
M8	MT-RNR2	15	1:15	2165.27065223322	0.906425624000293	0.271440082709797	0.498479002137447	0.666666666666667	0	0.133333333333333	0.2	0	0
M23	CAV1	11	8787:8797	224.269496030754	1.69932396840804	0.149126880798317	0.413327651952445	1	0	0	0	0	0
M23	PLS3	11	8787:8797	224.269496030754	1.69932396840804	0.149126880798317	0.413327651952445	1	0	0	0	0	0
M23	NEXN	11	8787:8797	224.269496030754	1.69932396840804	0.149126880798317	0.413327651952445	1	0	0	0	0	0
M23	PARVA	11	8787:8797	224.269496030754	1.69932396840804	0.149126880798317	0.413327651952445	1	0	0	0	0	0
M23	TPM4	11	8787:8797	224.269496030754	1.69932396840804	0.149126880798317	0.413327651952445	1	0	0	0	0	0
M23	CD9	11	8787:8797	224.269496030754	1.69932396840804	0.149126880798317	0.413327651952445	1	0	0	0	0	0
M23	MYLK	11	8787:8797	224.269496030754	1.69932396840804	0.149126880798317	0.413327651952445	1	0	0	0	0	0
M23	ACTA2	11	8787:8797	224.269496030754	1.69932396840804	0.149126880798317	0.413327651952445	1	0	0	0	0	0
M23	VCL	11	8787:8797	224.269496030754	1.69932396840804	0.149126880798317	0.413327651952445	1	0	0	0	0	0
M23	SYTL2	11	8787:8797	224.269496030754	1.69932396840804	0.149126880798317	0.413327651952445	1	0	0	0	0	0
M23	TPM1	11	8787:8797	224.269496030754	1.69932396840804	0.149126880798317	0.413327651952445	1	0	0	0	0	0
M14	ROBO2	14	8798:8811	536.554436435759	2.57958345906351	0.158779260621946	0.388933818098386	1	0	0	0	0	0.0714285714285714
M14	FBLN1	14	8798:8811	536.554436435759	2.57958345906351	0.158779260621946	0.388933818098386	1	0	0	0	0	0.0714285714285714
M14	SH3BP4	14	8798:8811	536.554436435759	2.57958345906351	0.158779260621946	0.388933818098386	1	0	0	0	0	0.0714285714285714
M14	ABI3BP	14	8798:8811	536.554436435759	2.57958345906351	0.158779260621946	0.388933818098386	1	0	0	0	0	0.0714285714285714
M14	FN1	14	8798:8811	536.554436435759	2.57958345906351	0.158779260621946	0.388933818098386	1	0	0	0	0	0.0714285714285714
M14	VCAM1	14	8798:8811	536.554436435759	2.57958345906351	0.158779260621946	0.388933818098386	1	0	0	0	0	0.0714285714285714
M14	C1QTNF3	14	8798:8811	536.554436435759	2.57958345906351	0.158779260621946	0.388933818098386	1	0	0	0	0	0.0714285714285714
M14	FOXP2	14	8798:8811	536.554436435759	2.57958345906351	0.158779260621946	0.388933818098386	1	0	0	0	0	0.0714285714285714
M14	TMCC3	14	8798:8811	536.554436435759	2.57958345906351	0.158779260621946	0.388933818098386	1	0	0	0	0	0.0714285714285714
M14	WNT2B	14	8798:8811	536.554436435759	2.57958345906351	0.158779260621946	0.388933818098386	1	0	0	0	0	0.0714285714285714
M14	LRRC7	14	8798:8811	536.554436435759	2.57958345906351	0.158779260621946	0.388933818098386	1	0	0	0	0	0.0714285714285714
M14	CAPN6	14	8798:8811	536.554436435759	2.57958345906351	0.158779260621946	0.388933818098386	1	0	0	0	0	0.0714285714285714
M14	IGF1	14	8798:8811	536.554436435759	2.57958345906351	0.158779260621946	0.388933818098386	1	0	0	0	0	0.0714285714285714
M14	SLIT3	14	8798:8811	536.554436435759	2.57958345906351	0.158779260621946	0.388933818098386	1	0	0	0	0	0.0714285714285714
M38	RPL21P119	10	8812:8821	55.8596436932744	2.3115097937298	0.159510752061828	0.427548566937296	0.1	0	0	0.9	0	0
M38	RP11-613M5.2	10	8812:8821	55.8596436932744	2.3115097937298	0.159510752061828	0.427548566937296	0.1	0	0	0.9	0	0
M38	RP11-366M4.1	10	8812:8821	55.8596436932744	2.3115097937298	0.159510752061828	0.427548566937296	0.1	0	0	0.9	0	0
M38	RPL21P1	10	8812:8821	55.8596436932744	2.3115097937298	0.159510752061828	0.427548566937296	0.1	0	0	0.9	0	0
M38	RPL21	10	8812:8821	55.8596436932744	2.3115097937298	0.159510752061828	0.427548566937296	0.1	0	0	0.9	0	0
M38	RPL21P75	10	8812:8821	55.8596436932744	2.3115097937298	0.159510752061828	0.427548566937296	0.1	0	0	0.9	0	0
M38	RPL21P28	10	8812:8821	55.8596436932744	2.3115097937298	0.159510752061828	0.427548566937296	0.1	0	0	0.9	0	0
M38	RP11-734J24.1	10	8812:8821	55.8596436932744	2.3115097937298	0.159510752061828	0.427548566937296	0.1	0	0	0.9	0	0
M38	RP11-151F5.2	10	8812:8821	55.8596436932744	2.3115097937298	0.159510752061828	0.427548566937296	0.1	0	0	0.9	0	0
M38	RPL21P16	10	8812:8821	55.8596436932744	2.3115097937298	0.159510752061828	0.427548566937296	0.1	0	0	0.9	0	0
M9	RGL1	15	8822:8836	172.003675977479	2.26560297170721	0.138415574077717	0.458663814863684	1	0	0	0	0	0
M9	PPFIA2	15	8822:8836	172.003675977479	2.26560297170721	0.138415574077717	0.458663814863684	1	0	0	0	0	0
M9	TGFBI	15	8822:8836	172.003675977479	2.26560297170721	0.138415574077717	0.458663814863684	1	0	0	0	0	0
M9	GUCY1A3	15	8822:8836	172.003675977479	2.26560297170721	0.138415574077717	0.458663814863684	1	0	0	0	0	0
M9	ST6GALNAC5	15	8822:8836	172.003675977479	2.26560297170721	0.138415574077717	0.458663814863684	1	0	0	0	0	0
M9	GPC4	15	8822:8836	172.003675977479	2.26560297170721	0.138415574077717	0.458663814863684	1	0	0	0	0	0
M9	CSF1	15	8822:8836	172.003675977479	2.26560297170721	0.138415574077717	0.458663814863684	1	0	0	0	0	0
M9	ERRFI1	15	8822:8836	172.003675977479	2.26560297170721	0.138415574077717	0.458663814863684	1	0	0	0	0	0
M9	GUCY1B3	15	8822:8836	172.003675977479	2.26560297170721	0.138415574077717	0.458663814863684	1	0	0	0	0	0
M9	FSTL1	15	8822:8836	172.003675977479	2.26560297170721	0.138415574077717	0.458663814863684	1	0	0	0	0	0
M9	IGFBP7	15	8822:8836	172.003675977479	2.26560297170721	0.138415574077717	0.458663814863684	1	0	0	0	0	0
M9	LUM	15	8822:8836	172.003675977479	2.26560297170721	0.138415574077717	0.458663814863684	1	0	0	0	0	0
M9	FMOD	15	8822:8836	172.003675977479	2.26560297170721	0.138415574077717	0.458663814863684	1	0	0	0	0	0
M9	IGFBP5	15	8822:8836	172.003675977479	2.26560297170721	0.138415574077717	0.458663814863684	1	0	0	0	0	0
M9	DCN	15	8822:8836	172.003675977479	2.26560297170721	0.138415574077717	0.458663814863684	1	0	0	0	0	0
M24	BUD31	11	8837:8847	161.037776005209	1.59233858577004	0.143523552870759	0.310930921848329	0.818181818181818	0.181818181818182	0	0	0	0
M24	HEXIM1	11	8837:8847	161.037776005209	1.59233858577004	0.143523552870759	0.310930921848329	0.818181818181818	0.181818181818182	0	0	0	0
M24	SNHG1	11	8837:8847	161.037776005209	1.59233858577004	0.143523552870759	0.310930921848329	0.818181818181818	0.181818181818182	0	0	0	0
M24	FUS	11	8837:8847	161.037776005209	1.59233858577004	0.143523552870759	0.310930921848329	0.818181818181818	0.181818181818182	0	0	0	0
M24	MYLIP	11	8837:8847	161.037776005209	1.59233858577004	0.143523552870759	0.310930921848329	0.818181818181818	0.181818181818182	0	0	0	0
M24	BRD2	11	8837:8847	161.037776005209	1.59233858577004	0.143523552870759	0.310930921848329	0.818181818181818	0.181818181818182	0	0	0	0
M24	SLC38A2	11	8837:8847	161.037776005209	1.59233858577004	0.143523552870759	0.310930921848329	0.818181818181818	0.181818181818182	0	0	0	0
M24	NABP1	11	8837:8847	161.037776005209	1.59233858577004	0.143523552870759	0.310930921848329	0.818181818181818	0.181818181818182	0	0	0	0
M24	SNHG12	11	8837:8847	161.037776005209	1.59233858577004	0.143523552870759	0.310930921848329	0.818181818181818	0.181818181818182	0	0	0	0
M24	PCF11	11	8837:8847	161.037776005209	1.59233858577004	0.143523552870759	0.310930921848329	0.818181818181818	0.181818181818182	0	0	0	0
M24	INTS6	11	8837:8847	161.037776005209	1.59233858577004	0.143523552870759	0.310930921848329	0.818181818181818	0.181818181818182	0	0	0	0
M10	PPP1R15B	15	8848:8862	115.138620801514	1.86166108828503	0.0880115337003924	0.377352246822128	1	0	0	0	0	0.133333333333333
M10	KLHL15	15	8848:8862	115.138620801514	1.86166108828503	0.0880115337003924	0.377352246822128	1	0	0	0	0	0.133333333333333
M10	ID3	15	8848:8862	115.138620801514	1.86166108828503	0.0880115337003924	0.377352246822128	1	0	0	0	0	0.133333333333333
M10	CALM1	15	8848:8862	115.138620801514	1.86166108828503	0.0880115337003924	0.377352246822128	1	0	0	0	0	0.133333333333333
M10	BTG1	15	8848:8862	115.138620801514	1.86166108828503	0.0880115337003924	0.377352246822128	1	0	0	0	0	0.133333333333333
M10	HSPD1	15	8848:8862	115.138620801514	1.86166108828503	0.0880115337003924	0.377352246822128	1	0	0	0	0	0.133333333333333
M10	DCP1A	15	8848:8862	115.138620801514	1.86166108828503	0.0880115337003924	0.377352246822128	1	0	0	0	0	0.133333333333333
M10	SOX11	15	8848:8862	115.138620801514	1.86166108828503	0.0880115337003924	0.377352246822128	1	0	0	0	0	0.133333333333333
M10	GCC1	15	8848:8862	115.138620801514	1.86166108828503	0.0880115337003924	0.377352246822128	1	0	0	0	0	0.133333333333333
M10	PTP4A1	15	8848:8862	115.138620801514	1.86166108828503	0.0880115337003924	0.377352246822128	1	0	0	0	0	0.133333333333333
M10	SERTAD3	15	8848:8862	115.138620801514	1.86166108828503	0.0880115337003924	0.377352246822128	1	0	0	0	0	0.133333333333333
M10	TIPARP	15	8848:8862	115.138620801514	1.86166108828503	0.0880115337003924	0.377352246822128	1	0	0	0	0	0.133333333333333
M10	PHLDA1	15	8848:8862	115.138620801514	1.86166108828503	0.0880115337003924	0.377352246822128	1	0	0	0	0	0.133333333333333
M10	SPTY2D1	15	8848:8862	115.138620801514	1.86166108828503	0.0880115337003924	0.377352246822128	1	0	0	0	0	0.133333333333333
M10	NXF1	15	8848:8862	115.138620801514	1.86166108828503	0.0880115337003924	0.377352246822128	1	0	0	0	0	0.133333333333333
M4	NEU1	18	8863:8880	553.111842219271	1.80884799185283	0.127977436347867	0.332626822700521	1	0	0	0	0	0.166666666666667
M4	CHORDC1	18	8863:8880	553.111842219271	1.80884799185283	0.127977436347867	0.332626822700521	1	0	0	0	0	0.166666666666667
M4	HSP90AB1	18	8863:8880	553.111842219271	1.80884799185283	0.127977436347867	0.332626822700521	1	0	0	0	0	0.166666666666667
M4	CDKN1A	18	8863:8880	553.111842219271	1.80884799185283	0.127977436347867	0.332626822700521	1	0	0	0	0	0.166666666666667
M4	PNRC1	18	8863:8880	553.111842219271	1.80884799185283	0.127977436347867	0.332626822700521	1	0	0	0	0	0.166666666666667
M4	HERPUD1	18	8863:8880	553.111842219271	1.80884799185283	0.127977436347867	0.332626822700521	1	0	0	0	0	0.166666666666667
M4	HSPH1	18	8863:8880	553.111842219271	1.80884799185283	0.127977436347867	0.332626822700521	1	0	0	0	0	0.166666666666667
M4	EIF5	18	8863:8880	553.111842219271	1.80884799185283	0.127977436347867	0.332626822700521	1	0	0	0	0	0.166666666666667
M4	SERTAD1	18	8863:8880	553.111842219271	1.80884799185283	0.127977436347867	0.332626822700521	1	0	0	0	0	0.166666666666667
M4	SAP18	18	8863:8880	553.111842219271	1.80884799185283	0.127977436347867	0.332626822700521	1	0	0	0	0	0.166666666666667
M4	EIF4A2	18	8863:8880	553.111842219271	1.80884799185283	0.127977436347867	0.332626822700521	1	0	0	0	0	0.166666666666667
M4	RGS2	18	8863:8880	553.111842219271	1.80884799185283	0.127977436347867	0.332626822700521	1	0	0	0	0	0.166666666666667
M4	SRSF3	18	8863:8880	553.111842219271	1.80884799185283	0.127977436347867	0.332626822700521	1	0	0	0	0	0.166666666666667
M4	ATF3	18	8863:8880	553.111842219271	1.80884799185283	0.127977436347867	0.332626822700521	1	0	0	0	0	0.166666666666667
M4	TSC22D1	18	8863:8880	553.111842219271	1.80884799185283	0.127977436347867	0.332626822700521	1	0	0	0	0	0.166666666666667
M4	EGR2	18	8863:8880	553.111842219271	1.80884799185283	0.127977436347867	0.332626822700521	1	0	0	0	0	0.166666666666667
M4	ARL4D	18	8863:8880	553.111842219271	1.80884799185283	0.127977436347867	0.332626822700521	1	0	0	0	0	0.166666666666667
M4	MORF4L2	18	8863:8880	553.111842219271	1.80884799185283	0.127977436347867	0.332626822700521	1	0	0	0	0	0.166666666666667
M6	IER2	16	8881:8896	1183.85973260541	1.54013781315579	0.356445316063511	0.410604430943458	1	0	0	0	0	0.4375
M6	JUN	16	8881:8896	1183.85973260541	1.54013781315579	0.356445316063511	0.410604430943458	1	0	0	0	0	0.4375
M6	KLF4	16	8881:8896	1183.85973260541	1.54013781315579	0.356445316063511	0.410604430943458	1	0	0	0	0	0.4375
M6	FOS	16	8881:8896	1183.85973260541	1.54013781315579	0.356445316063511	0.410604430943458	1	0	0	0	0	0.4375
M6	SLC2A3	16	8881:8896	1183.85973260541	1.54013781315579	0.356445316063511	0.410604430943458	1	0	0	0	0	0.4375
M6	HLA-E	16	8881:8896	1183.85973260541	1.54013781315579	0.356445316063511	0.410604430943458	1	0	0	0	0	0.4375
M6	ZFP36	16	8881:8896	1183.85973260541	1.54013781315579	0.356445316063511	0.410604430943458	1	0	0	0	0	0.4375
M6	FOSB	16	8881:8896	1183.85973260541	1.54013781315579	0.356445316063511	0.410604430943458	1	0	0	0	0	0.4375
M6	MAFF	16	8881:8896	1183.85973260541	1.54013781315579	0.356445316063511	0.410604430943458	1	0	0	0	0	0.4375
M6	CYR61	16	8881:8896	1183.85973260541	1.54013781315579	0.356445316063511	0.410604430943458	1	0	0	0	0	0.4375
M6	MCL1	16	8881:8896	1183.85973260541	1.54013781315579	0.356445316063511	0.410604430943458	1	0	0	0	0	0.4375
M6	UBB	16	8881:8896	1183.85973260541	1.54013781315579	0.356445316063511	0.410604430943458	1	0	0	0	0	0.4375
M6	ATF4	16	8881:8896	1183.85973260541	1.54013781315579	0.356445316063511	0.410604430943458	1	0	0	0	0	0.4375
M6	TUBA1A	16	8881:8896	1183.85973260541	1.54013781315579	0.356445316063511	0.410604430943458	1	0	0	0	0	0.4375
M6	EGR1	16	8881:8896	1183.85973260541	1.54013781315579	0.356445316063511	0.410604430943458	1	0	0	0	0	0.4375
M6	SOCS3	16	8881:8896	1183.85973260541	1.54013781315579	0.356445316063511	0.410604430943458	1	0	0	0	0	0.4375
M11	HSPA1B	15	8897:8911	342.743053095247	1.87061747434546	0.237078283940356	0.360470398960495	0.866666666666667	0.0666666666666667	0	0.0666666666666667	0	0.2
M11	HSPA1A	15	8897:8911	342.743053095247	1.87061747434546	0.237078283940356	0.360470398960495	0.866666666666667	0.0666666666666667	0	0.0666666666666667	0	0.2
M11	DUSP1	15	8897:8911	342.743053095247	1.87061747434546	0.237078283940356	0.360470398960495	0.866666666666667	0.0666666666666667	0	0.0666666666666667	0	0.2
M11	UBC	15	8897:8911	342.743053095247	1.87061747434546	0.237078283940356	0.360470398960495	0.866666666666667	0.0666666666666667	0	0.0666666666666667	0	0.2
M11	RHOB	15	8897:8911	342.743053095247	1.87061747434546	0.237078283940356	0.360470398960495	0.866666666666667	0.0666666666666667	0	0.0666666666666667	0	0.2
M11	HSP90AA1	15	8897:8911	342.743053095247	1.87061747434546	0.237078283940356	0.360470398960495	0.866666666666667	0.0666666666666667	0	0.0666666666666667	0	0.2
M11	JUND	15	8897:8911	342.743053095247	1.87061747434546	0.237078283940356	0.360470398960495	0.866666666666667	0.0666666666666667	0	0.0666666666666667	0	0.2
M11	GADD45A	15	8897:8911	342.743053095247	1.87061747434546	0.237078283940356	0.360470398960495	0.866666666666667	0.0666666666666667	0	0.0666666666666667	0	0.2
M11	DNAJB1	15	8897:8911	342.743053095247	1.87061747434546	0.237078283940356	0.360470398960495	0.866666666666667	0.0666666666666667	0	0.0666666666666667	0	0.2
M11	CTD-3252C9.4	15	8897:8911	342.743053095247	1.87061747434546	0.237078283940356	0.360470398960495	0.866666666666667	0.0666666666666667	0	0.0666666666666667	0	0.2
M11	HSP90AA2P	15	8897:8911	342.743053095247	1.87061747434546	0.237078283940356	0.360470398960495	0.866666666666667	0.0666666666666667	0	0.0666666666666667	0	0.2
M11	CSRNP1	15	8897:8911	342.743053095247	1.87061747434546	0.237078283940356	0.360470398960495	0.866666666666667	0.0666666666666667	0	0.0666666666666667	0	0.2
M11	KLF10	15	8897:8911	342.743053095247	1.87061747434546	0.237078283940356	0.360470398960495	0.866666666666667	0.0666666666666667	0	0.0666666666666667	0	0.2
M11	HSPE1	15	8897:8911	342.743053095247	1.87061747434546	0.237078283940356	0.360470398960495	0.866666666666667	0.0666666666666667	0	0.0666666666666667	0	0.2
M11	DNAJB4	15	8897:8911	342.743053095247	1.87061747434546	0.237078283940356	0.360470398960495	0.866666666666667	0.0666666666666667	0	0.0666666666666667	0	0.2
M1	UBE2S	37	8912:8948	159.766442793445	2.132570458269	0.158693695518467	0.405510824651993	0.945945945945946	0.027027027027027	0	0.027027027027027	0	0.162162162162162
M1	TRA2B	37	8912:8948	159.766442793445	2.132570458269	0.158693695518467	0.405510824651993	0.945945945945946	0.027027027027027	0	0.027027027027027	0	0.162162162162162
M1	ID2	37	8912:8948	159.766442793445	2.132570458269	0.158693695518467	0.405510824651993	0.945945945945946	0.027027027027027	0	0.027027027027027	0	0.162162162162162
M1	DDX5	37	8912:8948	159.766442793445	2.132570458269	0.158693695518467	0.405510824651993	0.945945945945946	0.027027027027027	0	0.027027027027027	0	0.162162162162162
M1	KLF2	37	8912:8948	159.766442793445	2.132570458269	0.158693695518467	0.405510824651993	0.945945945945946	0.027027027027027	0	0.027027027027027	0	0.162162162162162
M1	TUBB4B	37	8912:8948	159.766442793445	2.132570458269	0.158693695518467	0.405510824651993	0.945945945945946	0.027027027027027	0	0.027027027027027	0	0.162162162162162
M1	SRSF7	37	8912:8948	159.766442793445	2.132570458269	0.158693695518467	0.405510824651993	0.945945945945946	0.027027027027027	0	0.027027027027027	0	0.162162162162162
M1	EIF4A3	37	8912:8948	159.766442793445	2.132570458269	0.158693695518467	0.405510824651993	0.945945945945946	0.027027027027027	0	0.027027027027027	0	0.162162162162162
M1	PPP1R15A	37	8912:8948	159.766442793445	2.132570458269	0.158693695518467	0.405510824651993	0.945945945945946	0.027027027027027	0	0.027027027027027	0	0.162162162162162
M1	DDX3X	37	8912:8948	159.766442793445	2.132570458269	0.158693695518467	0.405510824651993	0.945945945945946	0.027027027027027	0	0.027027027027027	0	0.162162162162162
M1	RASD1	37	8912:8948	159.766442793445	2.132570458269	0.158693695518467	0.405510824651993	0.945945945945946	0.027027027027027	0	0.027027027027027	0	0.162162162162162
M1	BTG2	37	8912:8948	159.766442793445	2.132570458269	0.158693695518467	0.405510824651993	0.945945945945946	0.027027027027027	0	0.027027027027027	0	0.162162162162162
M1	DNAJA1	37	8912:8948	159.766442793445	2.132570458269	0.158693695518467	0.405510824651993	0.945945945945946	0.027027027027027	0	0.027027027027027	0	0.162162162162162
M1	EIF1	37	8912:8948	159.766442793445	2.132570458269	0.158693695518467	0.405510824651993	0.945945945945946	0.027027027027027	0	0.027027027027027	0	0.162162162162162
M1	SNAI1	37	8912:8948	159.766442793445	2.132570458269	0.158693695518467	0.405510824651993	0.945945945945946	0.027027027027027	0	0.027027027027027	0	0.162162162162162
M1	FTLP2	37	8912:8948	159.766442793445	2.132570458269	0.158693695518467	0.405510824651993	0.945945945945946	0.027027027027027	0	0.027027027027027	0	0.162162162162162
M1	EGR3	37	8912:8948	159.766442793445	2.132570458269	0.158693695518467	0.405510824651993	0.945945945945946	0.027027027027027	0	0.027027027027027	0	0.162162162162162
M1	FTL	37	8912:8948	159.766442793445	2.132570458269	0.158693695518467	0.405510824651993	0.945945945945946	0.027027027027027	0	0.027027027027027	0	0.162162162162162
M1	ZFAND5	37	8912:8948	159.766442793445	2.132570458269	0.158693695518467	0.405510824651993	0.945945945945946	0.027027027027027	0	0.027027027027027	0	0.162162162162162
M1	MZF1-AS1	37	8912:8948	159.766442793445	2.132570458269	0.158693695518467	0.405510824651993	0.945945945945946	0.027027027027027	0	0.027027027027027	0	0.162162162162162
M1	DUSP5	37	8912:8948	159.766442793445	2.132570458269	0.158693695518467	0.405510824651993	0.945945945945946	0.027027027027027	0	0.027027027027027	0	0.162162162162162
M1	GADD45B	37	8912:8948	159.766442793445	2.132570458269	0.158693695518467	0.405510824651993	0.945945945945946	0.027027027027027	0	0.027027027027027	0	0.162162162162162
M1	H2AFZ	37	8912:8948	159.766442793445	2.132570458269	0.158693695518467	0.405510824651993	0.945945945945946	0.027027027027027	0	0.027027027027027	0	0.162162162162162
M1	IFRD1	37	8912:8948	159.766442793445	2.132570458269	0.158693695518467	0.405510824651993	0.945945945945946	0.027027027027027	0	0.027027027027027	0	0.162162162162162
M1	CCNL1	37	8912:8948	159.766442793445	2.132570458269	0.158693695518467	0.405510824651993	0.945945945945946	0.027027027027027	0	0.027027027027027	0	0.162162162162162
M1	JUNB	37	8912:8948	159.766442793445	2.132570458269	0.158693695518467	0.405510824651993	0.945945945945946	0.027027027027027	0	0.027027027027027	0	0.162162162162162
M1	ADM	37	8912:8948	159.766442793445	2.132570458269	0.158693695518467	0.405510824651993	0.945945945945946	0.027027027027027	0	0.027027027027027	0	0.162162162162162
M1	NFKBIA	37	8912:8948	159.766442793445	2.132570458269	0.158693695518467	0.405510824651993	0.945945945945946	0.027027027027027	0	0.027027027027027	0	0.162162162162162
M1	IER3	37	8912:8948	159.766442793445	2.132570458269	0.158693695518467	0.405510824651993	0.945945945945946	0.027027027027027	0	0.027027027027027	0	0.162162162162162
M1	PLK2	37	8912:8948	159.766442793445	2.132570458269	0.158693695518467	0.405510824651993	0.945945945945946	0.027027027027027	0	0.027027027027027	0	0.162162162162162
M1	ING1	37	8912:8948	159.766442793445	2.132570458269	0.158693695518467	0.405510824651993	0.945945945945946	0.027027027027027	0	0.027027027027027	0	0.162162162162162
M1	IER5	37	8912:8948	159.766442793445	2.132570458269	0.158693695518467	0.405510824651993	0.945945945945946	0.027027027027027	0	0.027027027027027	0	0.162162162162162
M1	ZNF844	37	8912:8948	159.766442793445	2.132570458269	0.158693695518467	0.405510824651993	0.945945945945946	0.027027027027027	0	0.027027027027027	0	0.162162162162162
M1	CKS2	37	8912:8948	159.766442793445	2.132570458269	0.158693695518467	0.405510824651993	0.945945945945946	0.027027027027027	0	0.027027027027027	0	0.162162162162162
M1	NFKBIZ	37	8912:8948	159.766442793445	2.132570458269	0.158693695518467	0.405510824651993	0.945945945945946	0.027027027027027	0	0.027027027027027	0	0.162162162162162
M1	TOB1	37	8912:8948	159.766442793445	2.132570458269	0.158693695518467	0.405510824651993	0.945945945945946	0.027027027027027	0	0.027027027027027	0	0.162162162162162
M1	BAG3	37	8912:8948	159.766442793445	2.132570458269	0.158693695518467	0.405510824651993	0.945945945945946	0.027027027027027	0	0.027027027027027	0	0.162162162162162
M39	EIF2B5	10	8949:8958	264.260129334224	1.45162233816251	0.0794457674680516	0.431667608241383	0.9	0.1	0	0	0	0.1
M39	TCP1	10	8949:8958	264.260129334224	1.45162233816251	0.0794457674680516	0.431667608241383	0.9	0.1	0	0	0	0.1
M39	RPS9	10	8949:8958	264.260129334224	1.45162233816251	0.0794457674680516	0.431667608241383	0.9	0.1	0	0	0	0.1
M39	SSU72	10	8949:8958	264.260129334224	1.45162233816251	0.0794457674680516	0.431667608241383	0.9	0.1	0	0	0	0.1
M39	SNHG15	10	8949:8958	264.260129334224	1.45162233816251	0.0794457674680516	0.431667608241383	0.9	0.1	0	0	0	0.1
M39	ODC1	10	8949:8958	264.260129334224	1.45162233816251	0.0794457674680516	0.431667608241383	0.9	0.1	0	0	0	0.1
M39	MRFAP1	10	8949:8958	264.260129334224	1.45162233816251	0.0794457674680516	0.431667608241383	0.9	0.1	0	0	0	0.1
M39	HNRNPD	10	8949:8958	264.260129334224	1.45162233816251	0.0794457674680516	0.431667608241383	0.9	0.1	0	0	0	0.1
M39	MSANTD4	10	8949:8958	264.260129334224	1.45162233816251	0.0794457674680516	0.431667608241383	0.9	0.1	0	0	0	0.1
M39	ZNF362	10	8949:8958	264.260129334224	1.45162233816251	0.0794457674680516	0.431667608241383	0.9	0.1	0	0	0	0.1
M25	RBL1	11	8959:8969	41.04491606941	2.85448758208123	0.134602179650962	0.402169572748403	1	0	0	0	0	0.0909090909090909
M25	GINS2	11	8959:8969	41.04491606941	2.85448758208123	0.134602179650962	0.402169572748403	1	0	0	0	0	0.0909090909090909
M25	SMC2	11	8959:8969	41.04491606941	2.85448758208123	0.134602179650962	0.402169572748403	1	0	0	0	0	0.0909090909090909
M25	E2F3	11	8959:8969	41.04491606941	2.85448758208123	0.134602179650962	0.402169572748403	1	0	0	0	0	0.0909090909090909
M25	MCM6	11	8959:8969	41.04491606941	2.85448758208123	0.134602179650962	0.402169572748403	1	0	0	0	0	0.0909090909090909
M25	CDCA7	11	8959:8969	41.04491606941	2.85448758208123	0.134602179650962	0.402169572748403	1	0	0	0	0	0.0909090909090909
M25	HELLS	11	8959:8969	41.04491606941	2.85448758208123	0.134602179650962	0.402169572748403	1	0	0	0	0	0.0909090909090909
M25	MCM5	11	8959:8969	41.04491606941	2.85448758208123	0.134602179650962	0.402169572748403	1	0	0	0	0	0.0909090909090909
M25	MCM4	11	8959:8969	41.04491606941	2.85448758208123	0.134602179650962	0.402169572748403	1	0	0	0	0	0.0909090909090909
M25	TIMELESS	11	8959:8969	41.04491606941	2.85448758208123	0.134602179650962	0.402169572748403	1	0	0	0	0	0.0909090909090909
M25	MCM2	11	8959:8969	41.04491606941	2.85448758208123	0.134602179650962	0.402169572748403	1	0	0	0	0	0.0909090909090909
M17	DPP4	13	8970:8982	120.302105697378	1.94110114005819	0.120278416049871	0.386295299733217	1	0	0	0	0	0.0769230769230769
M17	MAF	13	8970:8982	120.302105697378	1.94110114005819	0.120278416049871	0.386295299733217	1	0	0	0	0	0.0769230769230769
M17	PRSS12	13	8970:8982	120.302105697378	1.94110114005819	0.120278416049871	0.386295299733217	1	0	0	0	0	0.0769230769230769
M17	OSBPL10	13	8970:8982	120.302105697378	1.94110114005819	0.120278416049871	0.386295299733217	1	0	0	0	0	0.0769230769230769
M17	CTGF	13	8970:8982	120.302105697378	1.94110114005819	0.120278416049871	0.386295299733217	1	0	0	0	0	0.0769230769230769
M17	SVEP1	13	8970:8982	120.302105697378	1.94110114005819	0.120278416049871	0.386295299733217	1	0	0	0	0	0.0769230769230769
M17	RFTN1	13	8970:8982	120.302105697378	1.94110114005819	0.120278416049871	0.386295299733217	1	0	0	0	0	0.0769230769230769
M17	THBS1	13	8970:8982	120.302105697378	1.94110114005819	0.120278416049871	0.386295299733217	1	0	0	0	0	0.0769230769230769
M17	NCKAP5	13	8970:8982	120.302105697378	1.94110114005819	0.120278416049871	0.386295299733217	1	0	0	0	0	0.0769230769230769
M17	COL6A3	13	8970:8982	120.302105697378	1.94110114005819	0.120278416049871	0.386295299733217	1	0	0	0	0	0.0769230769230769
M17	GALNT10	13	8970:8982	120.302105697378	1.94110114005819	0.120278416049871	0.386295299733217	1	0	0	0	0	0.0769230769230769
M17	FBLN5	13	8970:8982	120.302105697378	1.94110114005819	0.120278416049871	0.386295299733217	1	0	0	0	0	0.0769230769230769
M17	FLNB	13	8970:8982	120.302105697378	1.94110114005819	0.120278416049871	0.386295299733217	1	0	0	0	0	0.0769230769230769
M2	YIPF3	19	8983:9001	302.621688348849	2.11953849719358	0.099924742097848	0.573205816713605	0.842105263157895	0.0526315789473684	0	0	0.105263157894737	0.105263157894737
M2	CNPPD1	19	8983:9001	302.621688348849	2.11953849719358	0.099924742097848	0.573205816713605	0.842105263157895	0.0526315789473684	0	0	0.105263157894737	0.105263157894737
M2	PLEK	19	8983:9001	302.621688348849	2.11953849719358	0.099924742097848	0.573205816713605	0.842105263157895	0.0526315789473684	0	0	0.105263157894737	0.105263157894737
M2	PPM1G	19	8983:9001	302.621688348849	2.11953849719358	0.099924742097848	0.573205816713605	0.842105263157895	0.0526315789473684	0	0	0.105263157894737	0.105263157894737
M2	IGHM	19	8983:9001	302.621688348849	2.11953849719358	0.099924742097848	0.573205816713605	0.842105263157895	0.0526315789473684	0	0	0.105263157894737	0.105263157894737
M2	PCED1B-AS1	19	8983:9001	302.621688348849	2.11953849719358	0.099924742097848	0.573205816713605	0.842105263157895	0.0526315789473684	0	0	0.105263157894737	0.105263157894737
M2	EIF3B	19	8983:9001	302.621688348849	2.11953849719358	0.099924742097848	0.573205816713605	0.842105263157895	0.0526315789473684	0	0	0.105263157894737	0.105263157894737
M2	IGLC2	19	8983:9001	302.621688348849	2.11953849719358	0.099924742097848	0.573205816713605	0.842105263157895	0.0526315789473684	0	0	0.105263157894737	0.105263157894737
M2	CALM3	19	8983:9001	302.621688348849	2.11953849719358	0.099924742097848	0.573205816713605	0.842105263157895	0.0526315789473684	0	0	0.105263157894737	0.105263157894737
M2	CSDE1	19	8983:9001	302.621688348849	2.11953849719358	0.099924742097848	0.573205816713605	0.842105263157895	0.0526315789473684	0	0	0.105263157894737	0.105263157894737
M2	RPF2	19	8983:9001	302.621688348849	2.11953849719358	0.099924742097848	0.573205816713605	0.842105263157895	0.0526315789473684	0	0	0.105263157894737	0.105263157894737
M2	PSMA4	19	8983:9001	302.621688348849	2.11953849719358	0.099924742097848	0.573205816713605	0.842105263157895	0.0526315789473684	0	0	0.105263157894737	0.105263157894737
M2	NCF2	19	8983:9001	302.621688348849	2.11953849719358	0.099924742097848	0.573205816713605	0.842105263157895	0.0526315789473684	0	0	0.105263157894737	0.105263157894737
M2	ITGAL	19	8983:9001	302.621688348849	2.11953849719358	0.099924742097848	0.573205816713605	0.842105263157895	0.0526315789473684	0	0	0.105263157894737	0.105263157894737
M2	PDHA1	19	8983:9001	302.621688348849	2.11953849719358	0.099924742097848	0.573205816713605	0.842105263157895	0.0526315789473684	0	0	0.105263157894737	0.105263157894737
M2	ATIC	19	8983:9001	302.621688348849	2.11953849719358	0.099924742097848	0.573205816713605	0.842105263157895	0.0526315789473684	0	0	0.105263157894737	0.105263157894737
M2	BIRC5	19	8983:9001	302.621688348849	2.11953849719358	0.099924742097848	0.573205816713605	0.842105263157895	0.0526315789473684	0	0	0.105263157894737	0.105263157894737
M2	HLA-DPB1	19	8983:9001	302.621688348849	2.11953849719358	0.099924742097848	0.573205816713605	0.842105263157895	0.0526315789473684	0	0	0.105263157894737	0.105263157894737
M2	KPNB1	19	8983:9001	302.621688348849	2.11953849719358	0.099924742097848	0.573205816713605	0.842105263157895	0.0526315789473684	0	0	0.105263157894737	0.105263157894737
M40	HNRNPDL	10	9002:9011	572.503596936984	1.95735707041818	0.0683729555033543	0.56051367726278	0.9	0.1	0	0	0	0
M40	CDK5RAP3	10	9002:9011	572.503596936984	1.95735707041818	0.0683729555033543	0.56051367726278	0.9	0.1	0	0	0	0
M40	HNRNPA2B1	10	9002:9011	572.503596936984	1.95735707041818	0.0683729555033543	0.56051367726278	0.9	0.1	0	0	0	0
M40	IFT27	10	9002:9011	572.503596936984	1.95735707041818	0.0683729555033543	0.56051367726278	0.9	0.1	0	0	0	0
M40	STRIP1	10	9002:9011	572.503596936984	1.95735707041818	0.0683729555033543	0.56051367726278	0.9	0.1	0	0	0	0
M40	KIAA1644	10	9002:9011	572.503596936984	1.95735707041818	0.0683729555033543	0.56051367726278	0.9	0.1	0	0	0	0
M40	SWI5	10	9002:9011	572.503596936984	1.95735707041818	0.0683729555033543	0.56051367726278	0.9	0.1	0	0	0	0
M40	RBM5	10	9002:9011	572.503596936984	1.95735707041818	0.0683729555033543	0.56051367726278	0.9	0.1	0	0	0	0
M40	CTA-414D7.1	10	9002:9011	572.503596936984	1.95735707041818	0.0683729555033543	0.56051367726278	0.9	0.1	0	0	0	0
M40	SGSM2	10	9002:9011	572.503596936984	1.95735707041818	0.0683729555033543	0.56051367726278	0.9	0.1	0	0	0	0
M15	SAT1	14	9012:9025	774.922949125366	1.80668966432655	0.106808645972279	0.651126354968666	0.857142857142857	0.0714285714285714	0	0.0714285714285714	0	0
M15	MYL6	14	9012:9025	774.922949125366	1.80668966432655	0.106808645972279	0.651126354968666	0.857142857142857	0.0714285714285714	0	0.0714285714285714	0	0
M15	NEDD8	14	9012:9025	774.922949125366	1.80668966432655	0.106808645972279	0.651126354968666	0.857142857142857	0.0714285714285714	0	0.0714285714285714	0	0
M15	TANGO2	14	9012:9025	774.922949125366	1.80668966432655	0.106808645972279	0.651126354968666	0.857142857142857	0.0714285714285714	0	0.0714285714285714	0	0
M15	MAP4	14	9012:9025	774.922949125366	1.80668966432655	0.106808645972279	0.651126354968666	0.857142857142857	0.0714285714285714	0	0.0714285714285714	0	0
M15	SF3B2	14	9012:9025	774.922949125366	1.80668966432655	0.106808645972279	0.651126354968666	0.857142857142857	0.0714285714285714	0	0.0714285714285714	0	0
M15	AC006547.15	14	9012:9025	774.922949125366	1.80668966432655	0.106808645972279	0.651126354968666	0.857142857142857	0.0714285714285714	0	0.0714285714285714	0	0
M15	CLK1	14	9012:9025	774.922949125366	1.80668966432655	0.106808645972279	0.651126354968666	0.857142857142857	0.0714285714285714	0	0.0714285714285714	0	0
M15	ALOX12P2	14	9012:9025	774.922949125366	1.80668966432655	0.106808645972279	0.651126354968666	0.857142857142857	0.0714285714285714	0	0.0714285714285714	0	0
M15	ILF2	14	9012:9025	774.922949125366	1.80668966432655	0.106808645972279	0.651126354968666	0.857142857142857	0.0714285714285714	0	0.0714285714285714	0	0
M15	MOB1B	14	9012:9025	774.922949125366	1.80668966432655	0.106808645972279	0.651126354968666	0.857142857142857	0.0714285714285714	0	0.0714285714285714	0	0
M15	BAP1	14	9012:9025	774.922949125366	1.80668966432655	0.106808645972279	0.651126354968666	0.857142857142857	0.0714285714285714	0	0.0714285714285714	0	0
M15	TMSB10	14	9012:9025	774.922949125366	1.80668966432655	0.106808645972279	0.651126354968666	0.857142857142857	0.0714285714285714	0	0.0714285714285714	0	0
M15	POMGNT1	14	9012:9025	774.922949125366	1.80668966432655	0.106808645972279	0.651126354968666	0.857142857142857	0.0714285714285714	0	0.0714285714285714	0	0
M5	MCRS1	17	9026:9042	666.052547304901	1.20002510676309	0.117863115171874	0.379931823596348	1	0	0	0	0	0.0588235294117647
M5	STARD7	17	9026:9042	666.052547304901	1.20002510676309	0.117863115171874	0.379931823596348	1	0	0	0	0	0.0588235294117647
M5	SSRP1	17	9026:9042	666.052547304901	1.20002510676309	0.117863115171874	0.379931823596348	1	0	0	0	0	0.0588235294117647
M5	C1R	17	9026:9042	666.052547304901	1.20002510676309	0.117863115171874	0.379931823596348	1	0	0	0	0	0.0588235294117647
M5	RBP1	17	9026:9042	666.052547304901	1.20002510676309	0.117863115171874	0.379931823596348	1	0	0	0	0	0.0588235294117647
M5	C1S	17	9026:9042	666.052547304901	1.20002510676309	0.117863115171874	0.379931823596348	1	0	0	0	0	0.0588235294117647
M5	PARK7	17	9026:9042	666.052547304901	1.20002510676309	0.117863115171874	0.379931823596348	1	0	0	0	0	0.0588235294117647
M5	HLA-A	17	9026:9042	666.052547304901	1.20002510676309	0.117863115171874	0.379931823596348	1	0	0	0	0	0.0588235294117647
M5	IFI6	17	9026:9042	666.052547304901	1.20002510676309	0.117863115171874	0.379931823596348	1	0	0	0	0	0.0588235294117647
M5	UBL5	17	9026:9042	666.052547304901	1.20002510676309	0.117863115171874	0.379931823596348	1	0	0	0	0	0.0588235294117647
M5	RANBP1	17	9026:9042	666.052547304901	1.20002510676309	0.117863115171874	0.379931823596348	1	0	0	0	0	0.0588235294117647
M5	PUF60	17	9026:9042	666.052547304901	1.20002510676309	0.117863115171874	0.379931823596348	1	0	0	0	0	0.0588235294117647
M5	TSPAN3	17	9026:9042	666.052547304901	1.20002510676309	0.117863115171874	0.379931823596348	1	0	0	0	0	0.0588235294117647
M5	B2M	17	9026:9042	666.052547304901	1.20002510676309	0.117863115171874	0.379931823596348	1	0	0	0	0	0.0588235294117647
M5	CD63	17	9026:9042	666.052547304901	1.20002510676309	0.117863115171874	0.379931823596348	1	0	0	0	0	0.0588235294117647
M5	CKAP4	17	9026:9042	666.052547304901	1.20002510676309	0.117863115171874	0.379931823596348	1	0	0	0	0	0.0588235294117647
M5	KHDRBS3	17	9026:9042	666.052547304901	1.20002510676309	0.117863115171874	0.379931823596348	1	0	0	0	0	0.0588235294117647
M41	FTH1P5	10	9043:9052	278.769755180058	1.55570370159656	0.23790484564895	0.379042804778332	0.1	0	0	0.9	0	0
M41	FTH1P16	10	9043:9052	278.769755180058	1.55570370159656	0.23790484564895	0.379042804778332	0.1	0	0	0.9	0	0
M41	FTH1P11	10	9043:9052	278.769755180058	1.55570370159656	0.23790484564895	0.379042804778332	0.1	0	0	0.9	0	0
M41	FTH1P2	10	9043:9052	278.769755180058	1.55570370159656	0.23790484564895	0.379042804778332	0.1	0	0	0.9	0	0
M41	FTH1P8	10	9043:9052	278.769755180058	1.55570370159656	0.23790484564895	0.379042804778332	0.1	0	0	0.9	0	0
M41	FTH1P12	10	9043:9052	278.769755180058	1.55570370159656	0.23790484564895	0.379042804778332	0.1	0	0	0.9	0	0
M41	FTH1P20	10	9043:9052	278.769755180058	1.55570370159656	0.23790484564895	0.379042804778332	0.1	0	0	0.9	0	0
M41	FTH1P7	10	9043:9052	278.769755180058	1.55570370159656	0.23790484564895	0.379042804778332	0.1	0	0	0.9	0	0
M41	FTH1P10	10	9043:9052	278.769755180058	1.55570370159656	0.23790484564895	0.379042804778332	0.1	0	0	0.9	0	0
M41	FTH1	10	9043:9052	278.769755180058	1.55570370159656	0.23790484564895	0.379042804778332	0.1	0	0	0.9	0	0
M12	RP11-371A22.1	15	9053:9067	282.276791962271	1.45207198323199	0.0979526910000053	0.930037013723411	0.2	0	0	0.8	0	0
M12	RPL13AP25	15	9053:9067	282.276791962271	1.45207198323199	0.0979526910000053	0.930037013723411	0.2	0	0	0.8	0	0
M12	CTB-63M22.1	15	9053:9067	282.276791962271	1.45207198323199	0.0979526910000053	0.930037013723411	0.2	0	0	0.8	0	0
M12	EEF1GP5	15	9053:9067	282.276791962271	1.45207198323199	0.0979526910000053	0.930037013723411	0.2	0	0	0.8	0	0
M12	RPLP0	15	9053:9067	282.276791962271	1.45207198323199	0.0979526910000053	0.930037013723411	0.2	0	0	0.8	0	0
M12	RPLP0P6	15	9053:9067	282.276791962271	1.45207198323199	0.0979526910000053	0.930037013723411	0.2	0	0	0.8	0	0
M12	RPL13AP7	15	9053:9067	282.276791962271	1.45207198323199	0.0979526910000053	0.930037013723411	0.2	0	0	0.8	0	0
M12	RPL7AP6	15	9053:9067	282.276791962271	1.45207198323199	0.0979526910000053	0.930037013723411	0.2	0	0	0.8	0	0
M12	RP11-69L16.5	15	9053:9067	282.276791962271	1.45207198323199	0.0979526910000053	0.930037013723411	0.2	0	0	0.8	0	0
M12	RPL13AP5	15	9053:9067	282.276791962271	1.45207198323199	0.0979526910000053	0.930037013723411	0.2	0	0	0.8	0	0
M12	RPL7A	15	9053:9067	282.276791962271	1.45207198323199	0.0979526910000053	0.930037013723411	0.2	0	0	0.8	0	0
M12	RPL13A	15	9053:9067	282.276791962271	1.45207198323199	0.0979526910000053	0.930037013723411	0.2	0	0	0.8	0	0
M12	RP11-778D9.4	15	9053:9067	282.276791962271	1.45207198323199	0.0979526910000053	0.930037013723411	0.2	0	0	0.8	0	0
M12	RPS20P35	15	9053:9067	282.276791962271	1.45207198323199	0.0979526910000053	0.930037013723411	0.2	0	0	0.8	0	0
M12	AC079922.2	15	9053:9067	282.276791962271	1.45207198323199	0.0979526910000053	0.930037013723411	0.2	0	0	0.8	0	0
M26	HMGN2	11	9068:9078	376.648299418975	0.945991788104443	0.139794372104434	0.629547159448423	0.727272727272727	0	0.181818181818182	0.0909090909090909	0	0
M26	HNRNPA1P10	11	9068:9078	376.648299418975	0.945991788104443	0.139794372104434	0.629547159448423	0.727272727272727	0	0.181818181818182	0.0909090909090909	0	0
M26	MIR1244-2	11	9068:9078	376.648299418975	0.945991788104443	0.139794372104434	0.629547159448423	0.727272727272727	0	0.181818181818182	0.0909090909090909	0	0
M26	VIM	11	9068:9078	376.648299418975	0.945991788104443	0.139794372104434	0.629547159448423	0.727272727272727	0	0.181818181818182	0.0909090909090909	0	0
M26	RHOA	11	9068:9078	376.648299418975	0.945991788104443	0.139794372104434	0.629547159448423	0.727272727272727	0	0.181818181818182	0.0909090909090909	0	0
M26	ACTG1	11	9068:9078	376.648299418975	0.945991788104443	0.139794372104434	0.629547159448423	0.727272727272727	0	0.181818181818182	0.0909090909090909	0	0
M26	ACTB	11	9068:9078	376.648299418975	0.945991788104443	0.139794372104434	0.629547159448423	0.727272727272727	0	0.181818181818182	0.0909090909090909	0	0
M26	YWHAQ	11	9068:9078	376.648299418975	0.945991788104443	0.139794372104434	0.629547159448423	0.727272727272727	0	0.181818181818182	0.0909090909090909	0	0
M26	NONO	11	9068:9078	376.648299418975	0.945991788104443	0.139794372104434	0.629547159448423	0.727272727272727	0	0.181818181818182	0.0909090909090909	0	0
M26	HNRNPA1L2	11	9068:9078	376.648299418975	0.945991788104443	0.139794372104434	0.629547159448423	0.727272727272727	0	0.181818181818182	0.0909090909090909	0	0
M26	MIR1244-3	11	9068:9078	376.648299418975	0.945991788104443	0.139794372104434	0.629547159448423	0.727272727272727	0	0.181818181818182	0.0909090909090909	0	0
M27	RPS3AP6	11	9079:9089	483.945226456887	0.912252414646778	0.161260308646591	0.66355011530656	0.545454545454545	0	0	0.454545454545455	0	0.0909090909090909
M27	RPS3AP26	11	9079:9089	483.945226456887	0.912252414646778	0.161260308646591	0.66355011530656	0.545454545454545	0	0	0.454545454545455	0	0.0909090909090909
M27	CCNI	11	9079:9089	483.945226456887	0.912252414646778	0.161260308646591	0.66355011530656	0.545454545454545	0	0	0.454545454545455	0	0.0909090909090909
M27	RPS3A	11	9079:9089	483.945226456887	0.912252414646778	0.161260308646591	0.66355011530656	0.545454545454545	0	0	0.454545454545455	0	0.0909090909090909
M27	EIF3E	11	9079:9089	483.945226456887	0.912252414646778	0.161260308646591	0.66355011530656	0.545454545454545	0	0	0.454545454545455	0	0.0909090909090909
M27	RPS3AP47	11	9079:9089	483.945226456887	0.912252414646778	0.161260308646591	0.66355011530656	0.545454545454545	0	0	0.454545454545455	0	0.0909090909090909
M27	AC010468.1	11	9079:9089	483.945226456887	0.912252414646778	0.161260308646591	0.66355011530656	0.545454545454545	0	0	0.454545454545455	0	0.0909090909090909
M27	NFIX	11	9079:9089	483.945226456887	0.912252414646778	0.161260308646591	0.66355011530656	0.545454545454545	0	0	0.454545454545455	0	0.0909090909090909
M27	GNAS	11	9079:9089	483.945226456887	0.912252414646778	0.161260308646591	0.66355011530656	0.545454545454545	0	0	0.454545454545455	0	0.0909090909090909
M27	RPS3AP49	11	9079:9089	483.945226456887	0.912252414646778	0.161260308646591	0.66355011530656	0.545454545454545	0	0	0.454545454545455	0	0.0909090909090909
M27	APEX1	11	9079:9089	483.945226456887	0.912252414646778	0.161260308646591	0.66355011530656	0.545454545454545	0	0	0.454545454545455	0	0.0909090909090909
M42	HMGB1P6	10	9090:9099	237.202684602121	1.30882356441067	0.116039708975439	1.36378973818879	0.7	0	0	0.3	0	0.1
M42	HMGB1P10	10	9090:9099	237.202684602121	1.30882356441067	0.116039708975439	1.36378973818879	0.7	0	0	0.3	0	0.1
M42	HMGB1P5	10	9090:9099	237.202684602121	1.30882356441067	0.116039708975439	1.36378973818879	0.7	0	0	0.3	0	0.1
M42	EIF2AK2	10	9090:9099	237.202684602121	1.30882356441067	0.116039708975439	1.36378973818879	0.7	0	0	0.3	0	0.1
M42	EP300	10	9090:9099	237.202684602121	1.30882356441067	0.116039708975439	1.36378973818879	0.7	0	0	0.3	0	0.1
M42	SLC25A46	10	9090:9099	237.202684602121	1.30882356441067	0.116039708975439	1.36378973818879	0.7	0	0	0.3	0	0.1
M42	SPEN	10	9090:9099	237.202684602121	1.30882356441067	0.116039708975439	1.36378973818879	0.7	0	0	0.3	0	0.1
M42	HMGB1	10	9090:9099	237.202684602121	1.30882356441067	0.116039708975439	1.36378973818879	0.7	0	0	0.3	0	0.1
M42	SLC2A10	10	9090:9099	237.202684602121	1.30882356441067	0.116039708975439	1.36378973818879	0.7	0	0	0.3	0	0.1
M42	GTF2A1	10	9090:9099	237.202684602121	1.30882356441067	0.116039708975439	1.36378973818879	0.7	0	0	0.3	0	0.1
M28	ADGRL2	11	9100:9110	230.354210811432	1.29418061567301	0.0774197718981501	0.435572965761841	1	0	0	0	0	0.272727272727273
M28	ANKRD50	11	9100:9110	230.354210811432	1.29418061567301	0.0774197718981501	0.435572965761841	1	0	0	0	0	0.272727272727273
M28	PRICKLE1	11	9100:9110	230.354210811432	1.29418061567301	0.0774197718981501	0.435572965761841	1	0	0	0	0	0.272727272727273
M28	GATAD2B	11	9100:9110	230.354210811432	1.29418061567301	0.0774197718981501	0.435572965761841	1	0	0	0	0	0.272727272727273
M28	FAM13A	11	9100:9110	230.354210811432	1.29418061567301	0.0774197718981501	0.435572965761841	1	0	0	0	0	0.272727272727273
M28	PTPRD	11	9100:9110	230.354210811432	1.29418061567301	0.0774197718981501	0.435572965761841	1	0	0	0	0	0.272727272727273
M28	KDELR1	11	9100:9110	230.354210811432	1.29418061567301	0.0774197718981501	0.435572965761841	1	0	0	0	0	0.272727272727273
M28	CCDC88A	11	9100:9110	230.354210811432	1.29418061567301	0.0774197718981501	0.435572965761841	1	0	0	0	0	0.272727272727273
M28	CCNG2	11	9100:9110	230.354210811432	1.29418061567301	0.0774197718981501	0.435572965761841	1	0	0	0	0	0.272727272727273
M28	HBP1	11	9100:9110	230.354210811432	1.29418061567301	0.0774197718981501	0.435572965761841	1	0	0	0	0	0.272727272727273
M28	TXNIP	11	9100:9110	230.354210811432	1.29418061567301	0.0774197718981501	0.435572965761841	1	0	0	0	0	0.272727272727273
M43	NUMA1	10	9111:9120	114.345659548984	2.30364375544156	0.0579007461284157	0.533934266382122	0.9	0.1	0	0	0	0.1
M43	EPM2AIP1	10	9111:9120	114.345659548984	2.30364375544156	0.0579007461284157	0.533934266382122	0.9	0.1	0	0	0	0.1
M43	SATB1	10	9111:9120	114.345659548984	2.30364375544156	0.0579007461284157	0.533934266382122	0.9	0.1	0	0	0	0.1
M43	LINC01902	10	9111:9120	114.345659548984	2.30364375544156	0.0579007461284157	0.533934266382122	0.9	0.1	0	0	0	0.1
M43	ARAF	10	9111:9120	114.345659548984	2.30364375544156	0.0579007461284157	0.533934266382122	0.9	0.1	0	0	0	0.1
M43	BBS4	10	9111:9120	114.345659548984	2.30364375544156	0.0579007461284157	0.533934266382122	0.9	0.1	0	0	0	0.1
M43	PPP2R1A	10	9111:9120	114.345659548984	2.30364375544156	0.0579007461284157	0.533934266382122	0.9	0.1	0	0	0	0.1
M43	NUDC	10	9111:9120	114.345659548984	2.30364375544156	0.0579007461284157	0.533934266382122	0.9	0.1	0	0	0	0.1
M43	TSPYL2	10	9111:9120	114.345659548984	2.30364375544156	0.0579007461284157	0.533934266382122	0.9	0.1	0	0	0	0.1
M43	GGNBP2	10	9111:9120	114.345659548984	2.30364375544156	0.0579007461284157	0.533934266382122	0.9	0.1	0	0	0	0.1
M7	SLITRK6	16	9121:9136	312.839844015226	1.17679709805437	0.0839089057603069	0.555270411375936	1	0	0	0	0	0
M7	NSD1	16	9121:9136	312.839844015226	1.17679709805437	0.0839089057603069	0.555270411375936	1	0	0	0	0	0
M7	NID1	16	9121:9136	312.839844015226	1.17679709805437	0.0839089057603069	0.555270411375936	1	0	0	0	0	0
M7	PCDH18	16	9121:9136	312.839844015226	1.17679709805437	0.0839089057603069	0.555270411375936	1	0	0	0	0	0
M7	PIK3C2A	16	9121:9136	312.839844015226	1.17679709805437	0.0839089057603069	0.555270411375936	1	0	0	0	0	0
M7	TROVE2	16	9121:9136	312.839844015226	1.17679709805437	0.0839089057603069	0.555270411375936	1	0	0	0	0	0
M7	NBEA	16	9121:9136	312.839844015226	1.17679709805437	0.0839089057603069	0.555270411375936	1	0	0	0	0	0
M7	ADGRL3	16	9121:9136	312.839844015226	1.17679709805437	0.0839089057603069	0.555270411375936	1	0	0	0	0	0
M7	TRIM24	16	9121:9136	312.839844015226	1.17679709805437	0.0839089057603069	0.555270411375936	1	0	0	0	0	0
M7	CYBRD1	16	9121:9136	312.839844015226	1.17679709805437	0.0839089057603069	0.555270411375936	1	0	0	0	0	0
M7	RBMS1	16	9121:9136	312.839844015226	1.17679709805437	0.0839089057603069	0.555270411375936	1	0	0	0	0	0
M7	TOP2B	16	9121:9136	312.839844015226	1.17679709805437	0.0839089057603069	0.555270411375936	1	0	0	0	0	0
M7	PSD3	16	9121:9136	312.839844015226	1.17679709805437	0.0839089057603069	0.555270411375936	1	0	0	0	0	0
M7	PXK	16	9121:9136	312.839844015226	1.17679709805437	0.0839089057603069	0.555270411375936	1	0	0	0	0	0
M7	FAT4	16	9121:9136	312.839844015226	1.17679709805437	0.0839089057603069	0.555270411375936	1	0	0	0	0	0
M7	FMNL2	16	9121:9136	312.839844015226	1.17679709805437	0.0839089057603069	0.555270411375936	1	0	0	0	0	0
M29	KCNQ1OT1	11	9137:9147	532.325600917765	1.13354718728505	0.107804071173509	0.483510736793938	0.727272727272727	0.272727272727273	0	0	0	0.0909090909090909
M29	MEG3	11	9137:9147	532.325600917765	1.13354718728505	0.107804071173509	0.483510736793938	0.727272727272727	0.272727272727273	0	0	0	0.0909090909090909
M29	NKTR	11	9137:9147	532.325600917765	1.13354718728505	0.107804071173509	0.483510736793938	0.727272727272727	0.272727272727273	0	0	0	0.0909090909090909
M29	DDX17	11	9137:9147	532.325600917765	1.13354718728505	0.107804071173509	0.483510736793938	0.727272727272727	0.272727272727273	0	0	0	0.0909090909090909
M29	SNHG23	11	9137:9147	532.325600917765	1.13354718728505	0.107804071173509	0.483510736793938	0.727272727272727	0.272727272727273	0	0	0	0.0909090909090909
M29	HIF3A	11	9137:9147	532.325600917765	1.13354718728505	0.107804071173509	0.483510736793938	0.727272727272727	0.272727272727273	0	0	0	0.0909090909090909
M29	ZCCHC11	11	9137:9147	532.325600917765	1.13354718728505	0.107804071173509	0.483510736793938	0.727272727272727	0.272727272727273	0	0	0	0.0909090909090909
M29	SBF2	11	9137:9147	532.325600917765	1.13354718728505	0.107804071173509	0.483510736793938	0.727272727272727	0.272727272727273	0	0	0	0.0909090909090909
M29	LTBP4	11	9137:9147	532.325600917765	1.13354718728505	0.107804071173509	0.483510736793938	0.727272727272727	0.272727272727273	0	0	0	0.0909090909090909
M29	ZNF638	11	9137:9147	532.325600917765	1.13354718728505	0.107804071173509	0.483510736793938	0.727272727272727	0.272727272727273	0	0	0	0.0909090909090909
M29	STARD9	11	9137:9147	532.325600917765	1.13354718728505	0.107804071173509	0.483510736793938	0.727272727272727	0.272727272727273	0	0	0	0.0909090909090909
M30	NBPF19	11	9148:9158	123.305817851192	1.3112051006801	0.31734895433256	0.524814619412922	0.818181818181818	0	0	0.181818181818182	0	0
M30	NBPF15	11	9148:9158	123.305817851192	1.3112051006801	0.31734895433256	0.524814619412922	0.818181818181818	0	0	0.181818181818182	0	0
M30	NBPF11	11	9148:9158	123.305817851192	1.3112051006801	0.31734895433256	0.524814619412922	0.818181818181818	0	0	0.181818181818182	0	0
M30	NBPF14	11	9148:9158	123.305817851192	1.3112051006801	0.31734895433256	0.524814619412922	0.818181818181818	0	0	0.181818181818182	0	0
M30	NBPF26	11	9148:9158	123.305817851192	1.3112051006801	0.31734895433256	0.524814619412922	0.818181818181818	0	0	0.181818181818182	0	0
M30	NBPF25P	11	9148:9158	123.305817851192	1.3112051006801	0.31734895433256	0.524814619412922	0.818181818181818	0	0	0.181818181818182	0	0
M30	NBPF20	11	9148:9158	123.305817851192	1.3112051006801	0.31734895433256	0.524814619412922	0.818181818181818	0	0	0.181818181818182	0	0
M30	NBPF10	11	9148:9158	123.305817851192	1.3112051006801	0.31734895433256	0.524814619412922	0.818181818181818	0	0	0.181818181818182	0	0
M30	NBPF12	11	9148:9158	123.305817851192	1.3112051006801	0.31734895433256	0.524814619412922	0.818181818181818	0	0	0.181818181818182	0	0
M30	NBPF8	11	9148:9158	123.305817851192	1.3112051006801	0.31734895433256	0.524814619412922	0.818181818181818	0	0	0.181818181818182	0	0
M30	NBPF9	11	9148:9158	123.305817851192	1.3112051006801	0.31734895433256	0.524814619412922	0.818181818181818	0	0	0.181818181818182	0	0
M16	PGM5P2	14	9159:9172	267.519666012631	1.25067748231997	0.0845428753316687	0.976806473032028	0.928571428571429	0	0	0.0714285714285714	0	0.142857142857143
M16	ANKRD36B	14	9159:9172	267.519666012631	1.25067748231997	0.0845428753316687	0.976806473032028	0.928571428571429	0	0	0.0714285714285714	0	0.142857142857143
M16	ZKSCAN1	14	9159:9172	267.519666012631	1.25067748231997	0.0845428753316687	0.976806473032028	0.928571428571429	0	0	0.0714285714285714	0	0.142857142857143
M16	CTNND1	14	9159:9172	267.519666012631	1.25067748231997	0.0845428753316687	0.976806473032028	0.928571428571429	0	0	0.0714285714285714	0	0.142857142857143
M16	ATAD2B	14	9159:9172	267.519666012631	1.25067748231997	0.0845428753316687	0.976806473032028	0.928571428571429	0	0	0.0714285714285714	0	0.142857142857143
M16	PRRC2C	14	9159:9172	267.519666012631	1.25067748231997	0.0845428753316687	0.976806473032028	0.928571428571429	0	0	0.0714285714285714	0	0.142857142857143
M16	ANKRD36C	14	9159:9172	267.519666012631	1.25067748231997	0.0845428753316687	0.976806473032028	0.928571428571429	0	0	0.0714285714285714	0	0.142857142857143
M16	BDP1	14	9159:9172	267.519666012631	1.25067748231997	0.0845428753316687	0.976806473032028	0.928571428571429	0	0	0.0714285714285714	0	0.142857142857143
M16	IRF2BP2	14	9159:9172	267.519666012631	1.25067748231997	0.0845428753316687	0.976806473032028	0.928571428571429	0	0	0.0714285714285714	0	0.142857142857143
M16	ANKRD36	14	9159:9172	267.519666012631	1.25067748231997	0.0845428753316687	0.976806473032028	0.928571428571429	0	0	0.0714285714285714	0	0.142857142857143
M16	HECTD4	14	9159:9172	267.519666012631	1.25067748231997	0.0845428753316687	0.976806473032028	0.928571428571429	0	0	0.0714285714285714	0	0.142857142857143
M16	CREBBP	14	9159:9172	267.519666012631	1.25067748231997	0.0845428753316687	0.976806473032028	0.928571428571429	0	0	0.0714285714285714	0	0.142857142857143
M16	DICER1	14	9159:9172	267.519666012631	1.25067748231997	0.0845428753316687	0.976806473032028	0.928571428571429	0	0	0.0714285714285714	0	0.142857142857143
M16	PBX1	14	9159:9172	267.519666012631	1.25067748231997	0.0845428753316687	0.976806473032028	0.928571428571429	0	0	0.0714285714285714	0	0.142857142857143
M31	TIA1	11	9173:9183	337.029546097495	1.22085436680001	0.084903470122489	0.406703480361969	1	0	0	0	0	0.272727272727273
M31	CHD6	11	9173:9183	337.029546097495	1.22085436680001	0.084903470122489	0.406703480361969	1	0	0	0	0	0.272727272727273
M31	RHOBTB3	11	9173:9183	337.029546097495	1.22085436680001	0.084903470122489	0.406703480361969	1	0	0	0	0	0.272727272727273
M31	CHD9	11	9173:9183	337.029546097495	1.22085436680001	0.084903470122489	0.406703480361969	1	0	0	0	0	0.272727272727273
M31	CLASP2	11	9173:9183	337.029546097495	1.22085436680001	0.084903470122489	0.406703480361969	1	0	0	0	0	0.272727272727273
M31	GULP1	11	9173:9183	337.029546097495	1.22085436680001	0.084903470122489	0.406703480361969	1	0	0	0	0	0.272727272727273
M31	HOXB3	11	9173:9183	337.029546097495	1.22085436680001	0.084903470122489	0.406703480361969	1	0	0	0	0	0.272727272727273
M31	ZNF91	11	9173:9183	337.029546097495	1.22085436680001	0.084903470122489	0.406703480361969	1	0	0	0	0	0.272727272727273
M31	N4BP2	11	9173:9183	337.029546097495	1.22085436680001	0.084903470122489	0.406703480361969	1	0	0	0	0	0.272727272727273
M31	BPTF	11	9173:9183	337.029546097495	1.22085436680001	0.084903470122489	0.406703480361969	1	0	0	0	0	0.272727272727273
M31	BAZ2B	11	9173:9183	337.029546097495	1.22085436680001	0.084903470122489	0.406703480361969	1	0	0	0	0	0.272727272727273
M18	NHP2	13	9184:9196	239.573571660254	1.77672900325075	0.103616033236168	0.498047971993808	1	0	0	0	0	0
M18	ALDOA	13	9184:9196	239.573571660254	1.77672900325075	0.103616033236168	0.498047971993808	1	0	0	0	0	0
M18	UBXN1	13	9184:9196	239.573571660254	1.77672900325075	0.103616033236168	0.498047971993808	1	0	0	0	0	0
M18	FCGRT	13	9184:9196	239.573571660254	1.77672900325075	0.103616033236168	0.498047971993808	1	0	0	0	0	0
M18	RMDN3	13	9184:9196	239.573571660254	1.77672900325075	0.103616033236168	0.498047971993808	1	0	0	0	0	0
M18	PLD2	13	9184:9196	239.573571660254	1.77672900325075	0.103616033236168	0.498047971993808	1	0	0	0	0	0
M18	RARRES2	13	9184:9196	239.573571660254	1.77672900325075	0.103616033236168	0.498047971993808	1	0	0	0	0	0
M18	EEF1D	13	9184:9196	239.573571660254	1.77672900325075	0.103616033236168	0.498047971993808	1	0	0	0	0	0
M18	CCT7	13	9184:9196	239.573571660254	1.77672900325075	0.103616033236168	0.498047971993808	1	0	0	0	0	0
M18	RPS14	13	9184:9196	239.573571660254	1.77672900325075	0.103616033236168	0.498047971993808	1	0	0	0	0	0
M18	FAU	13	9184:9196	239.573571660254	1.77672900325075	0.103616033236168	0.498047971993808	1	0	0	0	0	0
M18	NARF	13	9184:9196	239.573571660254	1.77672900325075	0.103616033236168	0.498047971993808	1	0	0	0	0	0
M18	USP11	13	9184:9196	239.573571660254	1.77672900325075	0.103616033236168	0.498047971993808	1	0	0	0	0	0
M32	SNORD3B-1	11	9197:9207	127.15559376017	2.46151100364897	0.13637169018348	1.02224025843992	0.272727272727273	0.363636363636364	0.363636363636364	0	0	0.0909090909090909
M32	HSPA5	11	9197:9207	127.15559376017	2.46151100364897	0.13637169018348	1.02224025843992	0.272727272727273	0.363636363636364	0.363636363636364	0	0	0.0909090909090909
M32	XBP1	11	9197:9207	127.15559376017	2.46151100364897	0.13637169018348	1.02224025843992	0.272727272727273	0.363636363636364	0.363636363636364	0	0	0.0909090909090909
M32	RN7SL832P	11	9197:9207	127.15559376017	2.46151100364897	0.13637169018348	1.02224025843992	0.272727272727273	0.363636363636364	0.363636363636364	0	0	0.0909090909090909
M32	RP11-160E2.6	11	9197:9207	127.15559376017	2.46151100364897	0.13637169018348	1.02224025843992	0.272727272727273	0.363636363636364	0.363636363636364	0	0	0.0909090909090909
M32	SNORD3A	11	9197:9207	127.15559376017	2.46151100364897	0.13637169018348	1.02224025843992	0.272727272727273	0.363636363636364	0.363636363636364	0	0	0.0909090909090909
M32	ILF3-AS1	11	9197:9207	127.15559376017	2.46151100364897	0.13637169018348	1.02224025843992	0.272727272727273	0.363636363636364	0.363636363636364	0	0	0.0909090909090909
M32	SNORD3B-2	11	9197:9207	127.15559376017	2.46151100364897	0.13637169018348	1.02224025843992	0.272727272727273	0.363636363636364	0.363636363636364	0	0	0.0909090909090909
M32	HSCB	11	9197:9207	127.15559376017	2.46151100364897	0.13637169018348	1.02224025843992	0.272727272727273	0.363636363636364	0.363636363636364	0	0	0.0909090909090909
M32	RP11-326I11.3	11	9197:9207	127.15559376017	2.46151100364897	0.13637169018348	1.02224025843992	0.272727272727273	0.363636363636364	0.363636363636364	0	0	0.0909090909090909
M32	SNORD3C	11	9197:9207	127.15559376017	2.46151100364897	0.13637169018348	1.02224025843992	0.272727272727273	0.363636363636364	0.363636363636364	0	0	0.0909090909090909
M44	DYNC2LI1	10	9208:9217	76.4829203311461	1.98663532937676	0.0863011332390727	1.05976352765256	1	0	0	0	0	0.1
M44	NPIPB3	10	9208:9217	76.4829203311461	1.98663532937676	0.0863011332390727	1.05976352765256	1	0	0	0	0	0.1
M44	TOGARAM1	10	9208:9217	76.4829203311461	1.98663532937676	0.0863011332390727	1.05976352765256	1	0	0	0	0	0.1
M44	USP15	10	9208:9217	76.4829203311461	1.98663532937676	0.0863011332390727	1.05976352765256	1	0	0	0	0	0.1
M44	NPIPB5	10	9208:9217	76.4829203311461	1.98663532937676	0.0863011332390727	1.05976352765256	1	0	0	0	0	0.1
M44	GATAD1	10	9208:9217	76.4829203311461	1.98663532937676	0.0863011332390727	1.05976352765256	1	0	0	0	0	0.1
M44	NPIPB11	10	9208:9217	76.4829203311461	1.98663532937676	0.0863011332390727	1.05976352765256	1	0	0	0	0	0.1
M44	NPIPB4	10	9208:9217	76.4829203311461	1.98663532937676	0.0863011332390727	1.05976352765256	1	0	0	0	0	0.1
M44	XPO1	10	9208:9217	76.4829203311461	1.98663532937676	0.0863011332390727	1.05976352765256	1	0	0	0	0	0.1
M44	TTC17	10	9208:9217	76.4829203311461	1.98663532937676	0.0863011332390727	1.05976352765256	1	0	0	0	0	0.1
M45	RRNAD1	10	9218:9227	58.3184685557592	2.77312211828201	0.133545582743347	1.02213640960336	0.5	0	0	0.5	0	0
M45	ASPN	10	9218:9227	58.3184685557592	2.77312211828201	0.133545582743347	1.02213640960336	0.5	0	0	0.5	0	0
M45	UBE2F	10	9218:9227	58.3184685557592	2.77312211828201	0.133545582743347	1.02213640960336	0.5	0	0	0.5	0	0
M45	RP11-349N19.2	10	9218:9227	58.3184685557592	2.77312211828201	0.133545582743347	1.02213640960336	0.5	0	0	0.5	0	0
M45	C21orf33	10	9218:9227	58.3184685557592	2.77312211828201	0.133545582743347	1.02213640960336	0.5	0	0	0.5	0	0
M45	H3F3AP6	10	9218:9227	58.3184685557592	2.77312211828201	0.133545582743347	1.02213640960336	0.5	0	0	0.5	0	0
M45	CTC-505O3.1	10	9218:9227	58.3184685557592	2.77312211828201	0.133545582743347	1.02213640960336	0.5	0	0	0.5	0	0
M45	H3F3AP4	10	9218:9227	58.3184685557592	2.77312211828201	0.133545582743347	1.02213640960336	0.5	0	0	0.5	0	0
M45	RP11-402J6.3	10	9218:9227	58.3184685557592	2.77312211828201	0.133545582743347	1.02213640960336	0.5	0	0	0.5	0	0
M45	H3F3A	10	9218:9227	58.3184685557592	2.77312211828201	0.133545582743347	1.02213640960336	0.5	0	0	0.5	0	0
M19	RPL3P4	13	9228:9240	973.489961870269	0.631743676427679	0.213020506737747	0.600488244594029	0.769230769230769	0	0	0.230769230769231	0	0
M19	RPS8	13	9228:9240	973.489961870269	0.631743676427679	0.213020506737747	0.600488244594029	0.769230769230769	0	0	0.230769230769231	0	0
M19	RPL26	13	9228:9240	973.489961870269	0.631743676427679	0.213020506737747	0.600488244594029	0.769230769230769	0	0	0.230769230769231	0	0
M19	RPL6P27	13	9228:9240	973.489961870269	0.631743676427679	0.213020506737747	0.600488244594029	0.769230769230769	0	0	0.230769230769231	0	0
M19	RPL3	13	9228:9240	973.489961870269	0.631743676427679	0.213020506737747	0.600488244594029	0.769230769230769	0	0	0.230769230769231	0	0
M19	RPL9	13	9228:9240	973.489961870269	0.631743676427679	0.213020506737747	0.600488244594029	0.769230769230769	0	0	0.230769230769231	0	0
M19	RPS29	13	9228:9240	973.489961870269	0.631743676427679	0.213020506737747	0.600488244594029	0.769230769230769	0	0	0.230769230769231	0	0
M19	RPL9P9	13	9228:9240	973.489961870269	0.631743676427679	0.213020506737747	0.600488244594029	0.769230769230769	0	0	0.230769230769231	0	0
M19	RPL6	13	9228:9240	973.489961870269	0.631743676427679	0.213020506737747	0.600488244594029	0.769230769230769	0	0	0.230769230769231	0	0
M19	RPL5	13	9228:9240	973.489961870269	0.631743676427679	0.213020506737747	0.600488244594029	0.769230769230769	0	0	0.230769230769231	0	0
M19	RPL4	13	9228:9240	973.489961870269	0.631743676427679	0.213020506737747	0.600488244594029	0.769230769230769	0	0	0.230769230769231	0	0
M19	TOMM7	13	9228:9240	973.489961870269	0.631743676427679	0.213020506737747	0.600488244594029	0.769230769230769	0	0	0.230769230769231	0	0
M19	RPL38	13	9228:9240	973.489961870269	0.631743676427679	0.213020506737747	0.600488244594029	0.769230769230769	0	0	0.230769230769231	0	0
M21	RPS27A	12	9241:9252	1334.73359472355	0.580070545298514	0.287747135470098	0.249992644867651	0.916666666666667	0	0	0.0833333333333333	0	0
M21	HNRNPA1P48	12	9241:9252	1334.73359472355	0.580070545298514	0.287747135470098	0.249992644867651	0.916666666666667	0	0	0.0833333333333333	0	0
M21	RPS6	12	9241:9252	1334.73359472355	0.580070545298514	0.287747135470098	0.249992644867651	0.916666666666667	0	0	0.0833333333333333	0	0
M21	RPS20	12	9241:9252	1334.73359472355	0.580070545298514	0.287747135470098	0.249992644867651	0.916666666666667	0	0	0.0833333333333333	0	0
M21	RPL23	12	9241:9252	1334.73359472355	0.580070545298514	0.287747135470098	0.249992644867651	0.916666666666667	0	0	0.0833333333333333	0	0
M21	RPL31	12	9241:9252	1334.73359472355	0.580070545298514	0.287747135470098	0.249992644867651	0.916666666666667	0	0	0.0833333333333333	0	0
M21	RPL37A	12	9241:9252	1334.73359472355	0.580070545298514	0.287747135470098	0.249992644867651	0.916666666666667	0	0	0.0833333333333333	0	0
M21	RPS24	12	9241:9252	1334.73359472355	0.580070545298514	0.287747135470098	0.249992644867651	0.916666666666667	0	0	0.0833333333333333	0	0
M21	RPL32	12	9241:9252	1334.73359472355	0.580070545298514	0.287747135470098	0.249992644867651	0.916666666666667	0	0	0.0833333333333333	0	0
M21	TPT1	12	9241:9252	1334.73359472355	0.580070545298514	0.287747135470098	0.249992644867651	0.916666666666667	0	0	0.0833333333333333	0	0
M21	HNRNPA1	12	9241:9252	1334.73359472355	0.580070545298514	0.287747135470098	0.249992644867651	0.916666666666667	0	0	0.0833333333333333	0	0
M21	RPL27	12	9241:9252	1334.73359472355	0.580070545298514	0.287747135470098	0.249992644867651	0.916666666666667	0	0	0.0833333333333333	0	0
M46	COX6C	10	9253:9262	767.308069801289	0.85583546563731	0.124511796780932	0.551370840907122	0.9	0	0	0.1	0	0
M46	COX7C	10	9253:9262	767.308069801289	0.85583546563731	0.124511796780932	0.551370840907122	0.9	0	0	0.1	0	0
M46	UQCRB	10	9253:9262	767.308069801289	0.85583546563731	0.124511796780932	0.551370840907122	0.9	0	0	0.1	0	0
M46	RPL39	10	9253:9262	767.308069801289	0.85583546563731	0.124511796780932	0.551370840907122	0.9	0	0	0.1	0	0
M46	EEF2	10	9253:9262	767.308069801289	0.85583546563731	0.124511796780932	0.551370840907122	0.9	0	0	0.1	0	0
M46	NAP1L1	10	9253:9262	767.308069801289	0.85583546563731	0.124511796780932	0.551370840907122	0.9	0	0	0.1	0	0
M46	RPL14	10	9253:9262	767.308069801289	0.85583546563731	0.124511796780932	0.551370840907122	0.9	0	0	0.1	0	0
M46	RPL37	10	9253:9262	767.308069801289	0.85583546563731	0.124511796780932	0.551370840907122	0.9	0	0	0.1	0	0
M46	RPL14P1	10	9253:9262	767.308069801289	0.85583546563731	0.124511796780932	0.551370840907122	0.9	0	0	0.1	0	0
M46	RPL36	10	9253:9262	767.308069801289	0.85583546563731	0.124511796780932	0.551370840907122	0.9	0	0	0.1	0	0
M3	RPS21	19	9263:9281	1086.09103861981	0.668983711333277	0.199508237281876	0.477209833629126	0.789473684210526	0.0526315789473684	0	0.157894736842105	0	0
M3	RPS23	19	9263:9281	1086.09103861981	0.668983711333277	0.199508237281876	0.477209833629126	0.789473684210526	0.0526315789473684	0	0.157894736842105	0	0
M3	RPS17	19	9263:9281	1086.09103861981	0.668983711333277	0.199508237281876	0.477209833629126	0.789473684210526	0.0526315789473684	0	0.157894736842105	0	0
M3	GLTSCR2	19	9263:9281	1086.09103861981	0.668983711333277	0.199508237281876	0.477209833629126	0.789473684210526	0.0526315789473684	0	0.157894736842105	0	0
M3	RPL19	19	9263:9281	1086.09103861981	0.668983711333277	0.199508237281876	0.477209833629126	0.789473684210526	0.0526315789473684	0	0.157894736842105	0	0
M3	RPS18	19	9263:9281	1086.09103861981	0.668983711333277	0.199508237281876	0.477209833629126	0.789473684210526	0.0526315789473684	0	0.157894736842105	0	0
M3	LRRC75A-AS1	19	9263:9281	1086.09103861981	0.668983711333277	0.199508237281876	0.477209833629126	0.789473684210526	0.0526315789473684	0	0.157894736842105	0	0
M3	RPL34	19	9263:9281	1086.09103861981	0.668983711333277	0.199508237281876	0.477209833629126	0.789473684210526	0.0526315789473684	0	0.157894736842105	0	0
M3	RPS3	19	9263:9281	1086.09103861981	0.668983711333277	0.199508237281876	0.477209833629126	0.789473684210526	0.0526315789473684	0	0.157894736842105	0	0
M3	RPLP1	19	9263:9281	1086.09103861981	0.668983711333277	0.199508237281876	0.477209833629126	0.789473684210526	0.0526315789473684	0	0.157894736842105	0	0
M3	RPL27A	19	9263:9281	1086.09103861981	0.668983711333277	0.199508237281876	0.477209833629126	0.789473684210526	0.0526315789473684	0	0.157894736842105	0	0
M3	RPS12	19	9263:9281	1086.09103861981	0.668983711333277	0.199508237281876	0.477209833629126	0.789473684210526	0.0526315789473684	0	0.157894736842105	0	0
M3	RPS23P8	19	9263:9281	1086.09103861981	0.668983711333277	0.199508237281876	0.477209833629126	0.789473684210526	0.0526315789473684	0	0.157894736842105	0	0
M3	RP11-466H18.1	19	9263:9281	1086.09103861981	0.668983711333277	0.199508237281876	0.477209833629126	0.789473684210526	0.0526315789473684	0	0.157894736842105	0	0
M3	RPL11	19	9263:9281	1086.09103861981	0.668983711333277	0.199508237281876	0.477209833629126	0.789473684210526	0.0526315789473684	0	0.157894736842105	0	0
M3	RPS16	19	9263:9281	1086.09103861981	0.668983711333277	0.199508237281876	0.477209833629126	0.789473684210526	0.0526315789473684	0	0.157894736842105	0	0
M3	RP11-234A1.1	19	9263:9281	1086.09103861981	0.668983711333277	0.199508237281876	0.477209833629126	0.789473684210526	0.0526315789473684	0	0.157894736842105	0	0
M3	RPLP2	19	9263:9281	1086.09103861981	0.668983711333277	0.199508237281876	0.477209833629126	0.789473684210526	0.0526315789473684	0	0.157894736842105	0	0
M3	RPL8	19	9263:9281	1086.09103861981	0.668983711333277	0.199508237281876	0.477209833629126	0.789473684210526	0.0526315789473684	0	0.157894736842105	0	0
M33	RPS11	11	9282:9292	418.733438399611	1.12159336455794	0.0988931897344687	0.523518547922159	0.818181818181818	0	0	0.181818181818182	0	0
M33	HNRNPL	11	9282:9292	418.733438399611	1.12159336455794	0.0988931897344687	0.523518547922159	0.818181818181818	0	0	0.181818181818182	0	0
M33	RPL22	11	9282:9292	418.733438399611	1.12159336455794	0.0988931897344687	0.523518547922159	0.818181818181818	0	0	0.181818181818182	0	0
M33	RPL12	11	9282:9292	418.733438399611	1.12159336455794	0.0988931897344687	0.523518547922159	0.818181818181818	0	0	0.181818181818182	0	0
M33	SC22CB-1E7.1	11	9282:9292	418.733438399611	1.12159336455794	0.0988931897344687	0.523518547922159	0.818181818181818	0	0	0.181818181818182	0	0
M33	ATP5A1	11	9282:9292	418.733438399611	1.12159336455794	0.0988931897344687	0.523518547922159	0.818181818181818	0	0	0.181818181818182	0	0
M33	NDUFA1	11	9282:9292	418.733438399611	1.12159336455794	0.0988931897344687	0.523518547922159	0.818181818181818	0	0	0.181818181818182	0	0
M33	RP11-478C6.4	11	9282:9292	418.733438399611	1.12159336455794	0.0988931897344687	0.523518547922159	0.818181818181818	0	0	0.181818181818182	0	0
M33	NDUFB1	11	9282:9292	418.733438399611	1.12159336455794	0.0988931897344687	0.523518547922159	0.818181818181818	0	0	0.181818181818182	0	0
M33	NDUFB8	11	9282:9292	418.733438399611	1.12159336455794	0.0988931897344687	0.523518547922159	0.818181818181818	0	0	0.181818181818182	0	0
M33	NACA	11	9282:9292	418.733438399611	1.12159336455794	0.0988931897344687	0.523518547922159	0.818181818181818	0	0	0.181818181818182	0	0
M34	NDST4	11	9293:9303	522.966425837109	1.59409587991482	0.179930636481476	0.34369311893396	1	0	0	0	0	0
M34	COL4A5	11	9293:9303	522.966425837109	1.59409587991482	0.179930636481476	0.34369311893396	1	0	0	0	0	0
M34	MATN2	11	9293:9303	522.966425837109	1.59409587991482	0.179930636481476	0.34369311893396	1	0	0	0	0	0
M34	BMP5	11	9293:9303	522.966425837109	1.59409587991482	0.179930636481476	0.34369311893396	1	0	0	0	0	0
M34	COL4A6	11	9293:9303	522.966425837109	1.59409587991482	0.179930636481476	0.34369311893396	1	0	0	0	0	0
M34	KREMEN1	11	9293:9303	522.966425837109	1.59409587991482	0.179930636481476	0.34369311893396	1	0	0	0	0	0
M34	NDNF	11	9293:9303	522.966425837109	1.59409587991482	0.179930636481476	0.34369311893396	1	0	0	0	0	0
M34	VCAN	11	9293:9303	522.966425837109	1.59409587991482	0.179930636481476	0.34369311893396	1	0	0	0	0	0
M34	PDGFRA	11	9293:9303	522.966425837109	1.59409587991482	0.179930636481476	0.34369311893396	1	0	0	0	0	0
M34	LAMB1	11	9293:9303	522.966425837109	1.59409587991482	0.179930636481476	0.34369311893396	1	0	0	0	0	0
M34	PLAT	11	9293:9303	522.966425837109	1.59409587991482	0.179930636481476	0.34369311893396	1	0	0	0	0	0
M13	FOXL1	15	9304:9318	266.791885322532	1.52894631884515	0.117117768486044	0.429991759220102	0.866666666666667	0.133333333333333	0	0	0	0.0666666666666667
M13	WNT4	15	9304:9318	266.791885322532	1.52894631884515	0.117117768486044	0.429991759220102	0.866666666666667	0.133333333333333	0	0	0	0.0666666666666667
M13	SLC26A2	15	9304:9318	266.791885322532	1.52894631884515	0.117117768486044	0.429991759220102	0.866666666666667	0.133333333333333	0	0	0	0.0666666666666667
M13	VSTM4	15	9304:9318	266.791885322532	1.52894631884515	0.117117768486044	0.429991759220102	0.866666666666667	0.133333333333333	0	0	0	0.0666666666666667
M13	ECE1	15	9304:9318	266.791885322532	1.52894631884515	0.117117768486044	0.429991759220102	0.866666666666667	0.133333333333333	0	0	0	0.0666666666666667
M13	SYNPO2	15	9304:9318	266.791885322532	1.52894631884515	0.117117768486044	0.429991759220102	0.866666666666667	0.133333333333333	0	0	0	0.0666666666666667
M13	FENDRR	15	9304:9318	266.791885322532	1.52894631884515	0.117117768486044	0.429991759220102	0.866666666666667	0.133333333333333	0	0	0	0.0666666666666667
M13	AC003090.1	15	9304:9318	266.791885322532	1.52894631884515	0.117117768486044	0.429991759220102	0.866666666666667	0.133333333333333	0	0	0	0.0666666666666667
M13	CPED1	15	9304:9318	266.791885322532	1.52894631884515	0.117117768486044	0.429991759220102	0.866666666666667	0.133333333333333	0	0	0	0.0666666666666667
M13	PPARGC1B	15	9304:9318	266.791885322532	1.52894631884515	0.117117768486044	0.429991759220102	0.866666666666667	0.133333333333333	0	0	0	0.0666666666666667
M13	DOCK5	15	9304:9318	266.791885322532	1.52894631884515	0.117117768486044	0.429991759220102	0.866666666666667	0.133333333333333	0	0	0	0.0666666666666667
M13	TACR1	15	9304:9318	266.791885322532	1.52894631884515	0.117117768486044	0.429991759220102	0.866666666666667	0.133333333333333	0	0	0	0.0666666666666667
M13	SEMA5A	15	9304:9318	266.791885322532	1.52894631884515	0.117117768486044	0.429991759220102	0.866666666666667	0.133333333333333	0	0	0	0.0666666666666667
M13	TMEM100	15	9304:9318	266.791885322532	1.52894631884515	0.117117768486044	0.429991759220102	0.866666666666667	0.133333333333333	0	0	0	0.0666666666666667
M13	PTCH1	15	9304:9318	266.791885322532	1.52894631884515	0.117117768486044	0.429991759220102	0.866666666666667	0.133333333333333	0	0	0	0.0666666666666667
M20	HHIP	13	9319:9331	277.032175180861	1.82405436977751	0.192228967048051	0.335814792915753	1	0	0	0	0	0
M20	CXCL14	13	9319:9331	277.032175180861	1.82405436977751	0.192228967048051	0.335814792915753	1	0	0	0	0	0
M20	MMP1	13	9319:9331	277.032175180861	1.82405436977751	0.192228967048051	0.335814792915753	1	0	0	0	0	0
M20	CDH13	13	9319:9331	277.032175180861	1.82405436977751	0.192228967048051	0.335814792915753	1	0	0	0	0	0
M20	DLL1	13	9319:9331	277.032175180861	1.82405436977751	0.192228967048051	0.335814792915753	1	0	0	0	0	0
M20	OLFM1	13	9319:9331	277.032175180861	1.82405436977751	0.192228967048051	0.335814792915753	1	0	0	0	0	0
M20	MMP10	13	9319:9331	277.032175180861	1.82405436977751	0.192228967048051	0.335814792915753	1	0	0	0	0	0
M20	GFRA1	13	9319:9331	277.032175180861	1.82405436977751	0.192228967048051	0.335814792915753	1	0	0	0	0	0
M20	CXCR4	13	9319:9331	277.032175180861	1.82405436977751	0.192228967048051	0.335814792915753	1	0	0	0	0	0
M20	HSD17B2	13	9319:9331	277.032175180861	1.82405436977751	0.192228967048051	0.335814792915753	1	0	0	0	0	0
M20	LTBP1	13	9319:9331	277.032175180861	1.82405436977751	0.192228967048051	0.335814792915753	1	0	0	0	0	0
M20	NSG1	13	9319:9331	277.032175180861	1.82405436977751	0.192228967048051	0.335814792915753	1	0	0	0	0	0
M20	MAMDC2	13	9319:9331	277.032175180861	1.82405436977751	0.192228967048051	0.335814792915753	1	0	0	0	0	0
M47	IRF9	10	9332:9341	66.2866814562003	3.33283739224379	0.0964178938380787	0.653859640635668	0.8	0.1	0.1	0	0	0.2
M47	RP11-468E2.4	10	9332:9341	66.2866814562003	3.33283739224379	0.0964178938380787	0.653859640635668	0.8	0.1	0.1	0	0	0.2
M47	AC116366.6	10	9332:9341	66.2866814562003	3.33283739224379	0.0964178938380787	0.653859640635668	0.8	0.1	0.1	0	0	0.2
M47	IRF1	10	9332:9341	66.2866814562003	3.33283739224379	0.0964178938380787	0.653859640635668	0.8	0.1	0.1	0	0	0.2
M47	PRX	10	9332:9341	66.2866814562003	3.33283739224379	0.0964178938380787	0.653859640635668	0.8	0.1	0.1	0	0	0.2
M47	PHLPP1	10	9332:9341	66.2866814562003	3.33283739224379	0.0964178938380787	0.653859640635668	0.8	0.1	0.1	0	0	0.2
M47	EIF4A1	10	9332:9341	66.2866814562003	3.33283739224379	0.0964178938380787	0.653859640635668	0.8	0.1	0.1	0	0	0.2
M47	KIAA1683	10	9332:9341	66.2866814562003	3.33283739224379	0.0964178938380787	0.653859640635668	0.8	0.1	0.1	0	0	0.2
M47	RN7SL473P	10	9332:9341	66.2866814562003	3.33283739224379	0.0964178938380787	0.653859640635668	0.8	0.1	0.1	0	0	0.2
M47	FAM53C	10	9332:9341	66.2866814562003	3.33283739224379	0.0964178938380787	0.653859640635668	0.8	0.1	0.1	0	0	0.2
M48	COX7CP1	10	9342:9351	16.4537607715059	3.31523389134622	0.0769884490815186	0.430004132884568	0.4	0.4	0	0.2	0	0
M48	DNAH6	10	9342:9351	16.4537607715059	3.31523389134622	0.0769884490815186	0.430004132884568	0.4	0.4	0	0.2	0	0
M48	CTD-2547G23.2	10	9342:9351	16.4537607715059	3.31523389134622	0.0769884490815186	0.430004132884568	0.4	0.4	0	0.2	0	0
M48	AP1M1	10	9342:9351	16.4537607715059	3.31523389134622	0.0769884490815186	0.430004132884568	0.4	0.4	0	0.2	0	0
M48	CYP17A1	10	9342:9351	16.4537607715059	3.31523389134622	0.0769884490815186	0.430004132884568	0.4	0.4	0	0.2	0	0
M48	RPL12P50	10	9342:9351	16.4537607715059	3.31523389134622	0.0769884490815186	0.430004132884568	0.4	0.4	0	0.2	0	0
M48	TMEM254-AS1	10	9342:9351	16.4537607715059	3.31523389134622	0.0769884490815186	0.430004132884568	0.4	0.4	0	0.2	0	0
M48	RP11-626G3.1	10	9342:9351	16.4537607715059	3.31523389134622	0.0769884490815186	0.430004132884568	0.4	0.4	0	0.2	0	0
M48	UMAD1	10	9342:9351	16.4537607715059	3.31523389134622	0.0769884490815186	0.430004132884568	0.4	0.4	0	0.2	0	0
M48	C8orf17	10	9342:9351	16.4537607715059	3.31523389134622	0.0769884490815186	0.430004132884568	0.4	0.4	0	0.2	0	0
M22	CACNA1A	12	9352:9363	76.0215504396589	2.6558595599169	0.112114978283496	0.307489102137775	0.5	0.333333333333333	0	0.166666666666667	0	0
M22	EEF1DP6	12	9352:9363	76.0215504396589	2.6558595599169	0.112114978283496	0.307489102137775	0.5	0.333333333333333	0	0.166666666666667	0	0
M22	CARD14	12	9352:9363	76.0215504396589	2.6558595599169	0.112114978283496	0.307489102137775	0.5	0.333333333333333	0	0.166666666666667	0	0
M22	DDX25	12	9352:9363	76.0215504396589	2.6558595599169	0.112114978283496	0.307489102137775	0.5	0.333333333333333	0	0.166666666666667	0	0
M22	INGX	12	9352:9363	76.0215504396589	2.6558595599169	0.112114978283496	0.307489102137775	0.5	0.333333333333333	0	0.166666666666667	0	0
M22	TCOF1	12	9352:9363	76.0215504396589	2.6558595599169	0.112114978283496	0.307489102137775	0.5	0.333333333333333	0	0.166666666666667	0	0
M22	CTD-2199O4.1	12	9352:9363	76.0215504396589	2.6558595599169	0.112114978283496	0.307489102137775	0.5	0.333333333333333	0	0.166666666666667	0	0
M22	MKLN1-AS	12	9352:9363	76.0215504396589	2.6558595599169	0.112114978283496	0.307489102137775	0.5	0.333333333333333	0	0.166666666666667	0	0
M22	PIPOX	12	9352:9363	76.0215504396589	2.6558595599169	0.112114978283496	0.307489102137775	0.5	0.333333333333333	0	0.166666666666667	0	0
M22	AC004893.11	12	9352:9363	76.0215504396589	2.6558595599169	0.112114978283496	0.307489102137775	0.5	0.333333333333333	0	0.166666666666667	0	0
M22	PEAK1	12	9352:9363	76.0215504396589	2.6558595599169	0.112114978283496	0.307489102137775	0.5	0.333333333333333	0	0.166666666666667	0	0
M22	AC108142.1	12	9352:9363	76.0215504396589	2.6558595599169	0.112114978283496	0.307489102137775	0.5	0.333333333333333	0	0.166666666666667	0	0
M35	RP11-6N17.6	11	9364:9374	15.4771370388415	3.33914595539416	0.0684783198032215	0.462794421410182	0.363636363636364	0.363636363636364	0.0909090909090909	0.181818181818182	0	0.0909090909090909
M35	LRRC69	11	9364:9374	15.4771370388415	3.33914595539416	0.0684783198032215	0.462794421410182	0.363636363636364	0.363636363636364	0.0909090909090909	0.181818181818182	0	0.0909090909090909
M35	AC008079.10	11	9364:9374	15.4771370388415	3.33914595539416	0.0684783198032215	0.462794421410182	0.363636363636364	0.363636363636364	0.0909090909090909	0.181818181818182	0	0.0909090909090909
M35	ZNF285	11	9364:9374	15.4771370388415	3.33914595539416	0.0684783198032215	0.462794421410182	0.363636363636364	0.363636363636364	0.0909090909090909	0.181818181818182	0	0.0909090909090909
M35	RP11-306K13.1	11	9364:9374	15.4771370388415	3.33914595539416	0.0684783198032215	0.462794421410182	0.363636363636364	0.363636363636364	0.0909090909090909	0.181818181818182	0	0.0909090909090909
M35	AP003025.2	11	9364:9374	15.4771370388415	3.33914595539416	0.0684783198032215	0.462794421410182	0.363636363636364	0.363636363636364	0.0909090909090909	0.181818181818182	0	0.0909090909090909
M35	ZDHHC15	11	9364:9374	15.4771370388415	3.33914595539416	0.0684783198032215	0.462794421410182	0.363636363636364	0.363636363636364	0.0909090909090909	0.181818181818182	0	0.0909090909090909
M35	CACNB4	11	9364:9374	15.4771370388415	3.33914595539416	0.0684783198032215	0.462794421410182	0.363636363636364	0.363636363636364	0.0909090909090909	0.181818181818182	0	0.0909090909090909
M35	RFPL1S	11	9364:9374	15.4771370388415	3.33914595539416	0.0684783198032215	0.462794421410182	0.363636363636364	0.363636363636364	0.0909090909090909	0.181818181818182	0	0.0909090909090909
M35	RP11-247I13.6	11	9364:9374	15.4771370388415	3.33914595539416	0.0684783198032215	0.462794421410182	0.363636363636364	0.363636363636364	0.0909090909090909	0.181818181818182	0	0.0909090909090909
M35	RN7SL483P	11	9364:9374	15.4771370388415	3.33914595539416	0.0684783198032215	0.462794421410182	0.363636363636364	0.363636363636364	0.0909090909090909	0.181818181818182	0	0.0909090909090909
M49	EHD4	10	9375:9384	16.2730363695457	3.14814287801934	0.0809974702963997	0.420575519109254	0.6	0.2	0.1	0.1	0	0
M49	RP11-164H13.1	10	9375:9384	16.2730363695457	3.14814287801934	0.0809974702963997	0.420575519109254	0.6	0.2	0.1	0.1	0	0
M49	RP11-503N18.5	10	9375:9384	16.2730363695457	3.14814287801934	0.0809974702963997	0.420575519109254	0.6	0.2	0.1	0.1	0	0
M49	MAPT	10	9375:9384	16.2730363695457	3.14814287801934	0.0809974702963997	0.420575519109254	0.6	0.2	0.1	0.1	0	0
M49	NAP1L6	10	9375:9384	16.2730363695457	3.14814287801934	0.0809974702963997	0.420575519109254	0.6	0.2	0.1	0.1	0	0
M49	RNA5SP89	10	9375:9384	16.2730363695457	3.14814287801934	0.0809974702963997	0.420575519109254	0.6	0.2	0.1	0.1	0	0
M49	RHOH	10	9375:9384	16.2730363695457	3.14814287801934	0.0809974702963997	0.420575519109254	0.6	0.2	0.1	0.1	0	0
M49	MASP1	10	9375:9384	16.2730363695457	3.14814287801934	0.0809974702963997	0.420575519109254	0.6	0.2	0.1	0.1	0	0
M49	RP11-157E16.1	10	9375:9384	16.2730363695457	3.14814287801934	0.0809974702963997	0.420575519109254	0.6	0.2	0.1	0.1	0	0
M49	KCNE1	10	9375:9384	16.2730363695457	3.14814287801934	0.0809974702963997	0.420575519109254	0.6	0.2	0.1	0.1	0	0
M36	AC009404.2	11	9385:9395	19.6225411018145	3.87138352418063	0.0778203092233811	0.405338778793027	0.454545454545455	0.272727272727273	0	0.272727272727273	0	0
M36	ATP5A1P2	11	9385:9395	19.6225411018145	3.87138352418063	0.0778203092233811	0.405338778793027	0.454545454545455	0.272727272727273	0	0.272727272727273	0	0
M36	RP11-466F5.6	11	9385:9395	19.6225411018145	3.87138352418063	0.0778203092233811	0.405338778793027	0.454545454545455	0.272727272727273	0	0.272727272727273	0	0
M36	PDE11A	11	9385:9395	19.6225411018145	3.87138352418063	0.0778203092233811	0.405338778793027	0.454545454545455	0.272727272727273	0	0.272727272727273	0	0
M36	WTIP	11	9385:9395	19.6225411018145	3.87138352418063	0.0778203092233811	0.405338778793027	0.454545454545455	0.272727272727273	0	0.272727272727273	0	0
M36	ARSG	11	9385:9395	19.6225411018145	3.87138352418063	0.0778203092233811	0.405338778793027	0.454545454545455	0.272727272727273	0	0.272727272727273	0	0
M36	GJA8	11	9385:9395	19.6225411018145	3.87138352418063	0.0778203092233811	0.405338778793027	0.454545454545455	0.272727272727273	0	0.272727272727273	0	0
M36	RP11-277I20.3	11	9385:9395	19.6225411018145	3.87138352418063	0.0778203092233811	0.405338778793027	0.454545454545455	0.272727272727273	0	0.272727272727273	0	0
M36	BCAS1	11	9385:9395	19.6225411018145	3.87138352418063	0.0778203092233811	0.405338778793027	0.454545454545455	0.272727272727273	0	0.272727272727273	0	0
M36	SLC16A1-AS1	11	9385:9395	19.6225411018145	3.87138352418063	0.0778203092233811	0.405338778793027	0.454545454545455	0.272727272727273	0	0.272727272727273	0	0
M36	LINC01550	11	9385:9395	19.6225411018145	3.87138352418063	0.0778203092233811	0.405338778793027	0.454545454545455	0.272727272727273	0	0.272727272727273	0	0
M37	CHRNA7	11	9396:9406	38.4358446773064	2.94476273561295	0.0653040484293533	0.526477448700717	0.727272727272727	0.272727272727273	0	0	0	0
M37	PLPP5	11	9396:9406	38.4358446773064	2.94476273561295	0.0653040484293533	0.526477448700717	0.727272727272727	0.272727272727273	0	0	0	0
M37	HTT	11	9396:9406	38.4358446773064	2.94476273561295	0.0653040484293533	0.526477448700717	0.727272727272727	0.272727272727273	0	0	0	0
M37	RP11-864N7.4	11	9396:9406	38.4358446773064	2.94476273561295	0.0653040484293533	0.526477448700717	0.727272727272727	0.272727272727273	0	0	0	0
M37	LINC01588	11	9396:9406	38.4358446773064	2.94476273561295	0.0653040484293533	0.526477448700717	0.727272727272727	0.272727272727273	0	0	0	0
M37	PTPRE	11	9396:9406	38.4358446773064	2.94476273561295	0.0653040484293533	0.526477448700717	0.727272727272727	0.272727272727273	0	0	0	0
M37	POLR1C	11	9396:9406	38.4358446773064	2.94476273561295	0.0653040484293533	0.526477448700717	0.727272727272727	0.272727272727273	0	0	0	0
M37	HELLPAR	11	9396:9406	38.4358446773064	2.94476273561295	0.0653040484293533	0.526477448700717	0.727272727272727	0.272727272727273	0	0	0	0
M37	MVK	11	9396:9406	38.4358446773064	2.94476273561295	0.0653040484293533	0.526477448700717	0.727272727272727	0.272727272727273	0	0	0	0
M37	CDH3	11	9396:9406	38.4358446773064	2.94476273561295	0.0653040484293533	0.526477448700717	0.727272727272727	0.272727272727273	0	0	0	0
M37	PTRH1	11	9396:9406	38.4358446773064	2.94476273561295	0.0653040484293533	0.526477448700717	0.727272727272727	0.272727272727273	0	0	0	0
M50	RP11-873E20.1	10	9407:9416	35.3430519969544	3.20800817235607	0.0634496354400869	0.536553676577327	0.5	0.5	0	0	0	0.1
M50	CTB-113D17.1	10	9407:9416	35.3430519969544	3.20800817235607	0.0634496354400869	0.536553676577327	0.5	0.5	0	0	0	0.1
M50	SLC9B2	10	9407:9416	35.3430519969544	3.20800817235607	0.0634496354400869	0.536553676577327	0.5	0.5	0	0	0	0.1
M50	USP8	10	9407:9416	35.3430519969544	3.20800817235607	0.0634496354400869	0.536553676577327	0.5	0.5	0	0	0	0.1
M50	HM13	10	9407:9416	35.3430519969544	3.20800817235607	0.0634496354400869	0.536553676577327	0.5	0.5	0	0	0	0.1
M50	FLVCR1-AS1	10	9407:9416	35.3430519969544	3.20800817235607	0.0634496354400869	0.536553676577327	0.5	0.5	0	0	0	0.1
M50	PTPRT	10	9407:9416	35.3430519969544	3.20800817235607	0.0634496354400869	0.536553676577327	0.5	0.5	0	0	0	0.1
M50	LINC01304	10	9407:9416	35.3430519969544	3.20800817235607	0.0634496354400869	0.536553676577327	0.5	0.5	0	0	0	0.1
M50	ZNF814	10	9407:9416	35.3430519969544	3.20800817235607	0.0634496354400869	0.536553676577327	0.5	0.5	0	0	0	0.1
M50	RP5-1043L3.1	10	9407:9416	35.3430519969544	3.20800817235607	0.0634496354400869	0.536553676577327	0.5	0.5	0	0	0	0.1
