human	PD10_XXL_HJC-1	42763907	31.0167	HJC-1_cell1	557207	620313	358697	22620	449390	412259	412188
human	PD10_XXL_HJC-1	42763907	31.0167	HJC-1_cell2	366578	409400	164443	19316	244500	204301	204264
human	PD10_XXL_HJC-1	42763907	31.0167	HJC-1_cell3	267605	307001	167169	6562	208399	192788	192751
human	PD10_XXL_HJC-1	42763907	31.0167	HJC-1_cell4	82	4406	63	18	185	92	92
human	PD10_XXL_HJC-1	42763907	31.0167	HJC-1_cell5	709851	766784	592950	7931	695044	669860	669739
human	PD10_XXL_HJC-1	42763907	31.0167	HJC-1_cell6	331512	383840	127628	8095	167600	149950	149919
human	PD10_XXL_HJC-1	42763907	31.0167	HJC-1_cell7	382615	417509	245528	7852	303411	284148	284100
human	PD10_XXL_HJC-1	42763907	31.0167	HJC-1_cell8	180587	202316	96307	4130	121749	110360	110343
human	PD10_XXL_HJC-1	42763907	31.0167	HJC-1_cell9	387031	434852	225366	23183	295373	262447	262403
human	PD10_XXL_HJC-1	42763907	31.0167	HJC-1_cell10	281552	312406	135449	20587	189756	158809	158783
human	PD10_XXL_HJC-1	42763907	31.0167	HJC-1_cell11	93127	108630	21354	3556	33996	27304	27293
human	PD10_XXL_HJC-1	42763907	31.0167	HJC-1_cell12	220	7181	65	14	871	308	308
human	PD10_XXL_HJC-1	42763907	31.0167	HJC-1_cell13	655194	710723	527502	8455	627096	599170	599062
human	PD10_XXL_HJC-1	42763907	31.0167	HJC-1_cell14	791837	897492	410795	9577	503887	476180	476084
human	PD10_XXL_HJC-1	42763907	31.0167	HJC-1_cell15	163955	182938	47765	8882	71242	58035	58024
human	PD10_XXL_HJC-1	42763907	31.0167	HJC-1_cell16	95081	107308	22846	14380	45140	26981	26976
human	PD10_XXL_HJC-1	42763907	31.0167	HJC-1_cell17	783672	862185	588543	20572	715026	671728	671596
human	PD10_XXL_HJC-1	42763907	31.0167	HJC-1_cell18	262587	291140	119017	21922	164291	135075	135053
human	PD10_XXL_HJC-1	42763907	31.0167	HJC-1_cell19	321975	363126	198563	5831	246843	230804	230763
human	PD10_XXL_HJC-1	42763907	31.0167	HJC-1_cell20	449	4442	165	68	869	240	240
human	PD10_XXL_HJC-1	42763907	31.0167	HJC-1_cell21	127395	147522	68356	5612	89835	79601	79584
human	PD10_XXL_HJC-1	42763907	31.0167	HJC-1_cell22	1249176	1406360	804052	11925	979642	930491	930318
human	PD10_XXL_HJC-1	42763907	31.0167	HJC-1_cell23	367650	401438	215055	9509	266892	247313	247272
human	PD10_XXL_HJC-1	42763907	31.0167	HJC-1_cell24	104723	118983	37505	5793	53583	42757	42749
human	PD10_XXL_HJC-1	42763907	31.0167	HJC-1_cell25	551164	617690	343586	18914	437161	397200	397128
human	PD10_XXL_HJC-1	42763907	31.0167	HJC-1_cell26	397004	444950	269321	15746	333852	302814	302753
human	PD10_XXL_HJC-1	42763907	31.0167	HJC-1_cell27	390555	437910	282408	5879	344525	326989	326926
human	PD10_XXL_HJC-1	42763907	31.0167	HJC-1_cell28	256	4274	83	7	652	145	145
human	PD10_XXL_HJC-1	42763907	31.0167	HJC-1_cell29	335675	368922	244869	8648	297852	278739	278684
human	PD10_XXL_HJC-1	42763907	31.0167	HJC-1_cell30	676116	763913	390230	13041	472941	445647	445566
human	PD10_XXL_HJC-1	42763907	31.0167	HJC-1_cell31	253300	278264	117120	10137	154784	135673	135649
human	PD10_XXL_HJC-1	42763907	31.0167	HJC-1_cell32	171258	191940	60650	7879	92324	75292	75284
human	PD10_XXL_HJC-1	42763907	31.0167	HJC-1_cell33	358979	404432	194307	22554	258984	221761	221716
human	PD10_XXL_HJC-1	42763907	31.0167	HJC-1_cell34	413373	451781	256971	23965	332345	294332	294279
human	PD10_XXL_HJC-1	42763907	31.0167	HJC-1_cell35	147565	172233	40471	10668	70109	52498	52487
human	PD10_XXL_HJC-1	42763907	31.0167	HJC-1_cell36	255	2611	51	2	144	73	73
human	PD10_XXL_HJC-1	42763907	31.0167	HJC-1_cell37	382734	418540	285773	7801	345985	327540	327474
human	PD10_XXL_HJC-1	42763907	31.0167	HJC-1_cell38	250535	288500	59182	5395	85844	72740	72727
human	PD10_XXL_HJC-1	42763907	31.0167	HJC-1_cell39	95059	105946	28164	8654	45122	33757	33750
human	PD10_XXL_HJC-1	42763907	31.0167	HJC-1_cell40	528146	580685	421719	8703	500658	480491	480407
human	PD10_XXL_HJC-1	42763907	31.0167	HJC-1_cell41	180667	207874	36407	22654	73084	43322	43311
human	PD10_XXL_HJC-1	42763907	31.0167	HJC-1_cell42	496671	543707	327106	22874	408745	372634	372567
human	PD10_XXL_HJC-1	42763907	31.0167	HJC-1_cell43	98796	111764	26840	2668	38173	32193	32184
human	PD10_XXL_HJC-1	42763907	31.0167	HJC-1_cell44	537	7094	16	10	204	32	32
human	PD10_XXL_HJC-1	42763907	31.0167	HJC-1_cell45	192291	213962	110746	3640	137172	128962	128942
human	PD10_XXL_HJC-1	42763907	31.0167	HJC-1_cell46	398708	452817	129564	13847	177162	151745	151722
human	PD10_XXL_HJC-1	42763907	31.0167	HJC-1_cell47	284445	310207	123668	12570	164082	146000	145972
human	PD10_XXL_HJC-1	42763907	31.0167	HJC-1_cell48	101683	119563	33236	7124	49013	38749	38742
human	PD10_XXL_HJC-1	42763907	31.0167	HJC-1_cell49	900388	990395	647959	25867	808234	745791	745654
human	PD10_XXL_HJC-1	42763907	31.0167	HJC-1_cell50	253616	280615	102243	29575	156564	118159	118142
human	PD10_XXL_HJC-1	42763907	31.0167	HJC-1_cell51	116708	131217	31082	10908	53744	37738	37733
human	PD10_XXL_HJC-1	42763907	31.0167	HJC-1_cell52	503	7733	63	6	183	101	101
human	PD10_XXL_HJC-1	42763907	31.0167	HJC-1_cell53	276102	305561	179018	12538	230578	206821	206763
human	PD10_XXL_HJC-1	42763907	31.0167	HJC-1_cell54	296408	340839	66174	10300	104727	84506	84486
human	PD10_XXL_HJC-1	42763907	31.0167	HJC-1_cell55	169399	187646	44097	16069	77341	54627	54620
human	PD10_XXL_HJC-1	42763907	31.0167	HJC-1_cell56	144201	159675	65980	9392	88985	75945	75925
human	PD10_XXL_HJC-1	42763907	31.0167	HJC-1_cell57	1059718	1165647	824406	19962	989536	939221	939050
human	PD10_XXL_HJC-1	42763907	31.0167	HJC-1_cell58	717265	783601	522156	22354	642733	594835	594717
human	PD10_XXL_HJC-1	42763907	31.0167	HJC-1_cell59	557564	620305	407195	7242	490820	466977	466876
human	PD10_XXL_HJC-1	42763907	31.0167	HJC-1_cell60	140	5944	91	26	299	129	129
human	PD10_XXL_HJC-1	42763907	31.0167	HJC-1_cell61	254052	277552	171594	7872	209589	194875	194834
human	PD10_XXL_HJC-1	42763907	31.0167	HJC-1_cell62	510298	582458	248955	15997	318153	290381	290336
human	PD10_XXL_HJC-1	42763907	31.0167	HJC-1_cell63	624340	673251	450653	16986	537787	507269	507184
human	PD10_XXL_HJC-1	42763907	31.0167	HJC-1_cell64	466109	508514	339534	7080	404414	387669	387606
human	PD10_XXL_HJC-1	42763907	31.0167	HJC-1_cell65	173468	205118	41046	18464	77693	50167	50156
human	PD10_XXL_HJC-1	42763907	31.0167	HJC-1_cell66	708541	774030	505494	25498	619581	573511	573403
human	PD10_XXL_HJC-1	42763907	31.0167	HJC-1_cell67	403001	451310	286609	5927	347109	328920	328869
human	PD10_XXL_HJC-1	42763907	31.0167	HJC-1_cell68	190	4843	105	92	683	293	293
human	PD10_XXL_HJC-1	42763907	31.0167	HJC-1_cell69	159608	186471	96042	6492	122870	112516	112498
human	PD10_XXL_HJC-1	42763907	31.0167	HJC-1_cell70	1296117	1442225	955601	15882	1130020	1087447	1087240
human	PD10_XXL_HJC-1	42763907	31.0167	HJC-1_cell71	163690	180128	46886	12164	73543	55483	55474
human	PD10_XXL_HJC-1	42763907	31.0167	HJC-1_cell72	577724	635140	443129	8796	520243	499844	499750
human	PD10_XXL_HJC-1	42763907	31.0167	HJC-1_cell73	469879	524451	317663	16944	393244	361341	361283
human	PD10_XXL_HJC-1	42763907	31.0167	HJC-1_cell74	380466	414743	240204	20496	302058	270946	270893
human	PD10_XXL_HJC-1	42763907	31.0167	HJC-1_cell75	392685	435458	281797	4565	337749	322240	322179
human	PD10_XXL_HJC-1	42763907	31.0167	HJC-1_cell76	459	4513	42	94	404	72	72
human	PD10_XXL_HJC-1	42763907	31.0167	HJC-1_cell77	454612	493010	341335	5784	405735	386483	386409
human	PD10_XXL_HJC-1	42763907	31.0167	HJC-1_cell78	288733	327278	94582	9197	131073	113536	113508
human	PD10_XXL_HJC-1	42763907	31.0167	HJC-1_cell79	443140	481443	298486	8560	356782	338168	338096
human	PD10_XXL_HJC-1	42763907	31.0167	HJC-1_cell80	191471	210284	114617	6498	140795	129503	129476
human	PD10_XXL_HJC-1	42763907	31.0167	HJC-1_cell81	457049	504227	292332	19215	364992	332931	332878
human	PD10_XXL_HJC-1	42763907	31.0167	HJC-1_cell82	542156	593062	363797	24694	451834	411522	411444
human	PD10_XXL_HJC-1	42763907	31.0167	HJC-1_cell83	94050	111759	22622	3842	35958	28811	28806
human	PD10_XXL_HJC-1	42763907	31.0167	HJC-1_cell84	294	4663	31		567	55	55
human	PD10_XXL_HJC-1	42763907	31.0167	HJC-1_cell85	322654	352640	211105	9794	264717	243957	243918
human	PD10_XXL_HJC-1	42763907	31.0167	HJC-1_cell86	497991	577926	160754	6420	232974	203678	203641
human	PD10_XXL_HJC-1	42763907	31.0167	HJC-1_cell87	208722	229369	98190	7812	129418	114635	114618
human	PD10_XXL_HJC-1	42763907	31.0167	HJC-1_cell88	108753	121328	36106	6025	51427	42025	42018
human	PD10_XXL_HJC-1	42763907	31.0167	HJC-1_cell89	290988	323424	198031	14178	247959	223992	223965
human	PD10_XXL_HJC-1	42763907	31.0167	HJC-1_cell90	223384	244570	153377	10782	190008	172972	172928
human	PD10_XXL_HJC-1	42763907	31.0167	HJC-1_cell91	106657	120061	50631	2400	65503	59043	59028
human	PD10_XXL_HJC-1	42763907	31.0167	HJC-1_cell92	216	3700	93	19	580	153	153
human	PD10_XXL_HJC-1	42763907	31.0167	HJC-1_cell93	57381	65087	29462	2011	37641	33462	33458
human	PD10_XXL_HJC-1	42763907	31.0167	HJC-1_cell94	1095009	1196860	906770	3646	1033630	1012828	1012639
human	PD10_XXL_HJC-1	42763907	31.0167	HJC-1_cell95	1206501	1287713	1042437	4590	1188754	1165925	1165693
human	PD10_XXL_HJC-1	42763907	31.0167	HJC-1_cell96	293792	319331	221731	4598	258427	248964	248932
human	PD10_XXL_SD-1	43773121	31.7167	SD-1_cell1	609965	671923	419807	13248	506901	477369	477272
human	PD10_XXL_SD-1	43773121	31.7167	SD-1_cell2	563141	613718	362020	15630	447156	414845	414769
human	PD10_XXL_SD-1	43773121	31.7167	SD-1_cell3	288723	324770	160702	4633	203421	188442	188413
human	PD10_XXL_SD-1	43773121	31.7167	SD-1_cell4	262	3610	31		379	51	51
human	PD10_XXL_SD-1	43773121	31.7167	SD-1_cell5	107314	124149	48362	2950	62185	54984	54969
human	PD10_XXL_SD-1	43773121	31.7167	SD-1_cell6	301616	347789	93004	5966	122977	110670	110652
human	PD10_XXL_SD-1	43773121	31.7167	SD-1_cell7	162147	181041	36857	11698	60074	43520	43512
human	PD10_XXL_SD-1	43773121	31.7167	SD-1_cell8	391719	427440	264117	4571	312482	302046	301988
human	PD10_XXL_SD-1	43773121	31.7167	SD-1_cell9	170902	192835	123086	4940	149788	139709	139685
human	PD10_XXL_SD-1	43773121	31.7167	SD-1_cell10	540676	590400	337058	18047	412448	382155	382067
human	PD10_XXL_SD-1	43773121	31.7167	SD-1_cell11	414685	458543	256816	6921	314149	296156	296100
human	PD10_XXL_SD-1	43773121	31.7167	SD-1_cell12	95	4838	35	23	758	74	74
human	PD10_XXL_SD-1	43773121	31.7167	SD-1_cell13	377954	418870	266302	4887	319041	302354	302303
human	PD10_XXL_SD-1	43773121	31.7167	SD-1_cell14	758781	857476	441392	4659	527519	507516	507415
human	PD10_XXL_SD-1	43773121	31.7167	SD-1_cell15	627018	683733	408643	7636	482548	464348	464248
human	PD10_XXL_SD-1	43773121	31.7167	SD-1_cell16	101372	112811	29569	5245	44387	35681	35675
human	PD10_XXL_SD-1	43773121	31.7167	SD-1_cell17	466156	520261	283783	16250	356293	328108	328042
human	PD10_XXL_SD-1	43773121	31.7167	SD-1_cell18	162518	181446	34978	12756	58533	40236	40226
human	PD10_XXL_SD-1	43773121	31.7167	SD-1_cell19	119839	137985	25414	2806	36920	30361	30352
human	PD10_XXL_SD-1	43773121	31.7167	SD-1_cell20	762	7119	96	8	521	144	144
human	PD10_XXL_SD-1	43773121	31.7167	SD-1_cell21	472857	522698	344563	4908	407202	391289	391220
human	PD10_XXL_SD-1	43773121	31.7167	SD-1_cell22	834508	939359	520798	8852	620961	595341	595237
human	PD10_XXL_SD-1	43773121	31.7167	SD-1_cell23	577994	633438	388621	7216	457061	440996	440913
human	PD10_XXL_SD-1	43773121	31.7167	SD-1_cell24	548764	603114	387793	8072	459850	440942	440856
human	PD10_XXL_SD-1	43773121	31.7167	SD-1_cell25	175417	203823	60808	14205	91778	71515	71497
human	PD10_XXL_SD-1	43773121	31.7167	SD-1_cell26	222593	244397	121980	16254	162412	139996	139971
human	PD10_XXL_SD-1	43773121	31.7167	SD-1_cell27	244483	276243	150682	4827	183695	172333	172308
human	PD10_XXL_SD-1	43773121	31.7167	SD-1_cell28	160	2026	39	6	388	64	64
human	PD10_XXL_SD-1	43773121	31.7167	SD-1_cell29	379568	419598	262818	4265	308863	296948	296881
human	PD10_XXL_SD-1	43773121	31.7167	SD-1_cell30	516528	581884	258534	5217	311634	296531	296489
human	PD10_XXL_SD-1	43773121	31.7167	SD-1_cell31	899724	985160	647718	8980	765573	736529	736373
human	PD10_XXL_SD-1	43773121	31.7167	SD-1_cell32	467372	518389	306388	7064	364268	349898	349847
human	PD10_XXL_SD-1	43773121	31.7167	SD-1_cell33	496480	562871	276861	17353	345622	311660	311599
human	PD10_XXL_SD-1	43773121	31.7167	SD-1_cell34	376442	417303	205042	20562	265644	233780	233740
human	PD10_XXL_SD-1	43773121	31.7167	SD-1_cell35	229713	264846	110364	4251	140475	129461	129438
human	PD10_XXL_SD-1	43773121	31.7167	SD-1_cell36	280	4618	64	21	583	98	98
human	PD10_XXL_SD-1	43773121	31.7167	SD-1_cell37	459637	511126	326679	6097	393284	373921	373841
human	PD10_XXL_SD-1	43773121	31.7167	SD-1_cell38	565959	644402	278280	5834	334466	316909	316839
human	PD10_XXL_SD-1	43773121	31.7167	SD-1_cell39	347456	385149	234138	5771	277781	264546	264497
human	PD10_XXL_SD-1	43773121	31.7167	SD-1_cell40	416592	462016	283420	7453	337821	322619	322550
human	PD10_XXL_SD-1	43773121	31.7167	SD-1_cell41	370973	414956	217897	13676	277117	251412	251372
human	PD10_XXL_SD-1	43773121	31.7167	SD-1_cell42	524847	578763	318274	16018	393409	362804	362736
human	PD10_XXL_SD-1	43773121	31.7167	SD-1_cell43	280378	315541	150248	5292	187687	174127	174096
human	PD10_XXL_SD-1	43773121	31.7167	SD-1_cell44	116	4126	76	12	638	140	140
human	PD10_XXL_SD-1	43773121	31.7167	SD-1_cell45	619340	687730	448234	5621	538269	516032	515945
human	PD10_XXL_SD-1	43773121	31.7167	SD-1_cell46	759730	855117	433193	6612	516063	492836	492759
human	PD10_XXL_SD-1	43773121	31.7167	SD-1_cell47	177687	198861	36458	11415	68831	45931	45925
human	PD10_XXL_SD-1	43773121	31.7167	SD-1_cell48	164138	183092	105340	4149	128711	120012	119987
human	PD10_XXL_SD-1	43773121	31.7167	SD-1_cell49	329741	371558	152732	21652	207822	176928	176897
human	PD10_XXL_SD-1	43773121	31.7167	SD-1_cell50	513836	560617	295922	19768	370553	338930	338872
human	PD10_XXL_SD-1	43773121	31.7167	SD-1_cell51	156763	177851	81423	4558	104004	95062	95039
human	PD10_XXL_SD-1	43773121	31.7167	SD-1_cell52	88	3843	45	28	195	86	86
human	PD10_XXL_SD-1	43773121	31.7167	SD-1_cell53	456521	507212	318671	6275	382415	363580	363511
human	PD10_XXL_SD-1	43773121	31.7167	SD-1_cell54	519710	589292	220560	10663	275442	255027	254975
human	PD10_XXL_SD-1	43773121	31.7167	SD-1_cell55	552934	606062	343794	11742	411498	389978	389913
human	PD10_XXL_SD-1	43773121	31.7167	SD-1_cell56	297178	329384	181704	5952	218018	207660	207614
human	PD10_XXL_SD-1	43773121	31.7167	SD-1_cell57	413703	468859	219749	16249	277673	250435	250384
human	PD10_XXL_SD-1	43773121	31.7167	SD-1_cell58	484062	529697	304411	16160	378528	349301	349239
human	PD10_XXL_SD-1	43773121	31.7167	SD-1_cell59	281154	318071	153036	5412	190553	176657	176624
human	PD10_XXL_SD-1	43773121	31.7167	SD-1_cell60	172	5867	19	7	126	46	46
human	PD10_XXL_SD-1	43773121	31.7167	SD-1_cell61	202486	232213	119881	4580	147386	138335	138314
human	PD10_XXL_SD-1	43773121	31.7167	SD-1_cell62	362540	412594	138708	5512	176002	162358	162332
human	PD10_XXL_SD-1	43773121	31.7167	SD-1_cell63	87684	98727	14001	4641	23402	16826	16825
human	PD10_XXL_SD-1	43773121	31.7167	SD-1_cell64	125572	140408	71374	4164	88543	80826	80814
human	PD10_XXL_SD-1	43773121	31.7167	SD-1_cell65	611022	683243	398673	18547	491337	457102	457034
human	PD10_XXL_SD-1	43773121	31.7167	SD-1_cell66	796838	870589	531568	17407	641307	606438	606297
human	PD10_XXL_SD-1	43773121	31.7167	SD-1_cell67	288330	325773	139586	5059	176965	161823	161786
human	PD10_XXL_SD-1	43773121	31.7167	SD-1_cell68	298	4845	99	95	455	150	150
human	PD10_XXL_SD-1	43773121	31.7167	SD-1_cell69	469795	521070	323223	5850	386334	367342	367269
human	PD10_XXL_SD-1	43773121	31.7167	SD-1_cell70	630457	720083	323874	6880	396214	373354	373282
human	PD10_XXL_SD-1	43773121	31.7167	SD-1_cell71	569302	624823	348395	8115	418840	399843	399755
human	PD10_XXL_SD-1	43773121	31.7167	SD-1_cell72	829928	914021	609047	10189	708384	685587	685454
human	PD10_XXL_SD-1	43773121	31.7167	SD-1_cell73	318779	362195	186691	17164	240862	215029	214996
human	PD10_XXL_SD-1	43773121	31.7167	SD-1_cell74	329875	364946	156795	18843	208142	179146	179105
human	PD10_XXL_SD-1	43773121	31.7167	SD-1_cell75	273786	307797	123261	5484	155602	142708	142678
human	PD10_XXL_SD-1	43773121	31.7167	SD-1_cell76	166	5250	21	49	323	122	122
human	PD10_XXL_SD-1	43773121	31.7167	SD-1_cell77	170500	192170	78868	3668	95818	88395	88373
human	PD10_XXL_SD-1	43773121	31.7167	SD-1_cell78	327040	372655	92252	8436	129326	111300	111284
human	PD10_XXL_SD-1	43773121	31.7167	SD-1_cell79	340720	374931	149598	8518	187620	172073	172053
human	PD10_XXL_SD-1	43773121	31.7167	SD-1_cell80	108808	122693	27083	4907	43558	34235	34231
human	PD10_XXL_SD-1	43773121	31.7167	SD-1_cell81	180294	207194	38608	20866	72328	45025	45021
human	PD10_XXL_SD-1	43773121	31.7167	SD-1_cell82	176208	198045	38550	15401	65308	44564	44555
human	PD10_XXL_SD-1	43773121	31.7167	SD-1_cell83	249340	280726	132448	3905	164863	152751	152727
human	PD10_XXL_SD-1	43773121	31.7167	SD-1_cell84	278	2824	26	7	391	53	53
human	PD10_XXL_SD-1	43773121	31.7167	SD-1_cell85	309408	338688	225142	6428	267382	253789	253750
human	PD10_XXL_SD-1	43773121	31.7167	SD-1_cell86	616656	698415	338500	6181	402435	382733	382643
human	PD10_XXL_SD-1	43773121	31.7167	SD-1_cell87	255947	279761	131761	6407	161915	149677	149651
human	PD10_XXL_SD-1	43773121	31.7167	SD-1_cell88	47459	57882	13590	2460	19687	15755	15752
human	PD10_XXL_SD-1	43773121	31.7167	SD-1_cell89	546028	604109	360902	11090	438383	409783	409709
human	PD10_XXL_SD-1	43773121	31.7167	SD-1_cell90	306542	334841	193852	9965	237343	220253	220215
human	PD10_XXL_SD-1	43773121	31.7167	SD-1_cell91	151807	170119	74349	2076	92946	86684	86669
human	PD10_XXL_SD-1	43773121	31.7167	SD-1_cell92	312	2829	36	1	115	57	57
human	PD10_XXL_SD-1	43773121	31.7167	SD-1_cell93	285510	316701	197769	3982	239230	226311	226270
human	PD10_XXL_SD-1	43773121	31.7167	SD-1_cell94	181649	209368	30348	2488	44214	37552	37546
human	PD10_XXL_SD-1	43773121	31.7167	SD-1_cell95	231027	254401	130036	4354	155395	145622	145588
human	PD10_XXL_SD-1	43773121	31.7167	SD-1_cell96	108847	120920	74678	2476	89214	84586	84571
human	PD10_XXL_SEZC-1	36238806	27.2167	SEZC-1_cell1	962872	1056991	717403	10880	852194	815396	815255
human	PD10_XXL_SEZC-1	36238806	27.2167	SEZC-1_cell2	198917	218134	107392	10879	138042	122041	122019
human	PD10_XXL_SEZC-1	36238806	27.2167	SEZC-1_cell3	163390	188492	84963	3188	107908	97940	97924
human	PD10_XXL_SEZC-1	36238806	27.2167	SEZC-1_cell4	69	2712	155	1	410	193	193
human	PD10_XXL_SEZC-1	36238806	27.2167	SEZC-1_cell5	55053	63803	16105	2012	22548	18878	18872
human	PD10_XXL_SEZC-1	36238806	27.2167	SEZC-1_cell6	432692	488388	260231	4116	311607	299141	299081
human	PD10_XXL_SEZC-1	36238806	27.2167	SEZC-1_cell7	88939	101705	19978	4909	31863	24911	24907
human	PD10_XXL_SEZC-1	36238806	27.2167	SEZC-1_cell8	717083	780407	561014	5456	653329	633283	633158
human	PD10_XXL_SEZC-1	36238806	27.2167	SEZC-1_cell9	410330	454877	271516	10478	328834	306873	306815
human	PD10_XXL_SEZC-1	36238806	27.2167	SEZC-1_cell10	116104	128465	26003	11589	44005	29549	29547
human	PD10_XXL_SEZC-1	36238806	27.2167	SEZC-1_cell11	73599	85956	14476	1821	21893	17662	17661
human	PD10_XXL_SEZC-1	36238806	27.2167	SEZC-1_cell12	34	1193	24	4	84	44	44
human	PD10_XXL_SEZC-1	36238806	27.2167	SEZC-1_cell13	150582	167326	94117	3086	116008	108337	108316
human	PD10_XXL_SEZC-1	36238806	27.2167	SEZC-1_cell14	144883	169231	27149	2897	40856	33777	33770
human	PD10_XXL_SEZC-1	36238806	27.2167	SEZC-1_cell15	355534	389412	225719	8184	271969	256778	256727
human	PD10_XXL_SEZC-1	36238806	27.2167	SEZC-1_cell16	245966	275079	176645	3761	207440	200184	200132
human	PD10_XXL_SEZC-1	36238806	27.2167	SEZC-1_cell17	416109	462013	284952	15496	350164	324032	323967
human	PD10_XXL_SEZC-1	36238806	27.2167	SEZC-1_cell18	20241	25821	8424	1331	12048	9889	9889
human	PD10_XXL_SEZC-1	36238806	27.2167	SEZC-1_cell19	235208	265148	143533	3751	175406	165525	165498
human	PD10_XXL_SEZC-1	36238806	27.2167	SEZC-1_cell20	181	2346	61	32	382	102	102
human	PD10_XXL_SEZC-1	36238806	27.2167	SEZC-1_cell21	681477	747433	531899	5429	627099	604443	604346
human	PD10_XXL_SEZC-1	36238806	27.2167	SEZC-1_cell22	393099	443676	213818	5889	260637	245891	245844
human	PD10_XXL_SEZC-1	36238806	27.2167	SEZC-1_cell23	391706	429322	265751	5114	314668	302914	302866
human	PD10_XXL_SEZC-1	36238806	27.2167	SEZC-1_cell24	287636	316633	201343	4458	238955	229083	229044
human	PD10_XXL_SEZC-1	36238806	27.2167	SEZC-1_cell25	131914	155159	25583	12592	47265	29652	29644
human	PD10_XXL_SEZC-1	36238806	27.2167	SEZC-1_cell26	123366	138479	22037	12799	44953	28078	28075
human	PD10_XXL_SEZC-1	36238806	27.2167	SEZC-1_cell27	237778	266138	146168	2894	175636	166860	166834
human	PD10_XXL_SEZC-1	36238806	27.2167	SEZC-1_cell28	389	1972	29	15	172	60	60
human	PD10_XXL_SEZC-1	36238806	27.2167	SEZC-1_cell29	300744	334119	213667	4148	256837	245346	245300
human	PD10_XXL_SEZC-1	36238806	27.2167	SEZC-1_cell30	511125	577689	307355	5991	369659	351239	351169
human	PD10_XXL_SEZC-1	36238806	27.2167	SEZC-1_cell31	101238	113442	20152	6836	34121	24153	24151
human	PD10_XXL_SEZC-1	36238806	27.2167	SEZC-1_cell32	313800	343907	219738	6538	260929	249443	249388
human	PD10_XXL_SEZC-1	36238806	27.2167	SEZC-1_cell33	269356	299818	145798	15797	188458	165604	165567
human	PD10_XXL_SEZC-1	36238806	27.2167	SEZC-1_cell34	106267	120756	19518	12574	39143	23193	23189
human	PD10_XXL_SEZC-1	36238806	27.2167	SEZC-1_cell35	146856	165432	83183	4634	103117	94069	94052
human	PD10_XXL_SEZC-1	36238806	27.2167	SEZC-1_cell36	38	2957	45	6	944	413	413
human	PD10_XXL_SEZC-1	36238806	27.2167	SEZC-1_cell37	57337	69088	17391	2119	24319	20257	20252
human	PD10_XXL_SEZC-1	36238806	27.2167	SEZC-1_cell38	634086	715939	437182	4893	512053	497233	497131
human	PD10_XXL_SEZC-1	36238806	27.2167	SEZC-1_cell39	101427	113781	23445	6474	38678	28911	28903
human	PD10_XXL_SEZC-1	36238806	27.2167	SEZC-1_cell40	72509	81577	16305	3656	26026	19984	19981
human	PD10_XXL_SEZC-1	36238806	27.2167	SEZC-1_cell41	254048	283621	119580	17446	162545	136757	136728
human	PD10_XXL_SEZC-1	36238806	27.2167	SEZC-1_cell42	141493	156743	24694	22440	56126	28057	28055
human	PD10_XXL_SEZC-1	36238806	27.2167	SEZC-1_cell43	126482	143538	48422	2815	63503	56914	56902
human	PD10_XXL_SEZC-1	36238806	27.2167	SEZC-1_cell44	116	3495	63	49	679	118	118
human	PD10_XXL_SEZC-1	36238806	27.2167	SEZC-1_cell45	490086	544188	375432	4439	440720	426306	426229
human	PD10_XXL_SEZC-1	36238806	27.2167	SEZC-1_cell46	610984	684125	380630	5349	450710	433647	433569
human	PD10_XXL_SEZC-1	36238806	27.2167	SEZC-1_cell47	621092	675443	444697	7545	520346	501286	501182
human	PD10_XXL_SEZC-1	36238806	27.2167	SEZC-1_cell48	315215	346170	215442	5159	253762	242949	242909
human	PD10_XXL_SEZC-1	36238806	27.2167	SEZC-1_cell49	663923	733984	448127	14367	547126	512848	512750
human	PD10_XXL_SEZC-1	36238806	27.2167	SEZC-1_cell50	116231	129843	21797	14048	43978	26337	26332
human	PD10_XXL_SEZC-1	36238806	27.2167	SEZC-1_cell51	243720	274229	148708	3384	180938	170961	170920
human	PD10_XXL_SEZC-1	36238806	27.2167	SEZC-1_cell52	302	3807	92	261	530	160	160
human	PD10_XXL_SEZC-1	36238806	27.2167	SEZC-1_cell53	410260	454826	312693	4437	371298	357821	357758
human	PD10_XXL_SEZC-1	36238806	27.2167	SEZC-1_cell54	823569	920940	581015	6536	678646	658672	658547
human	PD10_XXL_SEZC-1	36238806	27.2167	SEZC-1_cell55	736621	799872	523107	9756	617356	592348	592236
human	PD10_XXL_SEZC-1	36238806	27.2167	SEZC-1_cell56	392694	431429	283879	6673	334752	319466	319406
human	PD10_XXL_SEZC-1	36238806	27.2167	SEZC-1_cell57	820414	898697	579717	15446	701742	665252	665154
human	PD10_XXL_SEZC-1	36238806	27.2167	SEZC-1_cell58	420851	458410	251444	14852	309440	284137	284084
human	PD10_XXL_SEZC-1	36238806	27.2167	SEZC-1_cell59	198927	219784	121928	5371	149375	138269	138247
human	PD10_XXL_SEZC-1	36238806	27.2167	SEZC-1_cell60	81	3609	65	21	171	95	95
human	PD10_XXL_SEZC-1	36238806	27.2167	SEZC-1_cell61	464893	511010	350869	4890	411464	396379	396306
human	PD10_XXL_SEZC-1	36238806	27.2167	SEZC-1_cell62	386194	435924	196425	5049	237538	224281	224239
human	PD10_XXL_SEZC-1	36238806	27.2167	SEZC-1_cell63	138257	152120	57098	5502	76728	68570	68558
human	PD10_XXL_SEZC-1	36238806	27.2167	SEZC-1_cell64	72950	82038	19570	3882	28646	23041	23035
human	PD10_XXL_SEZC-1	36238806	27.2167	SEZC-1_cell65	368019	409756	216379	16368	274940	247530	247488
human	PD10_XXL_SEZC-1	36238806	27.2167	SEZC-1_cell66	149569	167524	27987	19738	58189	32813	32810
human	PD10_XXL_SEZC-1	36238806	27.2167	SEZC-1_cell67	107041	125708	19273	2867	30201	23645	23636
human	PD10_XXL_SEZC-1	36238806	27.2167	SEZC-1_cell68	192	3584	74	15	952	122	122
human	PD10_XXL_SEZC-1	36238806	27.2167	SEZC-1_cell69	90018	101333	31735	2588	42984	38164	38154
human	PD10_XXL_SEZC-1	36238806	27.2167	SEZC-1_cell70	692599	782374	469104	6294	549145	530857	530774
human	PD10_XXL_SEZC-1	36238806	27.2167	SEZC-1_cell71	912349	989131	677373	9698	788122	762945	762821
human	PD10_XXL_SEZC-1	36238806	27.2167	SEZC-1_cell72	282190	311242	182638	5270	218545	207321	207286
human	PD10_XXL_SEZC-1	36238806	27.2167	SEZC-1_cell73	383813	423492	246236	15578	307386	281655	281604
human	PD10_XXL_SEZC-1	36238806	27.2167	SEZC-1_cell74	226007	247699	110103	14934	146755	125520	125496
human	PD10_XXL_SEZC-1	36238806	27.2167	SEZC-1_cell75	331422	368929	215128	4343	258553	244948	244902
human	PD10_XXL_SEZC-1	36238806	27.2167	SEZC-1_cell76	385	2630	51	75	252	82	82
human	PD10_XXL_SEZC-1	36238806	27.2167	SEZC-1_cell77	503550	550389	397387	4920	469127	448762	448686
human	PD10_XXL_SEZC-1	36238806	27.2167	SEZC-1_cell78	438820	497909	243807	4618	291967	279982	279939
human	PD10_XXL_SEZC-1	36238806	27.2167	SEZC-1_cell79	162088	184498	42229	5371	75574	60032	60023
human	PD10_XXL_SEZC-1	36238806	27.2167	SEZC-1_cell80	269968	296788	173957	6111	208464	196901	196867
human	PD10_XXL_SEZC-1	36238806	27.2167	SEZC-1_cell81	334753	371620	205860	14193	258029	232796	232751
human	PD10_XXL_SEZC-1	36238806	27.2167	SEZC-1_cell82	313492	341880	182788	15847	234060	208351	208316
human	PD10_XXL_SEZC-1	36238806	27.2167	SEZC-1_cell83	95461	108435	17642	2519	26814	21801	21795
human	PD10_XXL_SEZC-1	36238806	27.2167	SEZC-1_cell84	158	2365	23	33	353	44	43
human	PD10_XXL_SEZC-1	36238806	27.2167	SEZC-1_cell85	258607	284929	179288	3525	215325	205130	205095
human	PD10_XXL_SEZC-1	36238806	27.2167	SEZC-1_cell86	347459	392732	192635	4538	230856	220923	220886
human	PD10_XXL_SEZC-1	36238806	27.2167	SEZC-1_cell87	95436	105804	18177	4883	29161	22652	22647
human	PD10_XXL_SEZC-1	36238806	27.2167	SEZC-1_cell88	257778	282979	174176	4067	206276	198049	198012
human	PD10_XXL_SEZC-1	36238806	27.2167	SEZC-1_cell89	323426	358969	219053	10112	268897	250217	250172
human	PD10_XXL_SEZC-1	36238806	27.2167	SEZC-1_cell90	248636	271077	165374	9975	204998	186662	186636
human	PD10_XXL_SEZC-1	36238806	27.2167	SEZC-1_cell91	173881	194485	101651	2429	124594	117288	117266
human	PD10_XXL_SEZC-1	36238806	27.2167	SEZC-1_cell92	70	2081	39	49	205	70	70
human	PD10_XXL_SEZC-1	36238806	27.2167	SEZC-1_cell93	381940	419224	287126	3285	339619	326503	326443
human	PD10_XXL_SEZC-1	36238806	27.2167	SEZC-1_cell94	265191	299848	131794	3234	158133	149799	149764
human	PD10_XXL_SEZC-1	36238806	27.2167	SEZC-1_cell95	256124	280833	171364	4711	204360	193802	193764
human	PD10_XXL_SEZC-1	36238806	27.2167	SEZC-1_cell96	197817	216766	140931	3396	166233	159255	159223
human	PD10_XXL_WD-1	36070194	26.7167	WD-1_cell1	458007	503536	312677	13865	385198	358348	358290
human	PD10_XXL_WD-1	36070194	26.7167	WD-1_cell2	342077	374097	224084	17404	283592	254519	254464
human	PD10_XXL_WD-1	36070194	26.7167	WD-1_cell3	179368	201875	108812	2756	133692	125699	125674
human	PD10_XXL_WD-1	36070194	26.7167	WD-1_cell4	301	3154	44	61	532	87	87
human	PD10_XXL_WD-1	36070194	26.7167	WD-1_cell5	56799	67775	20110	2199	26912	23183	23178
human	PD10_XXL_WD-1	36070194	26.7167	WD-1_cell6	635983	707632	441585	4923	518361	500586	500483
human	PD10_XXL_WD-1	36070194	26.7167	WD-1_cell7	377860	410184	270534	5203	324763	309405	309339
human	PD10_XXL_WD-1	36070194	26.7167	WD-1_cell8	379705	416190	307311	3491	354805	345626	345556
human	PD10_XXL_WD-1	36070194	26.7167	WD-1_cell9	346011	381753	223051	12274	277708	255689	255637
human	PD10_XXL_WD-1	36070194	26.7167	WD-1_cell10	607951	654385	468962	14196	556338	526944	526847
human	PD10_XXL_WD-1	36070194	26.7167	WD-1_cell11	228161	253347	151021	3720	184077	172021	171996
human	PD10_XXL_WD-1	36070194	26.7167	WD-1_cell12	36	3173	26	6	467	45	45
human	PD10_XXL_WD-1	36070194	26.7167	WD-1_cell13	341239	374072	263026	4176	308840	295757	295724
human	PD10_XXL_WD-1	36070194	26.7167	WD-1_cell14	553164	618245	373789	6050	441320	422723	422660
human	PD10_XXL_WD-1	36070194	26.7167	WD-1_cell15	599965	652099	457621	7985	533693	514578	514486
human	PD10_XXL_WD-1	36070194	26.7167	WD-1_cell16	327613	360312	262204	4351	304276	294330	294288
human	PD10_XXL_WD-1	36070194	26.7167	WD-1_cell17	349916	385556	220494	15125	277135	251550	251509
human	PD10_XXL_WD-1	36070194	26.7167	WD-1_cell18	279135	305841	173973	14701	218258	195689	195648
human	PD10_XXL_WD-1	36070194	26.7167	WD-1_cell19	241143	270249	165937	4039	199351	188050	188021
human	PD10_XXL_WD-1	36070194	26.7167	WD-1_cell20	10	1852	47	5	426	71	71
human	PD10_XXL_WD-1	36070194	26.7167	WD-1_cell21	317729	348478	242418	5042	288529	274426	274373
human	PD10_XXL_WD-1	36070194	26.7167	WD-1_cell22	450610	503709	271709	7080	321322	307146	307087
human	PD10_XXL_WD-1	36070194	26.7167	WD-1_cell23	832337	898065	651528	9218	757302	731811	731687
human	PD10_XXL_WD-1	36070194	26.7167	WD-1_cell24	286616	313922	215457	3818	251289	243068	243032
human	PD10_XXL_WD-1	36070194	26.7167	WD-1_cell25	286307	320476	154472	17877	204406	176920	176891
human	PD10_XXL_WD-1	36070194	26.7167	WD-1_cell26	378648	414174	263070	17197	327162	295598	295545
human	PD10_XXL_WD-1	36070194	26.7167	WD-1_cell27	275130	307997	194928	3612	234795	223418	223375
human	PD10_XXL_WD-1	36070194	26.7167	WD-1_cell28	239	4269	36	3	274	65	65
human	PD10_XXL_WD-1	36070194	26.7167	WD-1_cell29	393808	435127	308160	4283	363985	347051	346986
human	PD10_XXL_WD-1	36070194	26.7167	WD-1_cell30	577682	648015	405746	8254	479421	457381	457294
human	PD10_XXL_WD-1	36070194	26.7167	WD-1_cell31	405473	442126	282274	9827	337332	318914	318852
human	PD10_XXL_WD-1	36070194	26.7167	WD-1_cell32	335868	365864	261807	4436	305825	295127	295070
human	PD10_XXL_WD-1	36070194	26.7167	WD-1_cell33	340946	378492	226514	12155	280224	256342	256290
human	PD10_XXL_WD-1	36070194	26.7167	WD-1_cell34	200175	222063	114433	14490	150749	129178	129148
human	PD10_XXL_WD-1	36070194	26.7167	WD-1_cell35	237631	263708	160252	4123	192189	181191	181161
human	PD10_XXL_WD-1	36070194	26.7167	WD-1_cell36	198	2297	50	4	591	66	66
human	PD10_XXL_WD-1	36070194	26.7167	WD-1_cell37	339834	370592	272398	3490	320823	309163	309108
human	PD10_XXL_WD-1	36070194	26.7167	WD-1_cell38	539034	598654	386876	6971	454662	438293	438216
human	PD10_XXL_WD-1	36070194	26.7167	WD-1_cell39	372663	405406	267224	7839	314239	300770	300726
human	PD10_XXL_WD-1	36070194	26.7167	WD-1_cell40	224618	246094	159605	4963	188691	180151	180106
human	PD10_XXL_WD-1	36070194	26.7167	WD-1_cell41	274946	309404	156061	14433	200483	176071	176038
human	PD10_XXL_WD-1	36070194	26.7167	WD-1_cell42	404086	436903	270230	18808	339786	304025	303957
human	PD10_XXL_WD-1	36070194	26.7167	WD-1_cell43	327442	363338	221884	4009	268055	254648	254595
human	PD10_XXL_WD-1	36070194	26.7167	WD-1_cell44	116	1562	32	9	325	49	49
human	PD10_XXL_WD-1	36070194	26.7167	WD-1_cell45	295509	322476	226599	3367	267401	257667	257619
human	PD10_XXL_WD-1	36070194	26.7167	WD-1_cell46	324057	369437	161491	4578	196454	184751	184722
human	PD10_XXL_WD-1	36070194	26.7167	WD-1_cell47	485473	522062	339061	9546	403754	384947	384875
human	PD10_XXL_WD-1	36070194	26.7167	WD-1_cell48	311243	342396	234674	4699	270736	262085	262027
human	PD10_XXL_WD-1	36070194	26.7167	WD-1_cell49	390962	434714	262768	12846	327744	301511	301457
human	PD10_XXL_WD-1	36070194	26.7167	WD-1_cell50	357692	386505	227104	18745	290543	258961	258909
human	PD10_XXL_WD-1	36070194	26.7167	WD-1_cell51	251761	279967	162893	3191	200100	188679	188652
human	PD10_XXL_WD-1	36070194	26.7167	WD-1_cell52	93	1845	36	3	237	49	49
human	PD10_XXL_WD-1	36070194	26.7167	WD-1_cell53	353428	385466	276477	3964	325224	313353	313298
human	PD10_XXL_WD-1	36070194	26.7167	WD-1_cell54	319547	357431	177061	3423	211941	201530	201497
human	PD10_XXL_WD-1	36070194	26.7167	WD-1_cell55	200441	219895	111859	5888	138011	126926	126896
human	PD10_XXL_WD-1	36070194	26.7167	WD-1_cell56	281588	306033	205579	4873	240687	230671	230621
human	PD10_XXL_WD-1	36070194	26.7167	WD-1_cell57	462208	506309	317285	16291	393489	360673	360613
human	PD10_XXL_WD-1	36070194	26.7167	WD-1_cell58	298392	328379	176931	17195	226081	200284	200244
human	PD10_XXL_WD-1	36070194	26.7167	WD-1_cell59	234813	259876	152094	3224	183859	173772	173749
human	PD10_XXL_WD-1	36070194	26.7167	WD-1_cell60	41	2476	37	8	148	56	56
human	PD10_XXL_WD-1	36070194	26.7167	WD-1_cell61	363313	395826	282784	4644	336411	322250	322198
human	PD10_XXL_WD-1	36070194	26.7167	WD-1_cell62	350763	395971	188536	5664	227174	212834	212804
human	PD10_XXL_WD-1	36070194	26.7167	WD-1_cell63	409631	441950	286525	8845	340992	325032	324964
human	PD10_XXL_WD-1	36070194	26.7167	WD-1_cell64	243597	265663	175528	4290	207932	199255	199222
human	PD10_XXL_WD-1	36070194	26.7167	WD-1_cell65	341370	376332	209636	15457	263168	238029	237993
human	PD10_XXL_WD-1	36070194	26.7167	WD-1_cell66	349634	381240	219468	17296	276658	248816	248775
human	PD10_XXL_WD-1	36070194	26.7167	WD-1_cell67	236469	265630	157748	4349	189629	178983	178950
human	PD10_XXL_WD-1	36070194	26.7167	WD-1_cell68	74	3627	65	5	331	81	81
human	PD10_XXL_WD-1	36070194	26.7167	WD-1_cell69	417047	457747	327290	5024	388549	368946	368877
human	PD10_XXL_WD-1	36070194	26.7167	WD-1_cell70	601786	671563	409766	5414	481180	462784	462708
human	PD10_XXL_WD-1	36070194	26.7167	WD-1_cell71	442477	479694	305913	9008	362682	343636	343569
human	PD10_XXL_WD-1	36070194	26.7167	WD-1_cell72	308105	339666	229612	6116	271171	260181	260137
human	PD10_XXL_WD-1	36070194	26.7167	WD-1_cell73	316621	348933	204623	13025	254829	231269	231232
human	PD10_XXL_WD-1	36070194	26.7167	WD-1_cell74	252356	273518	145610	21654	193316	163505	163468
human	PD10_XXL_WD-1	36070194	26.7167	WD-1_cell75	115774	128206	49514	2624	65968	57686	57680
human	PD10_XXL_WD-1	36070194	26.7167	WD-1_cell76	234	3219	33	348	672	59	59
human	PD10_XXL_WD-1	36070194	26.7167	WD-1_cell77	372906	406178	294832	4731	344664	332078	332012
human	PD10_XXL_WD-1	36070194	26.7167	WD-1_cell78	507991	576298	334091	6053	397259	382221	382152
human	PD10_XXL_WD-1	36070194	26.7167	WD-1_cell79	431986	469928	288920	11305	343942	324306	324246
human	PD10_XXL_WD-1	36070194	26.7167	WD-1_cell80	314213	342438	241407	4002	279503	271002	270948
human	PD10_XXL_WD-1	36070194	26.7167	WD-1_cell81	280807	308742	179442	13704	227033	205850	205810
human	PD10_XXL_WD-1	36070194	26.7167	WD-1_cell82	267102	294967	169265	15230	213417	191020	190996
human	PD10_XXL_WD-1	36070194	26.7167	WD-1_cell83	207353	229231	129833	2904	154360	146403	146376
human	PD10_XXL_WD-1	36070194	26.7167	WD-1_cell84	666	2314	18		337	28	28
human	PD10_XXL_WD-1	36070194	26.7167	WD-1_cell85	195267	213848	142088	3490	170621	162528	162506
human	PD10_XXL_WD-1	36070194	26.7167	WD-1_cell86	358451	396311	212705	4153	252494	240394	240345
human	PD10_XXL_WD-1	36070194	26.7167	WD-1_cell87	390085	423196	281990	8842	334479	317973	317920
human	PD10_XXL_WD-1	36070194	26.7167	WD-1_cell88	231120	254731	173130	3488	201650	193869	193836
human	PD10_XXL_WD-1	36070194	26.7167	WD-1_cell89	65417	74636	19188	6454	30629	22293	22289
human	PD10_XXL_WD-1	36070194	26.7167	WD-1_cell90	199458	214876	131800	9792	164385	149403	149375
human	PD10_XXL_WD-1	36070194	26.7167	WD-1_cell91	69395	77174	26604	2313	34299	30375	30369
human	PD10_XXL_WD-1	36070194	26.7167	WD-1_cell92	50	1434	16	7	162	21	21
human	PD10_XXL_WD-1	36070194	26.7167	WD-1_cell93	190013	208504	144116	2375	169657	162633	162608
human	PD10_XXL_WD-1	36070194	26.7167	WD-1_cell94	181530	204179	88105	3936	110453	102941	102923
human	PD10_XXL_WD-1	36070194	26.7167	WD-1_cell95	210082	225466	147844	4494	176149	167917	167895
human	PD10_XXL_WD-1	36070194	26.7167	WD-1_cell96	139928	153301	99582	1648	118552	112596	112578
human	PD10_XXL_XCS-1	38428373	26.6167	XCS-1_cell1	56869	70197	25535	4610	39132	31001	30998
human	PD10_XXL_XCS-1	38428373	26.6167	XCS-1_cell2	425580	465525	295906	17723	364012	332114	332057
human	PD10_XXL_XCS-1	38428373	26.6167	XCS-1_cell3	329195	368071	215288	5133	267334	249731	249698
human	PD10_XXL_XCS-1	38428373	26.6167	XCS-1_cell4	1033	10698	13	11	1050	58	58
human	PD10_XXL_XCS-1	38428373	26.6167	XCS-1_cell5	350698	397681	212534	10616	281227	253674	253623
human	PD10_XXL_XCS-1	38428373	26.6167	XCS-1_cell6	739269	848288	263963	8939	396721	344287	344216
human	PD10_XXL_XCS-1	38428373	26.6167	XCS-1_cell7	604833	652948	439062	7977	518677	498458	498362
human	PD10_XXL_XCS-1	38428373	26.6167	XCS-1_cell8	525753	570836	418240	6045	482573	468087	467998
human	PD10_XXL_XCS-1	38428373	26.6167	XCS-1_cell9	130708	150312	25386	11791	51111	31243	31238
human	PD10_XXL_XCS-1	38428373	26.6167	XCS-1_cell10	447521	489309	284966	19247	363856	329734	329673
human	PD10_XXL_XCS-1	38428373	26.6167	XCS-1_cell11	413570	463196	221235	12102	300718	265565	265533
human	PD10_XXL_XCS-1	38428373	26.6167	XCS-1_cell12	141	5541	22	21	751	39	39
human	PD10_XXL_XCS-1	38428373	26.6167	XCS-1_cell13	513653	557936	366689	6601	447538	423298	423230
human	PD10_XXL_XCS-1	38428373	26.6167	XCS-1_cell14	626725	704157	361637	8616	449973	422735	422671
human	PD10_XXL_XCS-1	38428373	26.6167	XCS-1_cell15	160652	181461	39823	19397	75634	47651	47642
human	PD10_XXL_XCS-1	38428373	26.6167	XCS-1_cell16	143935	157603	78761	4641	99675	89572	89555
human	PD10_XXL_XCS-1	38428373	26.6167	XCS-1_cell17	571426	629240	414368	12948	499822	469650	469560
human	PD10_XXL_XCS-1	38428373	26.6167	XCS-1_cell18	514859	557900	357463	20361	437775	403805	403740
human	PD10_XXL_XCS-1	38428373	26.6167	XCS-1_cell19	442006	498881	247567	14886	338224	296826	296772
human	PD10_XXL_XCS-1	38428373	26.6167	XCS-1_cell20	143	7189	32	17	225	55	55
human	PD10_XXL_XCS-1	38428373	26.6167	XCS-1_cell21	523192	572137	328721	14088	433258	392646	392571
human	PD10_XXL_XCS-1	38428373	26.6167	XCS-1_cell22	247329	281085	47718	3196	70369	56874	56864
human	PD10_XXL_XCS-1	38428373	26.6167	XCS-1_cell23	455815	495104	333323	6778	391000	374892	374823
human	PD10_XXL_XCS-1	38428373	26.6167	XCS-1_cell24	405286	443606	314863	5924	363350	351065	351005
human	PD10_XXL_XCS-1	38428373	26.6167	XCS-1_cell25	338682	377887	192677	15464	245373	218923	218898
human	PD10_XXL_XCS-1	38428373	26.6167	XCS-1_cell26	424681	464072	276127	16138	342534	311859	311788
human	PD10_XXL_XCS-1	38428373	26.6167	XCS-1_cell27	271509	307893	178639	4436	218017	204335	204297
human	PD10_XXL_XCS-1	38428373	26.6167	XCS-1_cell28	1321	5665	32	6	662	65	65
human	PD10_XXL_XCS-1	38428373	26.6167	XCS-1_cell29	175943	194640	104515	3418	125582	117628	117611
human	PD10_XXL_XCS-1	38428373	26.6167	XCS-1_cell30	648808	728781	398117	8438	476279	452846	452748
human	PD10_XXL_XCS-1	38428373	26.6167	XCS-1_cell31	371282	403002	209295	7663	271461	248095	248055
human	PD10_XXL_XCS-1	38428373	26.6167	XCS-1_cell32	309580	342505	177741	9280	234456	211448	211408
human	PD10_XXL_XCS-1	38428373	26.6167	XCS-1_cell33	76686	87015	24418	5213	41852	30906	30902
human	PD10_XXL_XCS-1	38428373	26.6167	XCS-1_cell34	120201	129935	85700	3513	104954	97423	97414
human	PD10_XXL_XCS-1	38428373	26.6167	XCS-1_cell35	378242	419598	244046	11451	316005	285557	285511
human	PD10_XXL_XCS-1	38428373	26.6167	XCS-1_cell36	216	3897	16	1	107	25	25
human	PD10_XXL_XCS-1	38428373	26.6167	XCS-1_cell37	68779	76863	24212	2189	33241	28875	28867
human	PD10_XXL_XCS-1	38428373	26.6167	XCS-1_cell38	386721	435515	203911	8804	250892	232597	232559
human	PD10_XXL_XCS-1	38428373	26.6167	XCS-1_cell39	123622	136335	26858	5577	42869	33475	33472
human	PD10_XXL_XCS-1	38428373	26.6167	XCS-1_cell40	199103	221102	130050	3793	153298	146158	146130
human	PD10_XXL_XCS-1	38428373	26.6167	XCS-1_cell41	457457	504765	296916	13800	365209	336970	336891
human	PD10_XXL_XCS-1	38428373	26.6167	XCS-1_cell42	351524	379836	250074	6706	307749	288775	288721
human	PD10_XXL_XCS-1	38428373	26.6167	XCS-1_cell43	284183	314328	158361	5436	200559	187157	187109
human	PD10_XXL_XCS-1	38428373	26.6167	XCS-1_cell44	175	9359	65	9	714	120	120
human	PD10_XXL_XCS-1	38428373	26.6167	XCS-1_cell45	638091	703276	455391	13279	567916	529669	529575
human	PD10_XXL_XCS-1	38428373	26.6167	XCS-1_cell46	851836	971223	398275	19628	554161	494676	494582
human	PD10_XXL_XCS-1	38428373	26.6167	XCS-1_cell47	118871	132140	27761	7221	43911	33766	33757
human	PD10_XXL_XCS-1	38428373	26.6167	XCS-1_cell48	453054	493490	319375	6710	370675	358105	358050
human	PD10_XXL_XCS-1	38428373	26.6167	XCS-1_cell49	182559	212617	43159	13395	73406	53923	53916
human	PD10_XXL_XCS-1	38428373	26.6167	XCS-1_cell50	156808	173833	23720	19118	54369	28254	28250
human	PD10_XXL_XCS-1	38428373	26.6167	XCS-1_cell51	359889	397246	247331	4435	297116	283063	283018
human	PD10_XXL_XCS-1	38428373	26.6167	XCS-1_cell52	130	4210	35	10	934	90	90
human	PD10_XXL_XCS-1	38428373	26.6167	XCS-1_cell53	507940	553031	375169	5750	459331	433990	433933
human	PD10_XXL_XCS-1	38428373	26.6167	XCS-1_cell54	784842	879219	531082	6563	625368	601415	601307
human	PD10_XXL_XCS-1	38428373	26.6167	XCS-1_cell55	500191	542078	285415	14730	376363	339727	339661
human	PD10_XXL_XCS-1	38428373	26.6167	XCS-1_cell56	135430	149947	29689	5020	43151	34659	34654
human	PD10_XXL_XCS-1	38428373	26.6167	XCS-1_cell57	262764	295066	149700	12215	194761	171873	171842
human	PD10_XXL_XCS-1	38428373	26.6167	XCS-1_cell58	168493	183477	32176	18296	65184	39560	39554
human	PD10_XXL_XCS-1	38428373	26.6167	XCS-1_cell59	276375	308071	172884	4939	212789	199647	199611
human	PD10_XXL_XCS-1	38428373	26.6167	XCS-1_cell60	81	2631	18	57	200	35	35
human	PD10_XXL_XCS-1	38428373	26.6167	XCS-1_cell61	78313	89774	24838	2985	33959	29325	29318
human	PD10_XXL_XCS-1	38428373	26.6167	XCS-1_cell62	611325	683406	367388	8922	440540	419822	419758
human	PD10_XXL_XCS-1	38428373	26.6167	XCS-1_cell63	139153	151889	36896	5764	53178	44158	44149
human	PD10_XXL_XCS-1	38428373	26.6167	XCS-1_cell64	360773	399703	260605	5908	307962	295457	295393
human	PD10_XXL_XCS-1	38428373	26.6167	XCS-1_cell65	519862	572381	328982	10935	422644	386102	386042
human	PD10_XXL_XCS-1	38428373	26.6167	XCS-1_cell66	283059	305977	197047	6156	243609	227038	226999
human	PD10_XXL_XCS-1	38428373	26.6167	XCS-1_cell67	280273	311519	167068	4479	205767	192703	192678
human	PD10_XXL_XCS-1	38428373	26.6167	XCS-1_cell68	278	6225	48	24	452	95	95
human	PD10_XXL_XCS-1	38428373	26.6167	XCS-1_cell69	489252	534578	365885	5925	439098	419188	419107
human	PD10_XXL_XCS-1	38428373	26.6167	XCS-1_cell70	449318	507217	243634	11818	315952	286701	286658
human	PD10_XXL_XCS-1	38428373	26.6167	XCS-1_cell71	1136595	1221526	904659	9262	1042188	1014071	1013899
human	PD10_XXL_XCS-1	38428373	26.6167	XCS-1_cell72	404335	441965	291490	7503	344102	331038	330999
human	PD10_XXL_XCS-1	38428373	26.6167	XCS-1_cell73	127544	149585	27742	11573	51979	33774	33770
human	PD10_XXL_XCS-1	38428373	26.6167	XCS-1_cell74	193860	213180	69644	18241	105945	80412	80398
human	PD10_XXL_XCS-1	38428373	26.6167	XCS-1_cell75	378051	414413	265620	5182	320214	302871	302814
human	PD10_XXL_XCS-1	38428373	26.6167	XCS-1_cell76	142	3145	1	53	129	9	9
human	PD10_XXL_XCS-1	38428373	26.6167	XCS-1_cell77	175482	193021	99910	7394	138609	120826	120801
human	PD10_XXL_XCS-1	38428373	26.6167	XCS-1_cell78	212394	241024	34203	4072	52616	44304	44298
human	PD10_XXL_XCS-1	38428373	26.6167	XCS-1_cell79	553416	594626	393238	7839	462169	444191	444101
human	PD10_XXL_XCS-1	38428373	26.6167	XCS-1_cell80	401562	439624	297326	5876	352183	336621	336564
human	PD10_XXL_XCS-1	38428373	26.6167	XCS-1_cell81	128243	141594	79945	5590	102561	91325	91304
human	PD10_XXL_XCS-1	38428373	26.6167	XCS-1_cell82	321827	346994	201094	8250	263615	238437	238380
human	PD10_XXL_XCS-1	38428373	26.6167	XCS-1_cell83	281724	316384	141475	6483	194188	174115	174083
human	PD10_XXL_XCS-1	38428373	26.6167	XCS-1_cell84	118	4935	29	7	436	42	42
human	PD10_XXL_XCS-1	38428373	26.6167	XCS-1_cell85	590753	640253	455678	8285	541679	515839	515744
human	PD10_XXL_XCS-1	38428373	26.6167	XCS-1_cell86	619063	689851	397232	7274	468360	448735	448639
human	PD10_XXL_XCS-1	38428373	26.6167	XCS-1_cell87	157153	170958	50984	4934	70982	60610	60594
human	PD10_XXL_XCS-1	38428373	26.6167	XCS-1_cell88	428776	467202	316885	6764	374887	357470	357405
human	PD10_XXL_XCS-1	38428373	26.6167	XCS-1_cell89	108374	121761	36241	9671	54585	41432	41425
human	PD10_XXL_XCS-1	38428373	26.6167	XCS-1_cell90	253033	273914	165479	9166	200759	185560	185533
human	PD10_XXL_XCS-1	38428373	26.6167	XCS-1_cell91	191771	213773	117411	3351	143627	134722	134709
human	PD10_XXL_XCS-1	38428373	26.6167	XCS-1_cell92	112	1931	13	1	78	21	21
human	PD10_XXL_XCS-1	38428373	26.6167	XCS-1_cell93	109216	121119	60788	2049	75840	69922	69912
human	PD10_XXL_XCS-1	38428373	26.6167	XCS-1_cell94	361986	400915	210085	3797	249225	237232	237183
human	PD10_XXL_XCS-1	38428373	26.6167	XCS-1_cell95	86404	96499	20220	4661	33208	25525	25518
human	PD10_XXL_XCS-1	38428373	26.6167	XCS-1_cell96	210378	231102	145036	3499	171203	164608	164583
