human	PR10XB2cell1	559445	270748	10678	50157	227862	15820	1472	14348	23	3077	4.3833
human	PR10XB2cell2	1329343	676925	12423	54306	585689	27157	2054	25103	19	4026	5.9333
human	PR10XB2cell3	642937	313563	8278	35556	285540	18426	1374	17052	22	3199	4.4333
human	PR10XB2cell4	568203	357001	3838	24393	182971	10081	751	9330	20	2464	4.3667
human	PR10XB2cell5	947680	322208	14781	62974	547717	23466	1765	21701	21	3655	5.0333
human	PR10XB2cell6	1300099	399062	20881	70455	809701	31910	2015	29895	26	4078	5.7167
human	PR10XB2cell7	1324957	555252	18411	65366	685928	27020	1816	25204	26	3897	5.8167
human	PR10XB2cell8	772578	309161	8785	36073	418559	18135	1303	16832	25	3203	4.7500
human	PR10XB2cell9	867491	431626	8873	60352	366640	20431	1911	18520	21	3412	4.9167
human	PR10XB2cell10	1255631	364906	22555	58493	809677	36296	2068	34228	21	4367	5.6833
human	PR10XB2cell11	693998	181180	6542	44072	462204	21859	1495	20364	17	3350	4.5833
human	PR10XB2cell12	374140	208984	2966	25313	136877	8634	703	7931	20	2188	4.0833
human	PR10XB2cell13	939793	298938	23640	40779	576436	25133	1505	23628	23	3720	5.0167
human	PR10XB2cell14	1137841	412197	24216	55133	646295	29569	1907	27662	23	3971	5.4833
human	PR10XB2cell15	869563	427213	13187	34327	394836	21503	1363	20140	23	3645	4.9167
human	PR10XB2cell16	884163	344327	10702	36103	493031	22755	1272	21483	25	3481	4.9667
human	PR10XB2cell17	898400	335198	14541	41569	507092	24030	1506	22524	23	3752	5.0333
human	PR10XB2cell18	567983	188729	7426	20629	351199	19396	1516	17880	24	3394	4.2833
human	PR10XB2cell19	652430	273677	8175	35238	335340	17324	1178	16146	25	3251	4.4667
human	PR10XB2cell20	376141	189895	9386	10063	166797	11013	645	10368	17	2627	4.0500
human	PR10XB2cell21	1113939	431350	22149	61058	599382	27051	1861	25190	23	4022	5.4667
human	PR10XB2cell22	1676980	537745	25233	62924	1051078	42423	2035	40388	23	4734	6.6167
human	PR10XB2cell23	1177661	442964	17642	70845	646210	29896	1968	27928	26	4196	5.5333
human	PR10XB2cell24	793688	376540	7868	30255	379025	19542	1160	18382	23	3487	4.8167
human	PR10XB2cell25	1071580	472651	16885	53089	528955	26204	1803	24401	26	3927	5.3667
human	PR10XB2cell26	1469861	582646	22453	86398	778364	31811	2985	28826	23	4099	6.1667
human	PR10XB2cell27	843361	312477	11695	55409	463780	22409	1687	20722	20	3534	4.9000
human	PR10XB2cell28	509010	169013	5088	17784	317125	14195	704	13491	16	2786	4.1833
human	PR10XB2cell29	1984605	632165	31283	56664	1264493	45326	1782	43544	23	4855	7.1667
human	PR10XB2cell30	3036121	1300402	34903	56292	1644524	59877	1968	57909	24	5561	9.3000
human	PR10XB2cell31	1391445	332214	24355	72026	962850	38748	2055	36693	26	4519	5.8833
human	PR10XB2cell32	1149230	401846	15840	45145	686399	28161	1383	26778	27	4011	5.4667
human	PR10XB2cell33	1060115	369876	15362	44064	630813	32879	1976	30903	19	3625	5.3833
human	PR10XB2cell34	873355	348426	10068	84490	430371	27197	3444	23753	26	3226	4.9667
human	PR10XB2cell35	924056	305484	9737	31148	577687	30478	1468	29010	22	3441	5.1500
human	PR10XB2cell36	364077	216102	3237	20160	124578	10097	901	9196	14	2218	3.9833
human	PR10XB2cell37	1006400	400213	12532	61521	532134	32438	2498	29940	23	3656	5.2000
human	PR10XB2cell38	2401308	706398	38258	42069	1614583	82024	2052	79972	22	5107	8.5833
human	PR10XB2cell39	1168528	508525	20558	62682	576763	32963	2587	30376	28	3704	5.6333
human	PR10XB2cell40	763333	288793	11355	39809	423376	25330	1727	23603	22	3327	4.7167
human	PR10XB2cell41	1059350	434537	16553	41038	567222	60878	3263	57615	25	4341	5.5833
human	PR10XB2cell42	569039	263233	6838	42087	256881	37202	4452	32750	24	3519	4.4833
human	PR10XB2cell43	1300810	381047	19123	48447	852193	82218	3835	78383	23	4657	6.1667
human	PR10XB2cell44	597934	221425	9666	30629	336214	34229	2164	32065	18	3190	4.4833
human	PR10XB2cell45	1442627	331314	17947	57945	1035421	92912	4584	88328	20	4714	6.4000
human	PR10XB2cell46	1047721	409987	11770	51743	574221	59438	4102	55336	24	4299	5.6833
human	PR10XB2cell47	1016333	342501	17336	51786	604710	58303	3943	54360	26	4263	5.3500
human	PR10XB2cell48	877477	330056	15193	26668	505560	50739	2319	48420	21	3811	5.1167
human	PR10XB2cell49	1001362	314556	13831	57745	615230	32877	2402	30475	26	3787	5.2500
human	PR10XB2cell50	754944	285721	8342	76332	384549	25284	3113	22171	22	3378	4.7333
human	PR10XB2cell51	983043	279976	13634	36546	652887	33267	1695	31572	22	3742	5.1833
human	PR10XB2cell52	568306	283008	3061	25191	257046	14345	884	13461	17	2472	4.3500
human	PR10XB2cell53	1207420	430705	13179	81114	682422	35590	2826	32764	27	3808	5.6000
human	PR10XB2cell54	1730514	484834	26156	57182	1162342	56860	2423	54437	23	4849	6.7667
human	PR10XB2cell55	1324042	403231	21376	69901	829534	41450	2704	38746	22	4373	5.8167
human	PR10XB2cell56	1101019	466153	12464	39099	583303	31733	1681	30052	19	3789	5.4500
human	PR10XB2cell57	2105831	533455	32636	41637	1498103	143805	3720	140085	24	5425	8.1500
human	PR10XB2cell58	1788584	275507	21437	885474	606166	129564	64233	65331	35	4023	22.5500
human	PR10XB2cell59	486020	179439	6707	40065	259809	34580	3660	30920	22	3456	4.3000
human	PR10XB2cell60	475769	183053	6256	16789	269671	28445	1512	26933	17	2925	4.2500
human	PR10XB2cell61	1692105	518838	24692	59294	1089281	107017	4964	102053	20	4654	7.3333
human	PR10XB2cell62	1046472	381734	13219	53263	598256	61659	4366	57293	22	4216	5.6500
human	PR10XB2cell63	2028170	670677	36002	55710	1265781	113167	4607	108560	26	5180	8.1500
human	PR10XB2cell64	1207540	493895	15044	40928	657673	65318	3271	62047	23	3945	5.8333
human	PR10XB2cell65	1106138	418244	14563	25770	647561	35526	1328	34198	20	4374	5.4167
human	PR10XB2cell66	923149	431633	9134	57092	425290	25878	2701	23177	26	3633	5.0167
human	PR10XB2cell67	525227	170261	9900	47094	297972	19958	1832	18126	19	3245	4.2333
human	PR10XB2cell68	728778	291076	9322	25551	402829	21687	1012	20675	15	3363	4.6667
human	PR10XB2cell69	923665	307367	19704	57280	539314	31013	2149	28864	20	4069	4.9833
human	PR10XB2cell70	602467	378058	4191	19649	200569	21046	1288	19758	24	3982	4.4500
human	PR10XB2cell71	1385200	710398	11193	48374	615235	32855	2066	30789	26	4399	6.0667
human	PR10XB2cell72	394007	124015	5157	42139	222696	17954	1694	16260	21	3287	4.0167
human	PR10XB2cell73	1231181	396454	16961	68770	748996	38441	2491	35950	20	4226	5.6667
human	PR10XB2cell74	1010937	431002	15992	57884	506059	28442	2506	25936	22	3506	5.2333
human	PR10XB2cell75	328001	109855	2084	40805	175257	15657	1729	13928	21	2951	3.9333
human	PR10XB2cell76	417683	224278	2845	9782	180778	11060	634	10426	19	2338	4.0500
human	PR10XB2cell77	1424969	283746	36831	46305	1058087	45976	2042	43934	20	4446	6.0667
human	PR10XB2cell78	1246321	597306	17590	50491	580934	30958	1962	28996	25	3884	5.7333
human	PR10XB2cell79	1230814	538904	17406	56187	618317	32551	2117	30434	24	3959	5.6500
human	PR10XB2cell80	834078	322271	11815	28745	471247	26382	1331	25051	23	3624	4.8500
human	PR10XB2cell81	777281	264567	10417	58811	443486	52222	4554	47668	24	3482	5.1667
human	PR10XB2cell82	862757	274790	7501	60708	519758	59631	5553	54078	22	3334	5.2000
human	PR10XB2cell83	716633	201329	12247	21879	481178	58457	2250	56207	24	3833	4.8000
human	PR10XB2cell84	374402	135446	4429	26235	208292	23793	1832	21961	21	2477	4.0500
human	PR10XB2cell85	901317	326298	9652	40882	524485	61465	3876	57589	18	3918	5.1833
human	PR10XB2cell86	824564	298821	8936	49827	466980	50549	3957	46592	24	3650	4.9167
human	PR10XB2cell87	835773	327211	10717	50339	447506	48519	4177	44342	23	3574	5.0167
human	PR10XB2cell88	861183	379994	10149	35559	435481	48413	3187	45226	24	3330	5.1500
human	PR10XB2cell89	523142	146122	6632	20821	349567	23939	1179	22760	22	3399	4.2333
human	PR10XB2cell90	783452	426946	8153	32452	315901	23133	1956	21177	23	3325	4.8333
human	PR10XB2cell91	341645	131335	4744	19147	186419	14624	1100	13524	19	2636	3.9667
human	PR10XB2cell92	158889	70101	2581	11143	75064	7466	619	6847	14	1825	3.7167
human	PR10XB2cell93	956931	435477	11894	21204	488356	30328	1190	29138	21	3687	5.1333
human	PR10XB2cell94	427156	183421	7813	27737	208185	18069	1424	16645	21	3092	4.0667
human	PR10XB2cell95	987171	358164	14114	26376	588517	37523	1456	36067	24	4214	5.2500
human	PR10XB2cell96	145414	54543	1310	10549	79012	9691	773	8918	20	2357	3.6500
human	PR10XB3cell1	1971724	572530	33681	82062	1283451	44721	2400	42321	26	4446	7.1833
human	PR10XB3cell2	1526032	600274	23909	139402	762447	30489	3466	27023	25	3858	6.3667
human	PR10XB3cell3	1469275	416300	20646	62466	969863	36817	1810	35007	22	4265	6.1167
human	PR10XB3cell4	969579	423426	8344	44653	493156	19618	1194	18424	24	3082	5.1667
human	PR10XB3cell5	2557262	686582	44837	97888	1727955	56849	2740	54109	24	4800	8.1833
human	PR10XB3cell6	1705404	975933	8750	101881	618840	28370	2852	25518	27	3869	6.7833
human	PR10XB3cell7	1924378	841145	19441	101700	962092	37962	2728	35234	24	4478	7.0500
human	PR10XB3cell8	1710093	682118	19414	68773	939788	33570	1922	31648	27	3992	6.5500
human	PR10XB3cell9	2481597	612458	39483	87115	1742541	61831	2754	59077	24	5285	8.1500
human	PR10XB3cell10	1448272	610921	15222	99973	722156	31739	2985	28754	25	3742	6.1000
human	PR10XB3cell11	943191	365250	11411	46270	520260	24845	1724	23121	20	3553	5.0333
human	PR10XB3cell12	525887	257957	5283	16846	245801	12302	770	11532	17	2456	4.2500
human	PR10XB3cell13	1102938	379359	18654	46296	658629	30143	1881	28262	25	3752	5.3167
human	PR10XB3cell14	1727214	628237	40274	95491	963212	41611	3005	38606	27	4364	6.6167
human	PR10XB3cell15	2232648	853971	46371	146158	1186148	47434	3659	43775	22	4633	7.7667
human	PR10XB3cell16	935859	327519	14347	43146	550847	27403	1576	25827	24	3681	5.0833
human	PR10XB3cell17	1899224	697407	37716	78539	1085562	40876	2358	38518	23	4592	7.0333
human	PR10XB3cell18	1711473	545872	21483	99080	1045038	37696	2492	35204	21	4390	6.4833
human	PR10XB3cell19	1217509	463826	18246	44205	691232	30318	1581	28737	20	4141	5.6000
human	PR10XB3cell20	760615	363383	8712	33758	354762	15799	1130	14669	26	3054	4.6667
human	PR10XB3cell21	1589137	325017	35060	62640	1166420	41956	2100	39856	27	4466	6.4667
human	PR10XB3cell22	2516124	766042	29974	119611	1600497	55675	3186	52489	28	5105	8.5167
human	PR10XB3cell23	1321081	543456	21328	64137	692160	35045	2151	32894	25	4677	5.8500
human	PR10XB3cell24	2063187	815164	29992	32786	1185245	44341	1404	42937	29	4778	7.3667
human	PR10XB3cell25	1631483	547315	31777	121157	931234	40557	3319	37238	23	4549	6.4333
human	PR10XB3cell26	1664254	630373	28696	156803	848382	36154	3768	32386	25	4262	6.5500
human	PR10XB3cell27	1306717	338152	18330	38747	911488	39375	1659	37716	22	4621	5.6500
human	PR10XB3cell28	725962	327185	11712	23662	363403	15520	1000	14520	23	2857	4.6667
human	PR10XB3cell29	2357078	723491	36955	98590	1498042	52732	2833	49899	25	4807	7.8833
human	PR10XB3cell30	2597190	692219	48115	96606	1760250	64596	3004	61592	25	5099	8.5333
human	PR10XB3cell31	2340144	822316	31447	119513	1366868	54346	3371	50975	22	5050	7.9000
human	PR10XB3cell32	2003279	542508	52470	59188	1349113	53334	1973	51361	22	5049	7.3667
human	PR10XB3cell33	1284797	454224	23673	69527	737373	40079	2973	37106	21	3844	5.8167
human	PR10XB3cell34	1129938	502931	16290	63239	547478	33341	2743	30598	24	3682	5.5167
human	PR10XB3cell35	799626	288560	17448	67099	426519	25779	2485	23294	17	3123	4.8167
human	PR10XB3cell36	665272	308660	9133	57760	289719	17348	2048	15300	17	2585	4.5833
human	PR10XB3cell37	2073116	604242	34755	94560	1339559	61910	3613	58297	25	4217	7.4500
human	PR10XB3cell38	2133573	720497	38939	77409	1296728	64897	3563	61334	26	4603	7.6167
human	PR10XB3cell39	1627158	535388	22871	72007	996892	50608	3018	47590	22	4249	6.6333
human	PR10XB3cell40	2081576	983558	29798	58943	1009277	49915	2489	47426	22	4116	7.4000
human	PR10XB3cell41	1023703	418914	12290	83499	509000	65343	6599	58744	27	4582	5.5667
human	PR10XB3cell42	1145604	414072	19220	62219	650093	75244	5928	69316	22	4261	5.9167
human	PR10XB3cell43	1062337	488667	12652	48045	512973	54454	4021	50433	19	3816	5.6000
human	PR10XB3cell44	801778	353252	10478	27942	410106	39441	2570	36871	22	3305	4.9333
human	PR10XB3cell45	1776791	660087	55746	123858	937100	95261	8790	86471	25	4459	6.9000
human	PR10XB3cell46	1852820	613960	30009	93285	1115566	102950	6910	96040	28	4797	7.0667
human	PR10XB3cell47	2457698	584305	49772	81151	1742470	143058	5821	137237	22	5254	9.5167
human	PR10XB3cell48	1430359	592653	21355	73324	743027	72759	5261	67498	24	4254	6.1500
human	PR10XB3cell49	2022949	848396	31976	92124	1050453	54517	3734	50783	21	4504	6.9333
human	PR10XB3cell50	1402210	355888	15778	76142	954402	49151	3519	45632	23	4059	5.8500
human	PR10XB3cell51	832354	316846	13964	59418	442126	29727	2476	27251	19	3600	4.5833
human	PR10XB3cell52	774392	293964	9669	23977	446782	24150	1262	22888	20	3067	4.4833
human	PR10XB3cell53	1797897	734745	30090	85122	947940	48684	3371	45313	22	4086	6.4333
human	PR10XB3cell54	2976388	965220	50692	90782	1869694	88591	3543	85048	27	5487	8.7000
human	PR10XB3cell55	1741794	622147	19713	84902	1015032	55326	3437	51889	23	4642	6.4333
human	PR10XB3cell56	1251229	257373	28211	34798	930847	51050	1882	49168	22	4416	5.3167
human	PR10XB3cell57	1208679	431669	18887	68367	689756	81913	6112	75801	22	4466	5.6833
human	PR10XB3cell58	2676475	753575	46369	102054	1774477	186112	8910	177202	25	5179	10.4833
human	PR10XB3cell59	639148	199993	9767	51735	377653	49728	4733	44995	21	3624	4.4500
human	PR10XB3cell60	372050	190581	3271	26921	151277	22636	2177	20459	20	2844	3.7333
human	PR10XB3cell61	1619808	608860	20090	59866	930992	105275	6132	99143	26	4370	7.1667
human	PR10XB3cell62	2115556	817059	24524	86349	1187624	111847	7024	104823	28	4784	8.2000
human	PR10XB3cell63	1566931	600090	27984	64200	874657	95154	5725	89429	24	4878	6.3333
human	PR10XB3cell64	1484306	389470	24967	55906	1013963	97396	5011	92385	26	4308	7.1333
human	PR10XB3cell65	2056032	690666	30058	82428	1252880	62183	3327	58856	25	5254	7.6500
human	PR10XB3cell66	1750721	780288	26378	84337	859718	42831	3038	39793	24	4301	6.8000
human	PR10XB3cell67	1210408	447324	27942	58172	676970	34970	2331	32639	23	3996	5.6000
human	PR10XB3cell68	847300	426604	14300	27093	379303	20379	1347	19032	24	3404	4.9000
human	PR10XB3cell69	1928194	627708	31238	90281	1178967	55154	3336	51818	28	4748	7.2333
human	PR10XB3cell70	2094226	891763	30421	64107	1107935	53603	2922	50681	27	4964	7.6000
human	PR10XB3cell71	2938834	879171	43798	101610	1914255	78697	3575	75122	28	5440	9.3667
human	PR10XB3cell72	985642	425653	11540	50556	497893	31396	2119	29277	20	4030	5.2167
human	PR10XB3cell73	1372334	453732	18725	87206	812671	42773	3331	39442	25	4238	6.0333
human	PR10XB3cell74	1912048	477048	34602	86149	1314249	61536	3436	58100	23	4394	7.0833
human	PR10XB3cell75	1091296	451922	13056	51888	574430	31584	2330	29254	26	3567	5.4333
human	PR10XB3cell76	953924	404410	15895	58233	475386	23744	1718	22026	17	3097	5.1000
human	PR10XB3cell77	1647709	584739	29556	123424	909990	47400	4349	43051	24	4150	6.5000
human	PR10XB3cell78	674636	257654	8778	99024	309180	26717	3719	22998	24	3674	4.5333
human	PR10XB3cell79	1190631	425975	20021	43236	701399	40898	2307	38591	23	4387	5.6333
human	PR10XB3cell80	1040201	427060	20306	35847	556988	32868	1719	31149	21	3883	5.2667
human	PR10XB3cell81	1302243	475662	15137	83393	728051	82909	6835	76074	27	4290	6.6000
human	PR10XB3cell82	1108089	531364	11272	59190	506263	69148	5964	63184	23	3792	5.7167
human	PR10XB3cell83	1293269	384438	18821	50399	839611	88664	4245	84419	22	3988	6.5167
human	PR10XB3cell84	507323	238483	2648	41108	225084	25831	2865	22966	20	2479	4.2833
human	PR10XB3cell85	1046915	188775	15428	45016	797696	99544	4774	94770	26	4326	5.6500
human	PR10XB3cell86	1917630	946420	26220	69570	875420	90405	6294	84111	25	4358	8.1000
human	PR10XB3cell87	1115728	481656	12601	51948	569523	67386	4521	62865	23	4144	5.7500
human	PR10XB3cell88	120355	63745	969	7325	48316	14895	1400	13495	21	2896	3.5167
human	PR10XB3cell89	1609080	673930	18541	38206	878403	58249	2333	55916	25	4910	6.6000
human	PR10XB3cell90	1170103	378005	17944	56324	717830	43979	2807	41172	23	3751	5.6500
human	PR10XB3cell91	315670	135220	2667	21169	156614	15935	1437	14498	21	2865	3.8333
human	PR10XB3cell92	233963	118460	1505	8529	105469	10020	709	9311	18	2083	3.6500
human	PR10XB3cell93	117362	38127	2172	7559	69504	13516	1010	12506	22	2994	3.4500
human	PR10XB3cell94	885877	342046	18730	53781	471320	35152	2658	32494	26	3937	5.1000
human	PR10XB3cell95	2516173	975388	37734	33072	1469979	89199	1989	87210	21	5820	8.7167
human	PR10XB3cell96	599666	191975	7387	29686	370618	27636	1770	25866	24	3520	4.4167
human	PR10XB4cell1	1250581	522091	15834	65272	647384	26248	1789	24459	27	3900	5.6667
human	PR10XB4cell2	1172363	439926	13446	67490	651501	23691	1859	21832	18	3568	5.5333
human	PR10XB4cell3	845811	343184	7859	59419	435349	19853	1459	18394	24	3441	4.8333
human	PR10XB4cell4	769160	366315	5401	31375	366069	14936	758	14178	18	2902	4.7000
human	PR10XB4cell5	2155221	602823	30214	92313	1429871	42809	2344	40465	26	4394	7.6167
human	PR10XB4cell6	1630327	712229	21461	61635	835002	29977	1773	28204	25	4006	6.4333
human	PR10XB4cell7	2187950	803510	30140	77224	1277076	37203	1981	35222	26	4275	7.4667
human	PR10XB4cell8	1499507	627439	16414	54078	801576	28585	1436	27149	25	3920	6.2167
human	PR10XB4cell9	1146818	409901	22562	70208	644147	28799	1895	26904	20	4036	5.4833
human	PR10XB4cell10	954567	413198	8980	107728	424661	20690	2649	18041	23	3291	5.1500
human	PR10XB4cell11	1250638	387664	16715	52943	793316	30378	1620	28758	22	3948	5.7000
human	PR10XB4cell12	587979	256275	12738	16893	302073	13805	603	13202	19	2811	4.4167
human	PR10XB4cell13	1837644	558423	33341	72609	1173271	37972	2044	35928	25	4267	6.7833
human	PR10XB4cell14	1542464	722530	16076	55621	748237	30068	1876	28192	19	3962	6.3000
human	PR10XB4cell15	2503744	683942	34386	63056	1722360	51776	1888	49888	22	5122	7.9667
human	PR10XB4cell16	1587168	453653	21693	41860	1069962	38318	1295	37023	25	4343	6.3667
human	PR10XB4cell17	1148625	500561	14563	50911	582590	25074	1584	23490	17	3856	5.5333
human	PR10XB4cell18	1222140	456563	11920	55858	697799	25840	1635	24205	21	3773	5.5833
human	PR10XB4cell19	677905	268704	8689	51115	349397	16999	1443	15556	22	3248	4.5333
human	PR10XB4cell20	714171	374538	5885	30817	302931	13837	902	12935	15	2985	4.6333
human	PR10XB4cell21	4254074	2180279	52396	54081	1967318	58379	1567	56812	23	5544	11.8667
human	PR10XB4cell22	1631612	582122	18875	74750	955865	34809	2080	32729	25	4383	6.4333
human	PR10XB4cell23	2179729	716619	48184	63944	1350982	42250	1804	40446	24	4705	7.4833
human	PR10XB4cell24	1355305	433481	20754	32803	868267	32232	1136	31096	26	4291	5.8667
human	PR10XB4cell25	1145477	391853	11443	71855	670326	29362	2169	27193	21	4050	5.4500
human	PR10XB4cell26	2090808	937289	28030	57308	1068181	36846	1926	34920	21	4277	7.4000
human	PR10XB4cell27	2325463	869725	31833	53764	1370141	45937	1712	44225	23	4956	7.8833
human	PR10XB4cell28	631032	333231	3735	27783	266283	12459	877	11582	23	2722	4.4833
human	PR10XB4cell29	1809895	622015	21449	97933	1068498	40806	2410	38396	26	4715	4.6167
human	PR10XB4cell30	1409952	547102	19074	57633	786143	31806	1871	29935	24	4299	4.0167
human	PR10XB4cell31	699567	291947	10883	12278	384459	23801	1070	22731	22	4000	3.0667
human	PR10XB4cell32	1983136	642069	28451	40624	1271992	44083	1373	42710	23	5130	4.7333
human	PR10XB4cell33	1316371	591906	17229	56501	650735	31901	2236	29665	21	3554	3.9500
human	PR10XB4cell34	984348	325769	23086	66497	568996	28934	2482	26452	21	3275	3.4667
human	PR10XB4cell35	802257	316331	9227	41295	435404	21755	1615	20140	19	2963	3.1667
human	PR10XB4cell36	1001384	414037	14721	31661	540965	26166	1024	25142	17	3344	3.5500
human	PR10XB4cell37	1608111	529020	22324	47587	1009180	43500	2001	41499	27	3796	4.4000
human	PR10XB4cell38	1193306	475944	14170	83077	620115	33444	2930	30514	24	3647	3.8333
human	PR10XB4cell39	1429914	815301	8396	70294	535923	27703	2442	25261	19	3495	4.2333
human	PR10XB4cell40	710435	262997	9719	30208	407511	24833	1419	23414	22	3428	3.1333
human	PR10XB4cell41	3106263	829199	64390	53259	2159415	176096	4056	172040	19	5806	8.3667
human	PR10XB4cell42	1773224	904341	23443	58548	786892	70722	4617	66105	21	3949	4.8833
human	PR10XB4cell43	700958	206058	14597	43841	436462	44031	3231	40800	21	3563	3.2000
human	PR10XB4cell44	657026	349343	4590	31675	271418	27050	2102	24948	18	3039	3.1000
human	PR10XB4cell45	1662215	525536	32459	64276	1039944	90957	4757	86200	27	4357	5.3833
human	PR10XB4cell46	1858799	725292	36266	69223	1028018	85845	4595	81250	24	4571	5.1333
human	PR10XB4cell47	1542159	667240	22612	73305	779002	64542	4553	59989	24	4220	4.4833
human	PR10XB4cell48	1693560	428284	28773	36730	1199773	99106	3001	96105	23	4553	5.7333
human	PR10XB4cell49	1370026	491080	18777	93425	766744	38602	3183	35419	20	4074	4.0333
human	PR10XB4cell50	1317799	520842	13274	66495	717188	33289	2503	30786	23	3721	3.8833
human	PR10XB4cell51	1137339	449117	12962	40028	635232	30940	1660	29280	21	3702	3.7167
human	PR10XB4cell52	741219	360989	8762	28469	342999	17043	1074	15969	19	2676	3.1333
human	PR10XB4cell53	928919	360910	13626	31961	522422	29701	1567	28134	26	3727	3.4667
human	PR10XB4cell54	1453600	605716	21374	52983	773527	38767	2199	36568	21	4225	4.1500
human	PR10XB4cell55	2146450	889594	22732	60321	1173803	50273	2354	47919	26	4524	5.3167
human	PR10XB4cell56	835621	322398	11048	41481	460694	27434	1636	25798	23	3683	3.2667
human	PR10XB4cell57	2261044	784953	28811	71103	1376177	124908	5319	119589	24	5046	6.0167
human	PR10XB4cell58	1320134	538457	18130	80288	683259	72917	6876	66041	20	3860	4.3000
human	PR10XB4cell59	713882	323772	11383	38653	340074	39275	3268	36007	26	3521	3.2167
human	PR10XB4cell60	538917	275212	5134	25431	233140	25440	1907	23533	22	2910	2.9167
human	PR10XB4cell61	2676109	1176215	39683	68375	1391836	129529	5736	123793	27	4955	6.6500
human	PR10XB4cell62	1686442	814034	21728	54227	796453	72810	4410	68400	22	4300	4.7500
human	PR10XB4cell63	1630961	547619	17236	82817	983289	88144	5222	82922	23	4456	5.0000
human	PR10XB4cell64	2197933	1156243	26556	44151	970983	84067	3654	80413	21	4347	6.1667
human	PR10XB4cell65	1505258	713045	27325	58720	706168	36072	2071	34001	24	4408	4.2500
human	PR10XB4cell66	1233480	420900	16634	86996	708950	31063	2610	28453	23	3735	3.8000
human	PR10XB4cell67	960491	390832	14558	48554	506547	23886	1594	22292	23	3508	3.4500
human	PR10XB4cell68	760015	348096	13356	27628	370935	20469	1088	19381	20	3440	3.2167
human	PR10XB4cell69	1180991	421746	16248	67304	675693	33770	2240	31530	27	4164	5.5167
human	PR10XB4cell70	610617	142407	10759	75695	381756	23080	2371	20709	27	3686	4.4333
human	PR10XB4cell71	738532	286114	9970	34531	407917	27575	1597	25978	26	4211	4.7000
human	PR10XB4cell72	1279676	601799	15816	41856	620205	30452	1498	28954	22	4046	5.8167
human	PR10XB4cell73	1693514	405247	34140	51488	1202639	51271	2083	49188	21	4625	6.7667
human	PR10XB4cell74	1378879	569362	11624	97210	700683	33997	3062	30935	22	3736	6.0833
human	PR10XB4cell75	1443320	428439	17547	54320	943014	41182	1977	39205	23	4159	6.1500
human	PR10XB4cell76	1183235	545039	17491	32673	588032	27059	1019	26040	21	3757	5.6167
human	PR10XB4cell77	1993800	763332	30658	60034	1139776	47592	2328	45264	28	4495	7.1000
human	PR10XB4cell78	3055505	962680	48650	47559	1996616	77231	2001	75230	25	5466	9.1667
human	PR10XB4cell79	2399826	1205688	19785	59326	1115027	46215	2108	44107	24	4628	8.1000
human	PR10XB4cell80	1291792	523055	21141	45072	702524	35007	1716	33291	24	4158	5.8500
human	PR10XB4cell81	1146307	703746	8125	51129	383307	44613	4233	40380	23	3687	5.7333
human	PR10XB4cell82	1175351	551934	20377	49152	553888	59765	4262	55503	22	3525	5.8167
human	PR10XB4cell83	671959	273740	7757	45322	345140	38596	3545	35051	17	3170	4.6333
human	PR10XB4cell84	556900	297733	4213	17759	237195	22832	1546	21286	20	2509	4.3167
human	PR10XB4cell85	2449987	774758	44233	52840	1578156	142806	4506	138300	24	4772	9.9667
human	PR10XB4cell86	1974687	1152843	21334	59277	741233	67361	4757	62604	23	3921	7.5333
human	PR10XB4cell87	1243311	528895	17894	78911	617611	57525	5507	52018	24	3667	5.9667
human	PR10XB4cell88	947244	290106	21222	30325	605591	62395	2685	59710	23	3821	5.2667
human	PR10XB4cell89	662398	243159	11913	30562	376764	25507	1539	23968	23	3496	4.6000
human	PR10XB4cell90	489688	189256	5791	42910	251731	18126	1918	16208	22	2815	4.2000
human	PR10XB4cell91	462305	166140	9191	28317	258657	17923	1340	16583	20	2838	4.0833
human	PR10XB4cell92	232309	129922	2674	10662	89051	7638	524	7114	15	1955	3.7000
human	PR10XB4cell93	606196	286830	5984	41240	272142	20141	1830	18311	23	3056	4.4500
human	PR10XB4cell94	736947	393938	4922	26894	311193	22039	1381	20658	22	3389	4.7000
human	PR10XB4cell95	737405	316115	11950	33820	375520	24349	1522	22827	19	3425	4.7500
human	PR10XB4cell96	810209	270626	16094	29042	494447	42672	1808	40864	23	3659	4.8000
human	PR10XB5cell1	1160015	415571	14164	70547	659733	25789	1877	23912	23	3808	5.4500
human	PR10XB5cell2	1618918	815333	22532	119361	661692	24285	2580	21705	21	3539	6.6000
human	PR10XB5cell3	912232	298927	9413	54525	549367	22358	1508	20850	23	3544	5.0167
human	PR10XB5cell4	881251	567785	4686	22669	286111	12555	751	11804	22	2780	5.0000
human	PR10XB5cell5	1972189	525008	32284	79539	1335358	39905	2049	37856	22	4331	7.2333
human	PR10XB5cell6	1426570	637140	17015	67984	704431	27485	1876	25609	30	3926	6.0333
human	PR10XB5cell7	2343541	868768	38466	81259	1355048	40186	2059	38127	26	4548	8.0833
human	PR10XB5cell8	992087	345354	11424	65990	569319	20699	1599	19100	27	3340	5.1167
human	PR10XB5cell9	901296	379959	7852	73341	440144	22395	1928	20467	23	3672	4.9833
human	PR10XB5cell10	843648	337731	8866	55845	441206	20678	1740	18938	22	3347	4.9167
human	PR10XB5cell11	1572421	491774	23789	46749	1010109	35050	1502	33548	21	4153	6.4167
human	PR10XB5cell12	458026	238920	1892	17980	199234	9820	610	9210	19	2375	4.1333
human	PR10XB5cell13	1157470	320822	17633	65127	753888	27768	1820	25948	26	3688	5.5167
human	PR10XB5cell14	1549044	648394	19938	82045	798667	31871	2317	29554	29	4108	6.3500
human	PR10XB5cell15	1629821	560217	37994	79185	952425	34527	2081	32446	23	4329	6.5000
human	PR10XB5cell16	1102409	395255	24445	41009	641700	25904	1326	24578	25	3795	5.3667
human	PR10XB5cell17	1459717	621688	19535	47391	771103	29427	1600	27827	27	4059	6.1500
human	PR10XB5cell18	1616107	824831	12908	106146	672222	26841	2412	24429	24	3998	6.6167
human	PR10XB5cell19	859983	380718	8677	54995	415593	18409	1541	16868	18	3285	4.9333
human	PR10XB5cell20	858464	470319	9140	36103	342902	14857	1073	13784	19	2866	4.9833
human	PR10XB5cell21	2254068	525818	46294	69298	1612658	45801	1932	43869	23	4473	7.7000
human	PR10XB5cell22	2223078	1060497	29733	87853	1044995	37336	2429	34907	26	4526	7.5333
human	PR10XB5cell23	3694135	1615541	47414	90808	1940372	57019	2221	54798	27	5339	10.5333
human	PR10XB5cell24	1245262	526066	15248	39772	664176	26153	1253	24900	20	3799	5.7333
human	PR10XB5cell25	2669325	833400	34907	59388	1741630	51367	1934	49433	24	5002	8.4000
human	PR10XB5cell26	1365602	534428	19531	125317	686326	27597	2881	24716	25	3835	6.1333
human	PR10XB5cell27	903132	336635	10213	72806	483478	22752	2030	20722	25	3652	4.9500
human	PR10XB5cell28	696686	356669	7332	24841	307844	13646	856	12790	23	2785	4.6500
human	PR10XB5cell29	1801234	1014908	11603	85115	689608	31554	2176	29378	27	4367	6.9000
human	PR10XB5cell30	1850382	795695	22954	82810	948923	36794	2395	34399	24	4565	7.0667
human	PR10XB5cell31	1780911	708825	36893	71910	963283	37529	2098	35431	24	4827	6.9000
human	PR10XB5cell32	2950578	897686	46979	50425	1955488	61508	1672	59836	27	5458	9.2667
human	PR10XB5cell33	1304688	547895	13173	54148	689472	33754	2206	31548	23	3604	3.9833
human	PR10XB5cell34	2039312	724996	26657	55770	1231889	54349	2424	51925	18	4260	5.0333
human	PR10XB5cell35	823019	310154	13656	66104	433105	23172	2460	20712	19	2982	3.2333
human	PR10XB5cell36	1228861	581101	25606	17267	604887	28281	898	27383	16	3435	3.8333
human	PR10XB5cell37	1665498	575756	34369	65304	990069	44164	2581	41583	23	3809	4.5000
human	PR10XB5cell38	2322699	735670	30397	81006	1475626	64455	3163	61292	21	4792	5.6167
human	PR10XB5cell39	2331696	755802	44446	63026	1468422	60978	2459	58519	26	4519	5.6833
human	PR10XB5cell40	1679941	756828	19720	51236	852157	39785	1977	37808	23	3775	4.7000
human	PR10XB5cell41	2121044	596139	30622	66486	1427797	112653	4611	108042	23	4970	6.6667
human	PR10XB5cell42	1171904	450695	16579	74905	629725	56642	5210	51432	22	3576	4.0167
human	PR10XB5cell43	986904	378982	15319	54674	537929	46700	3550	43150	19	3504	3.6500
human	PR10XB5cell44	718547	354940	9063	34363	320181	28508	2342	26166	21	3031	3.2167
human	PR10XB5cell45	1742617	663060	26936	78688	973933	82460	5320	77140	26	4285	5.1333
human	PR10XB5cell46	1383315	479745	18088	73441	812041	68164	4803	63361	26	4329	4.2667
human	PR10XB5cell47	1387722	595178	15669	82598	694277	61203	5035	56168	29	4341	4.4500
human	PR10XB5cell48	1945284	951476	31479	41681	920648	72668	3161	69507	22	4332	5.1000
human	PR10XB5cell49	1261536	459227	18004	81964	702341	36330	2883	33447	23	3965	4.1000
human	PR10XB5cell50	1358161	518756	16820	62444	760141	33557	2646	30911	21	3541	4.0500
human	PR10XB5cell51	901978	347675	8485	55734	490084	25542	1964	23578	22	3468	3.4167
human	PR10XB5cell52	1368782	541469	16424	39595	771294	30435	1367	29068	19	3436	4.1500
human	PR10XB5cell53	1453306	509486	22346	56441	865033	38371	2187	36184	18	3825	4.1500
human	PR10XB5cell54	2060192	711076	27706	77173	1244237	53751	2902	50849	23	4666	5.0667
human	PR10XB5cell55	4701087	2063562	72352	88812	2476361	88470	3033	85437	27	5633	9.0000
human	PR10XB5cell56	1286692	529691	21700	39290	696011	34110	1692	32418	22	4034	3.9000
human	PR10XB5cell57	1454748	401580	30342	87244	935582	83203	5885	77318	23	4345	4.7667
human	PR10XB5cell58	1200913	472285	21971	91843	614814	62823	7032	55791	23	3704	4.2333
human	PR10XB5cell59	521255	177796	8542	57591	277326	34566	4190	30376	21	3413	2.9333
human	PR10XB5cell60	557015	287684	4062	20650	244619	24654	1664	22990	21	2795	2.9167
human	PR10XB5cell61	1779159	605501	26485	92884	1054289	95115	6326	88789	27	4264	5.5167
human	PR10XB5cell62	2693470	1225502	27589	78952	1361427	109865	5444	104421	25	4872	6.6000
human	PR10XB5cell63	2114540	725253	33201	83595	1272491	99620	5396	94224	27	4743	6.1167
human	PR10XB5cell64	1655160	454253	25006	57155	1118746	88306	4140	84166	25	4251	5.3833
human	PR10XB5cell65	1858344	481122	24160	60751	1292311	49139	2164	46975	23	4850	4.6667
human	PR10XB5cell66	1413739	555190	24529	66926	767094	31127	2226	28901	19	3684	4.1500
human	PR10XB5cell67	911502	287233	16957	50295	557017	25022	1639	23383	21	3497	3.4000
human	PR10XB5cell68	527261	242357	5000	33517	246387	14361	1133	13228	21	2874	2.9167
human	PR10XB5cell69	1459267	539973	16922	50677	851695	36076	1965	34111	27	4140	4.2333
human	PR10XB5cell70	1976481	778963	21937	87536	1088045	42459	2713	39746	29	4502	4.9333
human	PR10XB5cell71	2388678	698249	34941	86193	1569295	57845	2551	55294	25	5083	5.6667
human	PR10XB5cell72	455068	215128	4486	34729	200725	16392	1361	15031	25	3314	2.8500
human	PR10XB5cell73	1221047	564628	11430	68753	576236	29471	2289	27182	21	3726	3.8667
human	PR10XB5cell74	1184225	460811	16375	102232	604807	30693	3051	27642	24	3717	3.7833
human	PR10XB5cell75	1224167	325261	23541	56382	818983	35196	1998	33198	20	3839	3.8000
human	PR10XB5cell76	808655	324132	11710	41218	431595	18288	1211	17077	19	3009	3.2000
human	PR10XB5cell77	2156615	743326	60025	147791	1205473	47317	4129	43188	24	4290	5.2667
human	PR10XB5cell78	1311670	549224	15374	66453	680619	31717	2228	29489	28	3904	3.9667
human	PR10XB5cell79	2159253	901802	39137	81396	1136918	46743	2552	44191	25	4487	5.5667
human	PR10XB5cell80	1323615	499748	14049	76409	733409	32805	2313	30492	25	3829	4.0000
human	PR10XB5cell81	1741907	636702	23171	62186	1019848	97273	4659	92614	23	4514	5.4333
human	PR10XB5cell82	1323908	508117	19081	92579	704131	72075	6792	65283	28	3723	4.9333
human	PR10XB5cell83	680988	296438	4680	46613	333257	36800	3577	33223	17	3223	3.3833
human	PR10XB5cell84	656043	343363	2661	22327	287692	26939	1793	25146	21	2633	3.1667
human	PR10XB5cell85	1021420	411836	16137	62309	531138	58396	4545	53851	23	3828	3.8000
human	PR10XB5cell86	2282163	740773	58481	65675	1417234	117473	4850	112623	29	4855	5.8500
human	PR10XB5cell87	1632281	948194	18377	72253	593457	56522	4918	51604	23	4199	4.6500
human	PR10XB5cell88	275231	113529	4084	31391	126227	21440	2919	18521	20	2868	2.5667
human	PR10XB5cell89	907324	289459	11802	33140	572923	34365	1635	32730	22	3919	3.5000
human	PR10XB5cell90	777544	203415	12019	38918	523192	30153	1888	28265	18	3427	3.5333
human	PR10XB5cell91	665324	283500	8607	35932	337285	21045	1497	19548	20	3084	3.3000
human	PR10XB5cell92	442551	218140	4910	10987	208514	13667	642	13025	18	2604	2.9000
human	PR10XB5cell93	1312687	374613	15928	36615	885531	43796	1660	42136	22	3995	6.0333
human	PR10XB5cell94	1025924	413711	16068	67144	529001	31382	2533	28849	26	3755	5.4333
human	PR10XB5cell95	1542918	517716	19906	56744	948552	46024	2178	43846	22	4716	6.2500
human	PR10XB5cell96	772642	339968	8957	35587	388130	23063	1456	21607	21	3039	5.0167
human	PR10XB6cell1	1509447	600057	17920	72648	818822	33266	2130	31136	24	3952	6.2167
human	PR10XB6cell2	1235458	562089	19177	59082	595110	23937	2004	21933	22	3415	6.0333
human	PR10XB6cell3	730408	307595	11412	44625	366776	19347	1503	17844	20	3291	4.9000
human	PR10XB6cell4	727115	365278	4201	45227	312409	13764	1133	12631	20	2621	4.8833
human	PR10XB6cell5	2934588	1287914	38540	54692	1553442	51062	1707	49355	21	4605	8.8167
human	PR10XB6cell6	1234729	464889	11313	61366	697161	29827	1945	27882	25	3856	6.0333
human	PR10XB6cell7	1987926	595092	36139	74179	1282516	47879	2190	45689	23	4917	7.1667
human	PR10XB6cell8	1272097	636106	18146	42228	575617	24814	1475	23339	27	3686	5.7833
human	PR10XB6cell9	1511045	627822	14414	76308	792501	34422	2454	31968	21	4073	6.2167
human	PR10XB6cell10	2273739	1091147	24631	69759	1088202	42375	2257	40118	20	4211	7.8167
human	PR10XB6cell11	740385	265893	7143	46840	420509	21657	1723	19934	22	3221	4.8833
human	PR10XB6cell12	533584	317987	6452	17071	192074	9891	739	9152	15	2178	4.6167
human	PR10XB6cell13	1204719	445526	20830	64461	673902	30667	2246	28421	21	3656	5.8167
human	PR10XB6cell14	1614648	476741	34444	53075	1050388	44108	2153	41955	25	4399	6.4667
human	PR10XB6cell15	1573640	696545	19845	52565	804685	36868	1897	34971	21	4308	6.6333
human	PR10XB6cell16	1289406	591392	15836	36105	646073	30630	1448	29182	25	3980	5.7833
human	PR10XB6cell17	1361678	598697	15131	82219	665631	29206	2167	27039	23	3910	5.9667
human	PR10XB6cell18	1362810	344443	40224	70727	907416	35549	1989	33560	23	4259	5.9000
human	PR10XB6cell19	1174858	461307	14229	61533	637789	25257	1702	23555	20	3452	5.6667
human	PR10XB6cell20	694395	378363	8802	38898	268332	12864	1185	11679	20	2673	4.8667
human	PR10XB6cell21	1498854	537530	15935	85377	860012	34060	2300	31760	21	4016	6.2167
human	PR10XB6cell22	1289959	559014	12521	89213	629211	31341	2711	28630	27	4192	6.0167
human	PR10XB6cell23	2840751	1412028	39126	72928	1316669	51046	2322	48724	25	5150	9.0000
human	PR10XB6cell24	1198698	467604	15406	42545	673143	30501	1377	29124	23	3917	5.6167
human	PR10XB6cell25	1195319	411972	16918	68144	698285	32336	2226	30110	22	4004	5.6000
human	PR10XB6cell26	1474149	577463	15157	80267	801262	34046	2361	31685	23	4007	6.1833
human	PR10XB6cell27	1057179	400021	17147	67890	572121	25555	1972	23583	25	3549	5.3833
human	PR10XB6cell28	868329	424195	7069	36756	400309	16418	1110	15308	23	2796	5.1167
human	PR10XB6cell29	2500179	892427	36958	71213	1499581	53541	2161	51380	25	4928	8.1500
human	PR10XB6cell30	1813444	653145	29165	100619	1030515	43972	3013	40959	25	4641	6.8500
human	PR10XB6cell31	1780145	774026	33885	66175	906059	38876	2178	36698	24	4617	6.8833
human	PR10XB6cell32	1365367	657398	21285	49178	637506	31824	1643	30181	23	4340	6.0833
human	PR10XB6cell33	1256132	571204	13777	66883	604268	32788	2650	30138	19	3443	5.7833
human	PR10XB6cell34	877192	389171	11770	70700	405551	26138	2845	23293	24	3130	5.1833
human	PR10XB6cell35	713586	271701	7285	44277	390323	22073	1906	20167	19	2951	4.8333
human	PR10XB6cell36	492139	276357	3888	29253	182641	12357	1173	11184	17	2247	4.5667
human	PR10XB6cell37	1227952	407952	21770	62218	736012	40037	2779	37258	21	3631	5.9667
human	PR10XB6cell38	1289686	629092	13803	88519	558272	35204	3248	31956	20	3708	6.1667
human	PR10XB6cell39	1597673	721662	17455	83177	775379	44067	3211	40856	22	4064	6.5167
human	PR10XB6cell40	1253747	448675	14261	46376	744435	40323	2049	38274	23	3727	5.7000
human	PR10XB6cell41	1283486	445651	22606	59370	755859	76975	5017	71958	21	4255	6.0667
human	PR10XB6cell42	733154	215876	14441	71357	431480	50709	5852	44857	23	3412	5.1833
human	PR10XB6cell43	651563	261598	9631	33487	346847	38889	2951	35938	20	3208	4.9000
human	PR10XB6cell44	822781	379470	7289	51375	384647	35069	2910	32159	20	2793	5.1500
human	PR10XB6cell45	1289810	453985	21478	85167	729180	75339	6317	69022	20	3983	6.3500
human	PR10XB6cell46	1212178	454820	26743	73041	657574	64723	5254	59469	25	3959	5.8833
human	PR10XB6cell47	1745777	795269	28681	59137	862690	80377	4370	76007	22	4623	7.0667
human	PR10XB6cell48	1578965	680653	19285	30390	848637	81633	2780	78853	22	4306	7.0333
human	PR10XB6cell49	1667115	445711	30204	54286	1136914	55834	2719	53115	19	4326	6.8333
human	PR10XB6cell50	1327865	594658	14134	61832	657241	36864	2857	34007	23	3742	6.1000
human	PR10XB6cell51	1135488	319166	17437	55968	742917	39586	2346	37240	23	3921	5.5167
human	PR10XB6cell52	519580	275853	3671	35253	204803	14288	1418	12870	19	2516	4.6167
human	PR10XB6cell53	1248374	425758	23678	71715	727223	39948	3128	36820	21	3756	5.6833
human	PR10XB6cell54	1427850	559809	15937	63389	788715	46674	2974	43700	20	4342	6.1667
human	PR10XB6cell55	3114530	1159597	51523	104258	1799152	85268	4069	81199	26	5374	10.0000
human	PR10XB6cell56	4531398	1741382	66830	69341	2653845	121093	3110	117983	26	5695	12.9167
human	PR10XB6cell57	1236230	473466	17047	64053	681664	72581	5451	67130	19	3993	6.0333
human	PR10XB6cell58	1075880	382082	15053	82841	595904	69984	7480	62504	23	3659	5.7500
human	PR10XB6cell59	710067	257880	7049	46236	398902	45307	3658	41649	22	3364	5.0167
human	PR10XB6cell60	134103	61346	1398	2744	68615	13992	722	13270	15	2623	4.0833
human	PR10XB6cell61	1080697	314541	22712	56001	687443	73612	5357	68255	22	3948	6.0667
human	PR10XB6cell62	2083061	856047	46529	68808	1111677	105771	5386	100385	20	4719	8.2333
human	PR10XB6cell63	2338425	1063848	26191	62576	1185810	113198	4838	108360	27	5073	9.3000
human	PR10XB6cell64	1298933	559098	14109	52043	673683	68499	4312	64187	23	4045	6.3500
human	PR10XB6cell65	1648291	653491	28900	59946	905954	46194	2517	43677	21	4470	6.8333
human	PR10XB6cell66	340678	196704	2031	56740	85203	14984	2387	12597	19	3080	4.4000
human	PR10XB6cell67	1015490	462731	10678	46220	495861	26893	1893	25000	17	3534	5.3333
human	PR10XB6cell68	477551	236659	6180	23449	211263	14655	1088	13567	15	2783	4.5333
human	PR10XB6cell69	1677444	698315	17636	68662	892831	43433	2678	40755	21	4230	6.5500
human	PR10XB6cell70	2015686	1250673	10760	53343	700910	37404	2436	34968	24	4270	7.3167
human	PR10XB6cell71	6422235	2794877	94423	89949	3442986	137494	3364	134130	27	6606	16.3167
human	PR10XB6cell72	992665	358512	28871	39353	565929	31379	1911	29468	23	3787	5.3000
human	PR10XB6cell73	1241463	405241	18075	48593	769554	38667	2382	36285	21	3823	6.0333
human	PR10XB6cell74	1379731	392158	23482	57636	906455	45203	2440	42763	23	4023	5.9833
human	PR10XB6cell75	1562403	860562	14240	54782	632819	34262	2287	31975	23	3798	6.5333
human	PR10XB6cell76	338707	202004	1224	15871	119608	9944	859	9085	17	2210	4.3000
human	PR10XB6cell77	1748005	747753	18617	81887	899748	44350	3306	41044	23	4055	6.9000
human	PR10XB6cell78	1181228	508690	22232	66057	584249	33953	2658	31295	25	3833	5.6667
human	PR10XB6cell79	1775541	692986	26258	79663	976634	49103	3044	46059	20	4444	6.7667
human	PR10XB6cell80	1122619	625308	10976	21091	465244	29887	1274	28613	26	3830	5.5667
human	PR10XB6cell81	1168118	507598	23531	55808	581181	66625	5033	61592	19	3866	5.8667
human	PR10XB6cell82	2799700	1234161	47086	70427	1448026	161825	6127	155698	22	4783	10.3000
human	PR10XB6cell83	786303	399173	10296	50934	325900	42822	4030	38792	22	3214	5.1333
human	PR10XB6cell84	605245	274063	8984	32729	289469	29923	2611	27312	18	2475	4.8000
human	PR10XB6cell85	1034090	378691	16615	46118	592666	69078	4533	64545	24	3827	5.8000
human	PR10XB6cell86	1156714	424117	13107	54894	664596	75008	5312	69696	22	4124	6.0833
human	PR10XB6cell87	1678855	762377	15247	92167	809064	82570	6449	76121	19	4110	7.2667
human	PR10XB6cell88	1003855	533059	10509	33488	426799	50688	3294	47394	23	3496	5.5333
human	PR10XB6cell89	702419	318080	8635	24023	351681	26228	1487	24741	21	3472	4.9333
human	PR10XB6cell90	631258	267240	6525	28116	329377	24160	1663	22497	20	3121	4.8000
human	PR10XB6cell91	594618	229553	7503	29792	327770	24077	1686	22391	21	3112	4.7000
human	PR10XB6cell92	281330	144967	3824	11616	120923	9861	693	9168	15	2032	4.2000
human	PR10XB6cell93	803672	327549	9473	41919	424731	29176	2063	27113	19	3327	5.1167
human	PR10XB6cell94	1561020	699916	16172	46054	798878	49431	2351	47080	22	4397	6.4000
human	PR10XB6cell95	765975	277030	10245	46708	431992	31599	2090	29509	21	3907	4.9500
human	PR10XB6cell96	256228	116969	3050	18005	118204	13293	1111	12182	22	2691	4.1667
human	PR10XB7cell1	1631114	777570	18542	55002	780000	29884	1561	28323	24	4085	6.4833
human	PR10XB7cell2	230118	88960	3050	14744	123364	14863	992	13871	23	3443	4.1833
human	PR10XB7cell3	952471	404346	8770	56171	483184	21024	1452	19572	21	3594	5.3000
human	PR10XB7cell4	658146	377390	6434	19368	254954	11471	677	10794	17	2550	4.8000
human	PR10XB7cell5	2084377	557962	42721	72048	1411646	43618	1878	41740	19	4695	7.2333
human	PR10XB7cell6	1842983	718594	24059	84610	1015720	36295	1944	34351	28	4564	6.8833
human	PR10XB7cell7	1655992	719647	31816	60572	843957	30375	1742	28633	22	4135	6.4500
human	PR10XB7cell8	1203830	552145	11844	45331	594510	22596	1333	21263	29	3625	5.6500
human	PR10XB7cell9	1297742	360566	24154	47197	865825	33382	1588	31794	22	4304	5.9833
human	PR10XB7cell10	1658061	836742	17961	90962	712396	27576	2096	25480	21	3912	6.7333
human	PR10XB7cell11	611401	176409	6942	45224	382826	19190	1437	17753	16	3281	4.6667
human	PR10XB7cell12	542422	246668	5541	17851	272362	11625	552	11073	17	2658	4.6000
human	PR10XB7cell13	1313865	483771	23178	65376	741540	29266	1750	27516	19	3943	5.9167
human	PR10XB7cell14	1658919	751379	28304	68899	810337	33041	2094	30947	23	4300	6.4833
human	PR10XB7cell15	1756783	926207	18234	59404	752938	30447	1683	28764	21	4329	6.8000
human	PR10XB7cell16	1990252	790890	28920	38840	1131602	41253	1291	39962	27	4624	7.1833
human	PR10XB7cell17	1077724	421067	8163	55021	593473	27046	1644	25402	24	4064	5.3667
human	PR10XB7cell18	3282749	1045924	69977	86600	2080248	61020	2096	58924	21	5481	9.7500
human	PR10XB7cell19	849441	382774	6776	41074	418817	19687	1221	18466	25	3589	5.1000
human	PR10XB7cell20	622056	318626	10232	41627	251571	12781	977	11804	19	2928	4.7333
human	PR10XB7cell21	1715596	780907	17074	75750	841865	31851	1816	30035	20	4432	6.7167
human	PR10XB7cell22	1330036	531084	16036	65070	717846	30858	1863	28995	28	4456	6.0667
human	PR10XB7cell23	1647953	569149	24646	70125	984033	36224	1887	34337	29	4641	6.4500
human	PR10XB7cell24	1234695	484889	16055	43204	690547	26460	1310	25150	22	4016	5.5833
human	PR10XB7cell25	1372099	557589	18858	65033	730619	32394	1994	30400	22	4358	5.9333
human	PR10XB7cell26	1686544	566150	22142	80666	1017586	37318	2125	35193	22	4478	6.5667
human	PR10XB7cell27	1339116	372372	23726	52795	890223	34503	1585	32918	17	4454	5.7667
human	PR10XB7cell28	595256	314516	9043	33080	238617	11693	917	10776	23	2656	4.8000
human	PR10XB7cell29	5568458	2488879	47825	51523	2980231	84574	1819	82755	23	6261	14.0500
human	PR10XB7cell30	2023897	837538	21585	82511	1082263	40927	2287	38640	27	4796	7.1833
human	PR10XB7cell31	4883561	2062808	80056	87120	2653577	76164	2289	73875	27	6009	12.4833
human	PR10XB7cell32	911254	311745	12685	32905	553919	27934	1215	26719	26	4313	5.0833
human	PR10XB7cell33	1099259	426771	12527	61080	598881	30605	2302	28303	19	3581	5.4833
human	PR10XB7cell34	2933155	1238112	55081	69571	1570391	70055	2560	67495	23	5016	9.1000
human	PR10XB7cell35	1067846	325103	14289	37891	690563	31928	1546	30382	24	3848	5.3000
human	PR10XB7cell36	809505	404846	7952	12760	383947	19050	706	18344	15	3017	5.0167
human	PR10XB7cell37	1976667	763181	25086	58835	1129565	48277	2171	46106	26	4143	7.1500
human	PR10XB7cell38	1468770	564543	22312	77215	804700	39590	2770	36820	21	4053	6.3333
human	PR10XB7cell39	2150108	1028994	28302	68418	1024394	44989	2436	42553	20	4316	7.4833
human	PR10XB7cell40	1230259	407759	26078	44044	752378	36350	1697	34653	22	3764	5.7667
human	PR10XB7cell41	3093110	1095152	44420	61633	1891905	151559	4400	147159	26	5617	10.7500
human	PR10XB7cell42	2386200	1004719	38759	79250	1263472	109854	5060	104794	23	4761	8.6667
human	PR10XB7cell43	1054902	269535	14791	51114	719462	63754	3388	60366	20	4158	5.6167
human	PR10XB7cell44	617836	347575	5293	23559	241409	24574	1733	22841	20	3046	4.8000
human	PR10XB7cell45	1966400	617994	31067	60166	1257173	102690	4524	98166	20	4765	7.8500
human	PR10XB7cell46	3361905	1246541	55127	42956	2017281	148024	3458	144566	21	5696	11.9667
human	PR10XB7cell47	2064460	715728	25961	68472	1254299	94256	4322	89934	29	4968	7.8500
human	PR10XB7cell48	1175840	431773	19952	48177	675938	57344	3298	54046	23	4044	5.8167
human	PR10XB7cell49	1329239	466139	13329	73082	776689	38567	2601	35966	23	4053	5.9333
human	PR10XB7cell50	1474038	583273	16342	76749	797674	37618	2864	34754	22	3913	6.1333
human	PR10XB7cell51	1134513	440298	20102	70694	603419	31144	2313	28831	21	3734	5.5167
human	PR10XB7cell52	594849	258262	2379	39345	294863	15208	1196	14012	16	2616	4.6667
human	PR10XB7cell53	1638717	578207	29633	74610	956267	45388	2877	42511	23	4211	6.5667
human	PR10XB7cell54	3255061	1427429	41575	62281	1723776	68967	2350	66617	23	5243	9.7500
human	PR10XB7cell55	1539477	685065	18041	67696	768675	40350	2320	38030	19	4514	6.5667
human	PR10XB7cell56	1375136	506360	17623	41949	809204	38175	1704	36471	22	4071	6.0167
human	PR10XB7cell57	1645029	755028	20685	91671	777645	77998	6001	71997	22	4491	6.8667
human	PR10XB7cell58	1697314	799721	22013	87176	788404	83371	6487	76884	26	4340	7.2167
human	PR10XB7cell59	3425651	1394970	40821	43796	1946064	165389	3637	161752	22	5793	12.0667
human	PR10XB7cell60	523862	254091	7611	16792	245368	24850	1381	23469	18	2813	4.6333
human	PR10XB7cell61	1397792	454011	28304	57649	857828	82522	4655	77867	17	4450	6.3500
human	PR10XB7cell62	1233806	496435	21906	84511	630954	64872	5578	59294	24	4459	6.1333
human	PR10XB7cell63	2640142	1009044	45697	79042	1506359	121368	5256	116112	25	5289	9.2333
human	PR10XB7cell64	428599	184165	7059	44499	192876	29127	3439	25688	20	3528	4.5333
human	PR10XB7cell65	2427527	643879	54042	74080	1655526	65691	2342	63349	23	5179	8.2333
human	PR10XB7cell66	1621337	624619	22336	61525	912857	39407	2097	37310	22	4281	6.4833
human	PR10XB7cell67	1254093	267598	15463	48637	922395	37900	1711	36189	21	4417	5.7333
human	PR10XB7cell68	910474	433776	13516	25233	437949	20168	896	19272	20	3333	5.2333
human	PR10XB7cell69	1263231	444429	26232	64265	728305	37236	2198	35038	22	4581	5.7000
human	PR10XB7cell70	1615890	466912	14862	80901	1053215	42573	2522	40051	30	4649	6.3000
human	PR10XB7cell71	2049357	909254	29321	74857	1035925	44834	2274	42560	24	4857	7.4000
human	PR10XB7cell72	1795711	752111	29222	39859	974519	39246	1517	37729	25	4203	6.7333
human	PR10XB7cell73	1229287	456228	30384	89884	652791	33775	2643	31132	21	4071	5.9000
human	PR10XB7cell74	1768925	561719	37653	81876	1087677	46321	2737	43584	23	4568	6.8167
human	PR10XB7cell75	789479	284045	14324	63625	427485	23965	1949	22016	20	3516	5.0167
human	PR10XB7cell76	821616	350954	10762	27800	432100	19631	1012	18619	18	3058	5.0333
human	PR10XB7cell77	2447268	789010	33139	71600	1553519	59609	2442	57167	22	4863	8.1000
human	PR10XB7cell78	1436573	503765	22190	70383	840235	37985	2457	35528	25	4331	6.0333
human	PR10XB7cell79	4736426	1451884	61513	59156	3163873	110479	2173	108306	22	6372	12.7833
human	PR10XB7cell80	2110046	539131	47803	48134	1474978	63658	1681	61977	24	5287	7.5167
human	PR10XB7cell81	1285054	455046	13285	61480	755243	77726	4460	73266	22	4258	6.3000
human	PR10XB7cell82	1170737	483011	17869	56506	613351	67986	4853	63133	24	4005	5.9167
human	PR10XB7cell83	875603	355977	10191	38164	471271	49339	3181	46158	21	3647	5.2333
human	PR10XB7cell84	534073	281958	8239	27355	216521	23648	2020	21628	23	2621	4.6500
human	PR10XB7cell85	4485513	1454719	83667	62255	2884872	250084	5083	245001	22	5996	18.1167
human	PR10XB7cell86	1631452	461870	34839	55316	1079427	91684	4292	87392	25	4528	6.8333
human	PR10XB7cell87	1395399	481408	21343	93351	799297	73935	5849	68086	22	4101	6.2167
human	PR10XB7cell88	1334210	573069	13698	44574	702869	67116	3482	63634	28	4020	6.1667
human	PR10XB7cell89	1168857	429885	22591	30596	685785	40961	1548	39413	19	4405	5.7167
human	PR10XB7cell90	784824	188248	15493	60411	520672	30522	2328	28194	21	3722	4.9500
human	PR10XB7cell91	708365	241240	13685	29538	423902	26622	1290	25332	21	3697	4.8500
human	PR10XB7cell92	313076	181921	3232	14898	113025	9097	626	8471	15	2044	4.3000
human	PR10XB7cell93	773887	292131	6209	50483	425064	27104	1951	25153	18	3596	4.9833
human	PR10XB7cell94	978494	411116	14599	62400	490379	29625	2416	27209	23	3677	5.3667
human	PR10XB7cell95	374343	153985	3774	15035	201549	19294	1033	18261	23	3653	4.3333
human	PR10XB7cell96	410161	166961	4375	16057	222768	16687	864	15823	18	2986	4.4500
human	PR10XB8cell1	1407365	677220	26924	51098	652123	27213	1691	25522	23	3867	5.9667
human	PR10XB8cell2	1099993	529059	9727	59996	501211	22341	1759	20582	19	3529	5.4833
human	PR10XB8cell3	969585	431449	11849	54785	471502	21718	1521	20197	23	3617	5.2167
human	PR10XB8cell4	777181	438663	5269	22797	310452	13530	737	12793	19	2713	5.0000
human	PR10XB8cell5	1406193	729282	11302	56117	609492	26573	1720	24853	19	4065	6.0500
human	PR10XB8cell6	1692156	831890	17713	71583	770970	31037	2001	29036	20	4093	6.6833
human	PR10XB8cell7	1783984	690476	20602	82170	990736	33183	2126	31057	23	4005	6.7000
human	PR10XB8cell8	1346752	572235	15069	39710	719738	29909	1491	28418	24	3976	5.8833
human	PR10XB8cell9	2314843	871974	31767	62314	1348788	51916	2026	49890	19	5081	7.7000
human	PR10XB8cell10	1077919	489884	15062	68581	504392	23743	2008	21735	20	3566	5.7000
human	PR10XB8cell11	856305	381164	9938	40506	424697	20866	1423	19443	19	3393	5.1667
human	PR10XB8cell12	533681	281763	8007	16127	227784	10431	625	9806	17	2287	4.6167
human	PR10XB8cell13	1187050	435922	19504	73981	657643	26574	2106	24468	23	3686	5.6500
human	PR10XB8cell14	1537791	586914	22213	58854	869810	36485	2108	34377	23	4260	6.3667
human	PR10XB8cell15	1396086	492818	12265	54636	836367	33741	1866	31875	24	4179	6.0500
human	PR10XB8cell16	1521352	503464	28248	37288	952352	38074	1427	36647	25	4420	6.3333
human	PR10XB8cell17	2496130	936447	40467	59370	1459846	51236	2094	49142	26	5092	8.2167
human	PR10XB8cell18	2005731	771938	30929	83319	1119545	40021	2053	37968	21	4706	7.2833
human	PR10XB8cell19	1675718	917856	16671	32277	708914	27421	1252	26169	24	4021	6.6333
human	PR10XB8cell20	864487	388613	7125	27516	441233	19007	837	18170	20	3481	5.0833
human	PR10XB8cell21	1454716	633209	24008	70115	727384	28876	1979	26897	24	4092	6.1833
human	PR10XB8cell22	1440970	637577	19405	57806	726182	31194	1951	29243	22	4262	6.2167
human	PR10XB8cell23	1670915	610696	23649	62411	974159	37068	1874	35194	22	4665	6.8667
human	PR10XB8cell24	1414238	625118	15288	37411	736421	29523	1236	28287	19	4308	6.0500
human	PR10XB8cell25	1618631	667034	21787	68784	861026	36971	2312	34659	23	4488	6.4167
human	PR10XB8cell26	1275482	623452	11641	74283	566106	26097	2194	23903	20	3840	5.7500
human	PR10XB8cell27	1258873	461745	21585	55733	719810	28697	1783	26914	19	3793	5.7833
human	PR10XB8cell28	587423	357307	5329	11425	213362	11137	688	10449	16	2578	4.6833
human	PR10XB8cell29	1506714	567973	22947	65930	849864	34159	1996	32163	26	4374	6.4500
human	PR10XB8cell30	1477839	627856	14368	73988	761627	34405	2338	32067	21	4360	6.1500
human	PR10XB8cell31	1587221	762903	14936	62194	747188	32738	2121	30617	22	4407	6.4000
human	PR10XB8cell32	969506	402267	14341	32070	520828	26720	1190	25530	21	4216	5.2500
human	PR10XB8cell33	1118844	421716	17920	90822	588386	32063	3233	28830	19	3529	5.5667
human	PR10XB8cell34	1860973	573174	19947	47452	1220400	62857	2015	60842	25	4984	7.0167
human	PR10XB8cell35	648942	261690	7509	55258	324485	19953	2136	17817	22	2933	4.7667
human	PR10XB8cell36	526268	271327	3278	18640	233023	13655	858	12797	19	2433	4.5667
human	PR10XB8cell37	1701975	408594	33719	68960	1190702	53490	2735	50755	22	4136	6.7333
human	PR10XB8cell38	1613647	816551	26589	56992	713515	39162	2427	36735	20	3940	6.8667
human	PR10XB8cell39	1485497	650151	22720	72954	739672	37748	2741	35007	24	3858	6.2333
human	PR10XB8cell40	1130824	612376	19548	47515	451385	26016	1970	24046	20	3392	5.5333
human	PR10XB8cell41	1558263	731527	13859	78308	734569	71958	5888	66070	24	4475	6.5833
human	PR10XB8cell42	1221722	625916	8972	63811	523023	54913	4631	50282	20	3759	6.0000
human	PR10XB8cell43	1129225	330878	13052	52400	732895	65775	3693	62082	20	3933	5.9000
human	PR10XB8cell44	576558	316769	2245	20289	237255	24207	1711	22496	21	2906	4.7000
human	PR10XB8cell45	1318617	505974	17869	65262	729512	70696	4988	65708	22	4093	6.4333
human	PR10XB8cell46	1940699	891840	28931	61542	958386	82191	4525	77666	30	4473	7.3500
human	PR10XB8cell47	2106803	693241	31003	88091	1294468	101103	5355	95748	26	4701	8.2500
human	PR10XB8cell48	1221253	570288	13356	36060	601549	55726	2806	52920	24	4000	5.9000
human	PR10XB8cell49	2012015	537327	31959	81566	1361163	62374	3145	59229	22	4775	7.3167
human	PR10XB8cell50	1495185	649659	21295	75424	748807	37968	2820	35148	23	3959	6.2333
human	PR10XB8cell51	1237055	437167	21736	61555	716597	36816	2326	34490	17	3961	5.7667
human	PR10XB8cell52	493678	225717	8086	23207	236668	15182	986	14196	18	2785	4.5333
human	PR10XB8cell53	1452045	534260	16304	64440	837041	40434	2606	37828	23	3929	6.1500
human	PR10XB8cell54	2959728	1212217	52589	83052	1611870	74444	3215	71229	22	5265	9.1500
human	PR10XB8cell55	1804472	831698	14829	69446	888499	43874	2683	41191	22	4224	7.0833
human	PR10XB8cell56	2350358	772123	30985	33374	1513876	66616	1681	64935	19	4944	8.0333
human	PR10XB8cell57	1290489	375643	23009	151919	739918	83478	10550	72928	23	4406	6.3833
human	PR10XB8cell58	1003860	438685	7733	65345	492097	59113	6037	53076	24	3850	5.5500
human	PR10XB8cell59	749351	274689	10749	49501	414412	45842	3740	42102	21	3637	5.1000
human	PR10XB8cell60	706459	329067	6332	26423	344637	32990	1699	31291	21	2995	5.0000
human	PR10XB8cell61	1342273	545036	19383	61899	715955	73003	4873	68130	20	4067	6.1833
human	PR10XB8cell62	1762522	816229	31099	80055	835139	78444	5661	72783	24	4327	7.0667
human	PR10XB8cell63	1918806	904200	41296	58668	914642	80932	4380	76552	25	4514	7.3667
human	PR10XB8cell64	1356471	596019	16912	45963	697577	68399	3967	64432	24	4157	6.1667
human	PR10XB8cell65	1832338	807592	21231	66910	936605	44038	2397	41641	23	4575	7.0167
human	PR10XB8cell66	1651408	617389	19480	68949	945590	40377	2371	38006	22	4202	6.4833
human	PR10XB8cell67	1010904	435376	12980	56358	506190	26072	1914	24158	20	3719	5.3667
human	PR10XB8cell68	919988	564818	6337	35345	313488	17052	1157	15895	19	3095	5.3000
human	PR10XB8cell69	1901683	478278	23856	58170	1341379	52376	2117	50259	22	4923	6.8833
human	PR10XB8cell70	1600823	787302	15318	83081	715122	34932	2699	32233	26	4181	6.5500
human	PR10XB8cell71	1354661	582936	15179	73388	683158	34908	2413	32495	19	4347	5.9333
human	PR10XB8cell72	1316160	450336	20984	37885	806955	37701	1599	36102	21	4315	5.8667
human	PR10XB8cell73	1506850	671766	22210	64087	748787	37920	2525	35395	19	4063	6.3167
human	PR10XB8cell74	1386475	668103	17357	68458	632557	33322	2608	30714	23	3710	6.0667
human	PR10XB8cell75	847182	408824	11489	27590	399279	22854	1458	21396	22	3283	5.1167
human	PR10XB8cell76	439993	249054	6584	28441	155914	11056	1038	10018	15	2357	4.4833
human	PR10XB8cell77	737279	277343	12693	41009	406234	25950	1958	23992	24	3733	4.9000
human	PR10XB8cell78	1625846	670949	20851	82045	852001	39888	2837	37051	21	3973	6.6333
human	PR10XB8cell79	1141678	464905	14116	63414	599243	32093	2338	29755	23	3939	5.5333
human	PR10XB8cell80	964299	371129	14181	48737	530252	29340	1978	27362	24	3659	5.2500
human	PR10XB8cell81	1363235	482256	23533	58511	798935	84477	4733	79744	22	4320	6.6833
human	PR10XB8cell82	1637503	774479	26810	64172	772042	85483	4844	80639	24	4069	6.9333
human	PR10XB8cell83	804999	343988	10619	46521	403871	46426	3504	42922	20	3505	5.2000
human	PR10XB8cell84	529067	302013	1640	28081	197333	21956	2073	19883	18	2472	4.6500
human	PR10XB8cell85	1471245	545821	18527	50998	855899	86138	4519	81619	21	4151	7.0333
human	PR10XB8cell86	1442179	646454	22164	59464	714097	72127	4761	67366	22	4062	6.4333
human	PR10XB8cell87	1047134	447798	12041	66574	520721	55287	5119	50168	23	3837	5.6333
human	PR10XB8cell88	618635	137265	14257	44486	422627	49050	3529	45521	24	3833	4.8500
human	PR10XB8cell89	650271	262502	10582	30728	346459	25705	1659	24046	21	3504	4.8000
human	PR10XB8cell90	604815	277525	6361	39990	280939	21340	1831	19509	19	3158	4.7333
human	PR10XB8cell91	348949	142004	4352	31176	171417	14248	1468	12780	22	2453	4.3167
human	PR10XB8cell92	185446	99589	1477	12595	71785	7299	664	6635	14	1832	4.1167
human	PR10XB8cell93	1106266	512182	13641	21256	559187	33004	1319	31685	21	3766	5.5500
human	PR10XB8cell94	794130	343558	15438	22986	412148	26846	1439	25407	22	3515	5.0833
human	PR10XB8cell95	1638816	780441	27505	31984	798886	46113	1600	44513	21	4716	6.6167
human	PR10XB8cell96	1050979	381709	14968	27027	627275	38884	1392	37492	23	4273	5.4833
human	PR10XB9cell1	2432596	1209156	31751	71698	1119991	50752	2709	48043	33	4691	8.1167
human	PR10XB9cell2	1723001	679302	28282	87152	928265	34719	2401	32318	21	4153	6.7167
human	PR10XB9cell3	1874067	803091	25545	54962	990469	37481	1637	35844	27	4537	7.0167
human	PR10XB9cell4	525839	294352	1704	21886	207897	11856	845	11011	16	2698	4.6333
human	PR10XB9cell5	1740138	828214	19577	66396	825951	33308	1996	31312	29	4195	6.9333
human	PR10XB9cell6	4732437	839012	654162	60144	3179119	100786	2039	98747	25	6383	12.1833
human	PR10XB9cell7	1159603	448217	12031	89145	610210	29160	2310	26850	26	4124	5.5167
human	PR10XB9cell8	1074650	440219	10590	46824	577017	25755	1566	24189	28	3757	5.4000
human	PR10XB9cell9	2573239	1835865	6776	82242	648356	31026	2501	28525	22	4116	8.7833
human	PR10XB9cell10	1877614	822844	23825	60103	970842	39388	2002	37386	23	4367	7.0167
human	PR10XB9cell11	646246	244136	10166	26471	365473	22624	1250	21374	22	3718	4.7833
human	PR10XB9cell12	539752	289757	2870	17986	229139	11233	704	10529	20	2410	4.6500
human	PR10XB9cell13	1573890	712525	21935	61610	777820	31249	1990	29259	22	3944	6.5500
human	PR10XB9cell14	2479657	943467	24777	56412	1455001	57391	2073	55318	25	5541	8.1667
human	PR10XB9cell15	1936051	689202	38471	73444	1134934	42778	2221	40557	21	4755	6.9667
human	PR10XB9cell16	1077668	508050	12014	39757	517847	32890	1921	30969	22	3885	5.5000
human	PR10XB9cell17	1416707	687658	13341	66066	649642	29447	2036	27411	21	4125	6.1667
human	PR10XB9cell18	1293081	549353	22215	58008	663505	28657	1842	26815	23	4195	5.7833
human	PR10XB9cell19	714067	299519	6940	37900	369708	19100	1414	17686	20	3424	4.8667
human	PR10XB9cell20	807764	355913	7680	41689	402482	17854	1083	16771	24	3208	5.1500
human	PR10XB9cell21	1352491	555992	14323	92203	689973	30456	2443	28013	27	4143	5.9167
human	PR10XB9cell22	2337706	734065	22294	63625	1517722	53820	2123	51697	24	5540	7.7500
human	PR10XB9cell23	1829783	725839	29079	57707	1017158	39803	1974	37829	25	4773	6.9000
human	PR10XB9cell24	2263978	727026	38623	45798	1452531	50177	1551	48626	24	5215	7.8000
human	PR10XB9cell25	1150557	234017	14952	77402	824186	35349	2354	32995	23	4312	5.4667
human	PR10XB9cell26	1367866	511185	17422	85026	754233	32926	2672	30254	23	4182	6.1333
human	PR10XB9cell27	1157720	439910	19579	54197	644034	28884	1760	27124	23	4073	5.6000
human	PR10XB9cell28	894813	518231	7590	17723	351269	17120	819	16301	17	3324	5.1667
human	PR10XB9cell29	1493429	553810	20072	64817	854730	36035	2137	33898	24	4438	6.2000
human	PR10XB9cell30	2099005	1101095	29857	92809	875244	41984	2778	39206	23	5036	7.5000
human	PR10XB9cell31	1938719	917963	28010	97276	895470	38978	2677	36301	23	4600	7.2667
human	PR10XB9cell32	1505338	672865	29448	46274	756751	33970	1606	32364	26	4419	6.2667
human	PR10XB9cell33	1351777	266245	29222	93341	962969	46671	3372	43299	22	4013	6.0000
human	PR10XB9cell34	1028072	391970	16311	42034	577757	31367	2115	29252	23	3655	5.3167
human	PR10XB9cell35	861050	345521	8401	50571	456557	25177	1920	23257	19	3285	5.1000
human	PR10XB9cell36	241244	131189	3618	12026	94411	9726	719	9007	18	2393	4.1667
human	PR10XB9cell37	1434856	584535	23690	68775	757856	37766	2698	35068	21	3668	6.1000
human	PR10XB9cell38	1196158	456227	16170	52534	671227	38907	2370	36537	18	4219	5.6000
human	PR10XB9cell39	1500445	857253	9939	58092	575161	33204	2348	30856	24	4036	6.3000
human	PR10XB9cell40	1144247	419283	11214	47293	666457	35451	1900	33551	20	3845	5.5333
human	PR10XB9cell41	1065636	357121	12040	62771	633704	67847	4971	62876	23	4349	5.8167
human	PR10XB9cell42	1274615	501562	22102	66224	684727	70681	5433	65248	24	4038	6.2500
human	PR10XB9cell43	639623	248550	5631	54093	331349	38808	3825	34983	27	3503	4.9167
human	PR10XB9cell44	713296	399880	8289	33189	271938	28747	2289	26458	17	3135	4.9833
human	PR10XB9cell45	1311865	467927	19062	83372	741504	74040	6184	67856	23	4193	6.2167
human	PR10XB9cell46	1708804	762157	23006	87189	836452	83141	5841	77300	28	4876	7.1333
human	PR10XB9cell47	1166519	413818	14694	86974	651033	64021	5550	58471	28	4326	5.9667
human	PR10XB9cell48	906393	332556	16782	45592	511463	51444	3711	47733	24	3899	5.2333
human	PR10XB9cell49	1470203	546249	22977	66554	834423	44236	2875	41361	23	4332	6.2667
human	PR10XB9cell50	1276934	540169	18104	67160	651501	35048	2765	32283	22	3860	5.8333
human	PR10XB9cell51	1547228	451668	15605	50505	1029450	48350	2192	46158	22	4713	6.3000
human	PR10XB9cell52	569134	325954	2448	19208	221524	14184	892	13292	18	2689	4.6833
human	PR10XB9cell53	1586120	573064	17863	78056	917137	44579	3059	41520	25	3979	6.8333
human	PR10XB9cell54	3447795	1191972	52170	67278	2136375	94600	2884	91716	24	5761	10.7667
human	PR10XB9cell55	3309256	1430796	40535	72988	1764937	75940	3008	72932	28	5448	9.9333
human	PR10XB9cell56	1071876	464821	9903	34592	562560	33238	1676	31562	25	4121	5.4500
human	PR10XB9cell57	999829	358976	10526	82402	547925	63023	6282	56741	25	3980	5.7833
human	PR10XB9cell58	1411655	585642	13301	94059	718653	82236	7657	74579	26	4222	6.7667
human	PR10XB9cell59	784259	379688	6770	56494	341307	42710	4231	38479	21	3719	5.1667
human	PR10XB9cell60	917091	451014	5166	24016	436895	41681	1969	39712	21	3355	5.3000
human	PR10XB9cell61	1476948	673973	15158	63736	724081	76936	5668	71268	22	4106	6.7333
human	PR10XB9cell62	2586208	1032351	39278	60501	1454078	132489	4998	127491	26	5440	9.0667
human	PR10XB9cell63	1820009	866518	20300	67195	865996	83014	5348	77666	23	4535	7.2167
human	PR10XB9cell64	1230943	523934	18070	44515	644424	66913	3962	62951	25	4140	5.8833
human	PR10XB9cell65	1566136	514416	17446	69662	964612	45731	2714	43017	22	4584	6.4000
human	PR10XB9cell66	1631082	410374	35588	75704	1109416	49431	2781	46650	23	4525	6.4667
human	PR10XB9cell67	849811	381482	6732	64518	397079	23822	2187	21635	21	3640	5.1167
human	PR10XB9cell68	851488	376417	13360	36558	425153	21586	1287	20299	18	3381	5.3000
human	PR10XB9cell69	1799654	701969	21197	66449	1010039	45791	2640	43151	26	4531	6.8833
human	PR10XB9cell70	1869227	756281	21707	102043	989196	48680	3333	45347	24	4870	7.0000
human	PR10XB9cell71	1534615	512855	33293	74252	914215	43493	2806	40687	26	4697	6.3000
human	PR10XB9cell72	1376217	408699	25716	41137	900665	39858	1758	38100	29	4273	6.0333
human	PR10XB9cell73	1262248	526515	12540	73531	649662	35297	2720	32577	21	3923	5.7667
human	PR10XB9cell74	995168	439028	6263	76083	473794	29654	2776	26878	21	3770	5.3000
human	PR10XB9cell75	1043196	408592	14020	52325	568259	30766	2058	28708	22	3762	5.4000
human	PR10XB9cell76	274091	123782	3232	12683	134394	10796	728	10068	19	2510	4.2167
human	PR10XB9cell77	1190558	409902	23830	59560	697266	35864	2464	33400	24	4039	5.5667
human	PR10XB9cell78	1447397	677830	17818	58488	693261	38579	2468	36111	24	4364	6.1333
human	PR10XB9cell79	1384033	527154	21660	51258	783961	40355	2187	38168	27	4415	6.0000
human	PR10XB9cell80	1206086	568624	11320	46138	580004	31148	1794	29354	25	3905	5.6333
human	PR10XB9cell81	1071988	396709	12843	56122	606314	67283	4616	62667	25	4062	5.6333
human	PR10XB9cell82	1116012	447056	11964	71842	585150	67942	5721	62221	25	3703	6.2000
human	PR10XB9cell83	755968	240099	8128	30276	477465	53059	2906	50153	25	3731	5.2667
human	PR10XB9cell84	811826	374070	11756	19813	406187	37685	1575	36110	14	3002	5.0833
human	PR10XB9cell85	1306074	476580	14977	70145	744372	80647	5766	74881	23	4029	6.1333
human	PR10XB9cell86	813514	408229	10774	32440	362071	46314	3165	43149	26	4097	5.1167
human	PR10XB9cell87	1565376	594364	18923	81210	870879	83515	5670	77845	27	4052	7.0167
human	PR10XB9cell88	411022	190266	5560	26191	189005	28054	2611	25443	25	3195	4.5000
human	PR10XB9cell89	634646	287025	7376	35956	304289	23775	1706	22069	20	3387	4.7833
human	PR10XB9cell90	511299	241820	2778	23384	243317	19575	1458	18117	22	3110	4.5333
human	PR10XB9cell91	748509	466102	4841	22796	254770	19053	1337	17716	21	3117	4.9667
human	PR10XB9cell92	69594	49196	289	4742	15367	4076	469	3607	15	1431	3.9167
human	PR10XB9cell93	631461	222623	14538	38511	355789	24207	1903	22304	23	3122	4.8167
human	PR10XB9cell94	727194	299215	10852	18286	398841	30271	1346	28925	23	3977	4.9333
human	PR10XB9cell95	731275	297681	8811	32229	392554	27039	1678	25361	23	3635	4.9333
human	PR10XB9cell96	581653	202788	7844	20726	350295	23482	1276	22206	26	3168	4.6833
human	PR10XB10cell1	3022357	1488760	45466	53946	1434185	45964	1730	44234	24	4656	9.2000
human	PR10XB10cell2	1377732	564334	13712	66085	733601	27003	1790	25213	21	3763	5.9667
human	PR10XB10cell3	2147107	1000073	26586	52353	1068095	39392	1646	37746	25	4680	7.5333
human	PR10XB10cell4	1095509	504739	11334	38141	541295	19604	984	18620	18	3381	5.4167
human	PR10XB10cell5	1428633	611723	22114	71511	723285	29514	1920	27594	19	3940	6.0833
human	PR10XB10cell6	1748841	850497	19005	60520	818819	31787	1902	29885	26	4200	6.7833
human	PR10XB10cell7	1526207	683350	18083	77438	747336	30085	2075	28010	22	4037	6.3000
human	PR10XB10cell8	1321749	544810	11543	33202	732194	27272	1263	26009	28	3760	5.8333
human	PR10XB10cell9	1656339	580220	31984	50506	993629	38862	1706	37156	20	4363	6.5667
human	PR10XB10cell10	966729	380895	13668	48646	523520	24428	1760	22668	19	3479	5.2333
human	PR10XB10cell11	961155	299382	16082	50640	595051	26495	1604	24891	21	3664	5.2000
human	PR10XB10cell12	461186	270726	2459	24565	163436	9364	769	8595	15	2252	4.4833
human	PR10XB10cell13	973113	413880	7603	49472	502158	22653	1664	20989	23	3368	5.1667
human	PR10XB10cell14	1472192	669964	16365	45237	740626	30550	1685	28865	24	4003	6.2000
human	PR10XB10cell15	1438099	644523	16179	50597	726800	30858	1792	29066	23	4092	6.1500
human	PR10XB10cell16	981759	451331	20945	26471	483012	22650	1151	21499	27	3505	5.2500
human	PR10XB10cell17	820649	304606	10305	39375	466363	24515	1575	22940	22	3977	4.9167
human	PR10XB10cell18	1759440	583123	17028	53213	1106076	35928	1799	34129	23	4562	6.5500
human	PR10XB10cell19	826505	365759	10240	46722	403784	19643	1513	18130	20	3462	4.8000
human	PR10XB10cell20	675131	378267	2953	31349	262562	13824	959	12865	20	3075	4.5833
human	PR10XB10cell21	1115993	422107	15257	52603	626026	27789	1688	26101	22	4002	5.4167
human	PR10XB10cell22	2969674	1104784	47969	59234	1757687	54963	2096	52867	23	5372	9.0333
human	PR10XB10cell23	3467501	1263938	49633	64425	2089505	64215	1855	62360	25	5490	10.3500
human	PR10XB10cell24	2237292	1137078	16452	34625	1049137	39734	1362	38372	27	4670	7.8500
human	PR10XB10cell25	1486313	348483	23403	76171	1038256	39440	2269	37171	20	4378	6.1667
human	PR10XB10cell26	1214011	505076	10007	71576	627352	26801	2126	24675	23	3896	5.5833
human	PR10XB10cell27	829860	338703	15989	62978	412190	21993	1833	20160	26	3707	4.5500
human	PR10XB10cell28	589168	309856	9451	32510	237351	12084	932	11152	19	2677	4.1333
human	PR10XB10cell29	1531353	551321	28808	73700	877524	34569	2106	32463	24	4244	6.1500
human	PR10XB10cell30	1712206	764793	14973	76177	856263	34307	2285	32022	21	4298	6.6167
human	PR10XB10cell31	1823848	798056	17357	94518	913917	36190	2372	33818	25	4405	6.8167
human	PR10XB10cell32	1477901	753523	9553	31626	683199	29865	1266	28599	22	4240	6.1833
human	PR10XB10cell33	1016792	310839	12853	65840	627260	32094	2457	29637	23	3611	5.1833
human	PR10XB10cell34	1107287	509376	19623	64509	513779	28055	2334	25721	23	3442	5.4500
human	PR10XB10cell35	396823	162499	3536	28991	201797	15047	1414	13633	20	2826	3.9833
human	PR10XB10cell36	573238	233926	7915	28409	302988	17669	1082	16587	18	2827	4.3333
human	PR10XB10cell37	1245543	524800	18838	59166	642739	34711	2500	32211	21	3547	5.8500
human	PR10XB10cell38	1605712	782545	12204	65451	745512	39550	2638	36912	16	3914	6.5333
human	PR10XB10cell39	1546224	590076	22936	77025	856187	42078	2696	39382	23	3990	6.4000
human	PR10XB10cell40	2325852	1003368	24705	57934	1239845	58273	2220	56053	24	4530	8.1833
human	PR10XB10cell41	1163137	558130	13800	59362	531845	56637	4552	52085	23	4183	5.7333
human	PR10XB10cell42	1262747	565556	17805	64111	615275	61453	4685	56768	20	3890	6.0500
human	PR10XB10cell43	1271140	676599	11737	37547	545257	49267	2968	46299	25	3771	6.1833
human	PR10XB10cell44	722947	278830	5289	21712	417116	36233	1676	34557	21	3456	4.7333
human	PR10XB10cell45	1599884	729610	17600	57967	794707	70571	4541	66030	21	4019	6.7167
human	PR10XB10cell46	1930875	952771	22981	40746	914377	75400	3430	71970	25	4383	7.3833
human	PR10XB10cell47	1347347	502741	19739	68578	756289	66684	4465	62219	26	4285	6.0833
human	PR10XB10cell48	937712	324912	14864	62237	535699	52162	4449	47713	23	3802	5.2500
human	PR10XB10cell49	1613848	436196	35689	77865	1064098	49549	2802	46747	20	4317	6.5333
human	PR10XB10cell50	1235079	534120	9667	89060	602232	32195	3134	29061	23	3570	5.7000
human	PR10XB10cell51	1013359	373910	16466	81117	541866	29173	2723	26450	22	3545	5.2833
human	PR10XB10cell52	552810	274459	5751	26781	245819	14279	1076	13203	18	2581	4.3333
human	PR10XB10cell53	1487439	532882	18251	69372	866934	39768	2768	37000	26	3777	6.2167
human	PR10XB10cell54	1235693	502585	12962	75308	644838	36830	2835	33995	25	4153	5.7667
human	PR10XB10cell55	1658238	672611	24136	80928	880563	43681	2841	40840	26	4301	6.5333
human	PR10XB10cell56	1552548	738753	13318	55353	745124	38067	2154	35913	22	4008	6.4333
human	PR10XB10cell57	874709	502000	4735	39818	328156	41010	3447	37563	23	3728	5.0833
human	PR10XB10cell58	2656940	1113938	38527	57906	1446569	131515	5494	126021	21	4758	9.1167
human	PR10XB10cell59	624598	238332	10851	43348	332067	39256	3376	35880	21	3549	4.6000
human	PR10XB10cell60	646234	330471	4552	28785	282426	28118	2036	26082	19	2901	4.5833
human	PR10XB10cell61	1333201	520112	15592	72771	724726	73187	5863	67324	21	3968	6.2333
human	PR10XB10cell62	1402937	630935	12583	61522	697897	65575	4660	60915	21	4238	6.2833
human	PR10XB10cell63	1698426	587795	16928	71114	1022589	86722	5070	81652	25	4383	7.1667
human	PR10XB10cell64	994793	394064	11911	30466	558352	53952	2879	51073	27	3724	5.4167
human	PR10XB10cell65	1790732	431367	34366	71279	1253720	54103	2615	51488	24	4775	6.8500
human	PR10XB10cell66	1281155	495926	27725	64470	693034	33430	2292	31138	26	4044	5.7167
human	PR10XB10cell67	881520	371364	11626	65435	433095	23678	2151	21527	18	3493	4.9667
human	PR10XB10cell68	779390	447522	4510	17270	310088	17034	901	16133	18	3157	4.8000
human	PR10XB10cell69	3304156	1739508	31446	73694	1459508	56808	2603	54205	21	4742	9.8333
human	PR10XB10cell70	1104780	415143	26515	68885	594237	32295	2619	29676	24	4022	5.4000
human	PR10XB10cell71	2053091	988357	12171	88562	964001	44687	2861	41826	27	4597	7.5333
human	PR10XB10cell72	601339	162927	11637	35844	390931	24085	1591	22494	26	3538	4.4167
human	PR10XB10cell73	1296938	600666	8312	62729	625231	32882	2470	30412	21	3816	5.8833
human	PR10XB10cell74	1270770	450755	27908	65121	726986	36102	2612	33490	23	3857	5.7833
human	PR10XB10cell75	886415	278623	13616	32223	561953	31939	1574	30365	22	4064	4.9333
human	PR10XB10cell76	506391	201169	8036	26402	270784	14168	940	13228	19	2624	4.2000
human	PR10XB10cell77	1626402	467565	23782	74402	1060653	46053	2793	43260	25	4158	6.4500
human	PR10XB10cell78	1126340	444379	15639	86452	579870	31736	2983	28753	22	3830	5.5333
human	PR10XB10cell79	1663629	581243	17921	57399	1007066	44226	2225	42001	24	4271	6.5500
human	PR10XB10cell80	1111976	461529	12273	53685	584489	30210	2005	28205	23	3671	5.4667
human	PR10XB10cell81	782247	212295	13644	50024	506284	57289	4229	53060	21	3674	5.1500
human	PR10XB10cell82	1003028	402607	12626	66162	521633	60626	5152	55474	20	3536	5.4000
human	PR10XB10cell83	732124	313395	6755	44215	367759	42961	3561	39400	24	3374	4.8667
human	PR10XB10cell84	613742	350895	3537	17774	241536	24313	1492	22821	18	2589	4.5167
human	PR10XB10cell85	932434	329723	9692	63579	529440	59661	5139	54522	24	3635	5.2667
human	PR10XB10cell86	1041080	437184	15505	47058	541333	54726	4007	50719	25	3767	5.5000
human	PR10XB10cell87	1435057	609844	18667	54416	752130	70567	4221	66346	22	3857	6.5000
human	PR10XB10cell88	938966	368901	16382	33625	520058	53971	3113	50858	23	3569	5.1333
human	PR10XB10cell89	654686	244506	9004	25090	376086	24998	1383	23615	19	3301	4.4833
human	PR10XB10cell90	499281	214294	5118	23878	255991	19272	1399	17873	22	3006	4.1667
human	PR10XB10cell91	692188	194018	6199	20463	471508	30139	1245	28894	22	4033	4.5833
human	PR10XB10cell92	174364	98916	3967	4791	66690	7161	471	6690	14	1938	3.5333
human	PR10XB10cell93	625664	224481	12311	23976	364896	23311	1368	21943	20	3156	4.4833
human	PR10XB10cell94	641447	315115	10566	20884	294882	21254	1301	19953	22	3221	4.5333
human	PR10XB10cell95	786933	377715	9989	25156	374073	25351	1328	24023	24	3570	4.8667
human	PR10XB10cell96	602683	245750	3768	28688	324477	21621	1489	20132	23	2980	4.3667
human	PR10XB11cell1	1853094	876355	31149	55250	890340	31843	1639	30204	24	3978	6.9167
human	PR10XB11cell2	1172589	509851	12376	48150	602212	22897	1579	21318	21	3407	5.5667
human	PR10XB11cell3	1387696	466461	37328	29920	853987	30673	1101	29572	24	3955	5.9500
human	PR10XB11cell4	711588	328411	10772	47215	325190	12527	1069	11458	23	2480	4.6000
human	PR10XB11cell5	2069304	1107130	14427	60042	887705	31487	1657	29830	24	4043	5.1167
human	PR10XB11cell6	1560463	569349	22178	61864	907072	33338	1929	31409	23	4067	4.3167
human	PR10XB11cell7	1809963	919710	21571	79561	789121	27448	1878	25570	21	3744	4.7667
human	PR10XB11cell8	1206917	515900	10095	44585	636337	22737	1363	21374	28	3305	3.8500
human	PR10XB11cell9	1282932	419103	16138	73757	773934	32425	2097	30328	22	3906	3.9333
human	PR10XB11cell10	1089123	560212	19207	65303	444401	19816	1877	17939	21	3071	5.4333
human	PR10XB11cell11	674764	286649	7123	35981	345011	17040	1212	15828	21	3088	4.5500
human	PR10XB11cell12	547740	318832	3592	11233	214083	9507	489	9018	18	2125	4.3000
human	PR10XB11cell13	1602387	899978	13745	56333	632331	24857	1673	23184	25	3541	6.5000
human	PR10XB11cell14	1164503	593466	8975	56585	505477	23150	1830	21320	23	3561	5.5833
human	PR10XB11cell15	1664387	474929	31960	48959	1108539	37625	1535	36090	21	4160	6.4167
human	PR10XB11cell16	1096999	461578	8890	49080	577451	23177	1532	21645	25	3434	3.6833
human	PR10XB11cell17	1128186	530453	9376	64052	524305	23338	1871	21467	27	3714	3.6833
human	PR10XB11cell18	2010715	1065430	26058	65370	853857	30938	1799	29139	17	4230	5.0000
human	PR10XB11cell19	830422	411719	7405	43362	367936	16194	1265	14929	22	2965	3.3000
human	PR10XB11cell20	1012646	624098	8219	20056	360273	14501	743	13758	20	2896	3.6167
human	PR10XB11cell21	2064741	700924	33210	51873	1278734	39333	1584	37749	22	4421	5.0833
human	PR10XB11cell22	1402816	654004	13039	48415	687358	27742	1612	26130	23	3923	4.1000
human	PR10XB11cell23	1395457	583058	10022	60954	741423	29715	1719	27996	21	4197	6.0667
human	PR10XB11cell24	1381310	519243	25361	36012	800694	28962	1229	27733	21	4010	5.9167
human	PR10XB11cell25	1452120	656646	9228	67268	718978	29707	2100	27607	19	3937	6.0833
human	PR10XB11cell26	1178463	554788	12495	76383	534797	24307	2102	22205	20	3767	5.4833
human	PR10XB11cell27	804755	364352	5960	57900	376543	19255	1622	17633	23	3266	4.8333
human	PR10XB11cell28	553202	301949	4853	22604	223796	9695	702	8993	20	2221	4.3167
human	PR10XB11cell29	2415596	1375801	27635	65576	946584	36214	1865	34349	23	4426	8.0000
human	PR10XB11cell30	1863710	723320	24330	78482	1037578	38186	2323	35863	21	4483	6.7667
human	PR10XB11cell31	2559309	1065119	35661	87471	1371058	44463	2316	42147	23	4572	8.1667
human	PR10XB11cell32	1748807	471606	26026	44063	1207112	41899	1443	40456	24	4737	6.5167
human	PR10XB11cell33	1088766	376462	13761	49945	648598	33309	2029	31280	23	3509	5.4000
human	PR10XB11cell34	882039	420773	5892	69061	386313	21999	2459	19540	20	2860	4.6000
human	PR10XB11cell35	676402	329609	9208	37567	300018	17203	1501	15702	20	2612	4.2000
human	PR10XB11cell36	470934	281074	7772	24337	157751	9599	929	8670	21	1955	3.8667
human	PR10XB11cell37	1320332	593083	22232	63912	641105	31719	2273	29446	18	3397	5.8500
human	PR10XB11cell38	976383	399761	11077	52294	513251	28729	2178	26551	25	3458	5.1500
human	PR10XB11cell39	1894183	647807	28563	58339	1159474	48613	2249	46364	24	4079	6.8667
human	PR10XB11cell40	1213172	534300	23381	50156	605335	30296	1921	28375	18	3430	5.6000
human	PR10XB11cell41	2956599	1802627	27856	58011	1068105	96966	4020	92946	23	4695	9.8167
human	PR10XB11cell42	958363	400751	7308	75070	475234	50642	5535	45107	19	3468	5.2667
human	PR10XB11cell43	780025	376796	5891	33800	363538	35716	2712	33004	19	3076	4.9667
human	PR10XB11cell44	697330	366954	3325	44328	282723	24721	2320	22401	22	2555	3.1333
human	PR10XB11cell45	1639709	476730	32067	69779	1061133	92666	5294	87372	25	4159	5.5833
human	PR10XB11cell46	1272693	459940	21463	39066	752224	66673	3173	63500	24	4168	4.0333
human	PR10XB11cell47	1378011	590421	20425	67501	699664	57787	4497	53290	24	3809	4.2833
human	PR10XB11cell48	1321231	726513	15089	38165	541464	49429	2937	46492	20	3526	4.2333
human	PR10XB11cell49	1320078	617963	10616	66394	625105	33047	2456	30591	22	3706	4.0667
human	PR10XB11cell50	1213062	479042	16846	90675	626499	32058	3248	28810	22	3414	3.9833
human	PR10XB11cell51	1399113	524669	28801	52861	792782	37025	2027	34998	22	3757	4.1500
human	PR10XB11cell52	587384	305466	12527	19218	250173	13624	849	12775	16	2469	2.9667
human	PR10XB11cell53	1661064	664871	26264	90070	879859	40991	3210	37781	27	3822	4.5500
human	PR10XB11cell54	1955474	1094617	21328	76068	763461	39024	2829	36195	21	4123	4.9833
human	PR10XB11cell55	1515757	652242	20619	88699	754197	37269	2963	34306	23	3962	4.3500
human	PR10XB11cell56	1232555	643852	6423	57890	524390	27778	2022	25756	20	3482	4.0167
human	PR10XB11cell57	1172402	460139	13246	82575	616442	65833	5768	60065	23	3965	3.9500
human	PR10XB11cell58	1058622	529715	13136	52370	463401	55597	5215	50382	20	3575	3.8000
human	PR10XB11cell59	891968	450209	15226	53488	373045	40999	3778	37221	19	3267	3.5000
human	PR10XB11cell60	447951	273543	3616	14750	156042	17707	1336	16371	20	2288	2.7667
human	PR10XB11cell61	2587836	962119	42341	84456	1498920	130781	6502	124279	23	4531	10.2000
human	PR10XB11cell62	1427514	762694	9991	79304	575525	56560	5169	51391	26	3717	6.2000
human	PR10XB11cell63	887412	335528	8825	45355	497704	50226	3719	46507	23	3714	5.2167
human	PR10XB11cell64	172858	46087	2408	41988	82375	17615	3388	14227	21	2754	3.3167
human	PR10XB11cell65	1079548	485210	11650	71684	511004	27944	2460	25484	23	3796	5.3167
human	PR10XB11cell66	1237069	479083	13302	69512	675172	30146	2415	27731	19	3645	5.5333
human	PR10XB11cell67	891046	441198	8339	37186	404323	20463	1456	19007	22	3103	4.9500
human	PR10XB11cell68	554025	304875	7114	29158	212878	12112	1031	11081	24	2460	4.3000
human	PR10XB11cell69	3509627	1496305	56259	52600	1904463	69650	2028	67622	24	5263	10.2833
human	PR10XB11cell70	1547409	749371	19624	65709	712705	31523	2324	29199	24	3813	6.3333
human	PR10XB11cell71	1007841	509608	13220	78176	406837	26108	2536	23572	23	3760	5.0000
human	PR10XB11cell72	201695	79467	2683	32140	87405	11304	1304	10000	25	2666	3.6000
human	PR10XB11cell73	1388836	683946	18450	60893	625547	30625	2221	28404	22	3540	6.0667
human	PR10XB11cell74	1169516	586625	11726	62356	508809	26770	2323	24447	24	3347	5.6000
human	PR10XB11cell75	573443	384407	2283	37574	149179	12994	1485	11509	20	2435	4.3667
human	PR10XB11cell76	406409	235759	1721	7478	161451	9018	506	8512	20	2017	4.0167
human	PR10XB11cell77	1530950	489816	31189	60234	949711	41993	2163	39830	23	3948	6.0667
human	PR10XB11cell78	543811	177524	10034	73733	282520	19700	2564	17136	25	3066	4.2333
human	PR10XB11cell79	194758	83743	946	28422	81647	14038	1434	12604	21	3035	3.5667
human	PR10XB11cell80	1407028	706153	11551	36444	652880	30545	1477	29068	26	3659	4.1333
human	PR10XB11cell81	1330110	363699	18701	64035	883675	82935	4886	78049	21	4138	4.4167
human	PR10XB11cell82	1024611	470928	13921	69231	470531	55919	5425	50494	18	3530	3.7833
human	PR10XB11cell83	623103	211748	5876	38122	367357	41508	2897	38611	18	3394	3.0833
human	PR10XB11cell84	310265	158095	6505	16601	129064	15691	1576	14115	21	2032	2.5500
human	PR10XB11cell85	847819	319791	16423	55676	455929	53394	4965	48429	19	3647	3.5000
human	PR10XB11cell86	1501700	612096	16439	61911	811254	76760	4698	72062	24	4001	4.5333
human	PR10XB11cell87	994991	358704	15890	45461	574936	53778	3607	50171	21	3419	3.6500
human	PR10XB11cell88	1193176	563504	16092	50379	563201	52877	3787	49090	21	3233	3.9333
human	PR10XB11cell89	584767	275435	3675	28594	277063	18594	1454	17140	23	2898	2.9500
human	PR10XB11cell90	1451592	645470	20288	36927	748907	42194	1842	40352	21	3998	4.2667
human	PR10XB11cell91	282716	123419	2649	14650	141998	11938	908	11030	20	2411	2.5000
human	PR10XB11cell92	171249	96500	1494	3783	69472	6143	370	5773	18	1609	2.3333
human	PR10XB11cell93	534431	209398	3178	28919	292936	20485	1451	19034	18	2900	2.8833
human	PR10XB11cell94	741901	372945	5777	39579	323600	21401	1777	19624	23	2982	3.2000
human	PR10XB11cell95	490520	160040	11388	31609	287483	20280	1524	18756	19	3031	2.7667
human	PR10XB11cell96	70677	33762	199	20893	15823	5201	1102	4099	18	1598	2.2000
human	PR10XB12cell1	2122739	818152	28395	60379	1215813	51289	2123	49166	27	4609	5.0667
human	PR10XB12cell2	4421241	2800342	31679	94471	1494749	71618	3521	68097	22	5313	8.5667
human	PR10XB12cell3	3632409	723750	99740	43516	2765403	92983	1481	91502	20	6089	7.2833
human	PR10XB12cell4	777747	339963	11347	25761	400676	15419	794	14625	18	2764	3.2500
human	PR10XB12cell5	2153908	630082	35560	66346	1421920	47336	1985	45351	23	4571	5.3167
human	PR10XB12cell6	2294527	841260	31274	52230	1369763	46744	1889	44855	26	4699	5.7000
human	PR10XB12cell7	1875527	887470	19199	73857	895001	32925	2123	30802	25	4082	6.7667
human	PR10XB12cell8	1216567	490781	19980	59739	646067	24409	1788	22621	24	3412	5.2167
human	PR10XB12cell9	2106209	939445	40698	51902	1074164	42192	1950	40242	26	4531	6.9833
human	PR10XB12cell10	1420740	397840	28186	59325	935389	37236	2061	35175	20	4055	5.8167
human	PR10XB12cell11	768509	397405	3723	45108	322273	19739	1533	18206	21	3371	4.7000
human	PR10XB12cell12	432411	193410	3898	9515	225588	10701	474	10227	17	2293	4.0667
human	PR10XB12cell13	1282832	541325	13289	75293	652925	28403	2283	26120	25	3599	5.7500
human	PR10XB12cell14	1623404	427510	34340	214624	946930	43784	5804	37980	31	4240	6.5667
human	PR10XB12cell15	1082347	558892	11201	30676	481578	24610	1322	23288	21	3682	5.2833
human	PR10XB12cell16	512169	229548	5319	39788	237514	16159	1429	14730	20	3169	4.0500
human	PR10XB12cell17	1200811	471160	9564	88492	631595	27883	2339	25544	27	3907	5.5167
human	PR10XB12cell18	1875336	807851	18278	38495	1010712	41969	1603	40366	26	5012	6.8500
human	PR10XB12cell19	1121060	419024	7892	47797	646347	25736	1408	24328	24	3919	5.2833
human	PR10XB12cell20	517561	303793	2968	17501	193299	10807	716	10091	17	2526	4.2667
human	PR10XB12cell21	1685977	627535	20695	64157	973590	35921	1945	33976	24	4254	5.9667
human	PR10XB12cell22	2870458	1667552	22327	46688	1133891	48882	1886	46996	29	5473	8.0667
human	PR10XB12cell23	1634309	702834	32757	75220	823498	32853	2220	30633	27	4257	5.8333
human	PR10XB12cell24	933986	424195	8384	57234	444173	21796	1663	20133	22	3550	4.5833
human	PR10XB12cell25	1251497	516337	15675	75897	643588	29853	2257	27596	22	4003	5.5167
human	PR10XB12cell26	1433198	703984	13929	57475	657810	28392	2015	26377	19	3961	5.9000
human	PR10XB12cell27	986515	349725	16737	31513	588540	29519	1389	28130	18	4038	4.9667
human	PR10XB12cell28	541021	219592	2539	43103	275787	13039	977	12062	18	2517	4.2500
human	PR10XB12cell29	1444654	620613	18690	45024	760327	34402	1697	32705	29	4359	6.0833
human	PR10XB12cell30	1403316	646067	18276	75429	663544	32001	2403	29598	29	4257	6.0500
human	PR10XB12cell31	1619991	719742	17608	64605	818036	34307	2167	32140	22	4443	4.5500
human	PR10XB12cell32	1562756	851636	12538	44306	654276	26836	1558	25278	24	3839	4.3333
human	PR10XB12cell33	989605	375116	11821	62117	540551	32772	2810	29962	22	3457	3.5833
human	PR10XB12cell34	1149023	607708	6224	65064	470027	30469	2746	27723	21	3439	3.7667
human	PR10XB12cell35	721982	383981	9358	32168	296475	22126	1748	20378	17	3084	3.1333
human	PR10XB12cell36	391013	188592	3580	18510	180331	13225	981	12244	19	2311	2.6500
human	PR10XB12cell37	1547531	726841	11228	57066	752396	40470	2684	37786	23	3801	4.3333
human	PR10XB12cell38	2790645	875149	44963	82664	1787869	91345	3635	87710	25	4750	7.1333
human	PR10XB12cell39	1239647	417315	17750	55721	748861	39002	2388	36614	22	3682	5.6500
human	PR10XB12cell40	113348	48785	1069	34799	28695	9410	1829	7581	23	2391	3.4833
human	PR10XB12cell41	1200922	515410	13882	65812	605818	63447	5069	58378	28	4074	5.8333
human	PR10XB12cell42	901685	483490	9249	51145	357801	46938	4566	42372	26	3873	5.1500
human	PR10XB12cell43	1155396	617280	17232	37029	483855	50927	2839	48088	16	3919	5.6667
human	PR10XB12cell44	754775	443148	4418	12748	294461	30148	1284	28864	18	3036	4.8167
human	PR10XB12cell45	1203632	545525	22303	45681	590123	66026	3921	62105	23	4169	6.0167
human	PR10XB12cell46	1989631	888296	39425	42344	1019566	100922	3914	97008	28	4954	8.4000
human	PR10XB12cell47	2055546	592593	48501	79831	1334621	103185	5400	97785	27	4522	8.5667
human	PR10XB12cell48	445953	69326	8558	35839	332230	37184	2864	34320	23	3350	2.7167
human	PR10XB12cell49	1221999	388249	13880	92266	727604	38327	3290	35037	25	3778	3.8667
human	PR10XB12cell50	1441048	816429	8100	72951	543568	31074	3022	28052	22	3531	4.1500
human	PR10XB12cell51	618656	268276	8539	36061	305780	22826	1796	21030	19	3367	3.0000
human	PR10XB12cell52	565293	282088	4671	36111	242423	14650	1301	13349	21	2451	2.9000
human	PR10XB12cell53	2382665	633813	42610	59073	1647169	68211	2594	65617	24	4334	5.7667
human	PR10XB12cell54	1684501	719510	21814	101339	841838	44662	3639	41023	24	4251	4.4667
human	PR10XB12cell55	1645454	704886	14862	82723	842983	43327	3084	40243	25	4206	4.3667
human	PR10XB12cell56	1178988	442628	17373	34746	684241	36855	1756	35099	22	3800	4.0167
human	PR10XB12cell57	1331095	636996	16985	54897	622217	66210	4408	61802	25	4047	4.2500
human	PR10XB12cell58	1445257	618491	21133	74492	731141	80322	6657	73665	23	4007	6.5167
human	PR10XB12cell59	1046616	326837	21172	28749	669858	70274	2538	67736	21	4145	5.5333
human	PR10XB12cell60	425044	235367	4580	14899	170198	21125	1498	19627	20	2545	4.0500
human	PR10XB12cell61	1028253	373126	12295	48153	594679	65997	4620	61377	23	3960	5.7667
human	PR10XB12cell62	1381792	631153	20376	35193	695070	73878	3775	70103	27	4378	6.3333
human	PR10XB12cell63	1293047	511477	14838	44058	722674	68196	3612	64584	23	4100	5.7667
human	PR10XB12cell64	1048515	446452	11847	31896	558320	59471	2988	56483	21	3634	5.7833
human	PR10XB12cell65	1444221	659292	9692	53466	721771	36703	2319	34384	26	4172	4.2167
human	PR10XB12cell66	1844400	983798	24353	68399	767850	38695	2756	35939	24	4093	4.6833
human	PR10XB12cell67	996805	439674	16868	33763	506500	27781	1525	26256	21	3727	3.5500
human	PR10XB12cell68	701333	330797	8533	16871	345132	17103	829	16274	22	2853	4.4833
human	PR10XB12cell69	3384451	1107732	49866	74667	2152186	82798	2719	80079	23	5341	10.1833
human	PR10XB12cell70	1590850	816216	16874	63942	693818	38305	2524	35781	26	4447	6.2833
human	PR10XB12cell71	1714679	704171	18997	58775	932736	40811	2350	38461	25	4306	6.5667
human	PR10XB12cell72	1943566	661384	27669	46473	1208040	48202	1848	46354	26	4301	6.3667
human	PR10XB12cell73	1069314	442751	12671	68545	545347	31228	2675	28553	26	3741	5.1833
human	PR10XB12cell74	3054625	1385878	43196	65767	1559784	68310	2759	65551	25	4865	9.0167
human	PR10XB12cell75	757722	309578	8811	30328	409005	24692	1522	23170	21	3377	4.6167
human	PR10XB12cell76	317073	178207	1229	10185	127452	9012	591	8421	19	2100	3.8167
human	PR10XB12cell77	1220516	502179	15247	61337	641753	34686	2538	32148	24	3846	5.6000
human	PR10XB12cell78	468914	223917	5462	36073	203462	19761	2008	17753	27	3548	4.1167
human	PR10XB12cell79	1850545	885392	24296	47379	893478	41858	2085	39773	23	4168	6.7500
human	PR10XB12cell80	815797	274695	16362	36914	487826	27116	1779	25337	24	3411	4.7333
human	PR10XB12cell81	1108376	391033	19006	52649	645688	72962	4628	68334	23	3928	6.0333
human	PR10XB12cell82	1118864	570160	9378	71994	467332	61804	6476	55328	23	3552	5.4833
human	PR10XB12cell83	747220	302933	10095	32083	402109	47097	3005	44092	18	3379	4.7500
human	PR10XB12cell84	586269	329177	4091	16896	236105	26070	1682	24388	19	2444	4.3000
human	PR10XB12cell85	920216	346119	7390	79117	487590	62089	6155	55934	25	3762	5.2667
human	PR10XB12cell86	111609	34254	451	62518	14386	15091	5022	10069	23	2798	3.4500
human	PR10XB12cell87	1087043	464717	10278	42165	569883	57318	3565	53753	19	3544	5.3333
human	PR10XB12cell88	807325	359191	11283	32074	404777	45276	3097	42179	19	3120	4.9667
human	PR10XB12cell89	1075341	425396	17487	45787	586671	49599	2732	46867	22	4071	5.0833
human	PR10XB12cell90	820680	358858	7642	28257	425923	28842	1677	27165	21	3364	4.5000
human	PR10XB12cell91	669639	260350	12830	20337	376122	27015	1214	25801	19	3523	4.3000
human	PR10XB12cell92	114979	64139	475	7909	42456	5413	511	4902	14	1561	3.3833
human	PR10XB12cell93	950852	313394	11966	19545	605947	36505	1291	35214	24	3711	5.1000
human	PR10XB12cell94	870461	482012	13496	20631	354322	26112	1389	24723	23	3397	3.3833
human	PR10XB12cell95	257578	89207	3813	15724	148834	16191	1180	15011	17	3005	2.4500
human	PR10XB12cell96	136893	39525	1472	21033	74863	9515	1205	8310	22	2113	2.2667
