orig.ident	nCount_ATAC	nFeature_ATAC	nCount_ACTIVITY	nFeature_ACTIVITY	tech	predicted.id	prediction.score.max	tSNE_1	tSNE_2	EPCAM	VIM	PTPRC	HBG1
XoX_1_1-1	XoX	131558	46636	54868.4956387352	16053	atac	Pre-T	0.869351028753266	0.049793272121072	-1.5631848395552	0.939492022706376	0.738175318009818	-0.10409961653334	-0.379265570451422
XoX_1_1-2	XoX	56758	25326	29463.0844031667	13062	atac	T-DP	0.405121698968503	7.78357410517251	1.63020483371762	2.0818482502422	2.1810302582492	-0.10409961653334	-0.379265570451422
XoX_1_1-3	XoX	58890	24161	28653.848114407	12848	atac	T-DP	0.545458625041544	-4.73427724148028	-3.13482801715443	0.876474743959716	-0.591868132665948	-0.10409961653334	-0.379265570451422
XoX_1_1-4	XoX	74495	29475	34378.3035072533	13707	atac	Pre-T	0.49671835225947	-5.25285265322811	0.432130359213423	1.75368693676632	-0.591868132665948	-0.10409961653334	-0.379265570451422
XoX_1_1-5	XoX	48191	20121	23298.3690862322	11461	atac	T-DP	0.698286589714872	-6.74849625469844	-1.41767834328322	-0.773225872439981	-0.591868132665948	-0.10409961653334	-0.379265570451422
XoX_1_1-6	XoX	116587	41761	48951.2402529246	15495	atac	Pre-T	0.829814569043203	2.05982399422	-0.954339542857822	0.25115157592978	-0.591868132665948	-0.10409961653334	-0.379265570451422
XoX_1_1-7	XoX	73363	28669	33926.2026657783	13684	atac	Pre-T	0.641753883248974	2.07100177267245	-1.78651290735615	0.650338457739769	0.790722676153852	-0.10409961653334	-0.379265570451422
XoX_1_1-8	XoX	46523	20264	23852.5773091213	11922	atac	T-DP	0.881044888733733	0.730930067384083	8.14310416976078	-0.773225872439981	-0.591868132665948	-0.10409961653334	-0.379265570451422
XoX_1_2-1	XoX	57292	24058	28209.2009671378	12634	atac	T-DP	0.670246607001409	1.87110732015466	1.93674661124368	-0.773225872439981	-0.591868132665948	-0.10409961653334	-0.379265570451422
XoX_1_2-2	XoX	47492	20166	24155.4423529751	11942	atac	T-DP	0.676146060868353	3.41140958802828	-0.0155567821451968	-0.773225872439981	-0.591868132665948	-0.10409961653334	-0.379265570451422
XoX_1_2-3	XoX	69289	27347	32239.728454412	13170	atac	T-DP	0.711306172315762	-5.11996643906112	0.998946013596758	0.715577095763935	1.39832543588832	-0.10409961653334	-0.379265570451422
XoX_1_2-4	XoX	49489	22987	26545.7277217622	12535	atac	T-DP	0.557691660128568	8.00492873106964	1.05213506507491	-0.773225872439981	0.249889829860399	-0.10409961653334	-0.379265570451422
XoX_1_2-5	XoX	68988	28221	32966.6405036518	13297	atac	Pre-T	0.894009106431144	-5.04381520159615	-1.27600120057562	1.83980146409486	2.38435010570309	-0.10409961653334	2.24475998043447
XoX_1_2-6	XoX	85241	33748	39734.0957463843	14546	atac	T-DP	0.742901080219255	-2.22001313020885	-3.02284885263296	0.463840933205793	1.1689287112574	-0.10409961653334	-0.379265570451422
XoX_1_2-7	XoX	69228	29050	33927.1067607306	13695	atac	T-DP	0.852405597853612	3.13211510618542	6.25015013293263	-0.773225872439981	1.41977882556527	-0.10409961653334	-0.379265570451422
XoX_1_2-8	XoX	67640	26989	31342.0644281755	13377	atac	T-DP	0.843672225839285	-5.86018052688619	3.12945130110245	0.752817148679388	-0.591868132665948	-0.10409961653334	2.36353222432495
XoX_1_3-1	XoX	95311	34839	41091.1178425551	14672	atac	Pre-T	0.597146685291167	-0.857615317448697	-0.257643356606326	-0.773225872439981	1.11914531537626	-0.10409961653334	-0.379265570451422
XoX_1_3-2	XoX	38457	17289	19817.877219997	10777	atac	T-DP	0.62619776968346	6.0234429007752	-6.46045942007589	1.47806016036325	-0.591868132665948	-0.10409961653334	-0.379265570451422
XoX_1_3-3	XoX	55058	23929	28269.136331734	12876	atac	Pre-T	0.479021803077745	2.76803234650919	-0.146155095630793	-0.773225872439981	1.02916057647372	-0.10409961653334	-0.379265570451422
XoX_1_3-7	XoX	54623	23055	27156.5696648056	12333	atac	T-DP	0.804937735514954	6.78267419416441	-2.92660944688597	-0.773225872439981	-0.591868132665948	-0.10409961653334	-0.379265570451422
XoX_1_3-8	XoX	67709	26926	31752.2547233436	13441	atac	Pre-T	0.695644716275671	3.63288548074598	0.0952514449553822	0.735570230896671	-0.591868132665948	-0.10409961653334	-0.379265570451422
XoX_1_4-1	XoX	53102	23499	27549.4885399319	12764	atac	T-DP	0.497868221942999	1.44014842774035	-6.58206590625501	0.933330621415487	-0.591868132665948	-0.10409961653334	-0.379265570451422
XoX_1_4-2	XoX	58250	25336	30127.301671004	13155	atac	T-DP	0.442211969229433	5.12273509653808	-3.69137432535625	-0.773225872439981	-0.591868132665948	-0.10409961653334	-0.379265570451422
XoX_1_4-3	XoX	61664	25456	29829.8769614876	13157	atac	T-DP	0.798054258705182	1.70558147944967	3.29255559704391	-0.773225872439981	-0.591868132665948	-0.10409961653334	-0.379265570451422
XoX_1_4-4	XoX	55617	23884	27893.4909858355	12534	atac	T-DP	0.584747435012012	-4.71876392745008	-6.23513086222856	0.915201271667584	-0.591868132665948	-0.10409961653334	2.65538953652053
XoX_1_4-5	XoX	42710	19409	22588.4159296988	11491	atac	Pre-T	0.559656272213831	-3.47330765090984	4.9088740007181	2.72141096463741	-0.591868132665948	-0.10409961653334	-0.379265570451422
XoX_1_4-6	XoX	70057	27894	32669.900899456	13420	atac	T-DP	0.39755615652585	-1.715926818123	-0.113065601147573	-0.773225872439981	0.837373401588088	-0.10409961653334	2.26567595457434
XoX_1_4-7	XoX	32963	15285	17883.2422406193	9975	atac	T-DP	0.639931278885882	7.90603235016641	4.04480892808936	-0.773225872439981	0.614478665774377	-0.10409961653334	-0.379265570451422
XoX_1_4-8	XoX	92065	35714	42189.6716344337	14974	atac	Pre-T	0.678795438459627	-0.444112235506285	-0.620052540040983	1.36503282537547	1.48484646308776	-0.10409961653334	1.72755063040409
XoX_1_5-1	XoX	79717	31404	37131.8290672099	13957	atac	T-DP	0.582514207299031	-0.392006502045843	-3.66978588147185	-0.773225872439981	0.0230903924461768	-0.10409961653334	-0.379265570451422
XoX_1_5-2	XoX	53747	23092	27166.6295104882	12507	atac	T-DP	0.740652898082125	4.22979827244024	5.38981480956945	2.26705887291333	-0.591868132665948	10	-0.379265570451422
XoX_1_5-3	XoX	42609	18249	21294.5279802409	11106	atac	T-DP	0.775634239559812	3.53208564099669	-5.77309085340503	-0.773225872439981	-0.591868132665948	-0.10409961653334	-0.379265570451422
XoX_1_5-5	XoX	67929	27698	32916.6740994055	13187	atac	Pre-T	0.688153455075733	1.66395967442929	-1.87827787778698	0.688680981667549	-0.591868132665948	-0.10409961653334	-0.379265570451422
XoX_1_5-6	XoX	58024	24405	28728.558052259	12778	atac	T-DP	0.392573317833916	0.998881580591439	7.77079141423864	-0.773225872439981	-0.591868132665948	-0.10409961653334	-0.379265570451422
XoX_1_5-7	XoX	80027	29159	33819.8276104347	13575	atac	T-DP	0.575645329152381	-1.51954386643851	2.94238567835658	0.654283055522669	-0.591868132665948	9.54523465447685	-0.379265570451422
XoX_1_5-8	XoX	153094	56255	65072.4174766707	17412	atac	Pre-T	0.625814985540909	-1.03504615659225	-2.15263062413924	1.31612259524961	-0.591868132665948	5.22094853545909	-0.379265570451422
XoX_1_6-1	XoX	71086	27340	32219.1438327639	13296	atac	T-DP	0.843504129098301	-4.08061573348983	1.86895581406721	-0.773225872439981	-0.591868132665948	-0.10409961653334	-0.379265570451422
XoX_1_6-2	XoX	54389	24370	28607.8101901461	12438	atac	T-DP	0.851981917666934	-5.55731622231923	-2.68466931163371	-0.773225872439981	-0.591868132665948	-0.10409961653334	-0.379265570451422
XoX_1_6-3	XoX	33430	14791	17697.716656038	9816	atac	T-DP	0.579956593246689	2.80479000607925	3.07417799275238	-0.773225872439981	-0.591868132665948	-0.10409961653334	-0.379265570451422
XoX_1_6-5	XoX	79138	29722	34676.764891064	13432	atac	T-DP	0.576701157888816	-0.91927720760355	4.69697230979777	-0.773225872439981	-0.591868132665948	-0.10409961653334	-0.379265570451422
XoX_1_6-6	XoX	65784	26514	31062.9703430922	13239	atac	Pre-T	0.571441061148795	4.47130948817394	3.7687166988176	0.764780625607594	1.57219850473782	-0.10409961653334	-0.379265570451422
XoX_1_6-7	XoX	45335	19923	23405.0083770011	11461	atac	Pre-T	0.660196328065652	-2.50219882169571	6.45850892500165	-0.773225872439981	-0.591868132665948	-0.10409961653334	-0.379265570451422
XoX_1_6-8	XoX	55392	24011	27927.5876469356	12583	atac	T-DP	0.684289626444758	7.52599718580523	-1.2862136243132	-0.773225872439981	1.76839785220448	-0.10409961653334	-0.379265570451422
XoX_1_7-1	XoX	84544	33668	40050.8309191066	14745	atac	T-CACNA1A	0.643408958993051	3.63031323158706	-1.63280296316001	1.45887306998138	-0.591868132665948	-0.10409961653334	-0.379265570451422
XoX_1_7-2	XoX	81372	31595	37400.7995362101	14326	atac	T-DP	0.69168502613152	-1.65631189840192	-3.07768012995252	-0.773225872439981	0.676312827737394	-0.10409961653334	-0.379265570451422
XoX_1_7-3	XoX	125527	43442	50651.5575158566	15779	atac	T-DP	0.505972015528687	-1.57742164787056	-1.88896238791102	0.219681550782154	1.58902110505666	-0.10409961653334	-0.379265570451422
XoX_1_7-4	XoX	163151	49610	57895.9605979717	16265	atac	T-DP	0.712562374878061	-2.51523115976675	0.0219863720301563	-0.773225872439981	-0.591868132665948	-0.10409961653334	-0.379265570451422
XoX_1_7-5	XoX	51376	22648	26793.5394754232	12324	atac	T-DP	0.375343066557699	7.64976252883864	-0.536356328546712	0.974582651761096	-0.591868132665948	-0.10409961653334	-0.379265570451422
XoX_1_7-6	XoX	72124	30771	35664.2114851795	14305	atac	T-CACNA1A	0.523304627357796	3.68645029563327	4.78870277926275	1.68011864198439	-0.591868132665948	-0.10409961653334	2.06884603550972
XoX_1_7-7	XoX	50569	20868	24432.578222061	11984	atac	T-DP	0.571879489983067	0.447578234458238	5.22754148264327	-0.773225872439981	-0.591868132665948	-0.10409961653334	-0.379265570451422
XoX_1_7-8	XoX	54291	23288	27252.5172616712	12415	atac	T-DP	0.648787817539534	3.21412469121779	-3.68619313267552	-0.773225872439981	-0.591868132665948	-0.10409961653334	-0.379265570451422
XoX_1_8-1	XoX	67623	27508	32510.1602237312	13208	atac	Pre-T	0.373367092940577	-2.17778930357628	-3.41901528564178	-0.773225872439981	-0.591868132665948	-0.10409961653334	-0.379265570451422
XoX_1_8-2	XoX	76573	29944	35671.5411566089	13698	atac	T-DP	0.75156382953352	-5.21089786170783	-2.58114065614017	-0.773225872439981	-0.591868132665948	-0.10409961653334	-0.379265570451422
XoX_1_8-3	XoX	53868	21990	26330.4289469	12072	atac	T-DP	0.8241793635324	5.36236418096	-2.05600465830247	-0.773225872439981	-0.591868132665948	-0.10409961653334	-0.379265570451422
XoX_1_8-4	XoX	74044	29737	34998.9301917349	13875	atac	T-DP	0.874189193474922	-3.89663522717641	-2.69429602718126	2.63824348347873	-0.591868132665948	-0.10409961653334	-0.379265570451422
XoX_1_8-5	XoX	78597	31310	37013.4686262324	14017	atac	T-DP	0.614489267866359	0.243940329758077	-0.756025127855195	-0.773225872439981	-0.591868132665948	-0.10409961653334	-0.379265570451422
XoX_1_8-6	XoX	91537	34996	41266.7200324415	14810	atac	Pre-T	0.62083730893671	-0.690932479053574	-2.43838130693475	-0.773225872439981	-0.591868132665948	-0.10409961653334	-0.379265570451422
XoX_1_8-7	XoX	37534	17067	20115.7461105765	10727	atac	T-DP	0.705589303280107	3.53148651089703	6.37660042279078	-0.773225872439981	-0.591868132665948	-0.10409961653334	-0.379265570451422
XoX_1_8-8	XoX	76289	30796	36185.16324214	13940	atac	T-DP	0.811196616503337	-0.786230390837884	-1.58515205962962	-0.773225872439981	-0.591868132665948	-0.10409961653334	-0.379265570451422
XoX_1_9-1	XoX	53515	22795	26927.663367407	12476	atac	T-DP	0.841739190599151	1.90358862395109	3.91539222448284	-0.773225872439981	-0.591868132665948	-0.10409961653334	-0.379265570451422
XoX_1_9-2	XoX	58760	24087	28215.2599980664	12454	atac	Pre-T	0.853852217115318	0.892785248040544	-3.12390954541035	-0.773225872439981	-0.591868132665948	-0.10409961653334	-0.379265570451422
XoX_1_9-3	XoX	56874	23893	27892.7473515791	12825	atac	T-DP	0.544694940349495	3.32562111594487	-1.14063740462728	-0.773225872439981	-0.591868132665948	-0.10409961653334	2.65545922201478
XoX_1_9-4	XoX	83792	31603	37079.9128879489	14032	atac	Pre-T	0.945384708931321	1.79785795922646	-0.468033514472695	0.542589853338653	2.20748101229862	-0.10409961653334	-0.379265570451422
XoX_1_9-5	XoX	55453	24052	28309.6650939973	12395	atac	Pre-T	0.596744883375403	0.43960971686436	-0.850685895549201	-0.773225872439981	-0.591868132665948	-0.10409961653334	-0.379265570451422
XoX_1_9-6	XoX	81217	35234	40428.0392194528	14922	atac	T-DP	0.425553658954556	5.21739933178553	4.12552431027796	-0.773225872439981	-0.591868132665948	-0.10409961653334	-0.379265570451422
XoX_1_9-7	XoX	71620	28199	33080.722241387	13327	atac	T-DP	0.853147716156218	-1.91784509667349	-4.65661183693754	-0.773225872439981	-0.591868132665948	-0.10409961653334	4.3042920933195
XoX_1_10-2	XoX	41850	18518	21811.7410551298	11221	atac	T-DP	0.652183879285144	1.41106759759967	-7.38449169452005	-0.773225872439981	2.27845867546513	-0.10409961653334	3.35863209391193
XoX_1_10-3	XoX	53163	22392	26263.3524579961	11844	atac	Pre-T	0.604480496465454	2.62214850274944	1.18270909323437	-0.773225872439981	-0.591868132665948	-0.10409961653334	-0.379265570451422
XoX_1_10-4	XoX	58576	23805	28134.4315630318	12604	atac	T-Prol	0.625897777095504	4.12616547104023	1.8114827790594	-0.773225872439981	-0.591868132665948	-0.10409961653334	-0.379265570451422
XoX_1_10-5	XoX	42373	19292	22473.4555232804	11370	atac	T-DP	0.733868476426272	-0.228548957656978	-6.18275538124336	1.25522852999733	-0.591868132665948	-0.10409961653334	3.26652959050576
XoX_1_10-6	XoX	51903	22513	26303.2043562752	12206	atac	T-DP	0.769439851547826	-5.86768870737162	-5.47376564600158	-0.773225872439981	-0.591868132665948	-0.10409961653334	-0.379265570451422
XoX_1_10-7	XoX	101121	36030	42351.4490563242	14814	atac	Pre-T	0.710406727922552	-1.19321403767296	-3.35665536203034	2.17798017211164	-0.591868132665948	-0.10409961653334	1.72029851862215
XoX_1_11-1	XoX	71518	29139	34219.5410259847	13862	atac	T-DP	0.540778634109405	3.02044164641898	3.09780315358081	-0.773225872439981	-0.591868132665948	-0.10409961653334	-0.379265570451422
XoX_1_11-2	XoX	54308	23526	27058.3299780944	12546	atac	T-DP	0.586953817404544	-3.9288746908619	6.85190360470837	0.959906187169634	-0.591868132665948	-0.10409961653334	-0.379265570451422
XoX_1_11-3	XoX	53095	22601	26264.6503818237	12359	atac	T-DP	0.618107283175925	2.56914757155534	1.27624569267707	2.34672805640557	-0.591868132665948	-0.10409961653334	-0.379265570451422
XoX_1_11-4	XoX	91411	35238	41151.0658305134	14707	atac	T-DP	0.742663525153407	-2.07214438605167	0.691090843447711	0.425554354438579	-0.591868132665948	-0.10409961653334	-0.379265570451422
XoX_1_11-5	XoX	55304	24074	28104.1048938945	12532	atac	Pre-T	0.489485925717446	7.05591145613593	2.25897093639726	-0.773225872439981	-0.591868132665948	-0.10409961653334	-0.379265570451422
XoX_1_11-6	XoX	51235	22502	26573.8988823933	12392	atac	T-DP	0.567492014452995	3.68838469708251	-3.17436814754987	-0.773225872439981	1.86475027256105	-0.10409961653334	2.78434212441293
XoX_1_11-7	XoX	41611	19064	22421.1523242217	11331	atac	Pre-T	0.505712988006355	8.14103162686708	-2.29360003116985	-0.773225872439981	-0.591868132665948	-0.10409961653334	-0.379265570451422
XoX_1_11-8	XoX	75751	30226	35142.2780398265	13987	atac	T-DP	0.629372639632817	-2.38861992666594	-6.19393145615061	1.70944758281917	-0.591868132665948	-0.10409961653334	2.10100813459323
XoX_1_12-1	XoX	100643	37248	43883.583303491	15201	atac	Pre-T	0.497954879478648	-1.77004561761535	-0.88991198116402	0.358058594762138	1.02513475899385	-0.10409961653334	-0.379265570451422
XoX_1_12-2	XoX	104513	36375	42319.6659579214	14767	atac	T-DP	0.86746301646175	-2.05243993088852	3.51074231553042	0.395724074105902	-0.591868132665948	-0.10409961653334	1.72171932395754
XoX_1_12-3	XoX	69612	28652	33627.7047418735	13822	atac	Pre-T	0.585910104150523	2.31547006756256	-0.214492500239181	0.661463339641469	-0.591868132665948	-0.10409961653334	-0.379265570451422
XoX_1_12-5	XoX	42266	20153	23155.9236662683	11684	atac	T-DP	0.561052609099043	3.07584365723114	3.76571578338636	2.6576179856439	-0.591868132665948	-0.10409961653334	-0.379265570451422
XoX_1_12-6	XoX	130414	42927	50558.2994904974	15613	atac	Pre-T	0.506787704239533	-1.88000711457927	-0.88396709603018	-0.773225872439981	-0.591868132665948	-0.10409961653334	-0.379265570451422
XoX_1_12-7	XoX	43939	19528	22892.5791286895	11362	atac	Pre-T	0.596850807383528	-2.38746259713165	5.01572160264947	-0.773225872439981	-0.591868132665948	-0.10409961653334	-0.379265570451422
XoX_1_12-8	XoX	87481	33828	39672.6272827703	14736	atac	T-DP	0.601704653766324	0.86399795087375	-4.44715195771546	-0.773225872439981	-0.591868132665948	-0.10409961653334	-0.379265570451422
XoX_2_1-1	XoX	69740	29455	34745.4823588253	14012	atac	T-DP	0.705281727639992	4.231621910479	-1.62192895235729	0.62067704308908	-0.591868132665948	-0.10409961653334	-0.379265570451422
XoX_2_1-2	XoX	92526	33888	39681.6944587772	14596	atac	Pre-T	0.930559357862811	0.888832837383787	-2.98247785872159	1.47592011991841	2.82675698163883	-0.10409961653334	1.8467771134909
XoX_2_1-3	XoX	64225	25885	30920.0023086555	13363	atac	Pre-T	0.729354463241201	2.0610186600566	1.41594178393704	0.77098243034351	-0.591868132665948	-0.10409961653334	-0.379265570451422
XoX_2_1-4	XoX	52688	22411	26247.0951949241	12483	atac	T-DP	0.521058159144827	7.29108380065303	-1.4571390932837	1.00567694378759	1.13583368688536	-0.10409961653334	-0.379265570451422
XoX_2_1-5	XoX	82546	30326	35576.7681581891	13809	atac	T-DP	0.965927746772184	-3.36778933234773	-1.11147812202154	-0.773225872439981	-0.591868132665948	-0.10409961653334	-0.379265570451422
XoX_2_1-6	XoX	87382	31941	37753.1386946832	14277	atac	T-DP	0.560623717062497	-3.6840103476316	1.84084479894328	0.521677194896646	1.24708689111301	-0.10409961653334	-0.379265570451422
XoX_2_1-8	XoX	61541	24235	28348.495682592	12765	atac	T-DP	0.776783369521262	0.894609240004718	5.88652265669373	-0.773225872439981	0.200126396095787	-0.10409961653334	-0.379265570451422
XoX_2_2-1	XoX	60487	24727	28487.7700975279	12791	atac	T-DP	0.66457297501902	0.567975309651905	2.73983519614809	0.884779886325843	-0.591868132665948	-0.10409961653334	-0.379265570451422
XoX_2_2-2	XoX	70467	26549	31407.8668902985	13128	atac	T-DP	0.848585276360278	-0.897451967179431	-4.45403851898129	0.750023736450691	-0.591868132665948	-0.10409961653334	-0.379265570451422
XoX_2_2-3	XoX	69694	27260	32629.3334170749	13520	atac	Pre-T	0.780344438093479	0.36406970428474	1.21678885098747	-0.773225872439981	0.838932648689711	-0.10409961653334	-0.379265570451422
XoX_2_2-4	XoX	72338	29494	34340.8563099899	13993	atac	T-DP	0.57618354586655	0.807340619467603	-4.78616917535814	0.635169291356415	-0.591868132665948	-0.10409961653334	-0.379265570451422
XoX_2_2-6	XoX	70507	28866	33850.3052999107	13795	atac	Pre-T	0.645435286430033	3.10290281550972	-3.63972557749136	0.653150637359551	1.4235819586606	-0.10409961653334	2.1843989471644
XoX_2_2-7	XoX	76755	28183	32708.1736591098	13448	atac	T-DP	0.773563750260139	-3.3336666450846	2.71890529571647	0.696860273547463	-0.591868132665948	-0.10409961653334	-0.379265570451422
XoX_2_2-8	XoX	80173	29953	34926.4581113911	13921	atac	Pre-T	0.555674111666243	-5.41805735887901	-0.954695277076355	0.614291737983182	0.755713465563933	-0.10409961653334	2.11455681162699
XoX_2_3-1	XoX	60089	24304	28410.6571422514	12832	atac	T-DP	0.657987420602512	5.85952418647535	0.744762495179459	0.88866482034786	1.73584699343225	-0.10409961653334	-0.379265570451422
XoX_2_3-2	XoX	72233	26619	31348.2153420738	13326	atac	T-DP	0.57344990103361	-2.2793354980323	3.75807002033284	1.94619656842707	-0.591868132665948	-0.10409961653334	-0.379265570451422
XoX_2_3-3	XoX	71696	28493	33334.8303631263	13634	atac	Pre-T	0.795402014883365	-2.04444435373543	6.44756634644028	-0.773225872439981	-0.591868132665948	-0.10409961653334	-0.379265570451422
XoX_2_3-4	XoX	41952	18796	22133.2940861615	11410	atac	T-DP	0.67507141758022	5.94735160005251	1.45369189153398	-0.773225872439981	2.85362019855929	-0.10409961653334	-0.379265570451422
XoX_2_3-5	XoX	45218	19522	23111.3206177657	11515	atac	T-DP	0.659518890604174	6.15405502500751	0.291429468861027	-0.773225872439981	1.33251926912987	-0.10409961653334	-0.379265570451422
XoX_2_3-7	XoX	47704	19846	23268.3331184047	11627	atac	Pre-T	0.471052119091505	-0.0642453749603891	5.7507828298723	-0.773225872439981	-0.591868132665948	-0.10409961653334	-0.379265570451422
XoX_2_3-8	XoX	100104	34512	40553.0573609169	14420	atac	T-DP	0.935195519595291	-2.18832387500541	0.314546787355476	0.441418518894405	-0.591868132665948	-0.10409961653334	-0.379265570451422
XoX_2_4-1	XoX	68952	27349	32679.8002377274	13664	atac	Pre-T	0.59012317706817	1.2019131188214	4.00829630419077	0.697980460717825	-0.591868132665948	-0.10409961653334	2.26497278351476
XoX_2_4-2	XoX	77627	28757	34616.8199728399	14088	atac	T-DP	0.641436567397314	0.940520541947084	4.2264211560563	0.625252646211262	3.89797095074861	-0.10409961653334	-0.379265570451422
XoX_2_4-3	XoX	98184	36114	42672.1603748421	15357	atac	T-DP	0.717708184384779	3.14277866308567	-1.28802630146492	1.34495768891554	-0.0528729642741971	-0.10409961653334	-0.379265570451422
XoX_2_4-4	XoX	65667	26917	31490.8732864227	13254	atac	Pre-T	0.508560186259461	-4.62552428520523	-0.802712972572312	-0.773225872439981	1.54795649376578	-0.10409961653334	-0.379265570451422
XoX_2_4-5	XoX	78406	29948	34901.0776443456	13991	atac	Pre-T	0.887754884485268	1.00929262600407	-0.0602567742574718	-0.773225872439981	-0.591868132665948	-0.10409961653334	-0.379265570451422
XoX_2_4-6	XoX	76925	27990	33275.9756633084	13382	atac	T-DP	0.448720239379125	-2.12231818261143	0.87491553349762	-0.773225872439981	1.45249019657402	-0.10409961653334	-0.379265570451422
XoX_2_4-7	XoX	45922	18480	22015.7762690932	11027	atac	T-DP	0.541439932548443	5.40803950624392	2.58424467168047	-0.773225872439981	-0.591868132665948	-0.10409961653334	-0.379265570451422
XoX_2_5-1	XoX	63053	25613	29892.3589019303	13195	atac	T-DP	0.489621954953336	-0.258645396175028	-5.81712236642977	-0.773225872439981	0.952671606675666	-0.10409961653334	-0.379265570451422
XoX_2_5-2	XoX	80940	30192	35817.7543835997	14121	atac	T-DP	0.864492658870338	-0.876140137341827	2.27612005634023	0.58368334621083	-0.591868132665948	-0.10409961653334	-0.379265570451422
XoX_2_5-3	XoX	127890	40097	46552.0754168772	15395	atac	Pre-T	0.801513182932971	1.36487211425133	-1.15515815492605	0.29911939970742	-0.0957794721778817	-0.10409961653334	1.54808916790146
XoX_2_5-4	XoX	59005	24254	28539.7254284586	12927	atac	Pre-T	0.520620624604046	3.76611174160789	-5.66464367653361	-0.773225872439981	1.7273037280058	-0.10409961653334	-0.379265570451422
XoX_2_5-5	XoX	97490	32377	38207.9244032825	14077	atac	T-DP	0.931110214675892	-2.86388879324161	0.345245948166529	-0.773225872439981	0.00670349649112837	-0.10409961653334	-0.379265570451422
XoX_2_5-6	XoX	72194	27984	32571.24235165	13385	atac	T-DP	0.770973799926043	-1.05901422615943	0.756618362124616	-0.773225872439981	-0.591868132665948	-0.10409961653334	-0.379265570451422
XoX_2_5-7	XoX	34186	16295	18936.3677393439	10603	atac	T-DP	0.911180820066542	-1.51257731779223	8.66800260737138	-0.773225872439981	2.60559334052466	-0.10409961653334	-0.379265570451422
XoX_2_5-8	XoX	123062	43736	51250.060452594	15991	atac	Pre-T	0.70835626281272	-0.770029803140311	-2.51994895075971	1.76622495957325	-0.591868132665948	-0.10409961653334	1.38622415680368
XoX_2_6-1	XoX	83677	31324	36946.2334369679	14189	atac	Pre-T	0.642022810804998	0.415337901767242	0.591331414630889	0.546823410450857	-0.591868132665948	-0.10409961653334	-0.379265570451422
XoX_2_6-2	XoX	51142	20649	24504.0164265748	11669	atac	T-DP	0.697648748988084	-3.90600980771825	6.87756060483948	-0.773225872439981	-0.591868132665948	-0.10409961653334	-0.379265570451422
XoX_2_6-3	XoX	83163	29967	35341.3897254837	13574	atac	Pre-T	0.811431775003511	1.38337307122187	0.275518251690027	-0.773225872439981	-0.591868132665948	-0.10409961653334	-0.379265570451422
XoX_2_6-4	XoX	59284	24394	28908.1727007915	12743	atac	T-DP	0.625749523078079	6.84453461307089	-1.57378528932722	0.863917825034769	-0.591868132665948	-0.10409961653334	-0.379265570451422
XoX_2_6-5	XoX	54792	22425	26353.7607111301	12123	atac	T-DP	0.800485136289409	-4.74482452505663	4.17501006181041	-0.773225872439981	-0.591868132665948	-0.10409961653334	-0.379265570451422
XoX_2_6-6	XoX	67479	26816	31787.9355456317	13330	atac	T-DP	0.76260908891549	-7.37585573217407	-3.85100358774974	0.734088516837565	-0.591868132665948	-0.10409961653334	-0.379265570451422
XoX_2_6-7	XoX	76590	30153	35439.7477126478	14003	atac	T-DP	0.915864159042685	-2.72523012444243	-3.95018328896576	-0.773225872439981	-0.591868132665948	-0.10409961653334	-0.379265570451422
XoX_2_6-8	XoX	69793	27264	32117.1613814358	13305	atac	T-DP	0.713398653864692	5.62870311055037	-2.35486259530832	0.720553697084253	0.858916956172451	-0.10409961653334	-0.379265570451422
XoX_2_7-1	XoX	63609	26468	31202.8386198226	13618	atac	T-CACNA1A	0.390665745353603	1.49790899085753	4.13244206288084	0.758761611934731	-0.591868132665948	-0.10409961653334	-0.379265570451422
XoX_2_7-2	XoX	55094	23783	27873.9995202228	12871	atac	T-DP	0.49610838084911	2.26246569632706	5.01135664684372	-0.773225872439981	-0.591868132665948	-0.10409961653334	-0.379265570451422
XoX_2_7-3	XoX	58995	24849	28419.569255385	13035	atac	T-DP	0.668093750131956	0.672402519721167	1.60766392458165	0.88821489277221	1.02175246928526	-0.10409961653334	-0.379265570451422
XoX_2_7-4	XoX	92695	34580	40846.8740636369	14786	atac	Pre-T	0.509756302075748	-1.50458553623075	-1.95660750235473	-0.773225872439981	-0.591868132665948	-0.10409961653334	-0.379265570451422
XoX_2_7-5	XoX	57873	24637	28978.2269334557	12971	atac	T-DP	0.546341512439561	7.1384357823093	-1.51645738594321	-0.773225872439981	-0.591868132665948	-0.10409961653334	-0.379265570451422
XoX_2_7-6	XoX	99992	38905	45508.2909849107	15535	atac	T-DP	0.559553433782621	-0.169754337536952	-2.11593390912821	0.321424590872538	0.975077094404995	-0.10409961653334	-0.379265570451422
XoX_2_7-7	XoX	46419	19578	23118.6713053462	11551	atac	T-DP	0.644300677720277	-5.84516930806547	-5.59253479012071	-0.773225872439981	-0.591868132665948	-0.10409961653334	-0.379265570451422
XoX_2_7-8	XoX	59607	24107	28117.3653310409	12823	atac	T-DP	0.879016992257132	3.09878723840312	-5.40740530758437	-0.773225872439981	1.7555002840995	-0.10409961653334	-0.379265570451422
XoX_2_8-1	XoX	60759	24348	28807.4654920993	12911	atac	T-DP	0.830661454734534	4.86196007894901	-0.975093725922124	-0.773225872439981	1.00296145707213	-0.10409961653334	2.57211172032936
XoX_2_8-2	XoX	46717	20023	23827.8629559728	11817	atac	T-DP	0.605985998088837	-4.73981773235665	4.74946266887748	-0.773225872439981	-0.591868132665948	-0.10409961653334	-0.379265570451422
XoX_2_8-3	XoX	66036	25621	29784.8328493796	13121	atac	T-DP	0.768124951630243	-3.5471020896991	3.50377359380587	-0.773225872439981	-0.591868132665948	-0.10409961653334	-0.379265570451422
XoX_2_8-4	XoX	87202	33047	39101.2353881366	14579	atac	T-DP	0.820492593638868	-2.70022846286195	-2.11629801749506	1.50326684826515	1.19315915056757	-0.10409961653334	-0.379265570451422
XoX_2_8-5	XoX	69871	28144	33426.2831210287	13891	atac	T-DP	0.732449000500648	4.18882829454479	4.28934028118183	0.669069567008427	-0.591868132665948	-0.10409961653334	2.21301046370219
XoX_2_8-6	XoX	96489	34557	40787.7977860443	14983	atac	T-DP	0.834130297091804	-1.03153595087946	-4.4783829832982	-0.773225872439981	-0.591868132665948	-0.10409961653334	-0.379265570451422
XoX_2_8-7	XoX	39003	17046	19883.5600682515	10706	atac	Pre-T	0.440139279428065	-1.11495689142448	-5.18008444648926	-0.773225872439981	-0.591868132665948	-0.10409961653334	-0.379265570451422
XoX_2_8-8	XoX	54337	23728	27529.6092074569	12775	atac	T-DP	0.913891032195782	1.48988116419029	-5.16012917303034	0.934390288365172	-0.591868132665948	-0.10409961653334	2.68987846766709
XoX_2_9-1	XoX	62886	25068	29672.2140663467	13135	atac	T-DP	0.533739817455541	2.68218686106661	-2.26946070309673	2.0661211929715	-0.591868132665948	-0.10409961653334	-0.379265570451422
XoX_2_9-2	XoX	36558	16251	18754.0583366243	10403	atac	T-DP	0.784951461734816	2.98102295164328	7.77782937997605	-0.773225872439981	-0.591868132665948	-0.10409961653334	-0.379265570451422
XoX_2_9-3	XoX	59876	25053	29257.5959845138	12950	atac	T-DP	0.549675358786342	1.12701234026939	7.69997436516362	-0.773225872439981	-0.591868132665948	-0.10409961653334	-0.379265570451422
XoX_2_9-4	XoX	106719	36274	42790.9331537484	14576	atac	T-Prol	0.60520669940857	-3.08844113024834	-0.67797017980114	0.384111689664719	1.0606523981184	-0.10409961653334	1.70084807590189
XoX_2_9-5	XoX	127331	45693	50783.8601511337	15994	atac	Pre-T	0.407610314719708	0.0503591735311512	-1.87689781904325	1.05664342414416	0.370161634662775	-0.10409961653334	-0.379265570451422
XoX_2_9-6	XoX	90166	36253	41644.7921185867	15083	atac	T-DP	0.542907532239078	2.0316715620481	-2.77778168829617	0.412766783075944	-0.591868132665948	-0.10409961653334	1.75235063902083
XoX_2_9-7	XoX	85614	31484	36921.4642547519	13798	atac	T-DP	0.466498602281971	-0.50828035472977	5.15262884716256	-0.773225872439981	-0.591868132665948	-0.10409961653334	-0.379265570451422
XoX_2_10-2	XoX	51468	21286	25000.4930492587	11881	atac	T-DP	0.847244923527066	1.38374763406316	-7.40495501251851	-0.773225872439981	-0.591868132665948	-0.10409961653334	-0.379265570451422
XoX_2_10-3	XoX	61245	23612	27840.6119520492	12715	atac	T-DP	0.384036985141213	0.414732829518718	5.11561602132347	-0.773225872439981	-0.591868132665948	-0.10409961653334	-0.379265570451422
XoX_2_10-5	XoX	66674	26096	30477.0133917299	13111	atac	T-DP	0.846071185897613	-4.98865265266965	-0.00305947164406554	-0.773225872439981	-0.591868132665948	-0.10409961653334	-0.379265570451422
XoX_2_10-6	XoX	45012	19577	22717.5896646439	11578	atac	T-DP	0.800686952497389	5.00624581514879	-4.12475196854423	-0.773225872439981	-0.591868132665948	-0.10409961653334	-0.379265570451422
XoX_2_10-7	XoX	58619	24350	29127.0845503895	12897	atac	T-DP	0.735392285250293	0.307167971562932	8.41232917940514	3.12852311918541	-0.591868132665948	-0.10409961653334	-0.379265570451422
XoX_2_11-1	XoX	55566	24582	29094.9786009005	13269	atac	T-DP	0.903324308990067	3.73115855441849	2.67470862476171	-0.773225872439981	-0.591868132665948	-0.10409961653334	-0.379265570451422
XoX_2_11-2	XoX	64500	25611	29926.4116795693	13016	atac	T-DP	0.831120036618833	-0.65765865007418	3.64466387467302	2.04724169523949	-0.591868132665948	-0.10409961653334	-0.379265570451422
XoX_2_11-3	XoX	108642	40036	46350.5909235609	15553	atac	Pre-T	0.560938158522506	2.69319642683747	-0.948767420222321	0.303353726419107	0.950334518946532	-0.10409961653334	1.55569963615592
XoX_2_11-4	XoX	106770	39379	46204.3587291225	15484	atac	T-DP	0.570706895953996	-1.2313369173278	-2.86503884214881	-0.773225872439981	-0.591868132665948	-0.10409961653334	-0.379265570451422
XoX_2_11-5	XoX	66336	26259	31367.0351191418	13269	atac	T-DP	0.70951559815679	-1.75614850348658	6.45166464963394	0.751755892657479	-0.591868132665948	-0.10409961653334	-0.379265570451422
XoX_2_11-6	XoX	136644	41042	48551.3851290366	15432	atac	T-DP	0.509377248758021	-2.08772794030489	-1.27511852069249	1.87817933489428	0.889250636293881	-0.10409961653334	-0.379265570451422
XoX_2_11-7	XoX	33917	15752	18677.3011472599	10363	atac	T-Prol	0.423831851529268	1.53937259886952	6.29978933185083	-0.773225872439981	-0.591868132665948	-0.10409961653334	-0.379265570451422
XoX_2_11-8	XoX	62449	25954	30404.9909314562	13286	atac	T-DP	0.717318162493939	2.41970249986102	-5.32363607705051	0.793746631000599	-0.591868132665948	-0.10409961653334	-0.379265570451422
XoX_2_12-1	XoX	131521	46547	54385.4419963099	16501	atac	Pre-T	0.648403876862243	0.101737850785209	-1.09622870425741	0.156945178879544	1.08423779977905	-0.10409961653334	1.29255565150379
XoX_2_12-4	XoX	54973	23736	27460.3050759858	12670	atac	T-DP	0.595952515221396	2.43835450160139	-5.31114986060739	0.938094938153196	-0.591868132665948	-0.10409961653334	-0.379265570451422
XoX_2_12-5	XoX	70903	28292	32870.9374628346	13755	atac	T-DP	0.71452638748085	-1.24673734546679	6.52123998969766	0.690467342154748	-0.591868132665948	-0.10409961653334	-0.379265570451422
XoX_2_12-6	XoX	98478	34530	40231.7252784973	14469	atac	Pre-T	0.81707996607447	-1.02102504569837	-2.25066412170742	-0.773225872439981	-0.591868132665948	-0.10409961653334	1.81948352483397
XoX_2_12-7	XoX	56276	22921	26794.9496687638	12264	atac	Pre-T	0.596295189460074	-4.89586778533374	-6.14374575135498	-0.773225872439981	-0.591868132665948	-0.10409961653334	-0.379265570451422
XoX_2_12-8	XoX	90599	34294	40568.6521333531	14840	atac	Pre-T	0.715355506040199	0.748458025605358	-3.1884810299592	0.440999463949824	-0.591868132665948	-0.10409961653334	1.80309398882803
XoX_4_1-1	XoX	63244	25083	29139.7920171746	13031	atac	T-Prol	0.380058677484502	4.13247739061276	0.553292448490306	-0.773225872439981	3.67058991187904	-0.10409961653334	-0.379265570451422
XoX_4_1-2	XoX	50490	21238	24541.5356125716	11975	atac	T-DP	0.682298105656853	-1.02073871795215	6.72385647719495	1.11033553254681	2.02545808274936	-0.10409961653334	-0.379265570451422
XoX_4_1-3	XoX	63157	26493	30528.566871569	13155	atac	T-DP	0.586167451670741	-7.06582527429891	-4.17165120320572	0.788223014134908	-0.591868132665948	-0.10409961653334	-0.379265570451422
XoX_4_1-4	XoX	129556	40515	47659.3261815713	15423	atac	T-DP	0.873142502945711	-1.3316560940924	3.18223370457633	1.15779084452643	-0.591868132665948	-0.10409961653334	-0.379265570451422
XoX_4_1-5	XoX	40798	17287	20340.5846109522	10644	atac	T-DP	0.655337092827429	-5.47264818302442	3.66646404834883	-0.773225872439981	-0.591868132665948	-0.10409961653334	-0.379265570451422
XoX_4_1-7	XoX	66780	26683	31478.0380172264	13195	atac	T-DP	0.432126648435587	-2.85751992841496	-4.47048310555985	-0.773225872439981	-0.591868132665948	-0.10409961653334	-0.379265570451422
XoX_4_1-8	XoX	78807	29535	34085.7681593645	13839	atac	T-DP	0.564948074184453	-3.94443391929821	2.68282824199532	-0.773225872439981	-0.591868132665948	-0.10409961653334	-0.379265570451422
XoX_4_2-1	XoX	54539	23377	26849.8971463035	12570	atac	T-DP	0.592963789754425	6.95512013268482	-4.21429085374375	-0.773225872439981	-0.591868132665948	-0.10409961653334	2.75646526021497
XoX_4_2-2	XoX	88498	34325	39393.8743238583	14399	atac	T-DP	0.873480431944726	-2.906866099277	-2.19796159056597	-0.773225872439981	1.60563036935869	-0.10409961653334	-0.379265570451422
XoX_4_2-3	XoX	66014	25436	29825.2690628501	13075	atac	T-DP	0.920105977260194	5.07694105422547	-3.86009807348466	-0.773225872439981	-0.591868132665948	-0.10409961653334	-0.379265570451422
XoX_4_2-4	XoX	68261	27518	31742.5484718216	13211	atac	Pre-T	0.651764295374537	-6.33010075575178	-0.870392750079011	-0.773225872439981	-0.591868132665948	-0.10409961653334	2.33325924056522
XoX_4_2-5	XoX	79974	28867	34052.416202424	13083	atac	T-DP	0.785718667033117	-3.05888484391787	0.491024538627133	-0.773225872439981	-0.591868132665948	-0.10409961653334	-0.379265570451422
XoX_4_2-6	XoX	79858	31412	36428.6901902811	14261	atac	T-DP	0.739076232707032	-3.88764119588215	-1.61940921436336	0.563475143691408	-0.591868132665948	-0.10409961653334	-0.379265570451422
XoX_4_2-7	XoX	48379	20575	24047.9514548375	11525	atac	T-DP	0.494706811889571	-4.89190912522336	-3.44765689756228	-0.773225872439981	-0.591868132665948	-0.10409961653334	-0.379265570451422
XoX_4_2-8	XoX	110745	37870	43815.6172595772	14915	atac	Pre-T	0.752728731892255	-4.52562604103818	-0.583947441068649	0.359644793151555	-0.591868132665948	-0.10409961653334	-0.379265570451422
XoX_4_3-1	XoX	48662	20689	24124.1482010581	11908	atac	T-DP	0.629627281985098	2.12057545932062	-3.36179732952595	2.55415197683661	-0.591868132665948	-0.10409961653334	-0.379265570451422
XoX_4_3-2	XoX	62746	25387	29893.3126408534	13078	atac	T-DP	0.779248119002032	5.25353674947367	3.25358511513227	-0.773225872439981	-0.591868132665948	-0.10409961653334	-0.379265570451422
XoX_4_3-4	XoX	53545	21778	25542.5261692636	12142	atac	T-DP	0.732160805960952	0.562326495302173	5.07400407502992	-0.773225872439981	-0.591868132665948	-0.10409961653334	-0.379265570451422
XoX_4_3-6	XoX	48399	20634	23615.4226387132	11785	atac	T-DP	0.785395752459853	1.33987578349761	5.0692972797896	-0.773225872439981	-0.591868132665948	-0.10409961653334	-0.379265570451422
XoX_4_3-7	XoX	28856	13935	15848.0254013296	9547	atac	T-DP	0.479624356388533	-6.70933196320356	2.88250694767533	-0.773225872439981	-0.591868132665948	-0.10409961653334	4.46599773693558
XoX_4_3-8	XoX	119424	40107	45931.4179410179	15149	atac	T-DP	0.523450822314773	-3.55749927299289	-0.534281652063175	-0.773225872439981	0.878427057214343	-0.10409961653334	-0.379265570451422
XoX_4_4-1	XoX	63071	24712	28930.7187138775	12658	atac	T-DP	0.947287463566146	-5.54508073007348	-5.38317858131283	0.86281393296273	-0.591868132665948	-0.10409961653334	-0.379265570451422
XoX_4_4-2	XoX	51786	21596	25050.9334946643	12035	atac	T-DP	0.714436481748329	5.24942844280777	3.17955879869162	-0.773225872439981	-0.591868132665948	-0.10409961653334	-0.379265570451422
XoX_4_4-3	XoX	42356	17731	20717.8120316637	10701	atac	T-DP	0.699523286228469	6.95421804221386	-4.20121663248915	1.3971903241205	-0.591868132665948	-0.10409961653334	-0.379265570451422
XoX_4_4-4	XoX	42749	19430	22362.6825204248	11468	atac	T-DP	0.689298873398051	5.07306254776034	-0.773788082081713	1.26362823282972	1.38636053262885	-0.10409961653334	-0.379265570451422
XoX_4_4-5	XoX	67014	24058	28195.3921123324	12253	atac	T-DP	0.608478190134765	-3.98791800388082	2.75829347674603	2.18113238628676	-0.591868132665948	-0.10409961653334	-0.379265570451422
XoX_4_4-6	XoX	69133	27735	31709.3884469311	13472	atac	T-DP	0.741933054982058	3.59600365982222	2.97227656050078	-0.773225872439981	-0.591868132665948	-0.10409961653334	2.33574028225212
XoX_4_4-7	XoX	33616	14987	17311.1434178715	9796	atac	T-DP	0.546351800289853	-5.04253138264541	2.00314381869618	-0.773225872439981	-0.591868132665948	-0.10409961653334	-0.379265570451422
XoX_4_5-1	XoX	69187	27550	31938.9047426453	13163	atac	T-DP	0.847092606643492	-6.34107566452961	-1.09382649721458	1.90635594211608	-0.591868132665948	-0.10409961653334	-0.379265570451422
XoX_4_5-2	XoX	48855	21066	24561.1826106474	11779	atac	T-DP	0.388715208958477	0.615864540758783	1.58692679168727	1.1090591848473	3.21703463601966	-0.10409961653334	-0.379265570451422
XoX_4_5-3	XoX	123571	45255	52333.9176375197	16036	atac	T-DP	0.558870273134126	-1.6374618584184	-2.00920688316137	-0.773225872439981	0.344017965828896	-0.10409961653334	-0.379265570451422
XoX_4_5-4	XoX	104283	36800	42950.4946643426	15148	atac	T-DP	0.697065869930086	-1.11752435199083	3.01448329535402	-0.773225872439981	-0.591868132665948	-0.10409961653334	-0.379265570451422
XoX_4_5-8	XoX	51684	21967	25438.7983604706	12269	atac	T-DP	0.634643328304705	4.12361496933256	1.70342821958355	-0.773225872439981	1.18254633307754	-0.10409961653334	-0.379265570451422
XoX_4_6-1	XoX	156087	44696	51816.1874040095	15735	atac	T-DP	0.743146237228736	-2.79716583024737	-0.177570310444276	-0.773225872439981	0.807101458136618	-0.10409961653334	-0.379265570451422
XoX_4_6-2	XoX	46950	21131	24151.8844389896	11947	atac	T-DP	0.567936811371926	4.36421240420789	-5.55559590402968	-0.773225872439981	1.26242022007869	-0.10409961653334	-0.379265570451422
XoX_4_6-3	XoX	48279	20515	24296.5690405667	11919	atac	T-DP	0.572814338340687	-2.0971090678535	-7.40063393031916	-0.773225872439981	-0.591868132665948	-0.10409961653334	-0.379265570451422
XoX_4_6-4	XoX	61574	24797	28743.0423346127	12981	atac	T-DP	0.466874133286422	4.22406271643486	0.617262992920885	-0.773225872439981	1.71397423152411	-0.10409961653334	-0.379265570451422
XoX_4_6-5	XoX	36189	15533	18407.2884719056	10262	atac	T-Prol	0.454839700437196	4.8767574883982	0.647220298668704	1.61789824146712	-0.591868132665948	-0.10409961653334	-0.379265570451422
XoX_4_6-6	XoX	140262	49941	57918.9634260406	16995	atac	Pre-T	0.564000067724015	0.170982163692573	-1.59960377906011	0.104479122374533	-0.591868132665948	-0.10409961653334	-0.379265570451422
XoX_4_6-8	XoX	85739	31791	36898.9728179153	13868	atac	T-DP	0.686142192129845	-3.18293958999285	1.52833183813431	-0.773225872439981	-0.591868132665948	-0.10409961653334	-0.379265570451422
XoX_4_7-1	XoX	67644	26475	30466.9363777554	13074	atac	T-DP	0.602800012208826	-2.40962374490566	-6.28655765642014	0.790972874712384	-0.591868132665948	-0.10409961653334	-0.379265570451422
XoX_4_7-2	XoX	106257	33750	39419.8470787968	14594	atac	T-DP	0.86781740807589	-1.15967187206714	3.87219299207312	1.4881734081587	-0.591868132665948	-0.10409961653334	-0.379265570451422
XoX_4_7-3	XoX	82530	31691	36077.7399869264	14038	atac	T-DP	0.795047812480723	-3.73763282011297	-3.04462778702652	0.575009107868855	0.717561481708395	-0.10409961653334	-0.379265570451422
XoX_4_7-4	XoX	140459	43597	50793.7981322081	15667	atac	T-DP	0.541316224841104	-2.61466571726944	0.042563287019606	0.217136568999949	0.831823671522914	-0.10409961653334	-0.379265570451422
XoX_4_7-5	XoX	57091	22494	25963.5738929622	11740	atac	T-DP	0.630720492166578	-2.17356408194926	2.27991156275184	-0.773225872439981	-0.591868132665948	-0.10409961653334	-0.379265570451422
XoX_4_7-6	XoX	46640	19681	22676.1135878061	11471	atac	T-DP	0.422631479937509	-2.00920349026498	-7.56874013872692	-0.773225872439981	-0.591868132665948	-0.10409961653334	-0.379265570451422
XoX_4_7-7	XoX	34914	15680	18203.8777057373	10000	atac	Pre-T	0.578365189486898	-6.75617615475746	0.493745099358928	-0.773225872439981	3.37570908516062	-0.10409961653334	-0.379265570451422
XoX_4_7-8	XoX	76372	28624	33651.2295107033	13346	atac	T-DP	0.695895108361632	-4.09821911111904	0.17066786544921	-0.773225872439981	-0.591868132665948	-0.10409961653334	-0.379265570451422
XoX_4_8-1	XoX	65930	26678	30789.8297896191	13169	atac	T-DP	0.708463309145283	-0.141566280748078	1.33264448014786	-0.773225872439981	-0.591868132665948	-0.10409961653334	-0.379265570451422
XoX_4_8-2	XoX	89825	34692	40499.0712253168	14442	atac	T-DP	0.787236411577712	-2.95459554746092	-1.6993019925065	0.442871453002141	-0.591868132665948	-0.10409961653334	-0.379265570451422
XoX_4_8-3	XoX	69662	27039	31477.9392499051	13247	atac	Pre-T	0.86419249884513	1.5296852560567	0.184764537899871	-0.773225872439981	1.54868117773258	-0.10409961653334	-0.379265570451422
XoX_4_8-4	XoX	55328	21882	25443.8628970069	12236	atac	T-Prol	0.624009289622537	4.07781813584129	0.751771376417858	1.053464403821	-0.591868132665948	-0.10409961653334	-0.379265570451422
XoX_4_8-5	XoX	64618	25082	29083.9863497748	12457	atac	T-DP	0.673682122653743	-3.8471651813294	3.33552573502585	-0.773225872439981	-0.591868132665948	-0.10409961653334	-0.379265570451422
XoX_4_8-7	XoX	34013	14922	17714.0279578192	9923	atac	T-DP	0.803350923052944	4.75671827295663	-2.06782062494376	-0.773225872439981	-0.591868132665948	-0.10409961653334	-0.379265570451422
XoX_4_8-8	XoX	73570	27569	32403.5575338916	13518	atac	T-DP	0.695899796360092	0.0685923511023609	4.01578932982756	-0.773225872439981	-0.591868132665948	-0.10409961653334	-0.379265570451422
XoX_4_9-1	XoX	100907	35172	41198.3094829771	14432	atac	T-DP	0.841659688801691	-3.29768291945232	-1.13043950530106	-0.773225872439981	-0.591868132665948	-0.10409961653334	-0.379265570451422
XoX_4_9-2	XoX	28856	13517	15393.6922692369	9367	atac	T-DP	0.434152101352438	-8.11393839391659	-3.34790877032002	-0.773225872439981	2.08712350782636	-0.10409961653334	-0.379265570451422
XoX_4_9-3	XoX	41838	17929	21035.9280610948	10810	atac	T-DP	0.620085339004905	-7.40300696799293	-3.91278002798314	-0.773225872439981	-0.591868132665948	-0.10409961653334	-0.379265570451422
XoX_4_9-4	XoX	81614	29835	34823.8020592401	13546	atac	T-DP	0.727747639899601	-3.20807599930837	0.734258598187627	-0.773225872439981	-0.591868132665948	-0.10409961653334	-0.379265570451422
XoX_4_9-6	XoX	107322	39196	45632.4643794315	15453	atac	T-DP	0.83421339403132	-3.76133295243617	-2.46084014333661	0.318722395990566	-0.591868132665948	-0.10409961653334	-0.379265570451422
XoX_4_9-7	XoX	31868	14269	16561.9318252485	9535	atac	T-DP	0.618904512398003	-8.46132838730396	-0.88968044420491	-0.773225872439981	0.699959462308901	-0.10409961653334	-0.379265570451422
XoX_4_9-8	XoX	81524	31345	36530.8544212059	13782	atac	Pre-T	0.864452287222114	0.496275312557222	-2.26803260720608	-0.773225872439981	-0.591868132665948	-0.10409961653334	-0.379265570451422
XoX_4_10-1	XoX	36754	16248	18996.2940074781	10356	atac	T-DP	0.887855509064685	-3.70596443870267	-6.57062542360009	-0.773225872439981	-0.591868132665948	-0.10409961653334	3.80966237558715
XoX_4_10-2	XoX	35804	16356	18882.2884520919	10385	atac	T-DP	0.569431424483178	1.47929835178357	2.31682182136612	-0.773225872439981	-0.591868132665948	-0.10409961653334	-0.379265570451422
XoX_4_10-3	XoX	36410	16187	18665.5493816409	10373	atac	T-DP	0.573229279745698	-4.03692227770931	-4.01708133217582	-0.773225872439981	-0.591868132665948	-0.10409961653334	-0.379265570451422
XoX_4_10-4	XoX	98662	32552	38044.0991546757	14134	atac	T-DP	0.477619215369793	-3.23548765679705	-0.483480033331833	0.512844236684797	-0.591868132665948	-0.10409961653334	-0.379265570451422
XoX_4_10-6	XoX	66793	27523	31905.7344126581	13489	atac	T-DP	0.4717651133467	5.96547318631588	3.42273404881007	-0.773225872439981	-0.591868132665948	-0.10409961653334	-0.379265570451422
XoX_4_10-7	XoX	33225	14491	17321.8311521941	9603	atac	T-DP	0.678771974899777	-3.19551140549037	-5.03750085615702	-0.773225872439981	-0.591868132665948	-0.10409961653334	4.13447956265804
XoX_4_10-8	XoX	82631	32218	37680.9851339359	14081	atac	T-DP	0.815529228825396	-2.90939357869398	-1.94839439592009	-0.773225872439981	-0.591868132665948	-0.10409961653334	-0.379265570451422
XoX_4_11-2	XoX	47943	20989	23984.1661450866	11670	atac	T-DP	0.56428516844354	7.80941828333745	1.6949382574921	-0.773225872439981	1.27336802071373	-0.10409961653334	-0.379265570451422
XoX_4_11-3	XoX	90080	32554	37510.3001919736	14259	atac	T-DP	0.953712529276659	-2.04055480929754	3.9247159169882	0.529143131254116	0.673015635510441	-0.10409961653334	-0.379265570451422
XoX_4_11-4	XoX	60712	24350	28723.8719548307	12508	atac	Pre-T	0.57610686877824	1.68549697461063	0.668419676019619	0.872998096816918	-0.591868132665948	-0.10409961653334	-0.379265570451422
XoX_4_11-5	XoX	45155	18598	22030.3735179959	10986	atac	T-DP	0.810496944899504	-2.91734045940393	2.22958210314957	2.78657784120598	1.41124885172032	-0.10409961653334	-0.379265570451422
XoX_4_11-6	XoX	52646	22075	25412.2265946096	12235	atac	T-DP	0.798570729786958	5.90834421837134	3.56496418411371	1.05539966289244	1.18412526947595	-0.10409961653334	-0.379265570451422
XoX_4_11-7	XoX	36776	16346	18974.1794116131	10121	atac	T-DP	0.871965370343713	-5.48748333119318	-4.63898356009761	-0.773225872439981	1.67384500323503	-0.10409961653334	-0.379265570451422
XoX_4_11-8	XoX	58824	24121	28250.8109493518	12613	atac	T-DP	0.776971673235897	-3.0717726747857	4.37766002935037	-0.773225872439981	1.03006770045739	-0.10409961653334	-0.379265570451422
XoX_4_12-2	XoX	98002	32734	38728.0992541967	14347	atac	T-DP	0.68523978541265	-1.47662395722258	3.77505094146326	0.492548592846038	1.20776350931289	-0.10409961653334	-0.379265570451422
XoX_4_12-3	XoX	73694	29087	34165.8946000502	13501	atac	T-DP	0.804745987697136	-2.63355801132567	3.05749696915387	-0.773225872439981	-0.591868132665948	-0.10409961653334	-0.379265570451422
XoX_4_12-4	XoX	96860	34544	40506.5318521287	14561	atac	T-DP	0.81727381664204	-3.12912406710404	1.12830268539175	-0.773225872439981	-0.591868132665948	-0.10409961653334	-0.379265570451422
XoX_4_12-5	XoX	59928	25079	28631.0603000564	12793	atac	T-DP	0.789978954789098	-0.208801244042716	2.99205845911008	-0.773225872439981	-0.591868132665948	-0.10409961653334	-0.379265570451422
XoX_4_12-6	XoX	93176	33662	39332.9510160348	14417	atac	T-DP	0.63078619325267	-0.524554261903699	2.55433885597302	-0.773225872439981	-0.591868132665948	-0.10409961653334	-0.379265570451422
XoX_4_12-7	XoX	65685	27821	32287.7966336555	13397	atac	T-DP	0.748094675219546	3.80816844654811	-3.03763325958854	0.713634474624852	1.98827259815131	-0.10409961653334	-0.379265570451422
XoX_4_12-8	XoX	67293	26817	30904.9780043725	13269	atac	Pre-T	0.855643353793719	2.30357311106749	-0.843045169453683	-0.773225872439981	1.58129059121267	-0.10409961653334	-0.379265570451422
