human	PR10XNK1cell1	2948031	851614	37734	110542	1948141	46824	1979	44845	27	4844	8.6000
human	PR10XNK1cell2	2764818	755964	36750	92184	1879920	41204	1718	39486	23	4306	8.1666
human	PR10XNK1cell3	1462821	398756	16036	74064	973965	24174	1407	22767	22	3537	5.8500
human	PR10XNK1cell4	1275906	591772	10701	40174	633259	16223	805	15418	23	2996	5.7666
human	PR10XNK1cell5	3214097	1517201	29536	110913	1556447	31171	2011	29160	27	3721	9.2666
human	PR10XNK1cell6	298486	117125	1228	112112	68021	4055	2036	2019	25	742	3.8000
human	PR10XNK1cell7	675743	199005	3571	91561	381606	11762	1820	9942	23	2255	4.5000
human	PR10XNK1cell8	3122928	1022158	32390	51978	2016402	39903	1219	38684	23	4189	8.8500
human	PR10XNK1cell9	1940139	480001	26510	111957	1321671	37106	2267	34839	23	4255	6.6000
human	PR10XNK1cell10	1812723	547626	22662	96604	1145831	31203	1965	29238	22	3741	6.8000
human	PR10XNK1cell11	1285170	363957	15141	74226	831846	24492	1700	22792	21	3543	5.5833
human	PR10XNK1cell12	1036613	413108	19572	44127	559806	15555	924	14631	18	2821	5.2166
human	PR10XNK1cell13	2319280	1174918	25270	70921	1048171	26947	1568	25379	22	3836	7.6666
human	PR10XNK1cell14	224055	123912	10	89194	10939	2472	1793	679	17	385	3.7166
human	PR10XNK1cell15	168884	95142	333	62374	11035	3534	1483	2051	19	1075	3.6000
human	PR10XNK1cell16	123970	59502	119	56772	7577	3511	1322	2189	21	1176	3.4666
human	PR10XNK1cell17	2325169	599789	29501	76583	1619296	45754	1863	43891	23	5127	7.3166
human	PR10XNK1cell18	1628866	467459	14691	75342	1071374	32323	1830	30493	27	4605	6.2166
human	PR10XNK1cell19	1424231	439052	23862	55900	905417	26727	1309	25418	18	4004	5.8000
human	PR10XNK1cell20	1032211	423597	11291	49194	548129	17320	1011	16309	21	3263	5.1333
human	PR10XNK1cell21	857644	250778	14292	51131	541443	16362	1409	14953	20	2871	6.8333
human	PR10XNK1cell22	418952	187892	2028	63097	165935	7036	1725	5311	22	1599	4.0500
human	PR10XNK1cell23	3481505	1015890	64748	90325	2310542	47239	2074	45165	25	4461	9.6000
human	PR10XNK1cell24	134031	56462	137	70487	6945	4446	1511	2935	22	1469	3.5166
human	PR10XNK1cell25	2367724	600897	38607	94060	1634160	46868	2053	44815	23	4929	7.4333
human	PR10XNK1cell26	2288083	590841	32878	173827	1490537	38786	2917	35869	26	4269	7.3666
human	PR10XNK1cell27	1498097	423884	21540	71079	981594	27846	1622	26224	22	3843	5.9000
human	PR10XNK1cell28	940617	405207	7550	27500	500360	14146	687	13459	17	2797	5.1666
human	PR10XNK1cell29	577001	106922	6093	137609	326377	11485	2603	8882	24	1983	4.4166
human	PR10XNK1cell30	221946	95423	63	119070	7390	2988	2501	487	22	278	3.6833
human	PR10XNK1cell31	193018	91546	141	94260	7071	4642	2025	2617	22	1331	3.6166
human	PR10XNK1cell32	150937	53579	84	81853	15421	3824	1676	2148	19	1123	5.3500
human	PR10XNK1cell33	1931356	424621	25950	117268	1363517	45661	2804	42857	24	4319	8.0166
human	PR10XNK1cell34	1817787	491730	17230	70168	1238659	39182	1955	37227	21	3912	6.5666
human	PR10XNK1cell35	1577285	435986	19917	55246	1066136	34628	1587	33041	17	3831	6.0833
human	PR10XNK1cell36	777335	332500	4929	29571	410335	15687	941	14746	21	2636	4.6666
human	PR10XNK1cell37	510158	202829	7810	21482	278037	14592	1076	13516	21	2838	4.3000
human	PR10XNK1cell38	218786	75048	17	140205	3516	3926	3333	593	26	369	3.7500
human	PR10XNK1cell39	357860	94335	4366	77125	182034	10221	2143	8078	26	2047	3.9000
human	PR10XNK1cell40	135694	59707	37	72577	3373	3657	1935	1722	19	990	3.5166
human	PR10XNK1cell41	2419923	594995	31784	59211	1733933	110196	3889	106307	28	5255	8.0333
human	PR10XNK1cell42	1977042	508467	30228	104369	1333978	90682	5454	85228	26	4495	8.8000
human	PR10XNK1cell43	1242274	364064	13665	57799	806746	54459	3285	51174	21	4013	5.5333
human	PR10XNK1cell44	238167	119138	3983	14539	100507	12973	1186	11787	18	2687	3.7333
human	PR10XNK1cell45	183311	63545	286	85260	34220	10145	4738	5407	24	1734	3.8166
human	PR10XNK1cell46	219568	103618	153	111319	4478	6633	5846	787	23	433	3.7666
human	PR10XNK1cell47	185828	95690	254	70356	19528	8842	3810	5032	27	1871	3.7333
human	PR10XNK1cell48	144282	61944	140	74669	7529	7640	4104	3536	28	1637	3.6500
human	PR10XNK1cell49	2577674	606218	31189	67428	1872839	61019	2176	58843	24	4510	7.8333
human	PR10XNK1cell50	2015126	531492	22661	114146	1346827	44940	2991	41949	24	3949	6.9000
human	PR10XNK1cell51	1619275	538354	12084	95921	972916	33512	2573	30939	19	3610	6.2666
human	PR10XNK1cell52	515845	234464	5651	17736	257994	11517	706	10811	18	2302	4.1666
human	PR10XNK1cell53	200331	64157	929	131279	3966	4933	3257	1676	20	943	3.6333
human	PR10XNK1cell54	224105	85669	210	136336	1890	3817	3502	315	22	214	3.7166
human	PR10XNK1cell55	230099	61005	73	162692	6329	6237	3838	2399	25	1215	3.7666
human	PR10XNK1cell56	156536	81177	52	71930	3377	3852	2175	1677	21	970	3.6166
human	PR10XNK1cell57	2139183	461656	43457	102518	1531552	111521	5761	105760	21	5204	7.4500
human	PR10XNK1cell58	1020305	282319	17738	58814	661434	64725	4504	60221	25	4522	5.3833
human	PR10XNK1cell59	175928	63583	720	73715	37910	13903	4489	9414	26	2610	3.7500
human	PR10XNK1cell60	343417	140952	2548	22977	176940	17763	1656	16107	18	2790	3.9000
human	PR10XNK1cell61	200836	64677	445	114787	20927	11222	6477	4745	26	1662	3.7833
human	PR10XNK1cell62	203565	121688	35	76017	5825	5610	4759	851	26	389	3.7166
human	PR10XNK1cell63	310127	85755	4986	128973	90413	15368	6453	8915	25	1925	3.9166
human	PR10XNK1cell64	121788	52965	187	47689	20947	7232	3009	4223	24	1606	3.6000
human	PR10XNK1cell65	3081989	626430	54552	114813	2286194	69349	2832	66517	25	5380	8.6666
human	PR10XNK1cell66	2230680	598902	21090	106294	1504394	47307	2701	44606	26	4650	7.2666
human	PR10XNK1cell67	460021	202143	5962	35001	216915	15880	1363	14517	21	3475	4.1000
human	PR10XNK1cell68	235959	147305	1054	22637	64963	8178	888	7290	20	2455	3.7333
human	PR10XNK1cell69	466483	152801	4025	67895	241762	11625	2029	9596	28	2358	4.0833
human	PR10XNK1cell70	252002	130106	1066	86216	34614	4006	2423	1583	26	647	3.7166
human	PR10XNK1cell71	222199	122736	253	86858	12352	6986	2306	4680	25	1964	3.8000
human	PR10XNK1cell72	2927194	565579	44198	90446	2226971	56690	2257	54433	25	4321	8.6500
human	PR10XNK1cell73	2289776	492096	30527	103235	1663918	52785	2372	50413	24	4676	7.6833
human	PR10XNK1cell74	1963009	522137	28726	105419	1306727	41739	2550	39189	25	4031	6.9000
human	PR10XNK1cell75	1459520	443569	8413	57763	949775	32829	1658	31171	18	3861	5.7833
human	PR10XNK1cell76	31400	20127	305	975	9993	3465	284	3181	15	1494	3.3166
human	PR10XNK1cell77	151903	30778	235	110667	10223	5128	2636	2492	21	1236	3.5333
human	PR10XNK1cell78	196517	121003	201	69592	5721	2543	2086	457	24	293	3.6333
human	PR10XNK1cell79	3459147	741122	60951	109712	2547362	66696	2753	63943	21	4466	9.6500
human	PR10XNK1cell80	143618	72333	448	61897	8940	3400	1628	1772	21	958	3.5666
human	PR10XNK1cell81	2061410	455244	31684	112385	1462097	108093	6322	101771	23	4634	7.4500
human	PR10XNK1cell82	1897460	572576	24846	137061	1162977	91443	7388	84055	23	3949	7.1833
human	PR10XNK1cell83	98955	61613	683	7994	28665	7506	1010	6496	21	1995	3.4833
human	PR10XNK1cell84	23331	15560	122	1592	6057	3133	346	2787	14	1299	3.3000
human	PR10XNK1cell85	122510	66804	140	49706	5860	5321	3522	1799	23	889	3.5333
human	PR10XNK1cell86	183213	92384	477	76183	14169	5503	4503	1000	24	273	3.6166
human	PR10XNK1cell87	162690	45814	61	109174	7641	7807	5516	2291	20	1056	3.5666
human	PR10XNK1cell88	248289	142140	505	67497	38147	7545	3805	3740	23	1003	4.4833
human	PR10XNK1cell89	1564888	465677	26417	78627	994167	51569	2781	48788	22	4372	6.2500
human	PR10XNK1cell90	240904	70017	4009	15770	151108	12418	923	11495	19	2828	3.7000
human	PR10XNK1cell91	98591	36224	401	43140	18826	4604	1587	3017	22	1371	3.4333
human	PR10XNK1cell92	26162	16312	374	1384	8092	2729	252	2477	15	1221	3.3000
human	PR10XNK1cell93	77787	41419	46	33662	2660	2701	1399	1302	16	806	3.4166
human	PR10XNK1cell94	107347	38902	35	62711	5699	2371	1999	372	16	179	3.5000
human	PR10XNK1cell95	168773	83298	170	59244	26061	4342	1894	2448	25	1075	3.5666
human	PR10XNK1cell96	127828	72290	58	44359	11121	2882	1372	1510	21	841	3.5166
human	PR10XNK2cell1	2855513	722533	38404	116147	1978429	47833	2101	45732	17	4998	8.3500
human	PR10XNK2cell2	1997737	468270	21389	120514	1387564	35387	2143	33244	22	4297	6.8666
human	PR10XNK2cell3	1470610	511854	28774	102141	827841	24409	1752	22657	22	3712	5.8833
human	PR10XNK2cell4	958033	448100	9857	23755	476321	15095	665	14430	19	3180	5.0333
human	PR10XNK2cell5	1572341	783697	10554	49708	728382	18567	1136	17431	22	3244	6.1666
human	PR10XNK2cell6	167513	108064	173	36769	22507	2433	1055	1378	24	709	3.6666
human	PR10XNK2cell7	169960	83966	63	83088	2843	2771	1812	959	23	588	3.6000
human	PR10XNK2cell8	140270	80268	167	50167	9668	1853	1292	561	25	342	3.5500
human	PR10XNK2cell9	1659503	499847	19172	97450	1043034	33050	2047	31003	21	4330	6.4500
human	PR10XNK2cell10	1447730	473048	27662	107021	839999	25378	2032	23346	21	3665	5.9000
human	PR10XNK2cell11	1147962	344446	16007	65797	721712	23337	1365	21972	19	3630	5.2666
human	PR10XNK2cell12	550070	260380	6551	27983	255156	9591	698	8893	18	2279	4.2833
human	PR10XNK2cell13	1338630	359590	23254	99443	856343	20319	1756	18563	20	2761	5.8500
human	PR10XNK2cell14	188420	98568	1601	18328	69923	4433	756	3677	23	1463	3.6000
human	PR10XNK2cell15	137648	86148	64	45791	5645	1828	1100	728	24	492	3.5000
human	PR10XNK2cell16	71497	50183	3	20102	1209	970	714	256	24	200	3.3500
human	PR10XNK2cell17	2340830	630296	32218	93222	1585094	47393	2068	45325	25	5367	7.5166
human	PR10XNK2cell18	1158072	605727	5934	46693	499718	23116	1442	21674	28	4244	5.4500
human	PR10XNK2cell19	1471538	357176	26517	74233	1013612	30502	1626	28876	21	4417	5.9833
human	PR10XNK2cell20	959531	517538	19470	26113	396410	15565	829	14736	20	3454	5.1000
human	PR10XNK2cell21	149489	75690	721	21822	51256	5424	921	4503	20	1879	3.4333
human	PR10XNK2cell22	246228	178042	1463	20424	46299	4235	1018	3217	26	1411	3.7666
human	PR10XNK2cell23	176270	73838	100	98106	4226	3639	2126	1513	27	864	3.5833
human	PR10XNK2cell24	110635	30406	18	77950	2261	2293	1769	524	27	370	3.6000
human	PR10XNK2cell25	1641995	470645	29407	75058	1066885	35821	1764	34057	19	4825	6.2166
human	PR10XNK2cell26	1852579	598696	21276	98947	1133660	32504	1968	30536	24	4206	6.7000
human	PR10XNK2cell27	1481577	396174	21458	66609	997336	29841	1546	28295	20	4157	5.9000
human	PR10XNK2cell28	1011390	400662	15306	51700	543722	16044	978	15066	16	3100	5.1000
human	PR10XNK2cell29	485677	68321	5284	111227	300845	10327	2002	8325	23	1924	4.2000
human	PR10XNK2cell30	409361	215624	2451	44873	146413	6407	1317	5090	23	1562	4.0500
human	PR10XNK2cell31	176190	67973	58	101969	6190	3106	2018	1088	25	664	3.6500
human	PR10XNK2cell32	97715	27977	3	68484	1251	1859	1527	332	24	241	3.4666
human	PR10XNK2cell33	1374348	318025	14636	76227	965460	40564	2256	38308	19	4636	6.7000
human	PR10XNK2cell34	1518263	476820	10867	81030	949546	37447	2327	35120	21	4029	15.8166
human	PR10XNK2cell35	391094	125554	3733	62552	199255	12678	1748	10930	22	2603	3.9666
human	PR10XNK2cell36	167314	94714	2085	6491	64024	7529	536	6993	23	2321	3.6166
human	PR10XNK2cell37	107229	54431	1070	9469	42259	5631	775	4856	20	1932	3.4333
human	PR10XNK2cell38	165786	58958	64	103379	3385	3462	2680	782	21	455	3.5833
human	PR10XNK2cell39	1705743	220373	49335	100483	1335552	37451	2703	34748	24	2679	6.3166
human	PR10XNK2cell40	70012	27035	11	41041	1925	1699	1337	362	23	240	3.4166
human	PR10XNK2cell41	2891600	870496	29131	101083	1890890	123329	5362	117967	24	5582	9.1666
human	PR10XNK2cell42	1756299	514589	31876	121727	1088107	80901	5981	74920	24	4561	6.7333
human	PR10XNK2cell43	2012449	530726	17183	110730	1353810	84941	5069	79872	23	4607	7.2166
human	PR10XNK2cell44	408712	188112	2256	35638	182706	19197	1682	17515	22	3211	4.0333
human	PR10XNK2cell45	1065608	349919	12437	36637	666615	48080	2914	45166	26	3630	4.9833
human	PR10XNK2cell46	544799	173842	8560	73287	289110	21606	3833	17773	24	1900	4.3166
human	PR10XNK2cell47	183788	58519	244	115085	9940	7693	5495	2198	26	980	3.7666
human	PR10XNK2cell48	125878	41300	286	76115	8177	5158	4076	1082	28	435	3.5666
human	PR10XNK2cell49	2277515	555890	54031	117190	1550404	55014	2888	52126	21	4765	7.4666
human	PR10XNK2cell50	2167918	666507	19411	108071	1373929	47552	2899	44653	19	4265	7.1833
human	PR10XNK2cell51	612564	243014	8240	36152	325158	16957	1276	15681	22	3111	4.3500
human	PR10XNK2cell52	374915	213695	2243	47778	111199	7891	1153	6738	19	2137	8.9333
human	PR10XNK2cell53	158069	89912	121	46352	21684	3835	1437	2398	22	1144	3.5500
human	PR10XNK2cell54	247524	152710	2663	35124	57027	4471	1426	3045	26	1075	3.8333
human	PR10XNK2cell55	194852	95265	57	95067	4463	3486	2543	943	23	588	3.6666
human	PR10XNK2cell56	104863	57811	99	40349	6604	2134	1412	722	21	415	3.4666
human	PR10XNK2cell57	1240889	306617	20564	53203	860505	80092	3913	76179	22	5453	5.6333
human	PR10XNK2cell58	1644974	500309	12415	103805	1028445	81663	6178	75485	27	4410	6.6833
human	PR10XNK2cell59	836436	448937	5230	47264	335005	34989	3244	31745	19	4028	5.0000
human	PR10XNK2cell60	114331	75750	627	5314	32640	9735	818	8917	21	2708	3.5000
human	PR10XNK2cell61	413401	162097	3714	65101	182489	18972	4175	14797	20	2050	4.0833
human	PR10XNK2cell62	178450	120773	490	25101	32086	5788	2279	3509	24	1067	3.5833
human	PR10XNK2cell63	235014	71992	2509	132501	28012	9489	6394	3095	26	926	3.8333
human	PR10XNK2cell64	80838	44237	62	33216	3323	3286	2576	710	31	421	3.4000
human	PR10XNK2cell65	2739182	755300	39672	105508	1838702	60946	2777	58169	25	5584	8.5833
human	PR10XNK2cell66	2814991	789252	26925	131884	1866930	56160	3034	53126	27	5044	8.3666
human	PR10XNK2cell67	933103	390406	7117	44102	491478	25601	1510	24091	22	4322	5.0833
human	PR10XNK2cell68	2303783	747174	29578	32824	1494207	45882	1134	44748	22	5000	7.4000
human	PR10XNK2cell69	164972	52097	176	101083	11616	6279	2504	3775	22	1724	3.5666
human	PR10XNK2cell70	851890	748715	264	89521	13390	3786	2210	1576	24	886	5.0000
human	PR10XNK2cell71	225145	78466	936	96915	48828	5345	2531	2814	25	1170	3.6833
human	PR10XNK2cell72	186892	98998	18	81258	6618	2850	2072	778	29	461	3.6666
human	PR10XNK2cell73	1818770	520915	35473	85982	1176400	43092	2242	40850	19	4651	6.4333
human	PR10XNK2cell74	1379706	356942	16467	76665	929632	33699	1997	31702	19	3986	5.7833
human	PR10XNK2cell75	1043322	276630	14958	48209	703525	27103	1451	25652	19	3892	5.1500
human	PR10XNK2cell76	71785	56272	151	7993	7369	3705	483	3222	17	1553	3.4833
human	PR10XNK2cell77	57168	20988	200	21176	14804	3347	935	2412	22	1109	3.4000
human	PR10XNK2cell78	291447	102625	7898	63464	117460	5544	1637	3907	24	1061	3.8333
human	PR10XNK2cell79	167409	67414	801	41702	57492	4024	1391	2633	25	998	3.6000
human	PR10XNK2cell80	140761	53781	18	79920	7042	2643	2162	481	25	284	3.5500
human	PR10XNK2cell81	1898308	567406	36036	90506	1204360	91758	5151	86607	19	4713	7.1500
human	PR10XNK2cell82	1388522	710823	9955	31302	636442	60757	2729	58028	23	4280	6.2833
human	PR10XNK2cell83	109828	51615	1154	7202	49857	11863	1051	10812	17	2805	3.4333
human	PR10XNK2cell84	62070	49648	182	5294	6946	4147	669	3478	19	1536	3.4500
human	PR10XNK2cell85	68779	31871	76	27080	9752	4505	2284	2221	19	903	3.3833
human	PR10XNK2cell86	143303	70962	1464	32209	38668	5753	2392	3361	23	830	3.6000
human	PR10XNK2cell87	72213	33057	55	37489	1612	3574	2765	809	27	494	3.3666
human	PR10XNK2cell88	652057	203691	3784	69180	375402	29646	3972	25674	21	1736	4.5000
human	PR10XNK2cell89	964369	292486	13250	29405	629228	31116	1226	29890	23	4147	5.0666
human	PR10XNK2cell90	168737	66469	1677	14511	86080	9798	861	8937	22	2590	3.6500
human	PR10XNK2cell91	541829	185370	5189	22428	328842	17046	957	16089	20	3167	4.1833
human	PR10XNK2cell92	35817	24753	157	1898	9009	3138	267	2871	14	1411	3.3333
human	PR10XNK2cell93	43118	10792	81	23528	8717	2368	964	1404	15	758	13.4833
human	PR10XNK2cell94	70774	52699	18	16881	1176	1346	883	463	25	339	3.4000
human	PR10XNK2cell95	94855	49762	250	27614	17229	2332	1145	1187	23	522	3.4666
human	PR10XNK2cell96	68952	47891	9	19874	1178	1183	882	301	24	230	3.3500
human	PR10XNK3cell1	2364046	543499	34432	95588	1690527	44059	2115	41944	27	4707	7.4333
human	PR10XNK3cell2	3311807	1189226	33513	113718	1975350	47189	2176	45013	24	4679	9.3166
human	PR10XNK3cell3	1099085	362147	11231	69765	655942	24147	1693	22454	23	4089	5.3500
human	PR10XNK3cell4	389857	205946	2501	20944	160466	7320	664	6656	18	2071	3.9666
human	PR10XNK3cell5	260792	100170	2554	16952	141116	8779	916	7863	22	2405	3.7166
human	PR10XNK3cell6	872533	328499	8793	70769	464472	13419	1689	11730	21	2295	4.9000
human	PR10XNK3cell7	224076	117156	12	102592	4316	2539	2135	404	22	282	12.1333
human	PR10XNK3cell8	189404	93810	166	92382	3046	2078	1852	226	23	165	3.6666
human	PR10XNK3cell9	1765698	447936	31973	94723	1191066	35717	2143	33574	23	4096	6.5500
human	PR10XNK3cell10	2364379	729759	39946	113837	1480837	42263	2267	39996	22	4415	7.5166
human	PR10XNK3cell11	1093545	328556	20622	49316	695051	22710	1362	21348	22	3459	5.2500
human	PR10XNK3cell12	324882	184920	1936	12405	125621	5616	466	5150	18	1662	3.9000
human	PR10XNK3cell13	3405704	1367948	26751	83519	1927486	43154	1849	41305	19	4091	9.8166
human	PR10XNK3cell14	638238	242715	10349	32227	352947	13595	1216	12379	23	2628	4.4333
human	PR10XNK3cell15	358050	267052	7	88499	2492	2285	1989	296	23	233	4.0000
human	PR10XNK3cell16	74610	41055	4	32703	848	1268	1094	174	20	141	3.4166
human	PR10XNK3cell17	2590736	804764	25398	154573	1606001	49560	2884	46676	23	5386	7.9666
human	PR10XNK3cell18	1701874	533449	45791	73162	1049472	36479	1925	34554	25	4917	6.5000
human	PR10XNK3cell19	1937415	506523	38126	123301	1269465	35771	2272	33499	24	4611	6.7333
human	PR10XNK3cell20	171849	98036	1141	6207	66465	6368	586	5782	20	2149	3.5666
human	PR10XNK3cell21	154434	73412	873	36331	43818	6439	1322	5117	25	2042	3.5833
human	PR10XNK3cell22	275012	156375	825	24362	93450	5673	1376	4297	26	1596	3.7833
human	PR10XNK3cell23	289046	81505	16	206414	1111	3832	3434	398	26	298	3.8500
human	PR10XNK3cell24	85275	51185	10	33053	1027	1571	1314	257	30	214	3.4000
human	PR10XNK3cell25	2060188	485669	36088	90182	1448249	45509	2343	43166	20	5003	6.9333
human	PR10XNK3cell26	2428567	644707	31161	118868	1633831	45120	2590	42530	23	4689	7.6000
human	PR10XNK3cell27	2573900	941022	39414	118256	1475208	38067	2469	35598	21	4312	8.1500
human	PR10XNK3cell28	223183	110383	2202	6194	104404	6233	454	5779	17	2000	3.7166
human	PR10XNK3cell29	327019	238312	498	56067	32142	5228	1455	3773	24	1662	3.8833
human	PR10XNK3cell30	273845	131149	173	139064	3459	3813	2823	990	24	622	3.8000
human	PR10XNK3cell31	222679	88860	7	131837	1975	3261	2915	346	23	257	3.7333
human	PR10XNK3cell32	151960	43267	292	78020	30381	2768	1905	863	24	337	3.6166
human	PR10XNK3cell33	1406988	433438	14234	43854	915462	41464	1757	39707	23	4636	5.9000
human	PR10XNK3cell34	1868424	527997	15977	107798	1216652	47083	2911	44172	26	4371	6.7333
human	PR10XNK3cell35	283407	202637	322	59738	20710	7674	1891	5783	21	2304	3.9000
human	PR10XNK3cell36	104606	75028	502	3457	25619	4040	428	3612	17	1490	3.5666
human	PR10XNK3cell37	2788959	808945	32677	101733	1845604	56356	2664	53692	20	3808	8.3500
human	PR10XNK3cell38	362777	219147	1279	67292	75059	5918	2216	3702	23	1143	3.9833
human	PR10XNK3cell39	252586	148069	5	97852	6660	3188	2842	346	17	202	3.8000
human	PR10XNK3cell40	142977	74328	28	67385	1236	2260	2040	220	26	175	3.5333
human	PR10XNK3cell41	3022321	776402	33344	130701	2081874	144606	7151	137455	29	5575	10.0833
human	PR10XNK3cell42	1983411	439728	41443	96460	1405780	99893	5363	94530	23	4777	7.7333
human	PR10XNK3cell43	2638277	1059064	32790	88495	1457928	93765	4857	88908	24	4519	8.7833
human	PR10XNK3cell44	1687055	914157	14640	59281	698977	43550	2937	40613	24	3094	6.5833
human	PR10XNK3cell45	272025	131117	2057	46357	92494	14260	3482	10778	23	2269	3.8000
human	PR10XNK3cell46	238684	134222	60	99654	4748	7066	5243	1823	24	899	3.7500
human	PR10XNK3cell47	258505	109748	210	143276	5271	7934	7118	816	24	387	3.9333
human	PR10XNK3cell48	156262	79059	101	66811	10291	5329	4227	1102	29	331	3.7666
human	PR10XNK3cell49	2356567	718015	48033	106094	1484425	57013	3030	53983	17	4762	7.6000
human	PR10XNK3cell50	2673847	974715	27056	104570	1567506	55195	3096	52099	24	4314	8.1500
human	PR10XNK3cell51	1998167	925290	22905	54338	995634	41119	1975	39144	17	4489	11.7000
human	PR10XNK3cell52	139158	74551	493	6494	57620	5177	474	4703	15	1672	3.5166
human	PR10XNK3cell53	250387	103554	1357	78075	67401	6843	2314	4529	21	1447	3.7500
human	PR10XNK3cell54	281972	141259	24	136944	3745	4422	3566	856	21	519	3.8333
human	PR10XNK3cell55	203489	91201	12	110954	1322	3416	3111	305	22	235	3.6833
human	PR10XNK3cell56	196770	97725	772	55515	42758	3350	1758	1592	22	417	3.6333
human	PR10XNK3cell57	1823087	532884	29742	97912	1162549	106234	6383	99851	24	5404	7.1000
human	PR10XNK3cell58	2264445	655551	31214	140578	1437102	119188	8043	111145	27	4905	8.2166
human	PR10XNK3cell59	1632796	552751	15792	72983	991270	79504	4855	74649	24	4534	6.5500
human	PR10XNK3cell60	190568	130460	1396	20317	38395	7850	1649	6201	23	1809	3.6333
human	PR10XNK3cell61	316537	168992	1252	38429	107864	15820	3368	12452	23	2187	3.9666
human	PR10XNK3cell62	259037	97745	89	153476	7727	9894	8043	1851	27	795	4.0666
human	PR10XNK3cell63	337116	164292	36	166337	6451	8908	8109	799	23	332	4.1333
human	PR10XNK3cell64	117361	43864	166	42163	31168	6025	3434	2591	27	444	3.5333
human	PR10XNK3cell65	3717885	941388	61190	127507	2587800	81079	3363	77716	30	5804	10.2166
human	PR10XNK3cell66	3915752	1247599	51407	113374	2503372	75460	3058	72402	22	5425	10.6166
human	PR10XNK3cell67	2433907	1099964	23815	83892	1226236	43588	2246	41342	22	5006	7.7666
human	PR10XNK3cell68	386042	234836	2096	35748	113362	8585	1095	7490	24	2305	4.0333
human	PR10XNK3cell69	201092	28938	1424	151686	19044	8388	3536	4852	28	2010	3.7333
human	PR10XNK3cell70	371289	219968	66	144089	7166	5486	3693	1793	25	998	4.1500
human	PR10XNK3cell71	254842	88650	645	112297	53250	4665	2977	1688	25	524	3.8333
human	PR10XNK3cell72	173993	67868	622	101982	3521	3071	2711	360	29	226	3.6833
human	PR10XNK3cell73	2570031	704424	75204	121011	1669392	58280	3425	54855	23	4703	8.0333
human	PR10XNK3cell74	2216624	706739	19579	144625	1345681	50057	3757	46300	21	4276	7.3833
human	PR10XNK3cell75	181209	67609	503	68364	44733	8546	2132	6414	20	2254	3.6333
human	PR10XNK3cell76	308182	168443	3866	12431	123442	6077	615	5462	18	1614	3.8333
human	PR10XNK3cell77	40663	16195	136	17378	6954	3869	946	2923	26	1414	3.5000
human	PR10XNK3cell78	201708	108334	36	90406	2932	3573	2628	945	22	601	3.6833
human	PR10XNK3cell79	294283	73069	1130	109604	110480	6273	3067	3206	25	636	3.9000
human	PR10XNK3cell80	156736	70067	571	84490	1608	2491	2265	226	21	161	3.5500
human	PR10XNK3cell81	2363542	543860	34733	81330	1703619	128001	5109	122892	22	4774	8.2500
human	PR10XNK3cell82	1104521	325437	19090	29190	730804	74712	2946	71766	20	4317	5.5500
human	PR10XNK3cell83	86659	59988	365	6858	19448	8083	1064	7019	21	2353	3.4666
human	PR10XNK3cell84	67522	52027	148	7432	7915	3439	843	2596	20	1151	3.4000
human	PR10XNK3cell85	74811	33394	79	36476	4862	5649	3359	2290	25	1059	3.4666
human	PR10XNK3cell86	133418	78008	35	52693	2682	4873	3991	882	27	480	3.6333
human	PR10XNK3cell87	87578	46455	3	39593	1527	3337	3032	305	22	172	3.4833
human	PR10XNK3cell88	159422	68188	11	87616	3607	5706	5229	477	25	188	3.6500
human	PR10XNK3cell89	767905	329032	10460	23172	405241	25973	1317	24656	25	3934	4.6833
human	PR10XNK3cell90	231868	77641	3099	16972	134156	14228	1055	13173	21	3255	3.7000
human	PR10XNK3cell91	509904	187800	6092	24179	291833	17469	1181	16288	19	3055	4.2000
human	PR10XNK3cell92	63354	45217	76	5009	13052	2308	335	1973	12	959	3.3833
human	PR10XNK3cell93	531563	485074	91	40968	5430	3259	1572	1687	21	933	4.3500
human	PR10XNK3cell94	117005	71508	13	41946	3538	2360	1732	628	24	402	3.5500
human	PR10XNK3cell95	106109	58091	143	36668	11207	2334	1667	667	20	271	3.5000
human	PR10XNK3cell96	101124	63256	58	35653	2157	1600	1383	217	22	144	3.8000
human	PR10XNK4cell1	4022004	1525966	67583	143255	2285200	70128	3246	66882	21	5162	10.9666
human	PR10XNK4cell2	3748876	1331021	44394	104355	2269106	44890	1905	42985	23	4629	9.9500
human	PR10XNK4cell3	2676356	753051	27722	88688	1806895	36439	1435	35004	17	4347	8.2166
human	PR10XNK4cell4	182213	117772	381	12784	51276	3091	463	2628	18	1163	3.6166
human	PR10XNK4cell5	234946	48677	5222	109024	72023	3704	1772	1932	24	734	3.7000
human	PR10XNK4cell6	255980	155918	125	91888	8049	5032	1756	3276	26	1606	3.7500
human	PR10XNK4cell7	1832139	666920	47174	140178	977867	23868	2311	21557	25	3519	6.6333
human	PR10XNK4cell8	189467	102458	11	80780	6218	1732	1497	235	22	159	3.5833
human	PR10XNK4cell9	2352000	788623	30688	119390	1413299	37318	1989	35329	20	4438	7.6166
human	PR10XNK4cell10	2014568	613585	20119	161617	1219247	30651	2471	28180	18	3945	6.9000
human	PR10XNK4cell11	1133517	316490	18968	40448	757611	23700	944	22756	20	4006	5.3833
human	PR10XNK4cell12	198165	116117	1122	10671	70255	2972	379	2593	15	1068	3.6166
human	PR10XNK4cell13	207199	76873	650	51818	77858	3331	1186	2145	19	731	3.6333
human	PR10XNK4cell14	222974	142093	81	75596	5204	3719	1598	2121	26	1136	3.9000
human	PR10XNK4cell15	298863	189016	137	101146	8564	4627	1737	2890	24	1414	3.9166
human	PR10XNK4cell16	85356	50842	279	32815	1420	1016	870	146	23	120	3.4000
human	PR10XNK4cell17	2027534	649705	27699	95150	1254980	40742	2029	38713	23	5349	6.9666
human	PR10XNK4cell18	1573649	497301	16498	92705	967145	29314	1780	27534	22	4490	6.3333
human	PR10XNK4cell19	1873698	605697	33310	100272	1134419	28237	1721	26516	23	4184	6.6333
human	PR10XNK4cell20	164694	120350	176	4869	39299	3416	463	2953	20	1378	3.5666
human	PR10XNK4cell21	141021	73647	46	61365	5963	2451	1537	914	21	563	3.6166
human	PR10XNK4cell22	890637	745098	347	124659	20533	7820	2231	5589	26	2283	5.0833
human	PR10XNK4cell23	234777	100596	370	116915	16896	8315	2292	6023	28	2402	3.7500
human	PR10XNK4cell24	95213	48025	10	44566	2612	1482	1264	218	26	164	3.4833
human	PR10XNK4cell25	3031928	868089	54592	116337	1992910	51766	2152	49614	23	5336	8.6833
human	PR10XNK4cell26	2214905	663363	38109	121622	1391811	33265	2054	31211	22	4152	7.2166
human	PR10XNK4cell27	1822503	543637	20654	82651	1175561	28243	1541	26702	21	3994	6.4500
human	PR10XNK4cell28	113138	64978	990	5428	41742	3536	435	3101	20	1384	6.1666
human	PR10XNK4cell29	407007	137700	6347	53554	209406	6163	1269	4894	26	1270	3.9666
human	PR10XNK4cell30	3447980	969034	48412	118126	2312408	45350	2329	43021	19	4277	9.4166
human	PR10XNK4cell31	245248	81604	363	141996	21285	7938	2307	5631	25	2216	3.7666
human	PR10XNK4cell32	193986	112635	81	74400	6870	1891	1631	260	23	162	3.6000
human	PR10XNK4cell33	1371523	428351	22048	76289	844835	36459	2140	34319	20	4676	5.7500
human	PR10XNK4cell34	1795637	526657	10245	130826	1127909	37917	2901	35016	20	4013	11.2833
human	PR10XNK4cell35	610048	236768	6998	38834	327448	14814	1156	13658	19	2995	4.3833
human	PR10XNK4cell36	35013	21780	293	1879	11061	2379	359	2020	18	1039	3.3333
human	PR10XNK4cell37	135858	75846	95	48831	11086	2481	1631	850	26	481	3.5166
human	PR10XNK4cell38	268488	124249	184	133428	10627	6530	2950	3580	22	1627	3.9166
human	PR10XNK4cell39	3432376	891429	64139	158725	2318083	57965	3340	54625	21	4097	9.3666
human	PR10XNK4cell40	105044	57957	66	40788	6233	1656	1387	269	24	135	3.4166
human	PR10XNK4cell41	3686213	1199619	69239	156188	2261167	129607	6959	122648	26	5834	11.2166
human	PR10XNK4cell42	2390525	788487	32209	100430	1469399	86036	4957	81079	23	4533	7.8500
human	PR10XNK4cell43	993881	722197	5857	46281	219546	23922	2747	21175	22	3663	5.2166
human	PR10XNK4cell44	100914	72435	381	5925	22173	4604	826	3778	20	1434	3.4833
human	PR10XNK4cell45	4189436	3988715	293	135164	65264	9885	5862	4023	27	1015	12.0500
human	PR10XNK4cell46	500456	117307	7563	203093	172493	21010	7512	13498	27	2507	4.3000
human	PR10XNK4cell47	279628	92977	390	162626	23635	13387	6376	7011	28	2429	3.9000
human	PR10XNK4cell48	126017	69405	25	53004	3583	3325	2988	337	23	182	3.5500
human	PR10XNK4cell49	2353382	616658	36988	124442	1575294	50965	2889	48076	24	4751	7.6166
human	PR10XNK4cell50	3029735	1042113	38663	133970	1814989	52451	3129	49322	20	4263	8.9166
human	PR10XNK4cell51	1883270	515066	20651	90132	1257421	37055	2084	34971	18	3759	6.6666
human	PR10XNK4cell52	1175761	505090	11066	86075	573530	16217	1556	14661	17	2360	5.4500
human	PR10XNK4cell53	710256	138131	17867	123461	430797	13902	2850	11052	21	1717	4.5500
human	PR10XNK4cell54	3491913	1051665	60413	138672	2241163	57555	3044	54511	24	4183	9.5333
human	PR10XNK4cell55	226254	113553	203	104483	8015	5824	2185	3639	21	1669	3.7166
human	PR10XNK4cell56	152799	73092	5	70173	9529	2261	1942	319	22	146	3.6166
human	PR10XNK4cell57	1721114	545386	25687	87143	1062898	88831	4995	83836	29	5422	6.8166
human	PR10XNK4cell58	2413117	746867	34800	121518	1509932	102121	6145	95976	21	4528	7.9833
human	PR10XNK4cell59	1142994	396635	6720	80382	659257	50134	3974	46160	21	4149	5.7166
human	PR10XNK4cell60	321124	286146	114	28141	6723	4251	1626	2625	20	1223	3.9333
human	PR10XNK4cell61	191264	95640	85	85114	10425	6536	4869	1667	25	649	3.8833
human	PR10XNK4cell62	3463931	1016445	48594	117971	2280921	123199	5632	117567	28	4583	9.9166
human	PR10XNK4cell63	3160680	990978	45881	148620	1975201	104914	6803	98111	22	4286	9.5166
human	PR10XNK4cell64	114910	55039	9	50640	9222	3606	3047	559	25	168	3.5333
human	PR10XNK4cell65	3807216	908836	78061	151587	2668732	73942	3198	70744	23	5886	10.3166
human	PR10XNK4cell66	1546176	661740	8134	89308	786994	32077	2268	29809	21	4665	6.1500
human	PR10XNK4cell67	347423	218986	2182	22643	103612	13007	1096	11911	22	3507	3.8500
human	PR10XNK4cell68	265474	194481	710	37887	32396	3975	1031	2944	21	1314	3.9000
human	PR10XNK4cell69	274188	119812	80	124165	30131	4137	2578	1559	24	732	3.8666
human	PR10XNK4cell70	444812	147013	1953	210055	85791	11541	3972	7569	27	2497	4.1166
human	PR10XNK4cell71	296431	121150	721	126710	47850	10217	2710	7507	31	2669	3.8833
human	PR10XNK4cell72	188328	81167	2	105645	1514	2578	2381	197	25	162	3.7333
human	PR10XNK4cell73	2412185	634820	43197	97238	1636930	48948	2232	46716	25	4785	7.8166
human	PR10XNK4cell74	2236438	763575	36429	110432	1326002	38429	2460	35969	18	4018	7.3666
human	PR10XNK4cell75	160018	78358	490	55627	25543	6127	1454	4673	21	1821	3.6166
human	PR10XNK4cell76	97607	83690	76	8313	5528	1574	445	1129	18	664	3.4666
human	PR10XNK4cell77	72377	43623	34	27159	1561	1694	1091	603	21	414	3.3666
human	PR10XNK4cell78	254374	133505	175	114533	6161	5638	2610	3028	26	1451	3.7500
human	PR10XNK4cell79	179153	74425	160	96506	8062	5426	2268	3158	23	1533	3.6500
human	PR10XNK4cell80	164288	52013	7	107162	5106	2403	2217	186	20	109	3.6500
human	PR10XNK4cell81	3006205	792385	42087	101846	2069887	133546	5335	128211	23	5033	9.6166
human	PR10XNK4cell82	236174	28201	4555	35544	167874	22087	2724	19363	18	2954	3.7833
human	PR10XNK4cell83	119913	61030	549	18006	40328	8180	1586	6594	21	1961	3.4833
human	PR10XNK4cell84	177744	132307	22	28698	16717	2913	1425	1488	20	642	3.5833
human	PR10XNK4cell85	100253	43175	13	55804	1261	4086	3588	498	20	308	3.4833
human	PR10XNK4cell86	147213	90813	533	49382	6485	6281	3292	2989	22	1346	4.9500
human	PR10XNK4cell87	113009	55245	335	35757	21672	8901	2564	6337	23	2139	3.5500
human	PR10XNK4cell88	183860	74089	15	108422	1334	4820	4614	206	21	114	3.7166
human	PR10XNK4cell89	486460	143869	3786	52252	286553	18349	1640	16709	19	3427	4.1333
human	PR10XNK4cell90	89000	33132	816	10427	44625	8396	762	7634	20	2569	3.4833
human	PR10XNK4cell91	1818276	1756619	1129	14636	45892	9778	1087	8691	21	3746	7.0000
human	PR10XNK4cell92	63051	53635	48	1656	7712	1569	285	1284	18	728	3.3833
human	PR10XNK4cell93	60602	27272	19	32544	767	1558	1225	333	22	235	3.4333
human	PR10XNK4cell94	165451	91157	391	41222	32681	4778	1462	3316	18	1351	3.5666
human	PR10XNK4cell95	1971662	538588	27647	62274	1343153	42284	1905	40379	26	4104	6.8000
human	PR10XNK4cell96	79224	50309	1	27483	1431	1244	1084	160	23	116	3.4500
human	PR10XNK5cell1	3031329	788627	71515	112815	2058372	46048	1961	44087	21	4987	8.7833
human	PR10XNK5cell2	2260977	759298	28176	156511	1316992	29532	2225	27307	24	3954	7.3166
human	PR10XNK5cell3	1913763	495281	18484	56782	1343216	29295	1134	28161	20	3977	6.6333
human	PR10XNK5cell4	141005	77884	664	5783	56674	3427	348	3079	15	1307	3.5333
human	PR10XNK5cell5	190480	80117	2546	23193	84624	3884	778	3106	19	1154	3.6666
human	PR10XNK5cell6	767066	165919	13010	78931	509206	11493	1503	9990	22	1949	4.6166
human	PR10XNK5cell7	311599	247641	13	58284	5661	1856	1308	548	22	398	3.8833
human	PR10XNK5cell8	154510	81344	0	71357	1809	1440	1283	157	21	131	3.6500
human	PR10XNK5cell9	1569465	401109	16501	75458	1076397	30390	1639	28751	20	4169	5.9833
human	PR10XNK5cell10	1417282	357759	33244	103000	923279	23858	1893	21965	22	3489	5.8166
human	PR10XNK5cell11	1105204	327858	11924	50826	714596	19908	1079	18829	19	3324	5.2833
human	PR10XNK5cell12	181271	79700	1014	6141	94416	3949	323	3626	16	1314	5.7666
human	PR10XNK5cell13	257641	112135	2043	18525	124938	5378	689	4689	23	1515	3.7166
human	PR10XNK5cell14	146431	95183	34	46073	5141	1779	1087	692	20	466	3.5500
human	PR10XNK5cell15	156960	51536	5	103290	2129	2044	1827	217	21	149	3.6000
human	PR10XNK5cell16	84911	49654	432	31333	3492	988	805	183	20	129	3.4333
human	PR10XNK5cell17	1963103	606849	18372	90963	1246919	37005	1918	35087	25	4834	6.8166
human	PR10XNK5cell18	1649758	808868	22198	73780	744912	23867	1606	22261	26	4088	6.4333
human	PR10XNK5cell19	851469	421219	7042	35035	388173	14934	986	13948	22	3392	4.8833
human	PR10XNK5cell20	77353	48623	345	3998	24387	3550	446	3104	21	1413	3.3333
human	PR10XNK5cell21	618138	87989	11976	96024	422149	9567	1655	7912	23	1655	4.4166
human	PR10XNK5cell22	185967	139987	28	41218	4734	2058	1278	780	23	527	3.6666
human	PR10XNK5cell23	417586	314298	13	99317	3958	2362	1954	408	29	291	4.1666
human	PR10XNK5cell24	104862	51264	61	52536	1001	1329	1215	114	26	102	3.5333
human	PR10XNK5cell25	1652245	439538	18264	82427	1112016	33682	1867	31815	22	4598	6.2666
human	PR10XNK5cell26	1912658	515685	34164	103894	1258915	31336	1924	29412	23	4106	6.6500
human	PR10XNK5cell27	523240	228971	4618	29768	259883	12175	918	11257	21	2969	4.2166
human	PR10XNK5cell28	137280	98728	869	10970	26713	2552	456	2096	17	984	3.5333
human	PR10XNK5cell29	226533	165234	336	16366	44597	3128	812	2316	22	1104	3.8000
human	PR10XNK5cell30	205324	88408	314	99762	16840	2696	1981	715	27	432	3.7333
human	PR10XNK5cell31	196191	82369	176	79312	34334	2500	1592	908	25	394	3.6333
human	PR10XNK5cell32	181009	122538	105	48853	9513	1477	1168	309	23	182	3.5833
human	PR10XNK5cell33	1433571	402571	22464	59435	949101	36467	2029	34438	22	4203	5.9833
human	PR10XNK5cell34	1785744	528205	19750	105752	1132037	38434	2671	35763	25	3951	6.5833
human	PR10XNK5cell35	722916	354043	6056	37302	325515	14806	1245	13561	22	2840	4.6000
human	PR10XNK5cell36	142338	91090	140	22170	28938	2833	662	2171	20	964	3.5333
human	PR10XNK5cell37	133293	53061	27	77704	2501	2488	1928	560	19	384	3.5333
human	PR10XNK5cell38	169760	73349	90	89747	6574	3046	2423	623	20	378	3.6000
human	PR10XNK5cell39	224813	114073	31	94255	16454	3013	2440	573	24	253	3.7333
human	PR10XNK5cell40	102521	47446	10	54148	917	1712	1608	104	19	80	5.6666
human	PR10XNK5cell41	2135843	571576	23613	104270	1436384	88951	5064	83887	27	4993	7.5500
human	PR10XNK5cell42	1076115	348177	10365	50109	667464	52327	3137	49190	23	4287	6.5833
human	PR10XNK5cell43	490319	182612	5625	48899	253183	22543	2572	19971	20	3195	4.1166
human	PR10XNK5cell44	645859	282193	6481	60939	296246	18527	2407	16120	20	2063	7.5666
human	PR10XNK5cell45	107603	57936	136	42985	6546	4123	2850	1273	25	637	3.4666
human	PR10XNK5cell46	286217	192572	90	88173	5382	5106	4241	865	24	504	3.9000
human	PR10XNK5cell47	275018	134275	11	133166	7566	6257	5515	742	25	305	3.8833
human	PR10XNK5cell48	140199	67385	3	68965	3846	3787	3440	347	25	147	3.7166
human	PR10XNK5cell49	2862402	806996	41016	126761	1887629	58032	3024	55008	26	4931	8.3500
human	PR10XNK5cell50	1936884	453353	33989	100918	1348624	41554	2269	39285	25	3954	6.6833
human	PR10XNK5cell51	619820	224622	6161	57443	331594	15307	1414	13893	23	2743	4.4333
human	PR10XNK5cell52	175933	70949	4958	9312	90714	4622	442	4180	14	1375	3.5833
human	PR10XNK5cell53	128413	62329	16	64718	1350	2208	1656	552	21	411	3.5166
human	PR10XNK5cell54	482150	383292	583	77052	21223	3414	2150	1264	23	641	4.2500
human	PR10XNK5cell55	295018	89590	2187	80752	122489	5265	1977	3288	22	652	3.8833
human	PR10XNK5cell56	99401	46330	87	49480	3504	1660	1458	202	21	128	3.4500
human	PR10XNK5cell57	1380355	310875	15691	81745	972044	77619	4823	72796	26	5097	5.9000
human	PR10XNK5cell58	1964779	704315	22813	96654	1140997	80981	5179	75802	23	4263	7.2833
human	PR10XNK5cell59	781492	224093	9842	74035	473522	36345	3897	32448	19	3263	4.8166
human	PR10XNK5cell60	78835	56972	489	5060	16314	4006	708	3298	22	1294	3.4333
human	PR10XNK5cell61	156982	35671	33	119586	1692	6532	5647	885	24	545	3.6500
human	PR10XNK5cell62	265021	105717	484	103777	55043	8051	4932	3119	27	630	3.8166
human	PR10XNK5cell63	142218	92120	12	48878	1208	3506	3136	370	26	246	3.5500
human	PR10XNK5cell64	77271	48202	3	28336	730	2284	2092	192	26	137	3.4833
human	PR10XNK5cell65	3601203	1351021	65761	116029	2068392	59236	2777	56459	22	5563	10.2666
human	PR10XNK5cell66	2444802	1004857	21254	80659	1338032	39897	1959	37938	25	4727	8.0333
human	PR10XNK5cell67	2232788	906262	24288	58963	1243275	34676	1530	33146	20	4326	7.4666
human	PR10XNK5cell68	105380	79983	248	5024	20125	3555	516	3039	18	1369	3.4166
human	PR10XNK5cell69	107733	74044	91	28714	4884	2401	1247	1154	23	729	3.4666
human	PR10XNK5cell70	3120262	2957246	516	111673	50827	4268	2392	1876	25	971	9.6500
human	PR10XNK5cell71	216313	98609	32	113738	3934	2972	2391	581	28	369	4.3833
human	PR10XNK5cell72	265189	182365	7	73798	9019	2055	1732	323	22	184	3.8166
human	PR10XNK5cell73	1864731	447657	19664	124562	1272848	40822	2818	38004	21	4357	6.6000
human	PR10XNK5cell74	950576	261804	7343	47976	633453	23702	1393	22309	21	3598	4.9166
human	PR10XNK5cell75	124009	85932	155	27248	10674	4083	877	3206	17	1526	3.5333
human	PR10XNK5cell76	91032	71276	155	17192	2409	1500	563	937	18	586	3.4500
human	PR10XNK5cell77	83071	44013	86	36109	2863	1708	1120	588	28	395	3.4000
human	PR10XNK5cell78	225058	132837	9	87932	4280	2519	1993	526	23	361	3.7333
human	PR10XNK5cell79	152449	64764	121	83900	3664	2265	1966	299	22	193	3.5500
human	PR10XNK5cell80	108621	67656	21	39614	1330	1241	1082	159	23	123	3.4333
human	PR10XNK5cell81	434091	142443	5866	54478	231304	25092	3338	21754	22	3119	4.0666
human	PR10XNK5cell82	108940	44190	1409	8350	54991	12062	1139	10923	19	2654	3.4500
human	PR10XNK5cell83	98513	65242	751	9527	22993	5238	945	4293	18	1469	3.4166
human	PR10XNK5cell84	51460	39890	214	3991	7365	1954	469	1485	13	705	3.3333
human	PR10XNK5cell85	95927	19914	51	59784	16178	5090	3575	1515	20	428	3.4500
human	PR10XNK5cell86	167418	91990	9	73573	1846	4203	3764	439	24	280	3.6833
human	PR10XNK5cell87	71462	35833	4	34552	1073	2607	2260	347	20	199	3.4000
human	PR10XNK5cell88	98524	61406	9	35675	1434	2535	2323	212	18	130	3.4000
human	PR10XNK5cell89	273563	93472	2383	35672	142036	11877	1341	10536	19	2801	3.7666
human	PR10XNK5cell90	409822	153968	4088	17832	233934	14523	895	13628	21	3106	3.9500
human	PR10XNK5cell91	106065	59617	438	10188	35822	4132	625	3507	21	1481	3.4666
human	PR10XNK5cell92	34989	31115	39	1446	2389	1007	211	796	13	507	3.3000
human	PR10XNK5cell93	75008	23913	50	36705	14340	2296	1305	991	19	427	3.5000
human	PR10XNK5cell94	89511	66404	11	21946	1150	1212	912	300	21	234	3.5000
human	PR10XNK5cell95	127301	42147	1155	42236	41763	3212	1309	1903	19	531	3.4666
human	PR10XNK5cell96	55896	44487	8	11004	397	782	656	126	19	108	3.3500
human	PR10XNK6cell1	3435440	963186	38717	130029	2303508	52966	2508	50458	19	4808	9.5833
human	PR10XNK6cell2	781554	227968	5582	88595	459409	15552	1750	13802	22	2849	4.6500
human	PR10XNK6cell3	797412	400637	6264	60214	330297	10695	1168	9527	21	2253	4.8000
human	PR10XNK6cell4	116550	85111	130	7416	23893	1885	460	1425	19	672	3.5166
human	PR10XNK6cell5	130197	30250	154	89158	10635	2316	1869	447	21	266	3.4833
human	PR10XNK6cell6	255422	95599	1355	62598	95870	4059	1473	2586	24	819	5.7666
human	PR10XNK6cell7	155346	96547	34	56789	1976	1664	1456	208	21	156	3.5333
human	PR10XNK6cell8	133206	80580	2	50813	1811	1343	1188	155	26	127	3.5333
human	PR10XNK6cell9	3100764	995508	49618	117782	1937856	53829	2430	51399	23	5000	8.9500
human	PR10XNK6cell10	814486	280025	7170	35374	491917	19832	1177	18655	22	3377	4.8333
human	PR10XNK6cell11	213501	102438	2456	11603	97004	6649	623	6026	19	2095	3.6166
human	PR10XNK6cell12	67075	46648	1245	3357	15825	1095	308	787	14	447	3.3666
human	PR10XNK6cell13	137335	94320	5	41910	1100	1438	1249	189	20	158	3.5833
human	PR10XNK6cell14	234205	168437	18	61708	4042	2015	1603	412	18	268	3.7166
human	PR10XNK6cell15	190239	58699	3182	58442	69916	3199	1554	1645	25	363	3.5666
human	PR10XNK6cell16	91290	58036	4	32623	627	1126	1003	123	26	110	3.5000
human	PR10XNK6cell17	2223163	514198	26431	87581	1594953	46172	2104	44068	26	5100	7.3333
human	PR10XNK6cell18	1495006	561620	31879	61817	839690	26938	1632	25306	24	4092	6.0000
human	PR10XNK6cell19	1234181	460251	12935	46012	714983	20457	1189	19268	20	3329	5.5166
human	PR10XNK6cell20	147286	118580	41	24974	3691	1539	828	711	23	464	3.5500
human	PR10XNK6cell21	141792	62094	6	78927	765	2094	1846	248	23	211	3.5000
human	PR10XNK6cell22	224390	125467	621	90155	8147	2965	2080	885	23	516	3.6666
human	PR10XNK6cell23	143246	70729	19	69700	2798	2095	1790	305	19	216	3.5333
human	PR10XNK6cell24	121774	67071	0	53531	1172	1621	1485	136	27	118	3.4666
human	PR10XNK6cell25	2549821	823212	31419	106561	1588629	48036	2448	45588	22	5009	7.8666
human	PR10XNK6cell26	1548795	387698	12210	79985	1068902	29649	1764	27885	18	3824	7.0166
human	PR10XNK6cell27	205347	105133	1312	17431	81471	5641	777	4864	18	1725	4.3833
human	PR10XNK6cell28	175109	144401	14	27931	2763	1266	771	495	17	363	3.5833
human	PR10XNK6cell29	115726	63371	13	47971	4371	1697	1385	312	20	210	3.4666
human	PR10XNK6cell30	1002697	437289	8855	73051	483502	13367	1806	11561	23	1891	5.1000
human	PR10XNK6cell31	221696	116562	17	101653	3464	2553	2304	249	21	187	3.6666
human	PR10XNK6cell32	117006	33849	1	82224	932	1889	1791	98	23	83	3.5166
human	PR10XNK6cell33	1804445	518492	25226	74709	1186018	47018	2165	44853	24	4680	6.5500
human	PR10XNK6cell34	783512	251464	16601	54502	460945	20376	1742	18634	21	2905	6.1500
human	PR10XNK6cell35	112649	87071	46	14001	11531	2576	781	1795	21	969	3.5166
human	PR10XNK6cell36	131039	115257	20	13667	2095	1361	687	674	18	439	3.5166
human	PR10XNK6cell37	103671	61946	32	35872	5821	1806	1399	407	22	223	3.4500
human	PR10XNK6cell38	380453	314834	103	55331	10185	2669	1976	693	24	366	4.0000
human	PR10XNK6cell39	295864	160246	128	126674	8816	3742	3316	426	18	187	3.7833
human	PR10XNK6cell40	108100	50177	2	57221	700	1840	1737	103	25	88	3.4833
human	PR10XNK6cell41	2256782	619707	26793	108131	1502151	105391	5999	99392	28	5003	7.8666
human	PR10XNK6cell42	1710233	355821	30938	123005	1200469	89339	6894	82445	20	3991	6.9000
human	PR10XNK6cell43	716779	196541	7550	66749	445939	33240	3782	29458	25	2565	4.7833
human	PR10XNK6cell44	417460	217253	4375	33325	162507	11244	2014	9230	21	1092	4.0666
human	PR10XNK6cell45	199499	76408	32	106828	16231	7352	5834	1518	25	352	3.7000
human	PR10XNK6cell46	238542	147371	17	87937	3217	5779	4885	894	25	522	3.8833
human	PR10XNK6cell47	253320	126268	16	125683	1353	6302	5946	356	22	229	3.8500
human	PR10XNK6cell48	141134	68461	51	71785	837	4332	4134	198	27	138	3.5500
human	PR10XNK6cell49	1710502	395906	23449	98428	1192719	45754	2820	42934	23	4122	6.4333
human	PR10XNK6cell50	428642	147601	3565	78783	198693	13674	2565	11109	23	2357	4.0833
human	PR10XNK6cell51	178037	122460	52	45646	9879	2930	1401	1529	20	826	3.6166
human	PR10XNK6cell52	266066	218651	27	44241	3147	1746	1310	436	18	300	3.7666
human	PR10XNK6cell53	204297	85577	11	115143	3566	3604	3279	325	22	198	3.6666
human	PR10XNK6cell54	314416	240551	34	68412	5419	2864	2240	624	21	386	3.8666
human	PR10XNK6cell55	302457	132124	10	163003	7320	4187	3870	317	23	141	3.8833
human	PR10XNK6cell56	145050	69908	2	74545	595	2540	2411	129	23	114	3.5833
human	PR10XNK6cell57	2259484	656020	30933	129247	1443284	113372	6642	106730	26	5231	7.9666
human	PR10XNK6cell58	1443933	389890	19573	149860	884610	71230	8176	63054	22	3603	6.5166
human	PR10XNK6cell59	179382	112917	82	58810	7573	6883	3816	3067	22	1298	3.6666
human	PR10XNK6cell60	696376	646753	102	26866	22655	3655	1858	1797	20	568	4.6833
human	PR10XNK6cell61	215282	115774	17	95649	3842	6365	5798	567	26	255	3.8166
human	PR10XNK6cell62	294563	174390	28	115177	4968	7116	6178	938	23	480	4.0500
human	PR10XNK6cell63	265573	113390	19	151318	846	7652	7344	308	22	213	3.9833
human	PR10XNK6cell64	77247	46446	5	29719	1077	2675	2471	204	23	141	3.4333
human	PR10XNK6cell65	2890691	740340	33802	121946	1994603	65790	3295	62495	29	5299	8.6333
human	PR10XNK6cell66	2345614	710302	25746	109915	1499651	48181	2998	45183	23	4311	7.5500
human	PR10XNK6cell67	358181	165659	3476	30302	158744	8508	1130	7378	26	1948	3.9000
human	PR10XNK6cell68	264374	217145	597	41633	4999	2123	1185	938	21	598	3.8500
human	PR10XNK6cell69	226641	99366	54	122570	4651	3504	3091	413	24	280	3.7000
human	PR10XNK6cell70	282974	164328	30	116526	2090	3611	2862	749	26	471	3.8500
human	PR10XNK6cell71	300017	133402	75	160843	5697	4199	3855	344	23	222	3.8166
human	PR10XNK6cell72	822342	808312	225	1484	12321	1377	595	782	25	550	4.9166
human	PR10XNK6cell73	2083600	636041	18800	92456	1336303	48984	2648	46336	22	4419	9.3666
human	PR10XNK6cell74	1509163	551090	19411	90559	848103	31663	2340	29323	22	3300	6.0000
human	PR10XNK6cell75	185274	87516	1403	20673	75682	5210	893	4317	19	1401	3.6000
human	PR10XNK6cell76	162667	148920	23	11724	2000	963	568	395	20	285	3.5833
human	PR10XNK6cell77	127397	50180	1866	34054	41297	3019	1293	1726	22	473	3.5666
human	PR10XNK6cell78	262075	181355	19	74558	6143	2702	2104	598	23	367	3.7833
human	PR10XNK6cell79	154625	79940	15	69688	4982	2421	2134	287	24	163	3.5666
human	PR10XNK6cell80	147187	66112	1	80318	756	2358	2257	101	26	68	3.4333
human	PR10XNK6cell81	438432	124623	5522	89385	218902	28594	5303	23291	21	3099	4.1833
human	PR10XNK6cell82	394940	115657	4515	33223	241545	28275	2995	25280	18	2531	4.0000
human	PR10XNK6cell83	74226	46618	22	25282	2304	3085	2000	1085	22	602	3.4000
human	PR10XNK6cell84	74802	57439	119	2827	14417	2116	513	1603	20	461	3.4833
human	PR10XNK6cell85	85573	47924	12	36767	870	3492	3162	330	18	206	3.4500
human	PR10XNK6cell86	173592	110944	478	57454	4716	4792	4090	702	25	298	3.6666
human	PR10XNK6cell87	66171	42462	6	22565	1138	2294	2113	181	19	102	3.3833
human	PR10XNK6cell88	162717	50529	15	98432	13741	6522	5676	846	24	99	3.6833
human	PR10XNK6cell89	666465	237290	5319	32127	391729	22950	1497	21453	25	3495	4.5000
human	PR10XNK6cell90	37100	17047	145	11994	7914	3658	786	2872	19	1357	3.3000
human	PR10XNK6cell91	50660	40682	148	6291	3539	1490	518	972	17	616	3.4500
human	PR10XNK6cell92	74340	65960	211	6066	2103	728	393	335	17	230	3.4833
human	PR10XNK6cell93	111542	69601	425	16440	25076	2372	942	1430	20	529	3.4500
human	PR10XNK6cell94	133241	103176	69	27289	2707	1612	1239	373	23	241	3.5000
human	PR10XNK6cell95	83060	52144	11	30011	894	1393	1264	129	17	95	3.4666
human	PR10XNK6cell96	69410	23522	1	45425	462	1699	1621	78	24	57	3.4333
human	PR10XNK7cell1	3081421	852406	62544	110597	2055874	44257	1887	42370	19	4836	8.7000
human	PR10XNK7cell2	1122571	198140	18202	114196	792033	21316	1783	19533	23	3673	5.1666
human	PR10XNK7cell3	1804568	725708	22163	74429	982268	22025	1305	20720	23	3447	6.5500
human	PR10XNK7cell4	517926	248406	4381	15152	249987	9319	494	8825	21	2558	4.2000
human	PR10XNK7cell5	611589	211395	6403	48423	345368	11686	1153	10533	21	2550	4.4166
human	PR10XNK7cell6	201419	79112	128	99244	22935	4059	2332	1727	26	897	3.6166
human	PR10XNK7cell7	393743	144579	2256	110094	136814	6734	1736	4998	21	1841	4.0000
human	PR10XNK7cell8	182861	65680	19	114661	2501	1937	1627	310	22	237	3.5833
human	PR10XNK7cell9	2414887	873813	37881	79502	1423691	37537	1540	35997	22	4699	7.7000
human	PR10XNK7cell10	871627	345960	11536	57173	456958	16538	1304	15234	19	3302	5.0333
human	PR10XNK7cell11	925168	309578	10572	34839	570179	17025	841	16184	23	3314	5.0333
human	PR10XNK7cell12	476022	231688	4981	6637	232716	9191	291	8900	16	2500	4.2500
human	PR10XNK7cell13	82996	39370	50	40482	3094	2722	935	1787	20	950	3.3833
human	PR10XNK7cell14	169080	105632	611	23246	39591	3555	1125	2430	25	1111	3.7833
human	PR10XNK7cell15	216899	53557	2309	87937	73096	4255	1527	2728	22	1081	4.3166
human	PR10XNK7cell16	54808	33214	8	18089	3497	968	642	326	21	246	3.3166
human	PR10XNK7cell17	2268315	664996	40338	145585	1417396	40357	2504	37853	25	5124	7.6333
human	PR10XNK7cell18	994764	394668	9732	75689	514675	21183	1562	19621	23	4187	5.1166
human	PR10XNK7cell19	369880	165032	1889	20732	182227	10780	915	9865	24	2972	3.9666
human	PR10XNK7cell20	87867	61303	341	3648	22575	6060	495	5565	20	2184	3.3833
human	PR10XNK7cell21	193888	53199	1700	37539	101450	7545	1121	6424	26	2148	3.6000
human	PR10XNK7cell22	201531	117593	917	25042	57979	6416	2261	4155	30	1752	3.6166
human	PR10XNK7cell23	171049	80612	490	55320	34627	6061	1387	4674	20	2024	3.5833
human	PR10XNK7cell24	116576	75581	10	38655	2330	1531	1115	416	21	316	3.4833
human	PR10XNK7cell25	2435559	787945	42566	111196	1493852	41732	2132	39600	24	5054	9.3833
human	PR10XNK7cell26	1150575	325764	15966	59365	749480	24258	1428	22830	25	4110	5.3666
human	PR10XNK7cell27	459734	237127	4393	28334	189880	10623	888	9735	21	2802	4.0833
human	PR10XNK7cell28	98499	68857	494	9675	19473	4135	471	3664	21	1609	3.4333
human	PR10XNK7cell29	1008733	290141	15147	67101	636344	17932	1414	16518	26	3166	5.0000
human	PR10XNK7cell30	451145	278222	3770	25064	144089	8357	1608	6749	25	2297	4.2833
human	PR10XNK7cell31	1454630	165004	24679	111183	1153764	23748	1820	21928	24	3366	5.7166
human	PR10XNK7cell32	80785	53185	20	24328	3252	1330	875	455	18	333	3.3833
human	PR10XNK7cell33	2054453	532650	21625	102806	1397372	49350	2499	46851	25	5016	6.9500
human	PR10XNK7cell34	2088005	712686	22922	125797	1226600	40320	2795	37525	22	4100	7.0833
human	PR10XNK7cell35	1563310	685065	12117	78221	787907	25554	1843	23711	21	3384	6.2000
human	PR10XNK7cell36	146172	94815	238	4487	46632	5127	400	4727	15	1820	3.5333
human	PR10XNK7cell37	706591	213550	8476	51794	432771	17295	1624	15671	22	2653	4.5666
human	PR10XNK7cell38	150365	110778	176	19516	19895	4166	1639	2527	25	1219	3.5333
human	PR10XNK7cell39	497156	431145	89	54272	11650	4084	1553	2531	22	1288	4.2833
human	PR10XNK7cell40	89316	63917	87	18464	6848	1417	846	571	19	352	3.4000
human	PR10XNK7cell41	2212245	643056	35867	80525	1452797	93141	4077	89064	20	5368	8.0333
human	PR10XNK7cell42	2109756	731164	19900	107765	1250927	79931	5351	74580	25	4661	7.4666
human	PR10XNK7cell43	284534	166388	2228	30855	85063	12893	2199	10694	23	2617	3.7666
human	PR10XNK7cell44	613306	288334	3149	30299	291524	20460	1814	18646	25	2780	4.4333
human	PR10XNK7cell45	2655499	704151	62332	89199	1799817	92077	4800	87277	24	3758	8.4833
human	PR10XNK7cell46	1107489	192386	671	870211	44221	52383	46604	5779	49	1871	13.0500
human	PR10XNK7cell47	3375459	1043705	47685	78350	2205719	106057	4005	102052	23	4758	9.7666
human	PR10XNK7cell48	243737	73454	2011	35142	133130	10387	2177	8210	26	1275	3.7000
human	PR10XNK7cell49	2765771	705542	53428	102658	1904143	57866	2547	55319	22	4828	8.2500
human	PR10XNK7cell50	3719175	2022115	24866	90640	1581554	46686	2290	44396	20	4576	10.2833
human	PR10XNK7cell51	288500	107302	9338	54874	116986	7565	1440	6125	20	1726	3.7833
human	PR10XNK7cell52	782157	420054	4573	29461	328069	11644	809	10835	20	2270	4.7500
human	PR10XNK7cell53	1704969	360209	18321	72547	1253892	31741	1891	29850	22	3051	6.3000
human	PR10XNK7cell54	799628	738949	78	43510	17091	3847	1912	1935	22	1060	4.8833
human	PR10XNK7cell55	212438	112615	435	78709	20679	4548	1911	2637	23	1273	3.6500
human	PR10XNK7cell56	78934	57190	33	19035	2676	1244	850	394	21	244	3.4166
human	PR10XNK7cell57	1190290	319460	19809	74357	776664	67912	4192	63720	21	4896	5.6000
human	PR10XNK7cell58	1908100	739828	24229	75185	1068858	81412	4820	76592	24	4533	7.1666
human	PR10XNK7cell59	1265529	498562	10158	57283	699526	46800	2988	43812	21	3500	5.7666
human	PR10XNK7cell60	536121	243373	5262	21711	265775	21828	1469	20359	20	2808	4.3666
human	PR10XNK7cell61	260033	154632	264	84376	20761	10439	4681	5758	27	1901	3.7500
human	PR10XNK7cell62	380580	178817	2555	30412	168796	17455	3907	13548	32	2223	4.0000
human	PR10XNK7cell63	194761	81871	542	94389	17959	9952	4477	5475	22	2089	3.8000
human	PR10XNK7cell64	97045	40048	195	41803	14999	4071	2680	1391	26	421	3.5000
human	PR10XNK7cell65	2745290	878849	43314	142553	1680574	53964	2933	51031	25	5379	8.4166
human	PR10XNK7cell66	3887629	1631850	37490	124341	2093948	56505	2722	53783	27	5307	10.6166
human	PR10XNK7cell67	457737	196145	3161	79798	178633	11482	1788	9694	20	2682	4.1333
human	PR10XNK7cell68	391724	234136	1800	20196	135592	9957	770	9187	23	2775	4.0333
human	PR10XNK7cell69	209523	56682	253	140989	11599	7373	2633	4740	21	1957	3.6500
human	PR10XNK7cell70	668081	470712	99	188771	8499	7301	4647	2654	30	1402	4.6166
human	PR10XNK7cell71	255156	150099	719	53268	51070	6783	1636	5147	23	2169	3.8500
human	PR10XNK7cell72	120950	62899	184	50228	7639	2021	1362	659	23	401	3.6500
human	PR10XNK7cell73	2813940	1209710	37928	102080	1464222	45859	2703	43156	21	4909	8.6166
human	PR10XNK7cell74	1043128	201984	10280	160404	670460	23875	3079	20796	23	3257	5.1833
human	PR10XNK7cell75	1113029	356865	13661	39274	703229	22315	1087	21228	21	3287	5.3333
human	PR10XNK7cell76	549855	219613	2323	27602	300317	11119	721	10398	21	2259	4.2666
human	PR10XNK7cell77	48702	22767	91	19825	6019	3151	853	2298	20	1106	3.4000
human	PR10XNK7cell78	2183579	587497	28302	200680	1367100	37672	4488	33184	30	3653	7.2500
human	PR10XNK7cell79	172155	72654	1549	44044	53908	4751	1315	3436	23	1396	3.7500
human	PR10XNK7cell80	176475	72640	714	63959	39162	2641	1332	1309	19	489	3.6500
human	PR10XNK7cell81	1137278	551126	6171	43862	536119	44327	3117	41210	22	3931	5.6500
human	PR10XNK7cell82	1123350	264489	18704	47646	792511	63504	3324	60180	23	3862	5.3166
human	PR10XNK7cell83	201943	116197	620	14507	70619	9681	1322	8359	18	1935	3.6166
human	PR10XNK7cell84	155933	120311	80	29533	6009	4005	1561	2444	20	1138	3.5500
human	PR10XNK7cell85	143585	31617	6740	38581	66647	9185	2777	6408	23	1260	3.5500
human	PR10XNK7cell86	437325	94983	6625	80364	255353	19428	4549	14879	23	1479	4.1833
human	PR10XNK7cell87	778247	710390	287	58413	9157	5301	3095	2206	19	1072	4.8666
human	PR10XNK7cell88	120887	62941	560	32517	24869	4148	2163	1985	20	458	3.5166
human	PR10XNK7cell89	1025617	258349	10708	93794	662766	28428	2327	26101	22	3744	5.0833
human	PR10XNK7cell90	139398	34666	492	43582	60658	7350	1507	5843	21	2043	3.5000
human	PR10XNK7cell91	166164	88485	1569	5203	70907	7801	454	7347	17	2485	3.5500
human	PR10XNK7cell92	220356	100950	1090	11783	106533	5958	510	5448	20	1706	3.6833
human	PR10XNK7cell93	161517	155423	74	601	5419	3757	367	3390	18	1346	3.7500
human	PR10XNK7cell94	295218	281781	95	1266	12076	8329	800	7529	18	1471	3.8166
human	PR10XNK7cell95	143470	109590	498	1068	32314	20746	630	20116	17	1804	3.5833
human	PR10XNK7cell96	96038	53711	7	41283	1037	1361	1172	189	21	157	3.5333
human	PR10XNK8cell1	1942168	713784	19956	109137	1099291	21819	1711	20108	21	3168	6.8500
human	PR10XNK8cell2	915570	353957	15517	71055	475041	12453	1305	11148	22	2512	4.8833
human	PR10XNK8cell3	292730	143258	2856	24893	121723	6261	837	5424	24	1907	3.8500
human	PR10XNK8cell4	178217	122303	148	30432	25334	1917	700	1217	18	661	3.5833
human	PR10XNK8cell5	752195	612334	251	123252	16358	3052	2012	1040	26	619	4.7666
human	PR10XNK8cell6	314001	148648	1108	126215	38030	4406	2026	2380	22	1110	3.8833
human	PR10XNK8cell7	324882	158120	27	161201	5534	2761	2448	313	23	207	3.9000
human	PR10XNK8cell8	165292	80633	40	80842	3777	2463	1390	1073	22	696	3.6166
human	PR10XNK8cell9	126184	71870	728	13949	39637	3961	620	3341	18	1465	3.5166
human	PR10XNK8cell10	913753	308526	9315	96550	499362	13273	1720	11553	22	2161	5.0666
human	PR10XNK8cell11	1397584	445750	13637	72585	865612	19246	1336	17910	21	2530	5.8666
human	PR10XNK8cell12	387242	246299	1905	35886	103152	3167	735	2432	14	807	4.1166
human	PR10XNK8cell13	2562553	596371	31818	149864	1784500	30628	2501	28127	28	2452	8.0500
human	PR10XNK8cell14	304914	132669	782	147719	23744	4103	2451	1652	21	840	3.8166
human	PR10XNK8cell15	290104	161068	5	117414	11617	2326	1946	380	17	199	3.9000
human	PR10XNK8cell16	147533	81993	153	59472	5915	1910	1214	696	21	459	3.5833
human	PR10XNK8cell17	554234	251780	8766	33965	259723	11396	1121	10275	22	2865	4.4166
human	PR10XNK8cell18	1407350	366837	12612	169672	858229	16945	2503	14442	27	2152	5.8000
human	PR10XNK8cell19	196861	98377	69	91120	7295	3676	1636	2040	26	1059	3.6166
human	PR10XNK8cell20	283471	176963	935	36178	69395	3175	949	2226	22	975	3.7833
human	PR10XNK8cell21	232393	108892	1007	86645	35849	3780	1819	1961	27	897	3.7666
human	PR10XNK8cell22	1601647	249524	50741	130951	1170431	24097	2382	21715	24	2953	6.1000
human	PR10XNK8cell23	250200	112225	4	136111	1860	2723	2380	343	22	260	3.7500
human	PR10XNK8cell24	3440811	784476	63442	157279	2435614	37026	2587	34439	28	2957	9.1833
human	PR10XNK8cell25	293427	132570	2850	17204	140803	7382	726	6656	19	2205	3.7833
human	PR10XNK8cell26	813818	505475	6847	149749	151747	6477	2458	4019	22	1189	5.0333
human	PR10XNK8cell27	211116	87965	62	119278	3811	3494	2037	1457	22	822	3.7166
human	PR10XNK8cell28	523271	246860	6573	43532	226306	6166	934	5232	17	1413	4.2166
human	PR10XNK8cell29	266899	61612	290	153119	51878	4404	2538	1866	27	779	3.8000
human	PR10XNK8cell30	327611	166556	122	148493	12440	5284	2591	2693	22	1358	3.8833
human	PR10XNK8cell31	288779	135288	3	148883	4605	2672	2358	314	24	226	3.8166
human	PR10XNK8cell32	170354	50543	142	114288	5381	3107	2063	1044	23	631	3.6000
human	PR10XNK8cell33	286738	127596	1005	62578	95559	6266	1634	4632	20	1428	3.8333
human	PR10XNK8cell34	275967	66751	347	116088	92781	6210	2724	3486	23	984	3.8000
human	PR10XNK8cell35	1862637	698258	16882	76705	1070792	27858	1946	25912	19	2786	6.6666
human	PR10XNK8cell36	208921	133376	43	67845	7657	2558	1585	973	17	613	3.6333
human	PR10XNK8cell37	160635	24006	34	134182	2413	3880	3095	785	27	496	3.6333
human	PR10XNK8cell38	254362	103804	152	146372	4034	5260	3338	1922	25	1057	3.9833
human	PR10XNK8cell39	280653	107477	370	106408	66398	4515	2541	1974	19	472	3.7833
human	PR10XNK8cell40	131347	60552	58	63215	7522	2894	1773	1121	22	650	3.5000
human	PR10XNK8cell41	320828	107050	2258	94240	117280	14145	4409	9736	21	1847	3.9166
human	PR10XNK8cell42	421489	62614	4104	147549	207222	20707	6861	13846	23	1545	4.2333
human	PR10XNK8cell43	217293	139125	136	46186	31846	6675	2735	3940	22	1288	3.7833
human	PR10XNK8cell44	154214	115816	356	22877	15165	3834	1620	2214	21	894	3.6166
human	PR10XNK8cell45	809677	652939	41	145702	10995	8945	7000	1945	31	838	5.0166
human	PR10XNK8cell46	587908	472204	1199	92614	21891	8714	4566	4148	23	1627	4.5166
human	PR10XNK8cell47	207645	93106	12	113112	1415	5726	5334	392	24	237	3.7500
human	PR10XNK8cell48	257282	160226	2175	27552	67329	7770	2116	5654	28	1346	3.7166
human	PR10XNK8cell49	743370	193117	20774	73355	456124	15805	1857	13948	18	2023	4.6000
human	PR10XNK8cell50	469713	100954	2849	152401	213509	10171	3282	6889	22	1180	4.1833
human	PR10XNK8cell51	309240	141508	1330	134627	31775	4299	2579	1720	20	698	3.9000
human	PR10XNK8cell52	305494	223959	52	76075	5408	2299	1568	731	17	470	3.9000
human	PR10XNK8cell53	889442	655255	13	221998	12176	5397	4438	959	22	555	5.0833
human	PR10XNK8cell54	310393	124579	91	169288	16435	5438	3659	1779	27	936	3.9000
human	PR10XNK8cell55	251827	66745	134	151618	33330	4219	3343	876	24	209	3.7333
human	PR10XNK8cell56	257728	175111	49	76218	6350	3148	2092	1056	23	622	3.8833
human	PR10XNK8cell57	179961	98291	1577	19874	60219	9872	1889	7983	25	1869	3.5833
human	PR10XNK8cell58	191783	54274	1768	68653	67088	11160	4119	7041	24	1407	3.6166
human	PR10XNK8cell59	816517	468961	1381	78591	267584	21335	4357	16978	22	1813	4.9500
human	PR10XNK8cell60	736949	681450	95	44554	10850	5186	2740	2446	19	1127	4.8000
human	PR10XNK8cell61	197315	70726	45	119746	6798	8173	6379	1794	28	814	3.7500
human	PR10XNK8cell62	4381158	1085410	62961	172500	3060287	154367	7661	146706	23	3908	11.9000
human	PR10XNK8cell63	463941	190213	126	223390	50212	12153	8931	3222	24	522	4.4166
human	PR10XNK8cell64	183986	90756	409	71442	21379	6873	4297	2576	27	960	3.6333
human	PR10XNK8cell65	742261	195808	11106	104806	430541	15622	2261	13361	21	2592	4.7500
human	PR10XNK8cell66	205183	58431	1243	57168	88341	6425	1687	4738	24	1618	3.6666
human	PR10XNK8cell67	767692	641094	100	114694	11804	4907	2372	2535	22	1271	4.7666
human	PR10XNK8cell68	1013329	930593	77	65599	17060	3127	1492	1635	21	969	5.5333
human	PR10XNK8cell69	257391	99127	107	144254	13903	4777	3102	1675	30	880	3.8333
human	PR10XNK8cell70	307868	130348	277	161175	16068	6920	3400	3520	26	1622	3.8666
human	PR10XNK8cell71	238450	114994	101	111764	11591	3229	2585	644	24	353	3.7500
human	PR10XNK8cell72	296782	81271	1517	99020	114974	7028	2355	4673	28	1401	3.8166
human	PR10XNK8cell73	167746	87953	1595	55145	23053	3468	1451	2017	23	950	3.6666
human	PR10XNK8cell74	214484	36244	596	102432	75212	5231	2273	2958	19	893	3.7000
human	PR10XNK8cell75	141608	45003	84	87554	8967	3569	2051	1518	25	737	3.5666
human	PR10XNK8cell76	334760	269565	7	59494	5694	1902	1233	669	18	435	3.9500
human	PR10XNK8cell77	213697	73487	58	134211	5941	4259	2952	1307	23	716	3.7000
human	PR10XNK8cell78	272493	153229	805	95319	23140	4416	2375	2041	21	1020	3.8000
human	PR10XNK8cell79	420395	136026	1541	151242	131586	6230	2987	3243	23	706	4.0666
human	PR10XNK8cell80	145963	72900	81	68541	4441	2521	1678	843	22	531	3.5500
human	PR10XNK8cell81	233297	97541	1944	32389	101423	11050	2384	8666	20	1353	3.7000
human	PR10XNK8cell82	65119	29622	69	21426	14002	3958	1979	1979	20	683	3.4833
human	PR10XNK8cell83	242489	128494	669	66930	46396	7389	3594	3795	19	828	3.7666
human	PR10XNK8cell84	622105	197245	11860	64479	348521	21113	2828	18285	21	1445	4.4500
human	PR10XNK8cell85	221515	55614	486	129107	36308	9572	7041	2531	23	555	4.0166
human	PR10XNK8cell86	258111	122912	1743	113345	20111	8462	5832	2630	24	969	3.8333
human	PR10XNK8cell87	230923	104529	12	120742	5640	5482	4891	591	23	207	3.9500
human	PR10XNK8cell88	114950	64099	800	24797	25254	4639	1891	2748	24	778	3.6333
human	PR10XNK8cell89	79491	36712	81	40544	2154	2481	1333	1148	20	700	3.4000
human	PR10XNK8cell90	67704	25309	317	21647	20431	2765	1029	1736	19	743	3.4000
human	PR10XNK8cell91	883450	827129	32	39812	16477	2559	1293	1266	22	656	5.0000
human	PR10XNK8cell92	83556	69111	27	6869	7549	1282	504	778	16	459	3.4000
human	PR10XNK8cell93	79832	35543	24	41581	2684	2077	1452	625	26	400	3.4000
human	PR10XNK8cell94	148488	83384	69	60583	4452	3221	1959	1262	20	781	3.5666
human	PR10XNK8cell95	122763	72080	5	42350	8328	1900	1492	408	20	197	3.5500
human	PR10XNK8cell96	89158	49450	22	38052	1634	1926	1256	670	20	451	3.4333
human	PR10XNK9cell1	2856467	773059	44868	125129	1913411	43049	2019	41030	24	4466	8.3833
human	PR10XNK9cell2	2973556	1070070	17915	130993	1754578	38916	2029	36887	27	4162	8.7166
human	PR10XNK9cell3	1845854	451042	25136	65755	1303921	29150	1302	27848	22	3582	6.5000
human	PR10XNK9cell4	2601686	1550420	25350	29280	996636	20916	762	20154	18	3269	8.2333
human	PR10XNK9cell5	297463	125512	3533	9509	158909	8618	669	7949	23	2520	3.8500
human	PR10XNK9cell6	2431306	1055533	19942	94900	1260931	26416	1755	24661	21	3263	7.9333
human	PR10XNK9cell7	172572	74957	241	95041	2333	2275	1710	565	26	373	3.5500
human	PR10XNK9cell8	173024	79032	10	89093	4889	1913	1522	391	23	280	3.5666
human	PR10XNK9cell9	2802131	715423	50702	86644	1949362	45328	1809	43519	23	4333	8.5000
human	PR10XNK9cell10	2309045	693598	34904	94774	1485769	35948	1766	34182	20	3805	7.6666
human	PR10XNK9cell11	1295207	362276	21677	63029	848225	23561	1308	22253	18	3298	5.5000
human	PR10XNK9cell12	255276	150104	297	41789	63086	3392	757	2635	20	1125	3.7833
human	PR10XNK9cell13	935616	339026	6835	70390	519365	12228	1379	10849	18	1904	4.9500
human	PR10XNK9cell14	1208764	236879	23220	119078	829587	22014	2200	19814	20	2933	5.4833
human	PR10XNK9cell15	475030	65796	6745	80714	321775	8262	1657	6605	21	1213	4.1166
human	PR10XNK9cell16	108036	40892	4	66171	969	1525	1300	225	18	185	3.4500
human	PR10XNK9cell17	3516231	887344	59732	93313	2475842	56322	1931	54391	23	5436	9.5500
human	PR10XNK9cell18	2943949	831399	37335	112578	1962637	42361	2061	40300	24	4586	8.4666
human	PR10XNK9cell19	596587	252726	6643	74740	262478	12359	1555	10804	21	2921	4.4000
human	PR10XNK9cell20	1299988	571967	12262	41145	674614	14306	897	13409	18	2662	5.6666
human	PR10XNK9cell21	628532	135478	19002	85857	388195	10417	1611	8806	22	1895	4.3500
human	PR10XNK9cell22	1057059	923130	118	125169	8642	4637	2230	2407	22	1283	5.5000
human	PR10XNK9cell23	216727	123339	38	91728	1622	2371	1861	510	27	370	3.7166
human	PR10XNK9cell24	144381	61152	143	66999	16087	2115	1408	707	21	387	3.5666
human	PR10XNK9cell25	2296853	605342	31835	97783	1561893	38255	2048	36207	21	4181	7.5166
human	PR10XNK9cell26	2766632	869924	46749	118095	1731864	39049	2084	36965	22	4102	8.2500
human	PR10XNK9cell27	4091441	1886198	36078	68481	2100684	41500	1396	40104	22	4133	11.0000
human	PR10XNK9cell28	203102	163901	76	35233	3892	2287	765	1522	19	898	3.6833
human	PR10XNK9cell29	584186	110350	9723	79661	384452	10485	1552	8933	25	1603	4.4000
human	PR10XNK9cell30	342184	139943	3212	49048	149981	7110	1260	5850	26	1798	4.0166
human	PR10XNK9cell31	579422	98975	4775	152610	323062	9456	2658	6798	24	1335	4.3166
human	PR10XNK9cell32	1025970	193142	10229	86928	735671	16595	1755	14840	22	2070	5.0166
human	PR10XNK9cell33	2980218	778124	45938	93766	2062390	60703	2220	58483	24	4401	8.6333
human	PR10XNK9cell34	2175469	518818	37412	94117	1525122	45774	2251	43523	18	3838	7.2333
human	PR10XNK9cell35	1454394	442258	12755	62661	936720	29648	1594	28054	18	3085	5.8666
human	PR10XNK9cell36	278959	135235	1482	26172	116070	5760	781	4979	20	1488	3.7666
human	PR10XNK9cell37	220139	71091	2225	110544	36279	4715	2625	2090	22	763	3.7166
human	PR10XNK9cell38	191257	71904	72	114146	5135	4247	2673	1574	20	880	3.6333
human	PR10XNK9cell39	240473	84839	66	138373	17195	3960	3202	758	26	323	3.9333
human	PR10XNK9cell40	116719	55814	11	59781	1113	1980	1659	321	20	236	3.4666
human	PR10XNK9cell41	2468086	531776	45433	110934	1779943	113557	4839	108718	23	4897	8.1000
human	PR10XNK9cell42	1489602	364870	21463	27725	1075544	71214	2059	69155	21	4062	6.1333
human	PR10XNK9cell43	812530	251528	11132	44432	505438	36755	2569	34186	20	3226	4.8833
human	PR10XNK9cell44	338083	154158	2204	32748	148973	13562	2041	11521	19	2063	3.9500
human	PR10XNK9cell45	143420	49112	116	84822	9370	7091	4792	2299	22	1014	3.5833
human	PR10XNK9cell46	238097	125116	115	107050	5816	7803	5048	2755	18	1294	3.9833
human	PR10XNK9cell47	143762	65573	25	72474	5690	4830	3951	879	23	434	3.6166
human	PR10XNK9cell48	113797	59621	11	52003	2162	3608	2965	643	21	380	3.4666
human	PR10XNK9cell49	2090250	640067	23899	90757	1335527	48372	2432	45940	21	4428	7.0833
human	PR10XNK9cell50	2349909	732487	16713	101530	1499179	45376	2501	42875	18	3610	7.4333
human	PR10XNK9cell51	2439976	786386	43544	101349	1508697	45070	2281	42789	18	3722	7.6166
human	PR10XNK9cell52	211595	132577	1643	25499	51876	3962	797	3165	17	1161	3.6500
human	PR10XNK9cell53	229620	60243	1186	114163	54028	5409	2752	2657	17	872	3.6666
human	PR10XNK9cell54	266816	121012	1111	86221	58472	5357	2325	3032	22	976	3.7833
human	PR10XNK9cell55	252607	81127	482	158641	12357	4075	3417	658	20	303	3.8000
human	PR10XNK9cell56	276536	71827	521	151245	52943	5510	3362	2148	24	637	3.8333
human	PR10XNK9cell57	2406935	443297	39858	81001	1842779	125497	4711	120786	23	4930	8.2166
human	PR10XNK9cell58	2139666	599202	28008	96512	1415944	107218	5337	101881	22	4512	7.7333
human	PR10XNK9cell59	1068962	352430	18320	72192	626020	48091	3965	44126	21	3488	5.3500
human	PR10XNK9cell60	206270	127896	1132	39656	37586	7606	2260	5346	20	1568	3.7000
human	PR10XNK9cell61	542167	177516	6776	70981	286894	24963	4249	20714	22	1829	4.3666
human	PR10XNK9cell62	615111	210096	7553	45036	352426	28883	2956	25927	24	2582	4.4500
human	PR10XNK9cell63	200923	57015	356	102814	40738	8379	5448	2931	21	531	3.7333
human	PR10XNK9cell64	111321	60008	31	47350	3932	3870	3113	757	20	393	3.5333
human	PR10XNK9cell65	3297572	688007	44311	111298	2453956	67264	2659	64605	28	5114	9.1833
human	PR10XNK9cell66	3162917	969904	44691	118159	2030163	55032	2734	52298	26	4684	9.2333
human	PR10XNK9cell67	412800	126963	4249	62619	218969	13390	1554	11836	23	2888	4.0500
human	PR10XNK9cell68	143726	85900	556	6200	51070	5783	621	5162	22	1909	3.5333
human	PR10XNK9cell69	225746	75959	1909	130539	17339	5048	2719	2329	23	1091	3.7166
human	PR10XNK9cell70	1589420	261655	35136	138322	1154307	30796	2992	27804	21	2956	6.1000
human	PR10XNK9cell71	194974	75921	1206	100418	17429	3405	2455	950	23	493	3.7500
human	PR10XNK9cell72	144925	48972	15	94409	1529	2846	2263	583	20	414	3.5500
human	PR10XNK9cell73	606412	196113	2625	67528	340146	18440	1784	16656	20	3384	4.3833
human	PR10XNK9cell74	2526555	1394761	29385	62578	1039831	34379	1690	32689	20	4042	8.4166
human	PR10XNK9cell75	187856	91311	1692	28822	66031	7137	1001	6136	17	2042	3.5833
human	PR10XNK9cell76	283737	126638	2884	24785	129430	6129	749	5380	16	1516	3.8000
human	PR10XNK9cell77	261108	99610	1856	63461	96181	5673	1651	4022	17	1098	3.8166
human	PR10XNK9cell78	638135	562360	112	68115	7548	3570	1848	1722	20	967	4.4666
human	PR10XNK9cell79	185359	85180	977	86246	12956	3094	2292	802	22	400	3.7500
human	PR10XNK9cell80	114028	52117	7	60178	1726	1890	1553	337	18	254	3.4666
human	PR10XNK9cell81	1091708	524525	10527	36838	519818	46401	2749	43652	22	3675	5.4666
human	PR10XNK9cell82	160322	51903	1448	16449	90522	15405	1723	13682	21	2616	3.5666
human	PR10XNK9cell83	114755	72589	998	14811	26357	6365	1291	5074	19	1691	3.4500
human	PR10XNK9cell84	119651	97083	47	17023	5498	2608	1093	1515	16	767	3.3500
human	PR10XNK9cell85	1131527	198566	31544	77465	823952	58139	4865	53274	17	2405	5.4333
human	PR10XNK9cell86	211341	80432	13020	89863	28026	7684	4873	2811	22	770	3.7000
human	PR10XNK9cell87	193794	66405	9	126567	813	6351	6067	284	20	199	3.8333
human	PR10XNK9cell88	115544	36983	6	78122	433	4802	4563	239	19	185	3.5666
human	PR10XNK9cell89	155232	54452	1748	28179	70853	8687	1205	7482	22	2385	3.6666
human	PR10XNK9cell90	116385	34190	2115	14499	65581	7774	703	7071	20	2299	3.4666
human	PR10XNK9cell91	175759	57644	2743	11402	103970	8687	667	8020	17	2256	3.5500
human	PR10XNK9cell92	61650	40626	136	4927	15961	2077	332	1745	13	870	3.3500
human	PR10XNK9cell93	147298	21985	381	83087	41845	4464	2281	2183	19	686	3.5333
human	PR10XNK9cell94	92816	72979	84	12074	7679	2070	718	1352	18	781	3.4500
human	PR10XNK9cell95	90218	44565	27	45153	473	1720	1479	241	20	205	3.5333
human	PR10XNK9cell96	48878	31566	9	14103	3200	1076	753	323	19	220	3.3166
human	PR10XNK10cell1	2447385	580824	29003	116622	1720936	38300	1975	36325	20	4150	7.5666
human	PR10XNK10cell2	2460758	789538	27614	83947	1559659	33540	1569	31971	21	3684	7.6333
human	PR10XNK10cell3	2360049	579678	48108	77673	1654590	36519	1448	35071	22	4397	7.5166
human	PR10XNK10cell4	1311887	591866	19207	31385	669429	14757	644	14113	14	2541	5.6500
human	PR10XNK10cell5	4448446	1935153	77278	104685	2331330	43911	1658	42253	22	4066	11.4333
human	PR10XNK10cell6	334638	118791	3018	73696	139133	5148	1473	3675	24	1055	3.9666
human	PR10XNK10cell7	399761	80350	6587	84909	227915	9076	1597	7479	21	2081	4.0333
human	PR10XNK10cell8	109167	44221	165	48091	16690	1632	1056	576	21	295	3.4666
human	PR10XNK10cell9	1890012	452269	24240	113131	1300372	34626	2115	32511	18	4025	6.6166
human	PR10XNK10cell10	2068461	533560	31616	71337	1431948	33457	1416	32041	20	3612	6.9000
human	PR10XNK10cell11	484635	107429	6325	61266	309615	11463	1205	10258	18	2390	4.0833
human	PR10XNK10cell12	78637	52534	360	2859	22884	2561	226	2335	14	1120	3.4333
human	PR10XNK10cell13	496825	163708	5158	33714	294245	12652	903	11749	19	2811	4.1333
human	PR10XNK10cell14	148913	52330	20	88766	7797	2279	1718	561	19	353	3.6666
human	PR10XNK10cell15	4484106	2345050	50434	54874	2033748	44658	1253	43405	18	4513	11.9333
human	PR10XNK10cell16	86522	38099	733	30555	17135	1554	779	775	19	411	3.4166
human	PR10XNK10cell17	1212333	312829	20174	53467	825863	27047	1262	25785	20	4093	5.4333
human	PR10XNK10cell18	1774741	1177213	11373	99708	486447	15249	1697	13552	20	2888	6.6666
human	PR10XNK10cell19	1136973	421763	5731	71229	638250	16948	1300	15648	21	2960	5.3833
human	PR10XNK10cell20	229738	123331	493	22604	83310	4673	614	4059	16	1521	3.7000
human	PR10XNK10cell21	235590	75608	1731	39792	118459	6232	967	5265	21	1819	3.8166
human	PR10XNK10cell22	236780	96825	297	100231	39427	3079	1731	1348	22	604	3.7166
human	PR10XNK10cell23	196753	54411	282	123551	18509	6241	2098	4143	24	1841	3.6166
human	PR10XNK10cell24	286238	203716	27	76142	6353	1900	1449	451	21	303	3.8500
human	PR10XNK10cell25	2715419	691266	33410	96671	1894072	44392	1961	42431	26	4441	8.1000
human	PR10XNK10cell26	2032177	766536	24509	107925	1133207	27393	1984	25409	19	3416	6.9500
human	PR10XNK10cell27	591652	140655	10131	71512	369354	13186	1494	11692	16	2397	4.2666
human	PR10XNK10cell28	1054518	457159	13343	30590	553426	12913	675	12238	16	2431	5.3500
human	PR10XNK10cell29	135118	65282	460	38946	30430	3985	1001	2984	22	1367	3.6500
human	PR10XNK10cell30	241721	74810	382	97160	69369	4217	1800	2417	22	832	3.6833
human	PR10XNK10cell31	170213	62242	1085	82284	24602	6111	1528	4583	24	1939	3.6333
human	PR10XNK10cell32	91403	25739	10	65116	538	1641	1429	212	22	168	3.4333
human	PR10XNK10cell33	2112450	439440	27242	119250	1526518	45523	2737	42786	16	3834	7.0000
human	PR10XNK10cell34	1807676	456414	40946	103491	1206825	36817	2294	34523	19	3377	6.5166
human	PR10XNK10cell35	294902	119290	3169	51878	120565	7772	1394	6378	20	1895	3.8500
human	PR10XNK10cell36	206056	79679	899	26842	98636	5808	838	4970	16	1531	3.6500
human	PR10XNK10cell37	925723	414456	7642	20052	483573	21198	830	20368	23	3166	4.9333
human	PR10XNK10cell38	868954	230867	9282	111080	517725	18711	2748	15963	19	1892	4.8333
human	PR10XNK10cell39	144331	57604	106	82154	4467	4509	2093	2416	17	1269	3.6500
human	PR10XNK10cell40	213345	109712	3316	24742	75575	3707	918	2789	17	658	3.6666
human	PR10XNK10cell41	3063648	763147	41621	102027	2156853	124572	4878	119694	23	4951	9.3500
human	PR10XNK10cell42	2272611	732924	15980	126900	1396807	89495	5946	83549	22	3995	8.2166
human	PR10XNK10cell43	960542	271015	10129	71885	607513	40650	3464	37186	21	3311	5.3333
human	PR10XNK10cell44	1307258	566836	13857	31079	695486	36614	1603	35011	21	2933	5.6666
human	PR10XNK10cell45	241461	75553	2094	31781	132033	14220	2139	12081	21	2242	3.8000
human	PR10XNK10cell46	186859	79754	49	104442	2614	5861	4853	1008	22	595	3.6833
human	PR10XNK10cell47	193766	86066	999	63663	43038	10341	3189	7152	23	2211	3.6666
human	PR10XNK10cell48	207265	56473	2384	51076	97332	8484	2757	5727	21	731	3.6833
human	PR10XNK10cell49	2605423	652171	36837	98876	1817539	55186	2481	52705	21	4124	7.9833
human	PR10XNK10cell50	1070774	256788	9924	121878	682184	26583	2969	23614	23	3058	5.1833
human	PR10XNK10cell51	2421388	842299	38390	77563	1463136	41755	1946	39809	21	3515	7.8666
human	PR10XNK10cell52	658010	232670	9267	47737	368336	12982	1051	11931	15	2154	4.4333
human	PR10XNK10cell53	811370	148457	17660	68809	576444	19309	1945	17364	22	2254	4.6833
human	PR10XNK10cell54	233266	93882	5936	125041	8407	3691	2894	797	17	473	3.7166
human	PR10XNK10cell55	4167651	1138836	68116	112044	2848655	73558	2764	70794	21	4249	11.0833
human	PR10XNK10cell56	345895	240999	540	83028	21328	3116	2199	917	22	382	3.9666
human	PR10XNK10cell57	2545171	873394	29607	115392	1526778	97406	5465	91941	23	4597	8.9833
human	PR10XNK10cell58	1880757	512166	46939	75476	1246176	89439	4277	85162	24	4007	6.8500
human	PR10XNK10cell59	1478899	502638	8757	59738	907766	61551	3383	58168	19	3702	6.1500
human	PR10XNK10cell60	434569	159192	1991	38084	235302	19014	2114	16900	16	2204	4.1000
human	PR10XNK10cell61	725331	172020	10821	87085	455405	35449	5026	30423	24	2357	4.9000
human	PR10XNK10cell62	470928	99372	4853	74629	292074	23016	4025	18991	22	1700	4.1833
human	PR10XNK10cell63	191220	67454	414	109513	13839	10333	5394	4939	24	1932	3.7833
human	PR10XNK10cell64	106518	59976	1986	41441	3115	3267	2611	656	21	342	3.4333
human	PR10XNK10cell65	2464916	529572	39236	101783	1794325	51636	2451	49185	19	4589	7.6500
human	PR10XNK10cell66	1619142	578866	12686	120219	907371	29686	2587	27099	23	3625	6.3500
human	PR10XNK10cell67	332867	113579	2681	74438	142169	9995	1667	8328	21	2268	4.0000
human	PR10XNK10cell68	161875	101478	160	32135	28102	4509	912	3597	19	1517	3.5333
human	PR10XNK10cell69	493797	82899	17940	90251	302707	11888	1837	10051	23	2091	4.1333
human	PR10XNK10cell70	207857	119577	172	84418	3690	3057	2148	909	21	578	3.6833
human	PR10XNK10cell71	3098034	770043	64427	116833	2146731	51134	2617	48517	24	4119	9.0833
human	PR10XNK10cell72	105928	25520	25	77547	2836	2483	1965	518	24	326	3.4666
human	PR10XNK10cell73	2481061	669779	37587	123490	1650205	49059	2709	46350	23	4094	7.9333
human	PR10XNK10cell74	3353278	831500	46760	141716	2333302	67002	3042	63960	21	4745	9.5000
human	PR10XNK10cell75	1704659	739139	17258	64217	884045	28576	1599	26977	21	3472	6.5833
human	PR10XNK10cell76	238454	187900	37	47410	3107	2196	1053	1143	16	677	3.8166
human	PR10XNK10cell77	146691	57018	55	80518	9100	3673	1947	1726	21	915	3.5666
human	PR10XNK10cell78	160286	77654	41	64765	17826	2600	1716	884	19	426	3.6666
human	PR10XNK10cell79	114965	63386	161	43779	7639	4570	1238	3332	22	1597	3.5666
human	PR10XNK10cell80	97431	29604	11	66539	1277	2023	1739	284	25	202	3.4666
human	PR10XNK10cell81	1848722	265901	30597	109157	1443067	97829	5073	92756	22	4151	6.8666
human	PR10XNK10cell82	266683	49897	4618	83735	128433	17500	4813	12687	21	2043	3.8000
human	PR10XNK10cell83	992024	319115	10349	34524	628036	46250	2299	43951	23	3369	5.1500
human	PR10XNK10cell84	208870	101556	2994	51882	52438	7043	2122	4921	17	1127	3.6500
human	PR10XNK10cell85	138031	44101	445	82428	11057	7662	4835	2827	19	1177	3.5833
human	PR10XNK10cell86	1421359	1290383	1094	51182	78700	9193	3168	6025	18	954	6.2500
human	PR10XNK10cell87	194954	96120	249	82588	15997	8971	3954	5017	19	1809	3.6833
human	PR10XNK10cell88	580627	141790	6119	54847	377871	27921	3334	24587	23	1889	4.4500
human	PR10XNK10cell89	791249	224080	8852	21728	536589	25561	961	24600	18	3588	4.6833
human	PR10XNK10cell90	139207	39251	2279	14274	83403	7110	699	6411	17	1899	3.5166
human	PR10XNK10cell91	113836	40224	1357	19398	52857	4387	806	3581	19	1279	3.4666
human	PR10XNK10cell92	324467	300729	120	16088	7530	1783	553	1230	13	732	4.0166
human	PR10XNK10cell93	763477	347027	17374	34087	364989	15576	1128	14448	20	2464	4.7666
human	PR10XNK10cell94	78405	45543	19	30534	2309	1575	1161	414	20	273	3.4666
human	PR10XNK10cell95	1402815	322916	13925	53708	1012266	37109	1562	35547	23	3930	5.7666
human	PR10XNK10cell96	63164	22704	4	39871	585	1386	1243	143	19	108	3.4000
human	PR10XNK11cell1	2211983	721711	23286	84124	1382862	32764	1639	31125	21	4172	7.2833
human	PR10XNK11cell2	2235854	820808	44480	112555	1258011	27978	1860	26118	20	3505	7.3000
human	PR10XNK11cell3	1153327	381051	15418	47125	709733	17635	1020	16615	22	2987	5.3333
human	PR10XNK11cell4	397679	200297	3795	38007	155580	5644	698	4946	15	1614	4.1166
human	PR10XNK11cell5	2877002	1190517	22847	94075	1569563	28742	1637	27105	21	3133	8.5833
human	PR10XNK11cell6	274035	105141	722	70110	98062	4215	1370	2845	22	965	3.8166
human	PR10XNK11cell7	562032	125909	7812	88681	339630	10282	1636	8646	24	1956	4.2500
human	PR10XNK11cell8	130467	53677	339	52992	23459	1617	1056	561	20	230	3.4666
human	PR10XNK11cell9	1689726	470359	22757	85417	1111193	28741	1741	27000	17	3715	6.3166
human	PR10XNK11cell10	1892050	553089	27066	83050	1228845	29188	1630	27558	22	3333	6.6333
human	PR10XNK11cell11	657940	207180	7932	36169	406659	13285	930	12355	21	2646	4.4333
human	PR10XNK11cell12	926082	493387	6449	20345	405901	11281	480	10801	15	2460	5.2333
human	PR10XNK11cell13	81382	38972	443	21465	20502	2874	633	2241	18	1128	3.4333
human	PR10XNK11cell14	137214	73845	22	55994	7353	1842	1384	458	19	277	3.5333
human	PR10XNK11cell15	143321	60406	179	67578	15158	2956	1383	1573	18	849	3.6666
human	PR10XNK11cell16	81047	43494	102	31335	6116	1073	777	296	20	187	3.5000
human	PR10XNK11cell17	1932620	518472	19096	93139	1301913	38278	2001	36277	23	5003	6.7833
human	PR10XNK11cell18	1142577	212862	23544	80549	825622	20855	1743	19112	25	3336	5.3666
human	PR10XNK11cell19	1726914	932248	12842	41982	739842	21513	1082	20431	21	3899	6.5833
human	PR10XNK11cell20	203385	156167	566	17956	28696	4231	710	3521	16	1599	3.7166
human	PR10XNK11cell21	119456	49516	449	28364	41127	4753	973	3780	19	1619	3.5333
human	PR10XNK11cell22	202943	112602	1611	38846	49884	3084	1255	1829	21	801	3.6666
human	PR10XNK11cell23	829699	128011	9162	121407	571119	15648	2305	13343	22	2644	4.8500
human	PR10XNK11cell24	110266	39896	35	46271	24064	1851	1116	735	21	376	3.5333
human	PR10XNK11cell25	1634777	392450	22823	88234	1131270	32074	1970	30104	18	4179	6.1666
human	PR10XNK11cell26	690179	299015	6165	72974	312025	12479	1522	10957	22	2606	4.5333
human	PR10XNK11cell27	1550964	508097	21453	63028	958386	25644	1310	24334	21	3839	6.0000
human	PR10XNK11cell28	93507	60120	282	10972	22133	2900	538	2362	18	1184	3.3666
human	PR10XNK11cell29	333421	88008	1517	33027	210869	8310	1022	7288	24	2042	3.8166
human	PR10XNK11cell30	297725	158531	467	74882	63845	3499	1725	1774	23	639	3.7833
human	PR10XNK11cell31	154646	68712	1402	22991	61541	5503	1006	4497	22	1758	3.6166
human	PR10XNK11cell32	57977	37084	8	17666	3219	1099	810	289	20	215	3.4000
human	PR10XNK11cell33	2901520	982226	31088	98303	1789903	56927	2604	54323	21	4838	8.6000
human	PR10XNK11cell34	968590	348357	9740	50515	559978	21933	1531	20402	21	3117	5.0333
human	PR10XNK11cell35	1121284	420185	16155	48037	636907	23491	1408	22083	23	3305	5.4000
human	PR10XNK11cell36	244358	129387	1780	46863	66328	5229	1188	4041	17	1492	3.7000
human	PR10XNK11cell37	87184	45895	654	19760	20875	3492	957	2535	25	1165	3.4500
human	PR10XNK11cell38	155886	79547	26	73621	2692	2715	2006	709	23	496	3.5500
human	PR10XNK11cell39	3049443	938594	49063	118137	1943649	52984	2962	50022	19	3795	9.1166
human	PR10XNK11cell40	82654	37614	6	44261	773	1582	1388	194	21	173	3.4166
human	PR10XNK11cell41	2448330	693043	20631	118648	1616008	99538	5755	93783	26	5018	8.2000
human	PR10XNK11cell42	1020071	417729	12076	99071	491195	39678	5146	34532	23	3328	5.3000
human	PR10XNK11cell43	223230	115414	1275	53232	53309	11983	2847	9136	22	2596	3.7666
human	PR10XNK11cell44	425702	201638	4619	10424	209021	15761	1046	14715	18	2365	4.0333
human	PR10XNK11cell45	908696	389710	7572	50854	460560	32956	3220	29736	20	2695	4.9500
human	PR10XNK11cell46	292744	182352	17	107678	2697	6073	5233	840	22	521	3.9166
human	PR10XNK11cell47	2728951	957848	30038	83474	1657591	85375	4350	81025	22	3688	8.6000
human	PR10XNK11cell48	109125	53450	521	47800	7354	3333	2752	581	19	249	3.5166
human	PR10XNK11cell49	728943	289345	6565	112157	320876	18309	2855	15454	26	3161	4.6166
human	PR10XNK11cell50	623066	122872	7191	104094	388909	16080	2528	13552	19	2205	4.3833
human	PR10XNK11cell51	1137014	379303	14842	66116	676753	23488	1705	21783	18	2966	5.3333
human	PR10XNK11cell52	684120	284293	5865	53616	340346	10698	1292	9406	15	1752	4.6833
human	PR10XNK11cell53	245218	76704	1768	68693	98053	5895	1807	4088	20	1157	3.7333
human	PR10XNK11cell54	170121	104352	16	62758	2995	2329	1758	571	21	404	3.6000
human	PR10XNK11cell55	118515	63387	70	47967	7091	3932	1545	2387	22	1243	3.5000
human	PR10XNK11cell56	102610	51033	429	21866	29282	2191	908	1283	20	431	3.4333
human	PR10XNK11cell57	5108176	2946469	33875	83993	2043839	131108	4673	126435	23	5390	13.8500
human	PR10XNK11cell58	1218141	324762	14772	85923	792684	64168	5322	58846	29	3532	5.7333
human	PR10XNK11cell59	611176	270459	7034	40609	293074	28786	2814	25972	21	3346	4.4666
human	PR10XNK11cell60	124453	92882	186	15738	15647	5189	1227	3962	18	1557	3.5333
human	PR10XNK11cell61	414735	123749	3415	35197	252374	23962	2854	21108	22	2315	4.0166
human	PR10XNK11cell62	161883	106460	181	38499	16743	4694	2813	1881	25	668	3.6833
human	PR10XNK11cell63	146708	72276	335	54068	20029	9967	3618	6349	25	2166	3.5666
human	PR10XNK11cell64	161487	49994	1147	50785	59561	7360	3258	4102	20	591	3.7000
human	PR10XNK11cell65	2939150	1647106	24911	71395	1195738	45968	2184	43784	24	5366	8.8666
human	PR10XNK11cell66	268877	70236	3141	51478	144022	13252	1721	11531	24	3140	3.8833
human	PR10XNK11cell67	671739	231521	6411	57510	376297	17237	1684	15553	22	3286	4.4666
human	PR10XNK11cell68	508091	177921	3192	65901	261077	10346	1426	8920	19	2234	4.2000
human	PR10XNK11cell69	213647	93928	2251	39706	77762	7095	1476	5619	25	1960	3.6666
human	PR10XNK11cell70	177828	114281	26	57560	5961	2744	1804	940	23	642	3.8000
human	PR10XNK11cell71	253956	109418	820	84903	58815	8830	2290	6540	26	2346	3.7500
human	PR10XNK11cell72	136633	50020	2152	77514	6947	2211	1813	398	20	279	3.5000
human	PR10XNK11cell73	2423535	867687	40575	88162	1427111	43916	2176	41740	22	4279	8.0833
human	PR10XNK11cell74	367174	97624	2555	66623	200372	10751	1884	8867	19	2097	3.9166
human	PR10XNK11cell75	651495	249596	11774	60185	329940	13396	1446	11950	20	2403	4.4833
human	PR10XNK11cell76	152433	117142	53	27786	7452	2257	738	1519	17	895	3.6000
human	PR10XNK11cell77	250454	174137	68	69533	6716	3269	1831	1438	23	801	3.7833
human	PR10XNK11cell78	3336006	3206845	481	76743	51937	3636	1842	1794	20	871	10.1666
human	PR10XNK11cell79	552247	459940	78	82479	9750	4467	2116	2351	21	1256	4.4166
human	PR10XNK11cell80	273345	236676	1304	20438	14927	1389	823	566	16	261	3.8166
human	PR10XNK11cell81	765869	268908	6824	61318	428819	39344	3773	35571	23	3574	4.7666
human	PR10XNK11cell82	613446	96553	14215	76745	425933	35144	4461	30683	24	2296	4.4666
human	PR10XNK11cell83	601639	208548	6408	41165	345518	26567	2567	24000	18	2368	4.4166
human	PR10XNK11cell84	78970	40988	3146	9104	25732	3864	772	3092	18	1019	3.3833
human	PR10XNK11cell85	178357	67958	1327	35321	73751	10191	2731	7460	24	1280	3.5333
human	PR10XNK11cell86	495053	120477	4787	65553	304236	20348	3687	16661	23	1349	4.1833
human	PR10XNK11cell87	1190918	1078349	224	94236	18109	7687	4988	2699	22	1141	5.7833
human	PR10XNK11cell88	225888	164831	2	59875	1180	3607	3404	203	21	133	3.7666
human	PR10XNK11cell89	1441959	676559	12040	32265	721095	31856	1259	30597	18	4131	6.0166
human	PR10XNK11cell90	54084	19817	471	6936	26860	4349	583	3766	22	1539	3.4000
human	PR10XNK11cell91	454219	168050	3023	14783	268363	12949	657	12292	18	2600	4.1000
human	PR10XNK11cell92	73811	52387	301	3184	17939	2214	309	1905	14	902	3.3666
human	PR10XNK11cell93	102558	35927	1564	21957	43110	3700	1001	2699	22	1014	3.4666
human	PR10XNK11cell94	1029080	984901	25	33023	11131	1827	1155	672	17	411	5.4000
human	PR10XNK11cell95	78833	43189	41	32164	3439	2781	1162	1619	20	932	3.4666
human	PR10XNK11cell96	31031	22114	9	6958	1950	821	519	302	19	222	3.3500
human	PR10XNK12cell1	2999114	933032	49920	154113	1862049	43087	2652	40435	23	4299	8.7000
human	PR10XNK12cell2	1207818	508048	8225	84520	607025	19270	1712	17558	20	3391	5.4833
human	PR10XNK12cell3	2808906	1440160	35991	62855	1269900	28065	1251	26814	20	3661	8.4833
human	PR10XNK12cell4	548689	298223	13485	15416	221565	8606	505	8101	18	2307	4.2666
human	PR10XNK12cell5	1806502	517811	21553	139508	1127630	24496	2382	22114	21	2894	6.4500
human	PR10XNK12cell6	269697	129479	354	88714	51150	3451	1705	1746	24	699	3.7500
human	PR10XNK12cell7	1727182	382573	27606	132357	1184646	23572	2366	21206	27	2390	6.3666
human	PR10XNK12cell8	288365	110749	2080	40624	134912	5000	1054	3946	25	1203	3.8666
human	PR10XNK12cell9	2248600	738207	28026	99015	1383352	36324	2059	34265	24	3989	7.3500
human	PR10XNK12cell10	2241584	669153	35658	145539	1391234	33830	2647	31183	22	3415	7.5500
human	PR10XNK12cell11	277006	124836	1918	33343	116909	6840	959	5881	25	1979	3.8833
human	PR10XNK12cell12	794083	364917	11690	28417	389059	10542	590	9952	19	2050	4.7333
human	PR10XNK12cell13	2417295	582150	36709	95558	1702878	36303	1922	34381	21	3074	7.5833
human	PR10XNK12cell14	462318	186754	2734	95137	177693	5939	1824	4115	22	935	4.0666
human	PR10XNK12cell15	179576	80081	153	81077	18265	3148	1689	1459	24	735	3.7333
human	PR10XNK12cell16	496023	91887	7656	54486	341994	9538	1190	8348	22	1692	4.1166
human	PR10XNK12cell17	2092792	581198	21844	110129	1379621	39065	2291	36774	27	4689	7.0666
human	PR10XNK12cell18	1313019	323895	16085	102485	870554	24556	2077	22479	20	3813	5.8833
human	PR10XNK12cell19	239714	130259	1399	21708	86348	9041	913	8128	21	2698	3.6833
human	PR10XNK12cell20	585446	279333	5765	18474	281874	10050	674	9376	21	2571	4.3333
human	PR10XNK12cell21	217336	105556	2006	31369	78405	8046	1397	6649	23	2323	3.6500
human	PR10XNK12cell22	246871	112567	117	102595	31592	3613	2106	1507	26	684	3.7666
human	PR10XNK12cell23	136731	66382	4021	21013	45315	4520	1227	3293	29	1437	3.5666
human	PR10XNK12cell24	370620	83338	3789	65605	217888	8426	1603	6823	23	1778	3.9666
human	PR10XNK12cell25	3172674	904243	40836	116710	2110885	51104	2572	48532	23	4758	9.2666
human	PR10XNK12cell26	2199791	781872	34043	170094	1213782	30705	3102	27603	21	3492	7.3333
human	PR10XNK12cell27	191899	112913	736	21125	57125	6368	816	5552	21	2027	3.4666
human	PR10XNK12cell28	201955	131824	459	37207	32465	3341	816	2525	16	1178	3.6500
human	PR10XNK12cell29	586742	176380	5067	171973	233322	10916	3068	7848	22	2038	4.3333
human	PR10XNK12cell30	185191	115068	589	25757	43777	3174	1071	2103	26	952	3.5833
human	PR10XNK12cell31	163818	96380	833	19200	47405	3697	1042	2655	27	1144	3.5500
human	PR10XNK12cell32	285640	74618	1770	56716	152536	6690	1442	5248	24	1395	3.7833
human	PR10XNK12cell33	2075207	547952	35687	108559	1383009	49898	3219	46679	23	4242	7.0833
human	PR10XNK12cell34	2593026	1030085	29956	130508	1402477	48211	3768	44443	18	3907	8.2333
human	PR10XNK12cell35	1145124	433616	13872	77497	620139	22967	2401	20566	19	2899	5.4500
human	PR10XNK12cell36	32882	23833	110	1767	7172	2753	335	2418	15	1207	3.3333
human	PR10XNK12cell37	1693986	1511366	342	154575	27703	7617	3840	3777	26	1646	6.7333
human	PR10XNK12cell38	134375	86360	220	20009	27786	3230	1143	2087	27	824	3.5333
human	PR10XNK12cell39	116950	68804	110	26172	21864	3243	1309	1934	21	902	3.4666
human	PR10XNK12cell40	279628	195144	253	70788	13443	4379	2245	2134	23	1046	3.8166
human	PR10XNK12cell41	2505709	954485	31466	85603	1434155	96256	5189	91067	25	5082	8.5666
human	PR10XNK12cell42	2050164	678540	31008	124393	1216223	85169	6890	78279	23	4075	7.7000
human	PR10XNK12cell43	2886848	1286357	33703	89407	1477381	89040	4712	84328	22	4285	9.1666
human	PR10XNK12cell44	581133	275038	11001	29506	265588	19567	1937	17630	23	2294	4.4500
human	PR10XNK12cell45	302520	131613	315	155252	15340	14174	8018	6156	24	2173	4.0333
human	PR10XNK12cell46	506663	177885	3966	115064	209748	17818	5789	12029	27	1206	4.3000
human	PR10XNK12cell47	1065328	220694	21998	153500	669136	39890	6983	32907	28	2130	5.4333
human	PR10XNK12cell48	246090	82965	1387	55164	106574	12215	3445	8770	27	1656	3.7166
human	PR10XNK12cell49	2904804	723466	45499	121908	2013931	62536	3418	59118	24	4320	8.8166
human	PR10XNK12cell50	4656582	2652769	33828	135385	1834600	57138	3381	53757	21	3996	12.8500
human	PR10XNK12cell51	1405734	601565	5742	81068	717359	25407	2219	23188	22	2934	5.9000
human	PR10XNK12cell52	105508	76688	101	11900	16819	2568	595	1973	18	959	3.5000
human	PR10XNK12cell53	186790	64902	133	108160	13595	5595	2841	2754	23	1278	3.6500
human	PR10XNK12cell54	355449	193056	1905	72454	88034	5798	2120	3678	23	869	3.9333
human	PR10XNK12cell55	271563	118374	258	142017	10914	4772	3558	1214	21	631	3.7833
human	PR10XNK12cell56	2932096	790080	57684	72349	2011983	55432	2068	53364	18	3451	8.6166
human	PR10XNK12cell57	3679480	1152959	46528	153341	2326652	152874	8198	144676	22	5248	11.4833
human	PR10XNK12cell58	457103	87998	7203	139132	222770	32089	7898	24191	25	3339	4.3833
human	PR10XNK12cell59	918024	317305	12513	86024	502182	41733	4701	37032	22	3395	5.1666
human	PR10XNK12cell60	146699	111792	267	10846	23794	5876	1198	4678	21	1584	3.6000
human	PR10XNK12cell61	2132863	557043	41317	130516	1403987	93121	7646	85475	23	3362	7.8833
human	PR10XNK12cell62	239953	128155	58	108291	3449	7171	6022	1149	29	586	4.1166
human	PR10XNK12cell63	217278	102656	155	107012	7455	8378	5917	2461	32	1123	3.8333
human	PR10XNK12cell64	191371	135018	350	23215	32788	7598	2256	5342	24	1756	3.7166
human	PR10XNK12cell65	2949705	1220930	39793	95693	1593289	54317	2953	51364	26	5191	8.8333
human	PR10XNK12cell66	1403076	530350	13845	115968	742913	30102	3031	27071	23	4193	5.8833
human	PR10XNK12cell67	533302	198938	3336	52224	278804	15288	1624	13664	22	3154	4.2833
human	PR10XNK12cell68	192717	147243	6578	22997	15899	4756	887	3869	22	1807	3.6333
human	PR10XNK12cell69	2262931	386329	39155	123581	1713866	42944	3114	39830	20	3444	7.2333
human	PR10XNK12cell70	320416	193726	1717	47520	77453	5060	1729	3331	30	1161	3.9333
human	PR10XNK12cell71	248126	131225	159	106633	10109	5052	2800	2252	24	1154	3.7333
human	PR10XNK12cell72	212061	98469	274	83188	30130	6237	2436	3801	28	1593	3.6666
human	PR10XNK12cell73	570985	173671	7583	59273	330458	19132	1920	17212	20	3384	4.2666
human	PR10XNK12cell74	1043048	236167	11294	91865	703722	26226	2480	23746	23	3172	5.1500
human	PR10XNK12cell75	1116381	405043	12001	56882	642455	22878	1703	21175	20	2966	5.3333
human	PR10XNK12cell76	213834	146360	747	30769	35958	3108	887	2221	18	935	3.6333
human	PR10XNK12cell77	277097	140573	149	129093	7282	6102	3210	2892	20	1381	3.8333
human	PR10XNK12cell78	551846	421493	20	124184	6149	3619	2903	716	21	436	4.5500
human	PR10XNK12cell79	796691	678846	51	103634	14160	3824	2564	1260	24	680	4.9000
human	PR10XNK12cell80	128590	41678	78	83328	3506	3739	2231	1508	22	882	3.4666
human	PR10XNK12cell81	695035	295497	3887	55416	340235	35938	3885	32053	22	3412	4.7833
human	PR10XNK12cell82	156415	43119	725	55216	57355	11764	3723	8041	19	1828	3.6500
human	PR10XNK12cell83	154463	91220	172	55819	7252	6336	3400	2936	18	1346	3.7000
human	PR10XNK12cell84	174002	148121	177	6002	19702	2821	689	2132	20	851	3.6500
human	PR10XNK12cell85	1899292	1791731	97	81080	26384	8951	5417	3534	25	1315	7.3000
human	PR10XNK12cell86	413403	294320	738	84513	33832	7218	4760	2458	25	521	4.1000
human	PR10XNK12cell87	291215	213133	28	74399	3655	5480	4557	923	21	496	3.9000
human	PR10XNK12cell88	451911	93658	5925	68946	283382	23994	4380	19614	22	1511	4.2833
human	PR10XNK12cell89	771884	274966	13612	22397	460909	23975	1235	22740	21	3567	4.8000
human	PR10XNK12cell90	37948	17348	277	5845	14478	4616	684	3932	22	1688	3.3000
human	PR10XNK12cell91	232910	111130	4176	4822	112782	10271	488	9783	17	2676	3.7500
human	PR10XNK12cell92	80737	68299	52	6848	5538	1453	385	1068	16	646	3.5666
human	PR10XNK12cell93	398128	119963	3223	76232	198710	10617	2597	8020	20	1515	4.0166
human	PR10XNK12cell94	111798	64086	721	21316	25675	2188	992	1196	21	446	3.4666
human	PR10XNK12cell95	97226	29246	51	66374	1555	2708	2069	639	26	427	3.4333
human	PR10XNK12cell96	102182	38094	5949	43412	14727	2883	1462	1421	21	695	3.4666
