cluster	gene	size	boundary	avgExpr	cvExpr	avgCor	cvCor	protein_coding	lncRNA	sncRNA	pseudogene	Ig/TcR	tf
M23	ATF4	11	8897:8907	699.663671193131	1.71269659485307	0.231024113888274	0.34327934455202	0.909090909090909	0.0909090909090909	0	0	0	0.363636363636364
M23	HSPA1A	11	8897:8907	699.663671193131	1.71269659485307	0.231024113888274	0.34327934455202	0.909090909090909	0.0909090909090909	0	0	0	0.363636363636364
M23	CTD-3252C9.4	11	8897:8907	699.663671193131	1.71269659485307	0.231024113888274	0.34327934455202	0.909090909090909	0.0909090909090909	0	0	0	0.363636363636364
M23	ID4	11	8897:8907	699.663671193131	1.71269659485307	0.231024113888274	0.34327934455202	0.909090909090909	0.0909090909090909	0	0	0	0.363636363636364
M23	HSPA1B	11	8897:8907	699.663671193131	1.71269659485307	0.231024113888274	0.34327934455202	0.909090909090909	0.0909090909090909	0	0	0	0.363636363636364
M23	ATF3	11	8897:8907	699.663671193131	1.71269659485307	0.231024113888274	0.34327934455202	0.909090909090909	0.0909090909090909	0	0	0	0.363636363636364
M23	TSPYL2	11	8897:8907	699.663671193131	1.71269659485307	0.231024113888274	0.34327934455202	0.909090909090909	0.0909090909090909	0	0	0	0.363636363636364
M23	JUND	11	8897:8907	699.663671193131	1.71269659485307	0.231024113888274	0.34327934455202	0.909090909090909	0.0909090909090909	0	0	0	0.363636363636364
M23	UBB	11	8897:8907	699.663671193131	1.71269659485307	0.231024113888274	0.34327934455202	0.909090909090909	0.0909090909090909	0	0	0	0.363636363636364
M23	TUBA1A	11	8897:8907	699.663671193131	1.71269659485307	0.231024113888274	0.34327934455202	0.909090909090909	0.0909090909090909	0	0	0	0.363636363636364
M23	DNAJA1	11	8897:8907	699.663671193131	1.71269659485307	0.231024113888274	0.34327934455202	0.909090909090909	0.0909090909090909	0	0	0	0.363636363636364
M25	ING1	10	8908:8917	797.799352255284	1.49346462357727	0.120255824091321	0.387777558328079	1	0	0	0	0	0
M25	HSPH1	10	8908:8917	797.799352255284	1.49346462357727	0.120255824091321	0.387777558328079	1	0	0	0	0	0
M25	MORF4L2	10	8908:8917	797.799352255284	1.49346462357727	0.120255824091321	0.387777558328079	1	0	0	0	0	0
M25	SRSF3	10	8908:8917	797.799352255284	1.49346462357727	0.120255824091321	0.387777558328079	1	0	0	0	0	0
M25	HSP90AB1	10	8908:8917	797.799352255284	1.49346462357727	0.120255824091321	0.387777558328079	1	0	0	0	0	0
M25	ATP1A1	10	8908:8917	797.799352255284	1.49346462357727	0.120255824091321	0.387777558328079	1	0	0	0	0	0
M25	SPTY2D1	10	8908:8917	797.799352255284	1.49346462357727	0.120255824091321	0.387777558328079	1	0	0	0	0	0
M25	SAP18	10	8908:8917	797.799352255284	1.49346462357727	0.120255824091321	0.387777558328079	1	0	0	0	0	0
M25	CDKN2AIP	10	8908:8917	797.799352255284	1.49346462357727	0.120255824091321	0.387777558328079	1	0	0	0	0	0
M25	FUNDC2	10	8908:8917	797.799352255284	1.49346462357727	0.120255824091321	0.387777558328079	1	0	0	0	0	0
M4	NFIL3	19	8918:8936	613.735232039463	2.0960898284329	0.321354484830205	0.468863624953514	1	0	0	0	0	0.473684210526316
M4	GADD45B	19	8918:8936	613.735232039463	2.0960898284329	0.321354484830205	0.468863624953514	1	0	0	0	0	0.473684210526316
M4	EGR2	19	8918:8936	613.735232039463	2.0960898284329	0.321354484830205	0.468863624953514	1	0	0	0	0	0.473684210526316
M4	ZFP36	19	8918:8936	613.735232039463	2.0960898284329	0.321354484830205	0.468863624953514	1	0	0	0	0	0.473684210526316
M4	TUBB4B	19	8918:8936	613.735232039463	2.0960898284329	0.321354484830205	0.468863624953514	1	0	0	0	0	0.473684210526316
M4	MCL1	19	8918:8936	613.735232039463	2.0960898284329	0.321354484830205	0.468863624953514	1	0	0	0	0	0.473684210526316
M4	EGR1	19	8918:8936	613.735232039463	2.0960898284329	0.321354484830205	0.468863624953514	1	0	0	0	0	0.473684210526316
M4	IDI1	19	8918:8936	613.735232039463	2.0960898284329	0.321354484830205	0.468863624953514	1	0	0	0	0	0.473684210526316
M4	SOCS3	19	8918:8936	613.735232039463	2.0960898284329	0.321354484830205	0.468863624953514	1	0	0	0	0	0.473684210526316
M4	FOS	19	8918:8936	613.735232039463	2.0960898284329	0.321354484830205	0.468863624953514	1	0	0	0	0	0.473684210526316
M4	EGR3	19	8918:8936	613.735232039463	2.0960898284329	0.321354484830205	0.468863624953514	1	0	0	0	0	0.473684210526316
M4	IER2	19	8918:8936	613.735232039463	2.0960898284329	0.321354484830205	0.468863624953514	1	0	0	0	0	0.473684210526316
M4	FOSB	19	8918:8936	613.735232039463	2.0960898284329	0.321354484830205	0.468863624953514	1	0	0	0	0	0.473684210526316
M4	KLF4	19	8918:8936	613.735232039463	2.0960898284329	0.321354484830205	0.468863624953514	1	0	0	0	0	0.473684210526316
M4	DUSP1	19	8918:8936	613.735232039463	2.0960898284329	0.321354484830205	0.468863624953514	1	0	0	0	0	0.473684210526316
M4	KLHL15	19	8918:8936	613.735232039463	2.0960898284329	0.321354484830205	0.468863624953514	1	0	0	0	0	0.473684210526316
M4	CDKN1A	19	8918:8936	613.735232039463	2.0960898284329	0.321354484830205	0.468863624953514	1	0	0	0	0	0.473684210526316
M4	JUNB	19	8918:8936	613.735232039463	2.0960898284329	0.321354484830205	0.468863624953514	1	0	0	0	0	0.473684210526316
M4	JUN	19	8918:8936	613.735232039463	2.0960898284329	0.321354484830205	0.468863624953514	1	0	0	0	0	0.473684210526316
M5	BTG2	18	8937:8954	233.272351582373	2.17949449238533	0.203026116460666	0.309326475418177	1	0	0	0	0	0.166666666666667
M5	IER3	18	8937:8954	233.272351582373	2.17949449238533	0.203026116460666	0.309326475418177	1	0	0	0	0	0.166666666666667
M5	CYR61	18	8937:8954	233.272351582373	2.17949449238533	0.203026116460666	0.309326475418177	1	0	0	0	0	0.166666666666667
M5	ADM	18	8937:8954	233.272351582373	2.17949449238533	0.203026116460666	0.309326475418177	1	0	0	0	0	0.166666666666667
M5	PPP1R15A	18	8937:8954	233.272351582373	2.17949449238533	0.203026116460666	0.309326475418177	1	0	0	0	0	0.166666666666667
M5	MAFF	18	8937:8954	233.272351582373	2.17949449238533	0.203026116460666	0.309326475418177	1	0	0	0	0	0.166666666666667
M5	H2AFZ	18	8937:8954	233.272351582373	2.17949449238533	0.203026116460666	0.309326475418177	1	0	0	0	0	0.166666666666667
M5	NFKBIZ	18	8937:8954	233.272351582373	2.17949449238533	0.203026116460666	0.309326475418177	1	0	0	0	0	0.166666666666667
M5	DNAJB1	18	8937:8954	233.272351582373	2.17949449238533	0.203026116460666	0.309326475418177	1	0	0	0	0	0.166666666666667
M5	UBC	18	8937:8954	233.272351582373	2.17949449238533	0.203026116460666	0.309326475418177	1	0	0	0	0	0.166666666666667
M5	CSRNP1	18	8937:8954	233.272351582373	2.17949449238533	0.203026116460666	0.309326475418177	1	0	0	0	0	0.166666666666667
M5	SNAI1	18	8937:8954	233.272351582373	2.17949449238533	0.203026116460666	0.309326475418177	1	0	0	0	0	0.166666666666667
M5	SLC38A2	18	8937:8954	233.272351582373	2.17949449238533	0.203026116460666	0.309326475418177	1	0	0	0	0	0.166666666666667
M5	CCNL1	18	8937:8954	233.272351582373	2.17949449238533	0.203026116460666	0.309326475418177	1	0	0	0	0	0.166666666666667
M5	C11orf96	18	8937:8954	233.272351582373	2.17949449238533	0.203026116460666	0.309326475418177	1	0	0	0	0	0.166666666666667
M5	IER5	18	8937:8954	233.272351582373	2.17949449238533	0.203026116460666	0.309326475418177	1	0	0	0	0	0.166666666666667
M5	LMNA	18	8937:8954	233.272351582373	2.17949449238533	0.203026116460666	0.309326475418177	1	0	0	0	0	0.166666666666667
M5	HSPA5	18	8937:8954	233.272351582373	2.17949449238533	0.203026116460666	0.309326475418177	1	0	0	0	0	0.166666666666667
M1	HSPE1	27	8955:8981	344.882302268537	1.42516126896072	0.16790169017203	0.376552553353278	0.925925925925926	0.037037037037037	0	0.037037037037037	0	0.0740740740740741
M1	HSP90AA1	27	8955:8981	344.882302268537	1.42516126896072	0.16790169017203	0.376552553353278	0.925925925925926	0.037037037037037	0	0.037037037037037	0	0.0740740740740741
M1	HSP90AA2P	27	8955:8981	344.882302268537	1.42516126896072	0.16790169017203	0.376552553353278	0.925925925925926	0.037037037037037	0	0.037037037037037	0	0.0740740740740741
M1	EIF4A2	27	8955:8981	344.882302268537	1.42516126896072	0.16790169017203	0.376552553353278	0.925925925925926	0.037037037037037	0	0.037037037037037	0	0.0740740740740741
M1	DNAJB4	27	8955:8981	344.882302268537	1.42516126896072	0.16790169017203	0.376552553353278	0.925925925925926	0.037037037037037	0	0.037037037037037	0	0.0740740740740741
M1	PHLDA1	27	8955:8981	344.882302268537	1.42516126896072	0.16790169017203	0.376552553353278	0.925925925925926	0.037037037037037	0	0.037037037037037	0	0.0740740740740741
M1	HSPA8	27	8955:8981	344.882302268537	1.42516126896072	0.16790169017203	0.376552553353278	0.925925925925926	0.037037037037037	0	0.037037037037037	0	0.0740740740740741
M1	ARRDC3	27	8955:8981	344.882302268537	1.42516126896072	0.16790169017203	0.376552553353278	0.925925925925926	0.037037037037037	0	0.037037037037037	0	0.0740740740740741
M1	MAFB	27	8955:8981	344.882302268537	1.42516126896072	0.16790169017203	0.376552553353278	0.925925925925926	0.037037037037037	0	0.037037037037037	0	0.0740740740740741
M1	ZFP36L1	27	8955:8981	344.882302268537	1.42516126896072	0.16790169017203	0.376552553353278	0.925925925925926	0.037037037037037	0	0.037037037037037	0	0.0740740740740741
M1	BTG1	27	8955:8981	344.882302268537	1.42516126896072	0.16790169017203	0.376552553353278	0.925925925925926	0.037037037037037	0	0.037037037037037	0	0.0740740740740741
M1	RHOB	27	8955:8981	344.882302268537	1.42516126896072	0.16790169017203	0.376552553353278	0.925925925925926	0.037037037037037	0	0.037037037037037	0	0.0740740740740741
M1	DDX3X	27	8955:8981	344.882302268537	1.42516126896072	0.16790169017203	0.376552553353278	0.925925925925926	0.037037037037037	0	0.037037037037037	0	0.0740740740740741
M1	EIF1	27	8955:8981	344.882302268537	1.42516126896072	0.16790169017203	0.376552553353278	0.925925925925926	0.037037037037037	0	0.037037037037037	0	0.0740740740740741
M1	DUSP5	27	8955:8981	344.882302268537	1.42516126896072	0.16790169017203	0.376552553353278	0.925925925925926	0.037037037037037	0	0.037037037037037	0	0.0740740740740741
M1	IVNS1ABP	27	8955:8981	344.882302268537	1.42516126896072	0.16790169017203	0.376552553353278	0.925925925925926	0.037037037037037	0	0.037037037037037	0	0.0740740740740741
M1	PNRC1	27	8955:8981	344.882302268537	1.42516126896072	0.16790169017203	0.376552553353278	0.925925925925926	0.037037037037037	0	0.037037037037037	0	0.0740740740740741
M1	TRA2B	27	8955:8981	344.882302268537	1.42516126896072	0.16790169017203	0.376552553353278	0.925925925925926	0.037037037037037	0	0.037037037037037	0	0.0740740740740741
M1	INTS6	27	8955:8981	344.882302268537	1.42516126896072	0.16790169017203	0.376552553353278	0.925925925925926	0.037037037037037	0	0.037037037037037	0	0.0740740740740741
M1	PLK2	27	8955:8981	344.882302268537	1.42516126896072	0.16790169017203	0.376552553353278	0.925925925925926	0.037037037037037	0	0.037037037037037	0	0.0740740740740741
M1	HERPUD1	27	8955:8981	344.882302268537	1.42516126896072	0.16790169017203	0.376552553353278	0.925925925925926	0.037037037037037	0	0.037037037037037	0	0.0740740740740741
M1	BAG3	27	8955:8981	344.882302268537	1.42516126896072	0.16790169017203	0.376552553353278	0.925925925925926	0.037037037037037	0	0.037037037037037	0	0.0740740740740741
M1	MYLIP	27	8955:8981	344.882302268537	1.42516126896072	0.16790169017203	0.376552553353278	0.925925925925926	0.037037037037037	0	0.037037037037037	0	0.0740740740740741
M1	ADAMTS1	27	8955:8981	344.882302268537	1.42516126896072	0.16790169017203	0.376552553353278	0.925925925925926	0.037037037037037	0	0.037037037037037	0	0.0740740740740741
M1	SNHG12	27	8955:8981	344.882302268537	1.42516126896072	0.16790169017203	0.376552553353278	0.925925925925926	0.037037037037037	0	0.037037037037037	0	0.0740740740740741
M1	SRSF7	27	8955:8981	344.882302268537	1.42516126896072	0.16790169017203	0.376552553353278	0.925925925925926	0.037037037037037	0	0.037037037037037	0	0.0740740740740741
M1	DDX5	27	8955:8981	344.882302268537	1.42516126896072	0.16790169017203	0.376552553353278	0.925925925925926	0.037037037037037	0	0.037037037037037	0	0.0740740740740741
M15	MYL6	13	8982:8994	1051.17254340016	0.932806601504588	0.186434789096028	0.267399881988281	1	0	0	0	0	0
M15	CALM2	13	8982:8994	1051.17254340016	0.932806601504588	0.186434789096028	0.267399881988281	1	0	0	0	0	0
M15	ATP5I	13	8982:8994	1051.17254340016	0.932806601504588	0.186434789096028	0.267399881988281	1	0	0	0	0	0
M15	GHITM	13	8982:8994	1051.17254340016	0.932806601504588	0.186434789096028	0.267399881988281	1	0	0	0	0	0
M15	ILF2	13	8982:8994	1051.17254340016	0.932806601504588	0.186434789096028	0.267399881988281	1	0	0	0	0	0
M15	UBL5	13	8982:8994	1051.17254340016	0.932806601504588	0.186434789096028	0.267399881988281	1	0	0	0	0	0
M15	PARK7	13	8982:8994	1051.17254340016	0.932806601504588	0.186434789096028	0.267399881988281	1	0	0	0	0	0
M15	TMSB10	13	8982:8994	1051.17254340016	0.932806601504588	0.186434789096028	0.267399881988281	1	0	0	0	0	0
M15	CKAP4	13	8982:8994	1051.17254340016	0.932806601504588	0.186434789096028	0.267399881988281	1	0	0	0	0	0
M15	MAP4	13	8982:8994	1051.17254340016	0.932806601504588	0.186434789096028	0.267399881988281	1	0	0	0	0	0
M15	NEDD8	13	8982:8994	1051.17254340016	0.932806601504588	0.186434789096028	0.267399881988281	1	0	0	0	0	0
M15	PSMA4	13	8982:8994	1051.17254340016	0.932806601504588	0.186434789096028	0.267399881988281	1	0	0	0	0	0
M15	PTP4A2	13	8982:8994	1051.17254340016	0.932806601504588	0.186434789096028	0.267399881988281	1	0	0	0	0	0
M26	NCF2	10	8995:9004	23.6410354585518	3.30089227870807	0.188553602620217	0.405169869296212	0.8	0	0	0	0.2	0
M26	ITGAL	10	8995:9004	23.6410354585518	3.30089227870807	0.188553602620217	0.405169869296212	0.8	0	0	0	0.2	0
M26	CLSPN	10	8995:9004	23.6410354585518	3.30089227870807	0.188553602620217	0.405169869296212	0.8	0	0	0	0.2	0
M26	TPX2	10	8995:9004	23.6410354585518	3.30089227870807	0.188553602620217	0.405169869296212	0.8	0	0	0	0.2	0
M26	IGHM	10	8995:9004	23.6410354585518	3.30089227870807	0.188553602620217	0.405169869296212	0.8	0	0	0	0.2	0
M26	SPAG5	10	8995:9004	23.6410354585518	3.30089227870807	0.188553602620217	0.405169869296212	0.8	0	0	0	0.2	0
M26	IGLC2	10	8995:9004	23.6410354585518	3.30089227870807	0.188553602620217	0.405169869296212	0.8	0	0	0	0.2	0
M26	BIRC5	10	8995:9004	23.6410354585518	3.30089227870807	0.188553602620217	0.405169869296212	0.8	0	0	0	0.2	0
M26	GRK3	10	8995:9004	23.6410354585518	3.30089227870807	0.188553602620217	0.405169869296212	0.8	0	0	0	0.2	0
M26	MKI67	10	8995:9004	23.6410354585518	3.30089227870807	0.188553602620217	0.405169869296212	0.8	0	0	0	0.2	0
M27	B2M	10	9005:9014	647.492392839085	1.31309697729235	0.14699410793852	0.471644760213291	1	0	0	0	0	0.1
M27	HLA-A	10	9005:9014	647.492392839085	1.31309697729235	0.14699410793852	0.471644760213291	1	0	0	0	0	0.1
M27	SSRP1	10	9005:9014	647.492392839085	1.31309697729235	0.14699410793852	0.471644760213291	1	0	0	0	0	0.1
M27	CD63	10	9005:9014	647.492392839085	1.31309697729235	0.14699410793852	0.471644760213291	1	0	0	0	0	0.1
M27	HLA-C	10	9005:9014	647.492392839085	1.31309697729235	0.14699410793852	0.471644760213291	1	0	0	0	0	0.1
M27	IFI6	10	9005:9014	647.492392839085	1.31309697729235	0.14699410793852	0.471644760213291	1	0	0	0	0	0.1
M27	POFUT2	10	9005:9014	647.492392839085	1.31309697729235	0.14699410793852	0.471644760213291	1	0	0	0	0	0.1
M27	HLA-B	10	9005:9014	647.492392839085	1.31309697729235	0.14699410793852	0.471644760213291	1	0	0	0	0	0.1
M27	OLFML3	10	9005:9014	647.492392839085	1.31309697729235	0.14699410793852	0.471644760213291	1	0	0	0	0	0.1
M27	YIPF3	10	9005:9014	647.492392839085	1.31309697729235	0.14699410793852	0.471644760213291	1	0	0	0	0	0.1
M19	AP000936.1	12	9015:9026	87.1662134868457	2.26642108240036	0.138934241731959	1.08371639864181	0.416666666666667	0	0	0.583333333333333	0	0.0833333333333333
M19	RPL34P27	12	9015:9026	87.1662134868457	2.26642108240036	0.138934241731959	1.08371639864181	0.416666666666667	0	0	0.583333333333333	0	0.0833333333333333
M19	RP11-543P15.1	12	9015:9026	87.1662134868457	2.26642108240036	0.138934241731959	1.08371639864181	0.416666666666667	0	0	0.583333333333333	0	0.0833333333333333
M19	RP11-175B9.3	12	9015:9026	87.1662134868457	2.26642108240036	0.138934241731959	1.08371639864181	0.416666666666667	0	0	0.583333333333333	0	0.0833333333333333
M19	RPL34P26	12	9015:9026	87.1662134868457	2.26642108240036	0.138934241731959	1.08371639864181	0.416666666666667	0	0	0.583333333333333	0	0.0833333333333333
M19	RPL34P1	12	9015:9026	87.1662134868457	2.26642108240036	0.138934241731959	1.08371639864181	0.416666666666667	0	0	0.583333333333333	0	0.0833333333333333
M19	RPS27	12	9015:9026	87.1662134868457	2.26642108240036	0.138934241731959	1.08371639864181	0.416666666666667	0	0	0.583333333333333	0	0.0833333333333333
M19	EBF4	12	9015:9026	87.1662134868457	2.26642108240036	0.138934241731959	1.08371639864181	0.416666666666667	0	0	0.583333333333333	0	0.0833333333333333
M19	TRANK1	12	9015:9026	87.1662134868457	2.26642108240036	0.138934241731959	1.08371639864181	0.416666666666667	0	0	0.583333333333333	0	0.0833333333333333
M19	RP11-761N21.2	12	9015:9026	87.1662134868457	2.26642108240036	0.138934241731959	1.08371639864181	0.416666666666667	0	0	0.583333333333333	0	0.0833333333333333
M19	CHMP2A	12	9015:9026	87.1662134868457	2.26642108240036	0.138934241731959	1.08371639864181	0.416666666666667	0	0	0.583333333333333	0	0.0833333333333333
M19	THBS3	12	9015:9026	87.1662134868457	2.26642108240036	0.138934241731959	1.08371639864181	0.416666666666667	0	0	0.583333333333333	0	0.0833333333333333
M9	FBLN5	16	9027:9042	1125.51780273382	1.12486766244909	0.172571899639896	0.448169676271573	1	0	0	0	0	0
M9	COL1A2	16	9027:9042	1125.51780273382	1.12486766244909	0.172571899639896	0.448169676271573	1	0	0	0	0	0
M9	COL1A1	16	9027:9042	1125.51780273382	1.12486766244909	0.172571899639896	0.448169676271573	1	0	0	0	0	0
M9	LAMA2	16	9027:9042	1125.51780273382	1.12486766244909	0.172571899639896	0.448169676271573	1	0	0	0	0	0
M9	PMP22	16	9027:9042	1125.51780273382	1.12486766244909	0.172571899639896	0.448169676271573	1	0	0	0	0	0
M9	COL5A2	16	9027:9042	1125.51780273382	1.12486766244909	0.172571899639896	0.448169676271573	1	0	0	0	0	0
M9	C1S	16	9027:9042	1125.51780273382	1.12486766244909	0.172571899639896	0.448169676271573	1	0	0	0	0	0
M9	DCN	16	9027:9042	1125.51780273382	1.12486766244909	0.172571899639896	0.448169676271573	1	0	0	0	0	0
M9	DPP4	16	9027:9042	1125.51780273382	1.12486766244909	0.172571899639896	0.448169676271573	1	0	0	0	0	0
M9	NCKAP5	16	9027:9042	1125.51780273382	1.12486766244909	0.172571899639896	0.448169676271573	1	0	0	0	0	0
M9	SVEP1	16	9027:9042	1125.51780273382	1.12486766244909	0.172571899639896	0.448169676271573	1	0	0	0	0	0
M9	COL3A1	16	9027:9042	1125.51780273382	1.12486766244909	0.172571899639896	0.448169676271573	1	0	0	0	0	0
M9	AHNAK	16	9027:9042	1125.51780273382	1.12486766244909	0.172571899639896	0.448169676271573	1	0	0	0	0	0
M9	PDE1C	16	9027:9042	1125.51780273382	1.12486766244909	0.172571899639896	0.448169676271573	1	0	0	0	0	0
M9	FSTL1	16	9027:9042	1125.51780273382	1.12486766244909	0.172571899639896	0.448169676271573	1	0	0	0	0	0
M9	SERPINH1	16	9027:9042	1125.51780273382	1.12486766244909	0.172571899639896	0.448169676271573	1	0	0	0	0	0
M6	FHL1	18	9043:9060	193.869829598918	1.97384915954614	0.138358788933357	0.484114712014393	0.944444444444444	0.0555555555555556	0	0	0	0
M6	MCAM	18	9043:9060	193.869829598918	1.97384915954614	0.138358788933357	0.484114712014393	0.944444444444444	0.0555555555555556	0	0	0	0
M6	MYLK	18	9043:9060	193.869829598918	1.97384915954614	0.138358788933357	0.484114712014393	0.944444444444444	0.0555555555555556	0	0	0	0
M6	CORO1C	18	9043:9060	193.869829598918	1.97384915954614	0.138358788933357	0.484114712014393	0.944444444444444	0.0555555555555556	0	0	0	0
M6	TAGLN	18	9043:9060	193.869829598918	1.97384915954614	0.138358788933357	0.484114712014393	0.944444444444444	0.0555555555555556	0	0	0	0
M6	LMOD1	18	9043:9060	193.869829598918	1.97384915954614	0.138358788933357	0.484114712014393	0.944444444444444	0.0555555555555556	0	0	0	0
M6	GBP1	18	9043:9060	193.869829598918	1.97384915954614	0.138358788933357	0.484114712014393	0.944444444444444	0.0555555555555556	0	0	0	0
M6	TPM1	18	9043:9060	193.869829598918	1.97384915954614	0.138358788933357	0.484114712014393	0.944444444444444	0.0555555555555556	0	0	0	0
M6	TES	18	9043:9060	193.869829598918	1.97384915954614	0.138358788933357	0.484114712014393	0.944444444444444	0.0555555555555556	0	0	0	0
M6	RP11-715J22.6	18	9043:9060	193.869829598918	1.97384915954614	0.138358788933357	0.484114712014393	0.944444444444444	0.0555555555555556	0	0	0	0
M6	NEXN	18	9043:9060	193.869829598918	1.97384915954614	0.138358788933357	0.484114712014393	0.944444444444444	0.0555555555555556	0	0	0	0
M6	PALLD	18	9043:9060	193.869829598918	1.97384915954614	0.138358788933357	0.484114712014393	0.944444444444444	0.0555555555555556	0	0	0	0
M6	TPM4	18	9043:9060	193.869829598918	1.97384915954614	0.138358788933357	0.484114712014393	0.944444444444444	0.0555555555555556	0	0	0	0
M6	PLS3	18	9043:9060	193.869829598918	1.97384915954614	0.138358788933357	0.484114712014393	0.944444444444444	0.0555555555555556	0	0	0	0
M6	CAV1	18	9043:9060	193.869829598918	1.97384915954614	0.138358788933357	0.484114712014393	0.944444444444444	0.0555555555555556	0	0	0	0
M6	ACTA2	18	9043:9060	193.869829598918	1.97384915954614	0.138358788933357	0.484114712014393	0.944444444444444	0.0555555555555556	0	0	0	0
M6	VCL	18	9043:9060	193.869829598918	1.97384915954614	0.138358788933357	0.484114712014393	0.944444444444444	0.0555555555555556	0	0	0	0
M6	CD55	18	9043:9060	193.869829598918	1.97384915954614	0.138358788933357	0.484114712014393	0.944444444444444	0.0555555555555556	0	0	0	0
M2	ABI3BP	25	9061:9085	407.249536761659	1.95912011979941	0.187068065383498	0.435494126034846	1	0	0	0	0	0.16
M2	FBLN1	25	9061:9085	407.249536761659	1.95912011979941	0.187068065383498	0.435494126034846	1	0	0	0	0	0.16
M2	FN1	25	9061:9085	407.249536761659	1.95912011979941	0.187068065383498	0.435494126034846	1	0	0	0	0	0.16
M2	TNC	25	9061:9085	407.249536761659	1.95912011979941	0.187068065383498	0.435494126034846	1	0	0	0	0	0.16
M2	ROBO2	25	9061:9085	407.249536761659	1.95912011979941	0.187068065383498	0.435494126034846	1	0	0	0	0	0.16
M2	SRPX	25	9061:9085	407.249536761659	1.95912011979941	0.187068065383498	0.435494126034846	1	0	0	0	0	0.16
M2	SLIT3	25	9061:9085	407.249536761659	1.95912011979941	0.187068065383498	0.435494126034846	1	0	0	0	0	0.16
M2	MEIS2	25	9061:9085	407.249536761659	1.95912011979941	0.187068065383498	0.435494126034846	1	0	0	0	0	0.16
M2	VCAM1	25	9061:9085	407.249536761659	1.95912011979941	0.187068065383498	0.435494126034846	1	0	0	0	0	0.16
M2	COL21A1	25	9061:9085	407.249536761659	1.95912011979941	0.187068065383498	0.435494126034846	1	0	0	0	0	0.16
M2	VIPR2	25	9061:9085	407.249536761659	1.95912011979941	0.187068065383498	0.435494126034846	1	0	0	0	0	0.16
M2	FOXP2	25	9061:9085	407.249536761659	1.95912011979941	0.187068065383498	0.435494126034846	1	0	0	0	0	0.16
M2	SH3BP4	25	9061:9085	407.249536761659	1.95912011979941	0.187068065383498	0.435494126034846	1	0	0	0	0	0.16
M2	COL6A3	25	9061:9085	407.249536761659	1.95912011979941	0.187068065383498	0.435494126034846	1	0	0	0	0	0.16
M2	ADAMTSL3	25	9061:9085	407.249536761659	1.95912011979941	0.187068065383498	0.435494126034846	1	0	0	0	0	0.16
M2	C1QTNF3	25	9061:9085	407.249536761659	1.95912011979941	0.187068065383498	0.435494126034846	1	0	0	0	0	0.16
M2	PTPRK	25	9061:9085	407.249536761659	1.95912011979941	0.187068065383498	0.435494126034846	1	0	0	0	0	0.16
M2	RERG	25	9061:9085	407.249536761659	1.95912011979941	0.187068065383498	0.435494126034846	1	0	0	0	0	0.16
M2	MAF	25	9061:9085	407.249536761659	1.95912011979941	0.187068065383498	0.435494126034846	1	0	0	0	0	0.16
M2	ASPA	25	9061:9085	407.249536761659	1.95912011979941	0.187068065383498	0.435494126034846	1	0	0	0	0	0.16
M2	PRSS12	25	9061:9085	407.249536761659	1.95912011979941	0.187068065383498	0.435494126034846	1	0	0	0	0	0.16
M2	WNT2B	25	9061:9085	407.249536761659	1.95912011979941	0.187068065383498	0.435494126034846	1	0	0	0	0	0.16
M2	GALNT10	25	9061:9085	407.249536761659	1.95912011979941	0.187068065383498	0.435494126034846	1	0	0	0	0	0.16
M2	NR2F1	25	9061:9085	407.249536761659	1.95912011979941	0.187068065383498	0.435494126034846	1	0	0	0	0	0.16
M2	BDNF	25	9061:9085	407.249536761659	1.95912011979941	0.187068065383498	0.435494126034846	1	0	0	0	0	0.16
M28	COL11A1	10	9086:9095	234.018267872358	2.35541774318293	0.13198405574191	0.440929460711842	1	0	0	0	0	0
M28	LMBRD1	10	9086:9095	234.018267872358	2.35541774318293	0.13198405574191	0.440929460711842	1	0	0	0	0	0
M28	DIAPH3	10	9086:9095	234.018267872358	2.35541774318293	0.13198405574191	0.440929460711842	1	0	0	0	0	0
M28	MDGA2	10	9086:9095	234.018267872358	2.35541774318293	0.13198405574191	0.440929460711842	1	0	0	0	0	0
M28	SPARCL1	10	9086:9095	234.018267872358	2.35541774318293	0.13198405574191	0.440929460711842	1	0	0	0	0	0
M28	PID1	10	9086:9095	234.018267872358	2.35541774318293	0.13198405574191	0.440929460711842	1	0	0	0	0	0
M28	C1QTNF7	10	9086:9095	234.018267872358	2.35541774318293	0.13198405574191	0.440929460711842	1	0	0	0	0	0
M28	GPC3	10	9086:9095	234.018267872358	2.35541774318293	0.13198405574191	0.440929460711842	1	0	0	0	0	0
M28	COL24A1	10	9086:9095	234.018267872358	2.35541774318293	0.13198405574191	0.440929460711842	1	0	0	0	0	0
M28	COL6A5	10	9086:9095	234.018267872358	2.35541774318293	0.13198405574191	0.440929460711842	1	0	0	0	0	0
M10	RPLP2	16	9096:9111	1230.42209532575	0.612383602355811	0.259130211065445	0.316913195104761	1	0	0	0	0	0
M10	RPL34	16	9096:9111	1230.42209532575	0.612383602355811	0.259130211065445	0.316913195104761	1	0	0	0	0	0
M10	RPS17	16	9096:9111	1230.42209532575	0.612383602355811	0.259130211065445	0.316913195104761	1	0	0	0	0	0
M10	RPL31	16	9096:9111	1230.42209532575	0.612383602355811	0.259130211065445	0.316913195104761	1	0	0	0	0	0
M10	RPS28	16	9096:9111	1230.42209532575	0.612383602355811	0.259130211065445	0.316913195104761	1	0	0	0	0	0
M10	RPS24	16	9096:9111	1230.42209532575	0.612383602355811	0.259130211065445	0.316913195104761	1	0	0	0	0	0
M10	NACA	16	9096:9111	1230.42209532575	0.612383602355811	0.259130211065445	0.316913195104761	1	0	0	0	0	0
M10	RPLP1	16	9096:9111	1230.42209532575	0.612383602355811	0.259130211065445	0.316913195104761	1	0	0	0	0	0
M10	RPS3	16	9096:9111	1230.42209532575	0.612383602355811	0.259130211065445	0.316913195104761	1	0	0	0	0	0
M10	RPL23	16	9096:9111	1230.42209532575	0.612383602355811	0.259130211065445	0.316913195104761	1	0	0	0	0	0
M10	RPL37A	16	9096:9111	1230.42209532575	0.612383602355811	0.259130211065445	0.316913195104761	1	0	0	0	0	0
M10	RPL26	16	9096:9111	1230.42209532575	0.612383602355811	0.259130211065445	0.316913195104761	1	0	0	0	0	0
M10	RPL22	16	9096:9111	1230.42209532575	0.612383602355811	0.259130211065445	0.316913195104761	1	0	0	0	0	0
M10	RPL27A	16	9096:9111	1230.42209532575	0.612383602355811	0.259130211065445	0.316913195104761	1	0	0	0	0	0
M10	RPL11	16	9096:9111	1230.42209532575	0.612383602355811	0.259130211065445	0.316913195104761	1	0	0	0	0	0
M10	RPS20	16	9096:9111	1230.42209532575	0.612383602355811	0.259130211065445	0.316913195104761	1	0	0	0	0	0
M12	RPL23AP42	15	9112:9126	528.431755573695	1.02344547164742	0.156487864997191	0.708251011914003	0.666666666666667	0	0	0.333333333333333	0	0
M12	RPL23AP2	15	9112:9126	528.431755573695	1.02344547164742	0.156487864997191	0.708251011914003	0.666666666666667	0	0	0.333333333333333	0	0
M12	RPL9	15	9112:9126	528.431755573695	1.02344547164742	0.156487864997191	0.708251011914003	0.666666666666667	0	0	0.333333333333333	0	0
M12	RPL41	15	9112:9126	528.431755573695	1.02344547164742	0.156487864997191	0.708251011914003	0.666666666666667	0	0	0.333333333333333	0	0
M12	SNRPE	15	9112:9126	528.431755573695	1.02344547164742	0.156487864997191	0.708251011914003	0.666666666666667	0	0	0.333333333333333	0	0
M12	RPL4	15	9112:9126	528.431755573695	1.02344547164742	0.156487864997191	0.708251011914003	0.666666666666667	0	0	0.333333333333333	0	0
M12	RP11-234A1.1	15	9112:9126	528.431755573695	1.02344547164742	0.156487864997191	0.708251011914003	0.666666666666667	0	0	0.333333333333333	0	0
M12	RPS18	15	9112:9126	528.431755573695	1.02344547164742	0.156487864997191	0.708251011914003	0.666666666666667	0	0	0.333333333333333	0	0
M12	RPL23A	15	9112:9126	528.431755573695	1.02344547164742	0.156487864997191	0.708251011914003	0.666666666666667	0	0	0.333333333333333	0	0
M12	RPL9P9	15	9112:9126	528.431755573695	1.02344547164742	0.156487864997191	0.708251011914003	0.666666666666667	0	0	0.333333333333333	0	0
M12	RPS12	15	9112:9126	528.431755573695	1.02344547164742	0.156487864997191	0.708251011914003	0.666666666666667	0	0	0.333333333333333	0	0
M12	RPL27	15	9112:9126	528.431755573695	1.02344547164742	0.156487864997191	0.708251011914003	0.666666666666667	0	0	0.333333333333333	0	0
M12	CXorf23	15	9112:9126	528.431755573695	1.02344547164742	0.156487864997191	0.708251011914003	0.666666666666667	0	0	0.333333333333333	0	0
M12	RP11-864N7.2	15	9112:9126	528.431755573695	1.02344547164742	0.156487864997191	0.708251011914003	0.666666666666667	0	0	0.333333333333333	0	0
M12	RPS8	15	9112:9126	528.431755573695	1.02344547164742	0.156487864997191	0.708251011914003	0.666666666666667	0	0	0.333333333333333	0	0
M3	RPL3P4	20	9127:9146	1056.92124982082	0.923292660210723	0.157773567934908	0.589358419254472	0.75	0.05	0	0.2	0	0
M3	EEF2	20	9127:9146	1056.92124982082	0.923292660210723	0.157773567934908	0.589358419254472	0.75	0.05	0	0.2	0	0
M3	NAP1L1	20	9127:9146	1056.92124982082	0.923292660210723	0.157773567934908	0.589358419254472	0.75	0.05	0	0.2	0	0
M3	TPT1	20	9127:9146	1056.92124982082	0.923292660210723	0.157773567934908	0.589358419254472	0.75	0.05	0	0.2	0	0
M3	RPL3	20	9127:9146	1056.92124982082	0.923292660210723	0.157773567934908	0.589358419254472	0.75	0.05	0	0.2	0	0
M3	RPS6	20	9127:9146	1056.92124982082	0.923292660210723	0.157773567934908	0.589358419254472	0.75	0.05	0	0.2	0	0
M3	GLTSCR2	20	9127:9146	1056.92124982082	0.923292660210723	0.157773567934908	0.589358419254472	0.75	0.05	0	0.2	0	0
M3	RPL38	20	9127:9146	1056.92124982082	0.923292660210723	0.157773567934908	0.589358419254472	0.75	0.05	0	0.2	0	0
M3	EDNRA	20	9127:9146	1056.92124982082	0.923292660210723	0.157773567934908	0.589358419254472	0.75	0.05	0	0.2	0	0
M3	UQCRB	20	9127:9146	1056.92124982082	0.923292660210723	0.157773567934908	0.589358419254472	0.75	0.05	0	0.2	0	0
M3	COX7C	20	9127:9146	1056.92124982082	0.923292660210723	0.157773567934908	0.589358419254472	0.75	0.05	0	0.2	0	0
M3	RP11-69L16.5	20	9127:9146	1056.92124982082	0.923292660210723	0.157773567934908	0.589358419254472	0.75	0.05	0	0.2	0	0
M3	RPL14P1	20	9127:9146	1056.92124982082	0.923292660210723	0.157773567934908	0.589358419254472	0.75	0.05	0	0.2	0	0
M3	RPS21	20	9127:9146	1056.92124982082	0.923292660210723	0.157773567934908	0.589358419254472	0.75	0.05	0	0.2	0	0
M3	HNRNPA1P48	20	9127:9146	1056.92124982082	0.923292660210723	0.157773567934908	0.589358419254472	0.75	0.05	0	0.2	0	0
M3	RPL36	20	9127:9146	1056.92124982082	0.923292660210723	0.157773567934908	0.589358419254472	0.75	0.05	0	0.2	0	0
M3	HNRNPA1	20	9127:9146	1056.92124982082	0.923292660210723	0.157773567934908	0.589358419254472	0.75	0.05	0	0.2	0	0
M3	RPL14	20	9127:9146	1056.92124982082	0.923292660210723	0.157773567934908	0.589358419254472	0.75	0.05	0	0.2	0	0
M3	AC004069.2	20	9127:9146	1056.92124982082	0.923292660210723	0.157773567934908	0.589358419254472	0.75	0.05	0	0.2	0	0
M3	HNRNPA1L2	20	9127:9146	1056.92124982082	0.923292660210723	0.157773567934908	0.589358419254472	0.75	0.05	0	0.2	0	0
M7	RPL7P1	18	9147:9164	673.460089498423	0.94521250438017	0.211807012725152	0.531706250670145	0.166666666666667	0	0.111111111111111	0.722222222222222	0	0
M7	RPS3AP26	18	9147:9164	673.460089498423	0.94521250438017	0.211807012725152	0.531706250670145	0.166666666666667	0	0.111111111111111	0.722222222222222	0	0
M7	RPS3AP6	18	9147:9164	673.460089498423	0.94521250438017	0.211807012725152	0.531706250670145	0.166666666666667	0	0.111111111111111	0.722222222222222	0	0
M7	RPL7P23	18	9147:9164	673.460089498423	0.94521250438017	0.211807012725152	0.531706250670145	0.166666666666667	0	0.111111111111111	0.722222222222222	0	0
M7	RPL7P32	18	9147:9164	673.460089498423	0.94521250438017	0.211807012725152	0.531706250670145	0.166666666666667	0	0.111111111111111	0.722222222222222	0	0
M7	EEF1A1	18	9147:9164	673.460089498423	0.94521250438017	0.211807012725152	0.531706250670145	0.166666666666667	0	0.111111111111111	0.722222222222222	0	0
M7	RPL7	18	9147:9164	673.460089498423	0.94521250438017	0.211807012725152	0.531706250670145	0.166666666666667	0	0.111111111111111	0.722222222222222	0	0
M7	MIR1244-3	18	9147:9164	673.460089498423	0.94521250438017	0.211807012725152	0.531706250670145	0.166666666666667	0	0.111111111111111	0.722222222222222	0	0
M7	RPS3AP49	18	9147:9164	673.460089498423	0.94521250438017	0.211807012725152	0.531706250670145	0.166666666666667	0	0.111111111111111	0.722222222222222	0	0
M7	RPS3AP47	18	9147:9164	673.460089498423	0.94521250438017	0.211807012725152	0.531706250670145	0.166666666666667	0	0.111111111111111	0.722222222222222	0	0
M7	EEF1A1P5	18	9147:9164	673.460089498423	0.94521250438017	0.211807012725152	0.531706250670145	0.166666666666667	0	0.111111111111111	0.722222222222222	0	0
M7	RPS3A	18	9147:9164	673.460089498423	0.94521250438017	0.211807012725152	0.531706250670145	0.166666666666667	0	0.111111111111111	0.722222222222222	0	0
M7	EEF1A1P11	18	9147:9164	673.460089498423	0.94521250438017	0.211807012725152	0.531706250670145	0.166666666666667	0	0.111111111111111	0.722222222222222	0	0
M7	AC010468.1	18	9147:9164	673.460089498423	0.94521250438017	0.211807012725152	0.531706250670145	0.166666666666667	0	0.111111111111111	0.722222222222222	0	0
M7	RPL7P9	18	9147:9164	673.460089498423	0.94521250438017	0.211807012725152	0.531706250670145	0.166666666666667	0	0.111111111111111	0.722222222222222	0	0
M7	EEF1A1P6	18	9147:9164	673.460089498423	0.94521250438017	0.211807012725152	0.531706250670145	0.166666666666667	0	0.111111111111111	0.722222222222222	0	0
M7	PTMAP5	18	9147:9164	673.460089498423	0.94521250438017	0.211807012725152	0.531706250670145	0.166666666666667	0	0.111111111111111	0.722222222222222	0	0
M7	MIR1244-2	18	9147:9164	673.460089498423	0.94521250438017	0.211807012725152	0.531706250670145	0.166666666666667	0	0.111111111111111	0.722222222222222	0	0
M11	EDAR	16	9165:9180	519.720848021106	1.20359099823716	0.154588915861361	0.423779624539201	1	0	0	0	0	0.0625
M11	NTRK3	16	9165:9180	519.720848021106	1.20359099823716	0.154588915861361	0.423779624539201	1	0	0	0	0	0.0625
M11	SLC26A2	16	9165:9180	519.720848021106	1.20359099823716	0.154588915861361	0.423779624539201	1	0	0	0	0	0.0625
M11	VEGFA	16	9165:9180	519.720848021106	1.20359099823716	0.154588915861361	0.423779624539201	1	0	0	0	0	0.0625
M11	BMP4	16	9165:9180	519.720848021106	1.20359099823716	0.154588915861361	0.423779624539201	1	0	0	0	0	0.0625
M11	NID1	16	9165:9180	519.720848021106	1.20359099823716	0.154588915861361	0.423779624539201	1	0	0	0	0	0.0625
M11	COLEC12	16	9165:9180	519.720848021106	1.20359099823716	0.154588915861361	0.423779624539201	1	0	0	0	0	0.0625
M11	SYNPO2	16	9165:9180	519.720848021106	1.20359099823716	0.154588915861361	0.423779624539201	1	0	0	0	0	0.0625
M11	ENPP2	16	9165:9180	519.720848021106	1.20359099823716	0.154588915861361	0.423779624539201	1	0	0	0	0	0.0625
M11	PTCH1	16	9165:9180	519.720848021106	1.20359099823716	0.154588915861361	0.423779624539201	1	0	0	0	0	0.0625
M11	TBX3	16	9165:9180	519.720848021106	1.20359099823716	0.154588915861361	0.423779624539201	1	0	0	0	0	0.0625
M11	HIPK2	16	9165:9180	519.720848021106	1.20359099823716	0.154588915861361	0.423779624539201	1	0	0	0	0	0.0625
M11	PDGFD	16	9165:9180	519.720848021106	1.20359099823716	0.154588915861361	0.423779624539201	1	0	0	0	0	0.0625
M11	ALDH2	16	9165:9180	519.720848021106	1.20359099823716	0.154588915861361	0.423779624539201	1	0	0	0	0	0.0625
M11	GFRA1	16	9165:9180	519.720848021106	1.20359099823716	0.154588915861361	0.423779624539201	1	0	0	0	0	0.0625
M11	ATP2B4	16	9165:9180	519.720848021106	1.20359099823716	0.154588915861361	0.423779624539201	1	0	0	0	0	0.0625
M29	AC002511.2	10	9181:9190	443.036510351876	1.87693848872625	0.149280963507293	0.368051150125923	0.9	0.1	0	0	0	0
M29	TSPAN33	10	9181:9190	443.036510351876	1.87693848872625	0.149280963507293	0.368051150125923	0.9	0.1	0	0	0	0
M29	HSD17B2	10	9181:9190	443.036510351876	1.87693848872625	0.149280963507293	0.368051150125923	0.9	0.1	0	0	0	0
M29	SEMA4D	10	9181:9190	443.036510351876	1.87693848872625	0.149280963507293	0.368051150125923	0.9	0.1	0	0	0	0
M29	WNT4	10	9181:9190	443.036510351876	1.87693848872625	0.149280963507293	0.368051150125923	0.9	0.1	0	0	0	0
M29	VNN2	10	9181:9190	443.036510351876	1.87693848872625	0.149280963507293	0.368051150125923	0.9	0.1	0	0	0	0
M29	MAMDC2	10	9181:9190	443.036510351876	1.87693848872625	0.149280963507293	0.368051150125923	0.9	0.1	0	0	0	0
M29	HSPA12A	10	9181:9190	443.036510351876	1.87693848872625	0.149280963507293	0.368051150125923	0.9	0.1	0	0	0	0
M29	CDH13	10	9181:9190	443.036510351876	1.87693848872625	0.149280963507293	0.368051150125923	0.9	0.1	0	0	0	0
M29	KHDRBS3	10	9181:9190	443.036510351876	1.87693848872625	0.149280963507293	0.368051150125923	0.9	0.1	0	0	0	0
M30	FADS1	10	9191:9200	116.532137034922	2.18168067373724	0.0932333428336316	0.655400481290919	0.9	0	0	0.1	0	0.1
M30	MCM6	10	9191:9200	116.532137034922	2.18168067373724	0.0932333428336316	0.655400481290919	0.9	0	0	0.1	0	0.1
M30	MCM5	10	9191:9200	116.532137034922	2.18168067373724	0.0932333428336316	0.655400481290919	0.9	0	0	0.1	0	0.1
M30	E2F3	10	9191:9200	116.532137034922	2.18168067373724	0.0932333428336316	0.655400481290919	0.9	0	0	0.1	0	0.1
M30	RTCB	10	9191:9200	116.532137034922	2.18168067373724	0.0932333428336316	0.655400481290919	0.9	0	0	0.1	0	0.1
M30	NASP	10	9191:9200	116.532137034922	2.18168067373724	0.0932333428336316	0.655400481290919	0.9	0	0	0.1	0	0.1
M30	UTP6	10	9191:9200	116.532137034922	2.18168067373724	0.0932333428336316	0.655400481290919	0.9	0	0	0.1	0	0.1
M30	DCLRE1C	10	9191:9200	116.532137034922	2.18168067373724	0.0932333428336316	0.655400481290919	0.9	0	0	0.1	0	0.1
M30	TTI2	10	9191:9200	116.532137034922	2.18168067373724	0.0932333428336316	0.655400481290919	0.9	0	0	0.1	0	0.1
M30	AC022182.2	10	9191:9200	116.532137034922	2.18168067373724	0.0932333428336316	0.655400481290919	0.9	0	0	0.1	0	0.1
M31	WRB	10	9201:9210	61.0901830340084	2.49213650106406	0.0693892618745489	0.540294418459244	1	0	0	0	0	0.2
M31	HMBOX1	10	9201:9210	61.0901830340084	2.49213650106406	0.0693892618745489	0.540294418459244	1	0	0	0	0	0.2
M31	TAF2	10	9201:9210	61.0901830340084	2.49213650106406	0.0693892618745489	0.540294418459244	1	0	0	0	0	0.2
M31	KDELC1	10	9201:9210	61.0901830340084	2.49213650106406	0.0693892618745489	0.540294418459244	1	0	0	0	0	0.2
M31	ZNF555	10	9201:9210	61.0901830340084	2.49213650106406	0.0693892618745489	0.540294418459244	1	0	0	0	0	0.2
M31	SLC16A9	10	9201:9210	61.0901830340084	2.49213650106406	0.0693892618745489	0.540294418459244	1	0	0	0	0	0.2
M31	NPEPPS	10	9201:9210	61.0901830340084	2.49213650106406	0.0693892618745489	0.540294418459244	1	0	0	0	0	0.2
M31	PAIP2	10	9201:9210	61.0901830340084	2.49213650106406	0.0693892618745489	0.540294418459244	1	0	0	0	0	0.2
M31	GPR137C	10	9201:9210	61.0901830340084	2.49213650106406	0.0693892618745489	0.540294418459244	1	0	0	0	0	0.2
M31	RASAL2	10	9201:9210	61.0901830340084	2.49213650106406	0.0693892618745489	0.540294418459244	1	0	0	0	0	0.2
M20	LRRC74B	12	9211:9222	22.9819747605849	3.2526195700448	0.0896237705843025	0.51325907622909	0.75	0.166666666666667	0	0.0833333333333333	0	0
M20	DENND1A	12	9211:9222	22.9819747605849	3.2526195700448	0.0896237705843025	0.51325907622909	0.75	0.166666666666667	0	0.0833333333333333	0	0
M20	SNRNP70	12	9211:9222	22.9819747605849	3.2526195700448	0.0896237705843025	0.51325907622909	0.75	0.166666666666667	0	0.0833333333333333	0	0
M20	ATP5A1P2	12	9211:9222	22.9819747605849	3.2526195700448	0.0896237705843025	0.51325907622909	0.75	0.166666666666667	0	0.0833333333333333	0	0
M20	RP11-106D4.2	12	9211:9222	22.9819747605849	3.2526195700448	0.0896237705843025	0.51325907622909	0.75	0.166666666666667	0	0.0833333333333333	0	0
M20	KSR2	12	9211:9222	22.9819747605849	3.2526195700448	0.0896237705843025	0.51325907622909	0.75	0.166666666666667	0	0.0833333333333333	0	0
M20	CP	12	9211:9222	22.9819747605849	3.2526195700448	0.0896237705843025	0.51325907622909	0.75	0.166666666666667	0	0.0833333333333333	0	0
M20	CLNK	12	9211:9222	22.9819747605849	3.2526195700448	0.0896237705843025	0.51325907622909	0.75	0.166666666666667	0	0.0833333333333333	0	0
M20	C2orf48	12	9211:9222	22.9819747605849	3.2526195700448	0.0896237705843025	0.51325907622909	0.75	0.166666666666667	0	0.0833333333333333	0	0
M20	AREL1	12	9211:9222	22.9819747605849	3.2526195700448	0.0896237705843025	0.51325907622909	0.75	0.166666666666667	0	0.0833333333333333	0	0
M20	MYO18B	12	9211:9222	22.9819747605849	3.2526195700448	0.0896237705843025	0.51325907622909	0.75	0.166666666666667	0	0.0833333333333333	0	0
M20	MAOB	12	9211:9222	22.9819747605849	3.2526195700448	0.0896237705843025	0.51325907622909	0.75	0.166666666666667	0	0.0833333333333333	0	0
M13	PLAT	15	9223:9237	301.884986517721	1.62936351853361	0.144425055886145	0.424468107959755	1	0	0	0	0	0
M13	SHANK2	15	9223:9237	301.884986517721	1.62936351853361	0.144425055886145	0.424468107959755	1	0	0	0	0	0
M13	RAB37	15	9223:9237	301.884986517721	1.62936351853361	0.144425055886145	0.424468107959755	1	0	0	0	0	0
M13	DLL1	15	9223:9237	301.884986517721	1.62936351853361	0.144425055886145	0.424468107959755	1	0	0	0	0	0
M13	VSTM2A	15	9223:9237	301.884986517721	1.62936351853361	0.144425055886145	0.424468107959755	1	0	0	0	0	0
M13	GPR68	15	9223:9237	301.884986517721	1.62936351853361	0.144425055886145	0.424468107959755	1	0	0	0	0	0
M13	OLFM1	15	9223:9237	301.884986517721	1.62936351853361	0.144425055886145	0.424468107959755	1	0	0	0	0	0
M13	NSG1	15	9223:9237	301.884986517721	1.62936351853361	0.144425055886145	0.424468107959755	1	0	0	0	0	0
M13	PXDN	15	9223:9237	301.884986517721	1.62936351853361	0.144425055886145	0.424468107959755	1	0	0	0	0	0
M13	CXCR4	15	9223:9237	301.884986517721	1.62936351853361	0.144425055886145	0.424468107959755	1	0	0	0	0	0
M13	MGLL	15	9223:9237	301.884986517721	1.62936351853361	0.144425055886145	0.424468107959755	1	0	0	0	0	0
M13	NELL1	15	9223:9237	301.884986517721	1.62936351853361	0.144425055886145	0.424468107959755	1	0	0	0	0	0
M13	EDNRB	15	9223:9237	301.884986517721	1.62936351853361	0.144425055886145	0.424468107959755	1	0	0	0	0	0
M13	LAMB1	15	9223:9237	301.884986517721	1.62936351853361	0.144425055886145	0.424468107959755	1	0	0	0	0	0
M13	OLFML2A	15	9223:9237	301.884986517721	1.62936351853361	0.144425055886145	0.424468107959755	1	0	0	0	0	0
M32	PDGFRA	10	9238:9247	245.748470410021	1.47801352482772	0.152148657295214	0.46699504972382	1	0	0	0	0	0
M32	BMP5	10	9238:9247	245.748470410021	1.47801352482772	0.152148657295214	0.46699504972382	1	0	0	0	0	0
M32	NDST4	10	9238:9247	245.748470410021	1.47801352482772	0.152148657295214	0.46699504972382	1	0	0	0	0	0
M32	COL4A5	10	9238:9247	245.748470410021	1.47801352482772	0.152148657295214	0.46699504972382	1	0	0	0	0	0
M32	COL4A6	10	9238:9247	245.748470410021	1.47801352482772	0.152148657295214	0.46699504972382	1	0	0	0	0	0
M32	SPRY2	10	9238:9247	245.748470410021	1.47801352482772	0.152148657295214	0.46699504972382	1	0	0	0	0	0
M32	RBFOX2	10	9238:9247	245.748470410021	1.47801352482772	0.152148657295214	0.46699504972382	1	0	0	0	0	0
M32	SGCD	10	9238:9247	245.748470410021	1.47801352482772	0.152148657295214	0.46699504972382	1	0	0	0	0	0
M32	RHOU	10	9238:9247	245.748470410021	1.47801352482772	0.152148657295214	0.46699504972382	1	0	0	0	0	0
M32	GPC6	10	9238:9247	245.748470410021	1.47801352482772	0.152148657295214	0.46699504972382	1	0	0	0	0	0
M33	TNFAIP8	10	9248:9257	19.649416005586	3.39463159547576	0.0978491796860956	0.456474475710672	0.4	0.5	0	0.1	0	0
M33	RP11-332H14.2	10	9248:9257	19.649416005586	3.39463159547576	0.0978491796860956	0.456474475710672	0.4	0.5	0	0.1	0	0
M33	RP11-166O4.6	10	9248:9257	19.649416005586	3.39463159547576	0.0978491796860956	0.456474475710672	0.4	0.5	0	0.1	0	0
M33	CTD-2047H16.4	10	9248:9257	19.649416005586	3.39463159547576	0.0978491796860956	0.456474475710672	0.4	0.5	0	0.1	0	0
M33	AC004951.6	10	9248:9257	19.649416005586	3.39463159547576	0.0978491796860956	0.456474475710672	0.4	0.5	0	0.1	0	0
M33	TMEM132D	10	9248:9257	19.649416005586	3.39463159547576	0.0978491796860956	0.456474475710672	0.4	0.5	0	0.1	0	0
M33	NHP2P1	10	9248:9257	19.649416005586	3.39463159547576	0.0978491796860956	0.456474475710672	0.4	0.5	0	0.1	0	0
M33	SSTR2	10	9248:9257	19.649416005586	3.39463159547576	0.0978491796860956	0.456474475710672	0.4	0.5	0	0.1	0	0
M33	DNAH11	10	9248:9257	19.649416005586	3.39463159547576	0.0978491796860956	0.456474475710672	0.4	0.5	0	0.1	0	0
M33	RP11-214K3.24	10	9248:9257	19.649416005586	3.39463159547576	0.0978491796860956	0.456474475710672	0.4	0.5	0	0.1	0	0
M34	LINC01206	10	9258:9267	16.899397575462	3.24440599123598	0.0895902756011568	0.539685189652363	0.3	0.5	0	0.2	0	0
M34	FMN2	10	9258:9267	16.899397575462	3.24440599123598	0.0895902756011568	0.539685189652363	0.3	0.5	0	0.2	0	0
M34	NCKAP1L	10	9258:9267	16.899397575462	3.24440599123598	0.0895902756011568	0.539685189652363	0.3	0.5	0	0.2	0	0
M34	CTD-2562J17.2	10	9258:9267	16.899397575462	3.24440599123598	0.0895902756011568	0.539685189652363	0.3	0.5	0	0.2	0	0
M34	RPS3AP34	10	9258:9267	16.899397575462	3.24440599123598	0.0895902756011568	0.539685189652363	0.3	0.5	0	0.2	0	0
M34	RP11-426D19.1	10	9258:9267	16.899397575462	3.24440599123598	0.0895902756011568	0.539685189652363	0.3	0.5	0	0.2	0	0
M34	CTD-2206N4.4	10	9258:9267	16.899397575462	3.24440599123598	0.0895902756011568	0.539685189652363	0.3	0.5	0	0.2	0	0
M34	RP3-323A16.1	10	9258:9267	16.899397575462	3.24440599123598	0.0895902756011568	0.539685189652363	0.3	0.5	0	0.2	0	0
M34	VWA3B	10	9258:9267	16.899397575462	3.24440599123598	0.0895902756011568	0.539685189652363	0.3	0.5	0	0.2	0	0
M34	NAV2-AS3	10	9258:9267	16.899397575462	3.24440599123598	0.0895902756011568	0.539685189652363	0.3	0.5	0	0.2	0	0
M24	LINC00690	11	9268:9278	21.9433346998402	3.17132935879398	0.0828146148998538	0.558943311848352	0.545454545454545	0.363636363636364	0	0.0909090909090909	0	0
M24	LINC01550	11	9268:9278	21.9433346998402	3.17132935879398	0.0828146148998538	0.558943311848352	0.545454545454545	0.363636363636364	0	0.0909090909090909	0	0
M24	DUSP12	11	9268:9278	21.9433346998402	3.17132935879398	0.0828146148998538	0.558943311848352	0.545454545454545	0.363636363636364	0	0.0909090909090909	0	0
M24	RP5-1043L3.1	11	9268:9278	21.9433346998402	3.17132935879398	0.0828146148998538	0.558943311848352	0.545454545454545	0.363636363636364	0	0.0909090909090909	0	0
M24	RP11-360N9.2	11	9268:9278	21.9433346998402	3.17132935879398	0.0828146148998538	0.558943311848352	0.545454545454545	0.363636363636364	0	0.0909090909090909	0	0
M24	IL1RN	11	9268:9278	21.9433346998402	3.17132935879398	0.0828146148998538	0.558943311848352	0.545454545454545	0.363636363636364	0	0.0909090909090909	0	0
M24	RP11-377K22.2	11	9268:9278	21.9433346998402	3.17132935879398	0.0828146148998538	0.558943311848352	0.545454545454545	0.363636363636364	0	0.0909090909090909	0	0
M24	SMG9	11	9268:9278	21.9433346998402	3.17132935879398	0.0828146148998538	0.558943311848352	0.545454545454545	0.363636363636364	0	0.0909090909090909	0	0
M24	KCNMB1	11	9268:9278	21.9433346998402	3.17132935879398	0.0828146148998538	0.558943311848352	0.545454545454545	0.363636363636364	0	0.0909090909090909	0	0
M24	KIAA1549L	11	9268:9278	21.9433346998402	3.17132935879398	0.0828146148998538	0.558943311848352	0.545454545454545	0.363636363636364	0	0.0909090909090909	0	0
M24	MAPT	11	9268:9278	21.9433346998402	3.17132935879398	0.0828146148998538	0.558943311848352	0.545454545454545	0.363636363636364	0	0.0909090909090909	0	0
M35	RP11-390F4.3	10	9279:9288	39.455617796064	3.03744949485451	0.0718604970668623	0.590444464198665	0.6	0.2	0.1	0.1	0	0.2
M35	DOCK5	10	9279:9288	39.455617796064	3.03744949485451	0.0718604970668623	0.590444464198665	0.6	0.2	0.1	0.1	0	0.2
M35	ZNF383	10	9279:9288	39.455617796064	3.03744949485451	0.0718604970668623	0.590444464198665	0.6	0.2	0.1	0.1	0	0.2
M35	KIAA1644	10	9279:9288	39.455617796064	3.03744949485451	0.0718604970668623	0.590444464198665	0.6	0.2	0.1	0.1	0	0.2
M35	RP1-79C4.4	10	9279:9288	39.455617796064	3.03744949485451	0.0718604970668623	0.590444464198665	0.6	0.2	0.1	0.1	0	0.2
M35	POU2F2	10	9279:9288	39.455617796064	3.03744949485451	0.0718604970668623	0.590444464198665	0.6	0.2	0.1	0.1	0	0.2
M35	MTHFR	10	9279:9288	39.455617796064	3.03744949485451	0.0718604970668623	0.590444464198665	0.6	0.2	0.1	0.1	0	0.2
M35	SEM1	10	9279:9288	39.455617796064	3.03744949485451	0.0718604970668623	0.590444464198665	0.6	0.2	0.1	0.1	0	0.2
M35	ALOX12P2	10	9279:9288	39.455617796064	3.03744949485451	0.0718604970668623	0.590444464198665	0.6	0.2	0.1	0.1	0	0.2
M35	RN7SL51P	10	9279:9288	39.455617796064	3.03744949485451	0.0718604970668623	0.590444464198665	0.6	0.2	0.1	0.1	0	0.2
M16	RP11-659E9.2	13	9289:9301	103.41016757146	3.02282552753547	0.0999879090668434	0.469241994402679	0.538461538461538	0.153846153846154	0.0769230769230769	0.230769230769231	0	0
M16	FLJ42102	13	9289:9301	103.41016757146	3.02282552753547	0.0999879090668434	0.469241994402679	0.538461538461538	0.153846153846154	0.0769230769230769	0.230769230769231	0	0
M16	CDK5RAP3	13	9289:9301	103.41016757146	3.02282552753547	0.0999879090668434	0.469241994402679	0.538461538461538	0.153846153846154	0.0769230769230769	0.230769230769231	0	0
M16	HELLPAR	13	9289:9301	103.41016757146	3.02282552753547	0.0999879090668434	0.469241994402679	0.538461538461538	0.153846153846154	0.0769230769230769	0.230769230769231	0	0
M16	SFXN5	13	9289:9301	103.41016757146	3.02282552753547	0.0999879090668434	0.469241994402679	0.538461538461538	0.153846153846154	0.0769230769230769	0.230769230769231	0	0
M16	MYH14	13	9289:9301	103.41016757146	3.02282552753547	0.0999879090668434	0.469241994402679	0.538461538461538	0.153846153846154	0.0769230769230769	0.230769230769231	0	0
M16	RUBCN	13	9289:9301	103.41016757146	3.02282552753547	0.0999879090668434	0.469241994402679	0.538461538461538	0.153846153846154	0.0769230769230769	0.230769230769231	0	0
M16	FAM32BP	13	9289:9301	103.41016757146	3.02282552753547	0.0999879090668434	0.469241994402679	0.538461538461538	0.153846153846154	0.0769230769230769	0.230769230769231	0	0
M16	RNU7-40P	13	9289:9301	103.41016757146	3.02282552753547	0.0999879090668434	0.469241994402679	0.538461538461538	0.153846153846154	0.0769230769230769	0.230769230769231	0	0
M16	HMGB1P8	13	9289:9301	103.41016757146	3.02282552753547	0.0999879090668434	0.469241994402679	0.538461538461538	0.153846153846154	0.0769230769230769	0.230769230769231	0	0
M16	KIF6	13	9289:9301	103.41016757146	3.02282552753547	0.0999879090668434	0.469241994402679	0.538461538461538	0.153846153846154	0.0769230769230769	0.230769230769231	0	0
M16	NOS1	13	9289:9301	103.41016757146	3.02282552753547	0.0999879090668434	0.469241994402679	0.538461538461538	0.153846153846154	0.0769230769230769	0.230769230769231	0	0
M16	LAMA1	13	9289:9301	103.41016757146	3.02282552753547	0.0999879090668434	0.469241994402679	0.538461538461538	0.153846153846154	0.0769230769230769	0.230769230769231	0	0
M21	RAB8A	12	9302:9313	20.9380490575941	3.41715904708351	0.0854775836652801	0.493993387654758	0.666666666666667	0.25	0.0833333333333333	0	0	0.0833333333333333
M21	SLC26A6	12	9302:9313	20.9380490575941	3.41715904708351	0.0854775836652801	0.493993387654758	0.666666666666667	0.25	0.0833333333333333	0	0	0.0833333333333333
M21	RP11-18H21.1	12	9302:9313	20.9380490575941	3.41715904708351	0.0854775836652801	0.493993387654758	0.666666666666667	0.25	0.0833333333333333	0	0	0.0833333333333333
M21	HCLS1	12	9302:9313	20.9380490575941	3.41715904708351	0.0854775836652801	0.493993387654758	0.666666666666667	0.25	0.0833333333333333	0	0	0.0833333333333333
M21	POLE	12	9302:9313	20.9380490575941	3.41715904708351	0.0854775836652801	0.493993387654758	0.666666666666667	0.25	0.0833333333333333	0	0	0.0833333333333333
M21	RNU6-1216P	12	9302:9313	20.9380490575941	3.41715904708351	0.0854775836652801	0.493993387654758	0.666666666666667	0.25	0.0833333333333333	0	0	0.0833333333333333
M21	YARS2	12	9302:9313	20.9380490575941	3.41715904708351	0.0854775836652801	0.493993387654758	0.666666666666667	0.25	0.0833333333333333	0	0	0.0833333333333333
M21	ADD3-AS1	12	9302:9313	20.9380490575941	3.41715904708351	0.0854775836652801	0.493993387654758	0.666666666666667	0.25	0.0833333333333333	0	0	0.0833333333333333
M21	RP11-420N3.2	12	9302:9313	20.9380490575941	3.41715904708351	0.0854775836652801	0.493993387654758	0.666666666666667	0.25	0.0833333333333333	0	0	0.0833333333333333
M21	ZNF366	12	9302:9313	20.9380490575941	3.41715904708351	0.0854775836652801	0.493993387654758	0.666666666666667	0.25	0.0833333333333333	0	0	0.0833333333333333
M21	HK1	12	9302:9313	20.9380490575941	3.41715904708351	0.0854775836652801	0.493993387654758	0.666666666666667	0.25	0.0833333333333333	0	0	0.0833333333333333
M21	RXFP2	12	9302:9313	20.9380490575941	3.41715904708351	0.0854775836652801	0.493993387654758	0.666666666666667	0.25	0.0833333333333333	0	0	0.0833333333333333
M22	BRD2	12	9314:9325	166.25885030206	2.00283544524532	0.153719907557182	0.334117614520386	0.75	0.25	0	0	0	0.0833333333333333
M22	NABP1	12	9314:9325	166.25885030206	2.00283544524532	0.153719907557182	0.334117614520386	0.75	0.25	0	0	0	0.0833333333333333
M22	FAM53C	12	9314:9325	166.25885030206	2.00283544524532	0.153719907557182	0.334117614520386	0.75	0.25	0	0	0	0.0833333333333333
M22	AC116366.6	12	9314:9325	166.25885030206	2.00283544524532	0.153719907557182	0.334117614520386	0.75	0.25	0	0	0	0.0833333333333333
M22	IRF1	12	9314:9325	166.25885030206	2.00283544524532	0.153719907557182	0.334117614520386	0.75	0.25	0	0	0	0.0833333333333333
M22	TOB1	12	9314:9325	166.25885030206	2.00283544524532	0.153719907557182	0.334117614520386	0.75	0.25	0	0	0	0.0833333333333333
M22	UBE2S	12	9314:9325	166.25885030206	2.00283544524532	0.153719907557182	0.334117614520386	0.75	0.25	0	0	0	0.0833333333333333
M22	PCF11	12	9314:9325	166.25885030206	2.00283544524532	0.153719907557182	0.334117614520386	0.75	0.25	0	0	0	0.0833333333333333
M22	SNHG1	12	9314:9325	166.25885030206	2.00283544524532	0.153719907557182	0.334117614520386	0.75	0.25	0	0	0	0.0833333333333333
M22	RN7SL832P	12	9314:9325	166.25885030206	2.00283544524532	0.153719907557182	0.334117614520386	0.75	0.25	0	0	0	0.0833333333333333
M22	FUS	12	9314:9325	166.25885030206	2.00283544524532	0.153719907557182	0.334117614520386	0.75	0.25	0	0	0	0.0833333333333333
M22	HEXIM1	12	9314:9325	166.25885030206	2.00283544524532	0.153719907557182	0.334117614520386	0.75	0.25	0	0	0	0.0833333333333333
M17	MT-ATP6	13	9326:9338	2476.65045525782	0.847924165017265	0.295771252069591	0.491975031962579	0.692307692307692	0	0.153846153846154	0.153846153846154	0	0
M17	MT-ND2	13	9326:9338	2476.65045525782	0.847924165017265	0.295771252069591	0.491975031962579	0.692307692307692	0	0.153846153846154	0.153846153846154	0	0
M17	MT-RNR2	13	9326:9338	2476.65045525782	0.847924165017265	0.295771252069591	0.491975031962579	0.692307692307692	0	0.153846153846154	0.153846153846154	0	0
M17	MTND2P28	13	9326:9338	2476.65045525782	0.847924165017265	0.295771252069591	0.491975031962579	0.692307692307692	0	0.153846153846154	0.153846153846154	0	0
M17	MT-CO3	13	9326:9338	2476.65045525782	0.847924165017265	0.295771252069591	0.491975031962579	0.692307692307692	0	0.153846153846154	0.153846153846154	0	0
M17	MT-RNR1	13	9326:9338	2476.65045525782	0.847924165017265	0.295771252069591	0.491975031962579	0.692307692307692	0	0.153846153846154	0.153846153846154	0	0
M17	MT-CO1	13	9326:9338	2476.65045525782	0.847924165017265	0.295771252069591	0.491975031962579	0.692307692307692	0	0.153846153846154	0.153846153846154	0	0
M17	MT-CYB	13	9326:9338	2476.65045525782	0.847924165017265	0.295771252069591	0.491975031962579	0.692307692307692	0	0.153846153846154	0.153846153846154	0	0
M17	MTRNR2L12	13	9326:9338	2476.65045525782	0.847924165017265	0.295771252069591	0.491975031962579	0.692307692307692	0	0.153846153846154	0.153846153846154	0	0
M17	MT-ND4	13	9326:9338	2476.65045525782	0.847924165017265	0.295771252069591	0.491975031962579	0.692307692307692	0	0.153846153846154	0.153846153846154	0	0
M17	MT-ND5	13	9326:9338	2476.65045525782	0.847924165017265	0.295771252069591	0.491975031962579	0.692307692307692	0	0.153846153846154	0.153846153846154	0	0
M17	MTCO1P12	13	9326:9338	2476.65045525782	0.847924165017265	0.295771252069591	0.491975031962579	0.692307692307692	0	0.153846153846154	0.153846153846154	0	0
M17	DONSON	13	9326:9338	2476.65045525782	0.847924165017265	0.295771252069591	0.491975031962579	0.692307692307692	0	0.153846153846154	0.153846153846154	0	0
M14	NBPF19	14	9339:9352	131.947181351657	1.46248091451099	0.207564117369898	0.862514965206269	0.857142857142857	0	0	0.142857142857143	0	0
M14	USP24	14	9339:9352	131.947181351657	1.46248091451099	0.207564117369898	0.862514965206269	0.857142857142857	0	0	0.142857142857143	0	0
M14	MARCH6	14	9339:9352	131.947181351657	1.46248091451099	0.207564117369898	0.862514965206269	0.857142857142857	0	0	0.142857142857143	0	0
M14	NBPF14	14	9339:9352	131.947181351657	1.46248091451099	0.207564117369898	0.862514965206269	0.857142857142857	0	0	0.142857142857143	0	0
M14	NBPF26	14	9339:9352	131.947181351657	1.46248091451099	0.207564117369898	0.862514965206269	0.857142857142857	0	0	0.142857142857143	0	0
M14	NBPF15	14	9339:9352	131.947181351657	1.46248091451099	0.207564117369898	0.862514965206269	0.857142857142857	0	0	0.142857142857143	0	0
M14	NBPF8	14	9339:9352	131.947181351657	1.46248091451099	0.207564117369898	0.862514965206269	0.857142857142857	0	0	0.142857142857143	0	0
M14	DPYD	14	9339:9352	131.947181351657	1.46248091451099	0.207564117369898	0.862514965206269	0.857142857142857	0	0	0.142857142857143	0	0
M14	NBPF12	14	9339:9352	131.947181351657	1.46248091451099	0.207564117369898	0.862514965206269	0.857142857142857	0	0	0.142857142857143	0	0
M14	TCERG1	14	9339:9352	131.947181351657	1.46248091451099	0.207564117369898	0.862514965206269	0.857142857142857	0	0	0.142857142857143	0	0
M14	NBPF11	14	9339:9352	131.947181351657	1.46248091451099	0.207564117369898	0.862514965206269	0.857142857142857	0	0	0.142857142857143	0	0
M14	NBPF25P	14	9339:9352	131.947181351657	1.46248091451099	0.207564117369898	0.862514965206269	0.857142857142857	0	0	0.142857142857143	0	0
M14	NBPF10	14	9339:9352	131.947181351657	1.46248091451099	0.207564117369898	0.862514965206269	0.857142857142857	0	0	0.142857142857143	0	0
M14	NBPF9	14	9339:9352	131.947181351657	1.46248091451099	0.207564117369898	0.862514965206269	0.857142857142857	0	0	0.142857142857143	0	0
M18	HMGB1P5	13	9353:9365	243.240133531497	1.21938693755317	0.116780274285843	1.06772465887522	0.769230769230769	0	0	0.230769230769231	0	0.153846153846154
M18	HMGB1	13	9353:9365	243.240133531497	1.21938693755317	0.116780274285843	1.06772465887522	0.769230769230769	0	0	0.230769230769231	0	0.153846153846154
M18	HMGB1P10	13	9353:9365	243.240133531497	1.21938693755317	0.116780274285843	1.06772465887522	0.769230769230769	0	0	0.230769230769231	0	0.153846153846154
M18	AC240274.1	13	9353:9365	243.240133531497	1.21938693755317	0.116780274285843	1.06772465887522	0.769230769230769	0	0	0.230769230769231	0	0.153846153846154
M18	CDH11	13	9353:9365	243.240133531497	1.21938693755317	0.116780274285843	1.06772465887522	0.769230769230769	0	0	0.230769230769231	0	0.153846153846154
M18	HMGB1P6	13	9353:9365	243.240133531497	1.21938693755317	0.116780274285843	1.06772465887522	0.769230769230769	0	0	0.230769230769231	0	0.153846153846154
M18	TOP2B	13	9353:9365	243.240133531497	1.21938693755317	0.116780274285843	1.06772465887522	0.769230769230769	0	0	0.230769230769231	0	0.153846153846154
M18	BBX	13	9353:9365	243.240133531497	1.21938693755317	0.116780274285843	1.06772465887522	0.769230769230769	0	0	0.230769230769231	0	0.153846153846154
M18	OSBPL10	13	9353:9365	243.240133531497	1.21938693755317	0.116780274285843	1.06772465887522	0.769230769230769	0	0	0.230769230769231	0	0.153846153846154
M18	TMED10	13	9353:9365	243.240133531497	1.21938693755317	0.116780274285843	1.06772465887522	0.769230769230769	0	0	0.230769230769231	0	0.153846153846154
M18	SPON1	13	9353:9365	243.240133531497	1.21938693755317	0.116780274285843	1.06772465887522	0.769230769230769	0	0	0.230769230769231	0	0.153846153846154
M18	NBPF1	13	9353:9365	243.240133531497	1.21938693755317	0.116780274285843	1.06772465887522	0.769230769230769	0	0	0.230769230769231	0	0.153846153846154
M18	ASAP1	13	9353:9365	243.240133531497	1.21938693755317	0.116780274285843	1.06772465887522	0.769230769230769	0	0	0.230769230769231	0	0.153846153846154
M8	HOXB3	17	9366:9382	271.632639000172	1.41800711814184	0.120039156865731	0.836678754177344	0.764705882352941	0.0588235294117647	0	0.176470588235294	0	0.0588235294117647
M8	SLC35F5	17	9366:9382	271.632639000172	1.41800711814184	0.120039156865731	0.836678754177344	0.764705882352941	0.0588235294117647	0	0.176470588235294	0	0.0588235294117647
M8	COL6A6	17	9366:9382	271.632639000172	1.41800711814184	0.120039156865731	0.836678754177344	0.764705882352941	0.0588235294117647	0	0.176470588235294	0	0.0588235294117647
M8	ANKRD50	17	9366:9382	271.632639000172	1.41800711814184	0.120039156865731	0.836678754177344	0.764705882352941	0.0588235294117647	0	0.176470588235294	0	0.0588235294117647
M8	CCNI	17	9366:9382	271.632639000172	1.41800711814184	0.120039156865731	0.836678754177344	0.764705882352941	0.0588235294117647	0	0.176470588235294	0	0.0588235294117647
M8	PABPC1	17	9366:9382	271.632639000172	1.41800711814184	0.120039156865731	0.836678754177344	0.764705882352941	0.0588235294117647	0	0.176470588235294	0	0.0588235294117647
M8	EIF4B	17	9366:9382	271.632639000172	1.41800711814184	0.120039156865731	0.836678754177344	0.764705882352941	0.0588235294117647	0	0.176470588235294	0	0.0588235294117647
M8	EIF4BP3	17	9366:9382	271.632639000172	1.41800711814184	0.120039156865731	0.836678754177344	0.764705882352941	0.0588235294117647	0	0.176470588235294	0	0.0588235294117647
M8	EIF4BP6	17	9366:9382	271.632639000172	1.41800711814184	0.120039156865731	0.836678754177344	0.764705882352941	0.0588235294117647	0	0.176470588235294	0	0.0588235294117647
M8	ST8SIA4	17	9366:9382	271.632639000172	1.41800711814184	0.120039156865731	0.836678754177344	0.764705882352941	0.0588235294117647	0	0.176470588235294	0	0.0588235294117647
M8	MYO1B	17	9366:9382	271.632639000172	1.41800711814184	0.120039156865731	0.836678754177344	0.764705882352941	0.0588235294117647	0	0.176470588235294	0	0.0588235294117647
M8	ANGPT1	17	9366:9382	271.632639000172	1.41800711814184	0.120039156865731	0.836678754177344	0.764705882352941	0.0588235294117647	0	0.176470588235294	0	0.0588235294117647
M8	RHOBTB3	17	9366:9382	271.632639000172	1.41800711814184	0.120039156865731	0.836678754177344	0.764705882352941	0.0588235294117647	0	0.176470588235294	0	0.0588235294117647
M8	CDR1	17	9366:9382	271.632639000172	1.41800711814184	0.120039156865731	0.836678754177344	0.764705882352941	0.0588235294117647	0	0.176470588235294	0	0.0588235294117647
M8	CDR1-AS	17	9366:9382	271.632639000172	1.41800711814184	0.120039156865731	0.836678754177344	0.764705882352941	0.0588235294117647	0	0.176470588235294	0	0.0588235294117647
M8	EIF4BP7	17	9366:9382	271.632639000172	1.41800711814184	0.120039156865731	0.836678754177344	0.764705882352941	0.0588235294117647	0	0.176470588235294	0	0.0588235294117647
M8	PCDH18	17	9366:9382	271.632639000172	1.41800711814184	0.120039156865731	0.836678754177344	0.764705882352941	0.0588235294117647	0	0.176470588235294	0	0.0588235294117647
M36	MAP6	10	9383:9392	108.200681488198	1.9048884850376	0.0688843415819626	0.632139854655648	0.9	0.1	0	0	0	0
M36	DDX1	10	9383:9392	108.200681488198	1.9048884850376	0.0688843415819626	0.632139854655648	0.9	0.1	0	0	0	0
M36	RB1CC1	10	9383:9392	108.200681488198	1.9048884850376	0.0688843415819626	0.632139854655648	0.9	0.1	0	0	0	0
M36	SMC3	10	9383:9392	108.200681488198	1.9048884850376	0.0688843415819626	0.632139854655648	0.9	0.1	0	0	0	0
M36	PRTG	10	9383:9392	108.200681488198	1.9048884850376	0.0688843415819626	0.632139854655648	0.9	0.1	0	0	0	0
M36	TOP1	10	9383:9392	108.200681488198	1.9048884850376	0.0688843415819626	0.632139854655648	0.9	0.1	0	0	0	0
M36	PPP1CC	10	9383:9392	108.200681488198	1.9048884850376	0.0688843415819626	0.632139854655648	0.9	0.1	0	0	0	0
M36	WDR36	10	9383:9392	108.200681488198	1.9048884850376	0.0688843415819626	0.632139854655648	0.9	0.1	0	0	0	0
M36	EED	10	9383:9392	108.200681488198	1.9048884850376	0.0688843415819626	0.632139854655648	0.9	0.1	0	0	0	0
M36	CTD-2298J14.2	10	9383:9392	108.200681488198	1.9048884850376	0.0688843415819626	0.632139854655648	0.9	0.1	0	0	0	0
M37	TNFAIP1	10	9393:9402	41.4707782640937	2.77581810897176	0.0788491772522969	0.544371007882056	0.9	0	0	0.1	0	0
M37	WHAMM	10	9393:9402	41.4707782640937	2.77581810897176	0.0788491772522969	0.544371007882056	0.9	0	0	0.1	0	0
M37	MRPL14	10	9393:9402	41.4707782640937	2.77581810897176	0.0788491772522969	0.544371007882056	0.9	0	0	0.1	0	0
M37	CMTM4	10	9393:9402	41.4707782640937	2.77581810897176	0.0788491772522969	0.544371007882056	0.9	0	0	0.1	0	0
M37	GCDH	10	9393:9402	41.4707782640937	2.77581810897176	0.0788491772522969	0.544371007882056	0.9	0	0	0.1	0	0
M37	NSMAF	10	9393:9402	41.4707782640937	2.77581810897176	0.0788491772522969	0.544371007882056	0.9	0	0	0.1	0	0
M37	TSPY26P	10	9393:9402	41.4707782640937	2.77581810897176	0.0788491772522969	0.544371007882056	0.9	0	0	0.1	0	0
M37	OTUD4	10	9393:9402	41.4707782640937	2.77581810897176	0.0788491772522969	0.544371007882056	0.9	0	0	0.1	0	0
M37	PDE4D	10	9393:9402	41.4707782640937	2.77581810897176	0.0788491772522969	0.544371007882056	0.9	0	0	0.1	0	0
M37	CPT2	10	9393:9402	41.4707782640937	2.77581810897176	0.0788491772522969	0.544371007882056	0.9	0	0	0.1	0	0
