cluster	gene	size	boundary	avgExpr	cvExpr	avgCor	cvCor	protein_coding	lncRNA	sncRNA	pseudogene	Ig/TcR	tf
M7	SEMA5A	16	1:16	513.79413553273	0.894635387701667	0.161549609669065	0.368908830892374	1	0	0	0	0	0
M7	CPED1	16	1:16	513.79413553273	0.894635387701667	0.161549609669065	0.368908830892374	1	0	0	0	0	0
M7	MMP2	16	1:16	513.79413553273	0.894635387701667	0.161549609669065	0.368908830892374	1	0	0	0	0	0
M7	MFAP4	16	1:16	513.79413553273	0.894635387701667	0.161549609669065	0.368908830892374	1	0	0	0	0	0
M7	PROM1	16	1:16	513.79413553273	0.894635387701667	0.161549609669065	0.368908830892374	1	0	0	0	0	0
M7	VEGFA	16	1:16	513.79413553273	0.894635387701667	0.161549609669065	0.368908830892374	1	0	0	0	0	0
M7	NTRK3	16	1:16	513.79413553273	0.894635387701667	0.161549609669065	0.368908830892374	1	0	0	0	0	0
M7	NID1	16	1:16	513.79413553273	0.894635387701667	0.161549609669065	0.368908830892374	1	0	0	0	0	0
M7	COLEC12	16	1:16	513.79413553273	0.894635387701667	0.161549609669065	0.368908830892374	1	0	0	0	0	0
M7	PLXDC2	16	1:16	513.79413553273	0.894635387701667	0.161549609669065	0.368908830892374	1	0	0	0	0	0
M7	GPC6	16	1:16	513.79413553273	0.894635387701667	0.161549609669065	0.368908830892374	1	0	0	0	0	0
M7	GPM6B	16	1:16	513.79413553273	0.894635387701667	0.161549609669065	0.368908830892374	1	0	0	0	0	0
M7	SPON1	16	1:16	513.79413553273	0.894635387701667	0.161549609669065	0.368908830892374	1	0	0	0	0	0
M7	EDIL3	16	1:16	513.79413553273	0.894635387701667	0.161549609669065	0.368908830892374	1	0	0	0	0	0
M7	ADGRL3	16	1:16	513.79413553273	0.894635387701667	0.161549609669065	0.368908830892374	1	0	0	0	0	0
M7	BMP4	16	1:16	513.79413553273	0.894635387701667	0.161549609669065	0.368908830892374	1	0	0	0	0	0
M11	EEF1A1P5	13	8844:8856	949.061518607891	0.891169247190874	0.234990986310146	0.42546106616307	0.307692307692308	0	0	0.692307692307692	0	0
M11	RPS3A	13	8844:8856	949.061518607891	0.891169247190874	0.234990986310146	0.42546106616307	0.307692307692308	0	0	0.692307692307692	0	0
M11	EEF1A1P6	13	8844:8856	949.061518607891	0.891169247190874	0.234990986310146	0.42546106616307	0.307692307692308	0	0	0.692307692307692	0	0
M11	RPS3AP26	13	8844:8856	949.061518607891	0.891169247190874	0.234990986310146	0.42546106616307	0.307692307692308	0	0	0.692307692307692	0	0
M11	AC010468.1	13	8844:8856	949.061518607891	0.891169247190874	0.234990986310146	0.42546106616307	0.307692307692308	0	0	0.692307692307692	0	0
M11	EEF1A1	13	8844:8856	949.061518607891	0.891169247190874	0.234990986310146	0.42546106616307	0.307692307692308	0	0	0.692307692307692	0	0
M11	EEF1A1P11	13	8844:8856	949.061518607891	0.891169247190874	0.234990986310146	0.42546106616307	0.307692307692308	0	0	0.692307692307692	0	0
M11	RPL5P34	13	8844:8856	949.061518607891	0.891169247190874	0.234990986310146	0.42546106616307	0.307692307692308	0	0	0.692307692307692	0	0
M11	RPS3AP47	13	8844:8856	949.061518607891	0.891169247190874	0.234990986310146	0.42546106616307	0.307692307692308	0	0	0.692307692307692	0	0
M11	RPL5	13	8844:8856	949.061518607891	0.891169247190874	0.234990986310146	0.42546106616307	0.307692307692308	0	0	0.692307692307692	0	0
M11	EIF3E	13	8844:8856	949.061518607891	0.891169247190874	0.234990986310146	0.42546106616307	0.307692307692308	0	0	0.692307692307692	0	0
M11	RPS3AP6	13	8844:8856	949.061518607891	0.891169247190874	0.234990986310146	0.42546106616307	0.307692307692308	0	0	0.692307692307692	0	0
M11	RPS3AP49	13	8844:8856	949.061518607891	0.891169247190874	0.234990986310146	0.42546106616307	0.307692307692308	0	0	0.692307692307692	0	0
M18	MSL1	12	8857:8868	250.595927471473	1.14319372730843	0.0793799831301652	0.499601871659553	1	0	0	0	0	0.166666666666667
M18	CREB1	12	8857:8868	250.595927471473	1.14319372730843	0.0793799831301652	0.499601871659553	1	0	0	0	0	0.166666666666667
M18	SEPT10	12	8857:8868	250.595927471473	1.14319372730843	0.0793799831301652	0.499601871659553	1	0	0	0	0	0.166666666666667
M18	FAM89A	12	8857:8868	250.595927471473	1.14319372730843	0.0793799831301652	0.499601871659553	1	0	0	0	0	0.166666666666667
M18	NFIX	12	8857:8868	250.595927471473	1.14319372730843	0.0793799831301652	0.499601871659553	1	0	0	0	0	0.166666666666667
M18	ANGPT1	12	8857:8868	250.595927471473	1.14319372730843	0.0793799831301652	0.499601871659553	1	0	0	0	0	0.166666666666667
M18	RBFOX2	12	8857:8868	250.595927471473	1.14319372730843	0.0793799831301652	0.499601871659553	1	0	0	0	0	0.166666666666667
M18	PAPOLA	12	8857:8868	250.595927471473	1.14319372730843	0.0793799831301652	0.499601871659553	1	0	0	0	0	0.166666666666667
M18	TTC3	12	8857:8868	250.595927471473	1.14319372730843	0.0793799831301652	0.499601871659553	1	0	0	0	0	0.166666666666667
M18	MYO1B	12	8857:8868	250.595927471473	1.14319372730843	0.0793799831301652	0.499601871659553	1	0	0	0	0	0.166666666666667
M18	U2SURP	12	8857:8868	250.595927471473	1.14319372730843	0.0793799831301652	0.499601871659553	1	0	0	0	0	0.166666666666667
M18	ARHGAP5	12	8857:8868	250.595927471473	1.14319372730843	0.0793799831301652	0.499601871659553	1	0	0	0	0	0.166666666666667
M33	GOLGA8O	10	8869:8878	145.322267171042	2.42264511473118	0.130263594780126	1.21561891088697	0.9	0	0	0.1	0	0
M33	GPATCH8	10	8869:8878	145.322267171042	2.42264511473118	0.130263594780126	1.21561891088697	0.9	0	0	0.1	0	0
M33	MPHOSPH8	10	8869:8878	145.322267171042	2.42264511473118	0.130263594780126	1.21561891088697	0.9	0	0	0.1	0	0
M33	GOLGA8R	10	8869:8878	145.322267171042	2.42264511473118	0.130263594780126	1.21561891088697	0.9	0	0	0.1	0	0
M33	GOLGA8N	10	8869:8878	145.322267171042	2.42264511473118	0.130263594780126	1.21561891088697	0.9	0	0	0.1	0	0
M33	DPH2	10	8869:8878	145.322267171042	2.42264511473118	0.130263594780126	1.21561891088697	0.9	0	0	0.1	0	0
M33	LRCH3	10	8869:8878	145.322267171042	2.42264511473118	0.130263594780126	1.21561891088697	0.9	0	0	0.1	0	0
M33	RP11-157G21.2	10	8869:8878	145.322267171042	2.42264511473118	0.130263594780126	1.21561891088697	0.9	0	0	0.1	0	0
M33	GOLGA8Q	10	8869:8878	145.322267171042	2.42264511473118	0.130263594780126	1.21561891088697	0.9	0	0	0.1	0	0
M33	CHM	10	8869:8878	145.322267171042	2.42264511473118	0.130263594780126	1.21561891088697	0.9	0	0	0.1	0	0
M27	DDR2	11	8879:8889	400.51720269097	1.03076114441684	0.135197746608466	0.348587433873392	1	0	0	0	0	0.272727272727273
M27	ZEB2	11	8879:8889	400.51720269097	1.03076114441684	0.135197746608466	0.348587433873392	1	0	0	0	0	0.272727272727273
M27	CDH11	11	8879:8889	400.51720269097	1.03076114441684	0.135197746608466	0.348587433873392	1	0	0	0	0	0.272727272727273
M27	CCDC68	11	8879:8889	400.51720269097	1.03076114441684	0.135197746608466	0.348587433873392	1	0	0	0	0	0.272727272727273
M27	SELENOP	11	8879:8889	400.51720269097	1.03076114441684	0.135197746608466	0.348587433873392	1	0	0	0	0	0.272727272727273
M27	CPE	11	8879:8889	400.51720269097	1.03076114441684	0.135197746608466	0.348587433873392	1	0	0	0	0	0.272727272727273
M27	LRRC17	11	8879:8889	400.51720269097	1.03076114441684	0.135197746608466	0.348587433873392	1	0	0	0	0	0.272727272727273
M27	NR2F2	11	8879:8889	400.51720269097	1.03076114441684	0.135197746608466	0.348587433873392	1	0	0	0	0	0.272727272727273
M27	AHR	11	8879:8889	400.51720269097	1.03076114441684	0.135197746608466	0.348587433873392	1	0	0	0	0	0.272727272727273
M27	MARCKS	11	8879:8889	400.51720269097	1.03076114441684	0.135197746608466	0.348587433873392	1	0	0	0	0	0.272727272727273
M27	COL14A1	11	8879:8889	400.51720269097	1.03076114441684	0.135197746608466	0.348587433873392	1	0	0	0	0	0.272727272727273
M4	FAM198B	21	8890:8910	260.615740491583	1.91441276794238	0.190576023724798	0.445365664904128	0.952380952380952	0.0476190476190476	0	0	0	0.142857142857143
M4	C1QTNF3	21	8890:8910	260.615740491583	1.91441276794238	0.190576023724798	0.445365664904128	0.952380952380952	0.0476190476190476	0	0	0	0.142857142857143
M4	MAF	21	8890:8910	260.615740491583	1.91441276794238	0.190576023724798	0.445365664904128	0.952380952380952	0.0476190476190476	0	0	0	0.142857142857143
M4	WNT2B	21	8890:8910	260.615740491583	1.91441276794238	0.190576023724798	0.445365664904128	0.952380952380952	0.0476190476190476	0	0	0	0.142857142857143
M4	VIPR2	21	8890:8910	260.615740491583	1.91441276794238	0.190576023724798	0.445365664904128	0.952380952380952	0.0476190476190476	0	0	0	0.142857142857143
M4	VCAM1	21	8890:8910	260.615740491583	1.91441276794238	0.190576023724798	0.445365664904128	0.952380952380952	0.0476190476190476	0	0	0	0.142857142857143
M4	FOXP2	21	8890:8910	260.615740491583	1.91441276794238	0.190576023724798	0.445365664904128	0.952380952380952	0.0476190476190476	0	0	0	0.142857142857143
M4	RP11-715J22.6	21	8890:8910	260.615740491583	1.91441276794238	0.190576023724798	0.445365664904128	0.952380952380952	0.0476190476190476	0	0	0	0.142857142857143
M4	TNC	21	8890:8910	260.615740491583	1.91441276794238	0.190576023724798	0.445365664904128	0.952380952380952	0.0476190476190476	0	0	0	0.142857142857143
M4	COL21A1	21	8890:8910	260.615740491583	1.91441276794238	0.190576023724798	0.445365664904128	0.952380952380952	0.0476190476190476	0	0	0	0.142857142857143
M4	FLNB	21	8890:8910	260.615740491583	1.91441276794238	0.190576023724798	0.445365664904128	0.952380952380952	0.0476190476190476	0	0	0	0.142857142857143
M4	NR2F1	21	8890:8910	260.615740491583	1.91441276794238	0.190576023724798	0.445365664904128	0.952380952380952	0.0476190476190476	0	0	0	0.142857142857143
M4	ADAMTSL3	21	8890:8910	260.615740491583	1.91441276794238	0.190576023724798	0.445365664904128	0.952380952380952	0.0476190476190476	0	0	0	0.142857142857143
M4	LRRC7	21	8890:8910	260.615740491583	1.91441276794238	0.190576023724798	0.445365664904128	0.952380952380952	0.0476190476190476	0	0	0	0.142857142857143
M4	GALNT10	21	8890:8910	260.615740491583	1.91441276794238	0.190576023724798	0.445365664904128	0.952380952380952	0.0476190476190476	0	0	0	0.142857142857143
M4	ROBO2	21	8890:8910	260.615740491583	1.91441276794238	0.190576023724798	0.445365664904128	0.952380952380952	0.0476190476190476	0	0	0	0.142857142857143
M4	SH3BP4	21	8890:8910	260.615740491583	1.91441276794238	0.190576023724798	0.445365664904128	0.952380952380952	0.0476190476190476	0	0	0	0.142857142857143
M4	ABI3BP	21	8890:8910	260.615740491583	1.91441276794238	0.190576023724798	0.445365664904128	0.952380952380952	0.0476190476190476	0	0	0	0.142857142857143
M4	SRPX	21	8890:8910	260.615740491583	1.91441276794238	0.190576023724798	0.445365664904128	0.952380952380952	0.0476190476190476	0	0	0	0.142857142857143
M4	FBLN1	21	8890:8910	260.615740491583	1.91441276794238	0.190576023724798	0.445365664904128	0.952380952380952	0.0476190476190476	0	0	0	0.142857142857143
M4	SLIT3	21	8890:8910	260.615740491583	1.91441276794238	0.190576023724798	0.445365664904128	0.952380952380952	0.0476190476190476	0	0	0	0.142857142857143
M12	NBPF10	13	8911:8923	119.407473514714	1.35657364284479	0.279398492117513	0.56160618655602	0.846153846153846	0	0	0.153846153846154	0	0
M12	NBPF19	13	8911:8923	119.407473514714	1.35657364284479	0.279398492117513	0.56160618655602	0.846153846153846	0	0	0.153846153846154	0	0
M12	NBPF14	13	8911:8923	119.407473514714	1.35657364284479	0.279398492117513	0.56160618655602	0.846153846153846	0	0	0.153846153846154	0	0
M12	NBPF9	13	8911:8923	119.407473514714	1.35657364284479	0.279398492117513	0.56160618655602	0.846153846153846	0	0	0.153846153846154	0	0
M12	NBPF25P	13	8911:8923	119.407473514714	1.35657364284479	0.279398492117513	0.56160618655602	0.846153846153846	0	0	0.153846153846154	0	0
M12	NBPF8	13	8911:8923	119.407473514714	1.35657364284479	0.279398492117513	0.56160618655602	0.846153846153846	0	0	0.153846153846154	0	0
M12	NBPF11	13	8911:8923	119.407473514714	1.35657364284479	0.279398492117513	0.56160618655602	0.846153846153846	0	0	0.153846153846154	0	0
M12	NBPF26	13	8911:8923	119.407473514714	1.35657364284479	0.279398492117513	0.56160618655602	0.846153846153846	0	0	0.153846153846154	0	0
M12	NBPF15	13	8911:8923	119.407473514714	1.35657364284479	0.279398492117513	0.56160618655602	0.846153846153846	0	0	0.153846153846154	0	0
M12	NBPF12	13	8911:8923	119.407473514714	1.35657364284479	0.279398492117513	0.56160618655602	0.846153846153846	0	0	0.153846153846154	0	0
M12	NBPF20	13	8911:8923	119.407473514714	1.35657364284479	0.279398492117513	0.56160618655602	0.846153846153846	0	0	0.153846153846154	0	0
M12	AC240274.1	13	8911:8923	119.407473514714	1.35657364284479	0.279398492117513	0.56160618655602	0.846153846153846	0	0	0.153846153846154	0	0
M12	NBPF1	13	8911:8923	119.407473514714	1.35657364284479	0.279398492117513	0.56160618655602	0.846153846153846	0	0	0.153846153846154	0	0
M8	PDE1C	15	8924:8938	529.285791472816	1.49017075908762	0.181735220580977	0.373709208424325	1	0	0	0	0	0
M8	CD63	15	8924:8938	529.285791472816	1.49017075908762	0.181735220580977	0.373709208424325	1	0	0	0	0	0
M8	MCTP1	15	8924:8938	529.285791472816	1.49017075908762	0.181735220580977	0.373709208424325	1	0	0	0	0	0
M8	PSAP	15	8924:8938	529.285791472816	1.49017075908762	0.181735220580977	0.373709208424325	1	0	0	0	0	0
M8	LUM	15	8924:8938	529.285791472816	1.49017075908762	0.181735220580977	0.373709208424325	1	0	0	0	0	0
M8	GPC4	15	8924:8938	529.285791472816	1.49017075908762	0.181735220580977	0.373709208424325	1	0	0	0	0	0
M8	ST6GALNAC5	15	8924:8938	529.285791472816	1.49017075908762	0.181735220580977	0.373709208424325	1	0	0	0	0	0
M8	SPARC	15	8924:8938	529.285791472816	1.49017075908762	0.181735220580977	0.373709208424325	1	0	0	0	0	0
M8	DPP4	15	8924:8938	529.285791472816	1.49017075908762	0.181735220580977	0.373709208424325	1	0	0	0	0	0
M8	IGFBP7	15	8924:8938	529.285791472816	1.49017075908762	0.181735220580977	0.373709208424325	1	0	0	0	0	0
M8	TGFBI	15	8924:8938	529.285791472816	1.49017075908762	0.181735220580977	0.373709208424325	1	0	0	0	0	0
M8	FBLN5	15	8924:8938	529.285791472816	1.49017075908762	0.181735220580977	0.373709208424325	1	0	0	0	0	0
M8	OLFML3	15	8924:8938	529.285791472816	1.49017075908762	0.181735220580977	0.373709208424325	1	0	0	0	0	0
M8	SERPINH1	15	8924:8938	529.285791472816	1.49017075908762	0.181735220580977	0.373709208424325	1	0	0	0	0	0
M8	FSTL1	15	8924:8938	529.285791472816	1.49017075908762	0.181735220580977	0.373709208424325	1	0	0	0	0	0
M19	MT-CO1	12	8939:8950	2673.17786935505	0.822651377426723	0.322388886444843	0.41359515614695	0.666666666666667	0	0.166666666666667	0.166666666666667	0	0
M19	MT-ND5	12	8939:8950	2673.17786935505	0.822651377426723	0.322388886444843	0.41359515614695	0.666666666666667	0	0.166666666666667	0.166666666666667	0	0
M19	MTCO1P12	12	8939:8950	2673.17786935505	0.822651377426723	0.322388886444843	0.41359515614695	0.666666666666667	0	0.166666666666667	0.166666666666667	0	0
M19	MT-ATP8	12	8939:8950	2673.17786935505	0.822651377426723	0.322388886444843	0.41359515614695	0.666666666666667	0	0.166666666666667	0.166666666666667	0	0
M19	MT-CO3	12	8939:8950	2673.17786935505	0.822651377426723	0.322388886444843	0.41359515614695	0.666666666666667	0	0.166666666666667	0.166666666666667	0	0
M19	MT-ATP6	12	8939:8950	2673.17786935505	0.822651377426723	0.322388886444843	0.41359515614695	0.666666666666667	0	0.166666666666667	0.166666666666667	0	0
M19	MTND2P28	12	8939:8950	2673.17786935505	0.822651377426723	0.322388886444843	0.41359515614695	0.666666666666667	0	0.166666666666667	0.166666666666667	0	0
M19	MT-ND2	12	8939:8950	2673.17786935505	0.822651377426723	0.322388886444843	0.41359515614695	0.666666666666667	0	0.166666666666667	0.166666666666667	0	0
M19	MT-ND4	12	8939:8950	2673.17786935505	0.822651377426723	0.322388886444843	0.41359515614695	0.666666666666667	0	0.166666666666667	0.166666666666667	0	0
M19	MT-CYB	12	8939:8950	2673.17786935505	0.822651377426723	0.322388886444843	0.41359515614695	0.666666666666667	0	0.166666666666667	0.166666666666667	0	0
M19	MT-RNR2	12	8939:8950	2673.17786935505	0.822651377426723	0.322388886444843	0.41359515614695	0.666666666666667	0	0.166666666666667	0.166666666666667	0	0
M19	MT-RNR1	12	8939:8950	2673.17786935505	0.822651377426723	0.322388886444843	0.41359515614695	0.666666666666667	0	0.166666666666667	0.166666666666667	0	0
M34	A2M	10	8951:8960	1119.86538754069	1.1735466777934	0.168120231242433	0.404235694765063	1	0	0	0	0	0.1
M34	POSTN	10	8951:8960	1119.86538754069	1.1735466777934	0.168120231242433	0.404235694765063	1	0	0	0	0	0.1
M34	VCAN	10	8951:8960	1119.86538754069	1.1735466777934	0.168120231242433	0.404235694765063	1	0	0	0	0	0.1
M34	PXDN	10	8951:8960	1119.86538754069	1.1735466777934	0.168120231242433	0.404235694765063	1	0	0	0	0	0.1
M34	SEMA3A	10	8951:8960	1119.86538754069	1.1735466777934	0.168120231242433	0.404235694765063	1	0	0	0	0	0.1
M34	DACH1	10	8951:8960	1119.86538754069	1.1735466777934	0.168120231242433	0.404235694765063	1	0	0	0	0	0.1
M34	LAMA4	10	8951:8960	1119.86538754069	1.1735466777934	0.168120231242433	0.404235694765063	1	0	0	0	0	0.1
M34	LAMB1	10	8951:8960	1119.86538754069	1.1735466777934	0.168120231242433	0.404235694765063	1	0	0	0	0	0.1
M34	ITGA1	10	8951:8960	1119.86538754069	1.1735466777934	0.168120231242433	0.404235694765063	1	0	0	0	0	0.1
M34	PCDH17	10	8951:8960	1119.86538754069	1.1735466777934	0.168120231242433	0.404235694765063	1	0	0	0	0	0.1
M20	PAMR1	12	8961:8972	264.848243756604	2.19501761594783	0.138631909897439	0.436039083490143	1	0	0	0	0	0
M20	GRK5	12	8961:8972	264.848243756604	2.19501761594783	0.138631909897439	0.436039083490143	1	0	0	0	0	0
M20	SPTBN1	12	8961:8972	264.848243756604	2.19501761594783	0.138631909897439	0.436039083490143	1	0	0	0	0	0
M20	IGFBP3	12	8961:8972	264.848243756604	2.19501761594783	0.138631909897439	0.436039083490143	1	0	0	0	0	0
M20	FZD1	12	8961:8972	264.848243756604	2.19501761594783	0.138631909897439	0.436039083490143	1	0	0	0	0	0
M20	ITGA9	12	8961:8972	264.848243756604	2.19501761594783	0.138631909897439	0.436039083490143	1	0	0	0	0	0
M20	SLITRK6	12	8961:8972	264.848243756604	2.19501761594783	0.138631909897439	0.436039083490143	1	0	0	0	0	0
M20	CTSC	12	8961:8972	264.848243756604	2.19501761594783	0.138631909897439	0.436039083490143	1	0	0	0	0	0
M20	EFEMP1	12	8961:8972	264.848243756604	2.19501761594783	0.138631909897439	0.436039083490143	1	0	0	0	0	0
M20	PLAU	12	8961:8972	264.848243756604	2.19501761594783	0.138631909897439	0.436039083490143	1	0	0	0	0	0
M20	LAMC1	12	8961:8972	264.848243756604	2.19501761594783	0.138631909897439	0.436039083490143	1	0	0	0	0	0
M20	PTGS1	12	8961:8972	264.848243756604	2.19501761594783	0.138631909897439	0.436039083490143	1	0	0	0	0	0
M28	ZFP36L1	11	8973:8983	151.438753606558	1.38583472905635	0.116733171108371	0.372065828533665	0.909090909090909	0	0	0.0909090909090909	0	0.272727272727273
M28	ARRDC3	11	8973:8983	151.438753606558	1.38583472905635	0.116733171108371	0.372065828533665	0.909090909090909	0	0	0.0909090909090909	0	0.272727272727273
M28	PNRC1	11	8973:8983	151.438753606558	1.38583472905635	0.116733171108371	0.372065828533665	0.909090909090909	0	0	0.0909090909090909	0	0.272727272727273
M28	SOX11	11	8973:8983	151.438753606558	1.38583472905635	0.116733171108371	0.372065828533665	0.909090909090909	0	0	0.0909090909090909	0	0.272727272727273
M28	UBBP4	11	8973:8983	151.438753606558	1.38583472905635	0.116733171108371	0.372065828533665	0.909090909090909	0	0	0.0909090909090909	0	0.272727272727273
M28	MAFB	11	8973:8983	151.438753606558	1.38583472905635	0.116733171108371	0.372065828533665	0.909090909090909	0	0	0.0909090909090909	0	0.272727272727273
M28	ZFAND5	11	8973:8983	151.438753606558	1.38583472905635	0.116733171108371	0.372065828533665	0.909090909090909	0	0	0.0909090909090909	0	0.272727272727273
M28	EIF5	11	8973:8983	151.438753606558	1.38583472905635	0.116733171108371	0.372065828533665	0.909090909090909	0	0	0.0909090909090909	0	0.272727272727273
M28	PCF11	11	8973:8983	151.438753606558	1.38583472905635	0.116733171108371	0.372065828533665	0.909090909090909	0	0	0.0909090909090909	0	0.272727272727273
M28	GLS	11	8973:8983	151.438753606558	1.38583472905635	0.116733171108371	0.372065828533665	0.909090909090909	0	0	0.0909090909090909	0	0.272727272727273
M28	PHLDA1	11	8973:8983	151.438753606558	1.38583472905635	0.116733171108371	0.372065828533665	0.909090909090909	0	0	0.0909090909090909	0	0.272727272727273
M2	SNAI1	39	8984:9022	586.328046902713	1.81850899332587	0.253257825179658	0.451090647695704	0.948717948717949	0.0512820512820513	0	0	0	0.282051282051282
M2	ID2	39	8984:9022	586.328046902713	1.81850899332587	0.253257825179658	0.451090647695704	0.948717948717949	0.0512820512820513	0	0	0	0.282051282051282
M2	ADM	39	8984:9022	586.328046902713	1.81850899332587	0.253257825179658	0.451090647695704	0.948717948717949	0.0512820512820513	0	0	0	0.282051282051282
M2	DNAJB1	39	8984:9022	586.328046902713	1.81850899332587	0.253257825179658	0.451090647695704	0.948717948717949	0.0512820512820513	0	0	0	0.282051282051282
M2	KLF4	39	8984:9022	586.328046902713	1.81850899332587	0.253257825179658	0.451090647695704	0.948717948717949	0.0512820512820513	0	0	0	0.282051282051282
M2	HSPA1B	39	8984:9022	586.328046902713	1.81850899332587	0.253257825179658	0.451090647695704	0.948717948717949	0.0512820512820513	0	0	0	0.282051282051282
M2	DUSP1	39	8984:9022	586.328046902713	1.81850899332587	0.253257825179658	0.451090647695704	0.948717948717949	0.0512820512820513	0	0	0	0.282051282051282
M2	JUND	39	8984:9022	586.328046902713	1.81850899332587	0.253257825179658	0.451090647695704	0.948717948717949	0.0512820512820513	0	0	0	0.282051282051282
M2	NFKBIA	39	8984:9022	586.328046902713	1.81850899332587	0.253257825179658	0.451090647695704	0.948717948717949	0.0512820512820513	0	0	0	0.282051282051282
M2	SOCS3	39	8984:9022	586.328046902713	1.81850899332587	0.253257825179658	0.451090647695704	0.948717948717949	0.0512820512820513	0	0	0	0.282051282051282
M2	FOS	39	8984:9022	586.328046902713	1.81850899332587	0.253257825179658	0.451090647695704	0.948717948717949	0.0512820512820513	0	0	0	0.282051282051282
M2	IER2	39	8984:9022	586.328046902713	1.81850899332587	0.253257825179658	0.451090647695704	0.948717948717949	0.0512820512820513	0	0	0	0.282051282051282
M2	DNAJA1	39	8984:9022	586.328046902713	1.81850899332587	0.253257825179658	0.451090647695704	0.948717948717949	0.0512820512820513	0	0	0	0.282051282051282
M2	EGR1	39	8984:9022	586.328046902713	1.81850899332587	0.253257825179658	0.451090647695704	0.948717948717949	0.0512820512820513	0	0	0	0.282051282051282
M2	ATF3	39	8984:9022	586.328046902713	1.81850899332587	0.253257825179658	0.451090647695704	0.948717948717949	0.0512820512820513	0	0	0	0.282051282051282
M2	NFKBIZ	39	8984:9022	586.328046902713	1.81850899332587	0.253257825179658	0.451090647695704	0.948717948717949	0.0512820512820513	0	0	0	0.282051282051282
M2	CTD-3252C9.4	39	8984:9022	586.328046902713	1.81850899332587	0.253257825179658	0.451090647695704	0.948717948717949	0.0512820512820513	0	0	0	0.282051282051282
M2	HSPA1A	39	8984:9022	586.328046902713	1.81850899332587	0.253257825179658	0.451090647695704	0.948717948717949	0.0512820512820513	0	0	0	0.282051282051282
M2	MORF4L2	39	8984:9022	586.328046902713	1.81850899332587	0.253257825179658	0.451090647695704	0.948717948717949	0.0512820512820513	0	0	0	0.282051282051282
M2	FOSB	39	8984:9022	586.328046902713	1.81850899332587	0.253257825179658	0.451090647695704	0.948717948717949	0.0512820512820513	0	0	0	0.282051282051282
M2	SNHG12	39	8984:9022	586.328046902713	1.81850899332587	0.253257825179658	0.451090647695704	0.948717948717949	0.0512820512820513	0	0	0	0.282051282051282
M2	CYR61	39	8984:9022	586.328046902713	1.81850899332587	0.253257825179658	0.451090647695704	0.948717948717949	0.0512820512820513	0	0	0	0.282051282051282
M2	PPP1R15A	39	8984:9022	586.328046902713	1.81850899332587	0.253257825179658	0.451090647695704	0.948717948717949	0.0512820512820513	0	0	0	0.282051282051282
M2	TOB2	39	8984:9022	586.328046902713	1.81850899332587	0.253257825179658	0.451090647695704	0.948717948717949	0.0512820512820513	0	0	0	0.282051282051282
M2	ATF4	39	8984:9022	586.328046902713	1.81850899332587	0.253257825179658	0.451090647695704	0.948717948717949	0.0512820512820513	0	0	0	0.282051282051282
M2	MCL1	39	8984:9022	586.328046902713	1.81850899332587	0.253257825179658	0.451090647695704	0.948717948717949	0.0512820512820513	0	0	0	0.282051282051282
M2	ID3	39	8984:9022	586.328046902713	1.81850899332587	0.253257825179658	0.451090647695704	0.948717948717949	0.0512820512820513	0	0	0	0.282051282051282
M2	UBB	39	8984:9022	586.328046902713	1.81850899332587	0.253257825179658	0.451090647695704	0.948717948717949	0.0512820512820513	0	0	0	0.282051282051282
M2	JUN	39	8984:9022	586.328046902713	1.81850899332587	0.253257825179658	0.451090647695704	0.948717948717949	0.0512820512820513	0	0	0	0.282051282051282
M2	SAT1	39	8984:9022	586.328046902713	1.81850899332587	0.253257825179658	0.451090647695704	0.948717948717949	0.0512820512820513	0	0	0	0.282051282051282
M2	TUBA1A	39	8984:9022	586.328046902713	1.81850899332587	0.253257825179658	0.451090647695704	0.948717948717949	0.0512820512820513	0	0	0	0.282051282051282
M2	DNAJB4	39	8984:9022	586.328046902713	1.81850899332587	0.253257825179658	0.451090647695704	0.948717948717949	0.0512820512820513	0	0	0	0.282051282051282
M2	CALM1	39	8984:9022	586.328046902713	1.81850899332587	0.253257825179658	0.451090647695704	0.948717948717949	0.0512820512820513	0	0	0	0.282051282051282
M2	GADD45B	39	8984:9022	586.328046902713	1.81850899332587	0.253257825179658	0.451090647695704	0.948717948717949	0.0512820512820513	0	0	0	0.282051282051282
M2	ING1	39	8984:9022	586.328046902713	1.81850899332587	0.253257825179658	0.451090647695704	0.948717948717949	0.0512820512820513	0	0	0	0.282051282051282
M2	TUBB4B	39	8984:9022	586.328046902713	1.81850899332587	0.253257825179658	0.451090647695704	0.948717948717949	0.0512820512820513	0	0	0	0.282051282051282
M2	ZFP36	39	8984:9022	586.328046902713	1.81850899332587	0.253257825179658	0.451090647695704	0.948717948717949	0.0512820512820513	0	0	0	0.282051282051282
M2	GEM	39	8984:9022	586.328046902713	1.81850899332587	0.253257825179658	0.451090647695704	0.948717948717949	0.0512820512820513	0	0	0	0.282051282051282
M2	IER3	39	8984:9022	586.328046902713	1.81850899332587	0.253257825179658	0.451090647695704	0.948717948717949	0.0512820512820513	0	0	0	0.282051282051282
M5	CHORDC1	21	9023:9043	83.5817490630559	2.37443030554939	0.130087677151073	0.350402547425219	1	0	0	0	0	0.333333333333333
M5	HSPH1	21	9023:9043	83.5817490630559	2.37443030554939	0.130087677151073	0.350402547425219	1	0	0	0	0	0.333333333333333
M5	HERPUD1	21	9023:9043	83.5817490630559	2.37443030554939	0.130087677151073	0.350402547425219	1	0	0	0	0	0.333333333333333
M5	DDIT3	21	9023:9043	83.5817490630559	2.37443030554939	0.130087677151073	0.350402547425219	1	0	0	0	0	0.333333333333333
M5	KLHL15	21	9023:9043	83.5817490630559	2.37443030554939	0.130087677151073	0.350402547425219	1	0	0	0	0	0.333333333333333
M5	TOB1	21	9023:9043	83.5817490630559	2.37443030554939	0.130087677151073	0.350402547425219	1	0	0	0	0	0.333333333333333
M5	NFIL3	21	9023:9043	83.5817490630559	2.37443030554939	0.130087677151073	0.350402547425219	1	0	0	0	0	0.333333333333333
M5	SLC2A3	21	9023:9043	83.5817490630559	2.37443030554939	0.130087677151073	0.350402547425219	1	0	0	0	0	0.333333333333333
M5	EGR2	21	9023:9043	83.5817490630559	2.37443030554939	0.130087677151073	0.350402547425219	1	0	0	0	0	0.333333333333333
M5	ARL4A	21	9023:9043	83.5817490630559	2.37443030554939	0.130087677151073	0.350402547425219	1	0	0	0	0	0.333333333333333
M5	NEU1	21	9023:9043	83.5817490630559	2.37443030554939	0.130087677151073	0.350402547425219	1	0	0	0	0	0.333333333333333
M5	AMD1	21	9023:9043	83.5817490630559	2.37443030554939	0.130087677151073	0.350402547425219	1	0	0	0	0	0.333333333333333
M5	PTP4A1	21	9023:9043	83.5817490630559	2.37443030554939	0.130087677151073	0.350402547425219	1	0	0	0	0	0.333333333333333
M5	NAMPT	21	9023:9043	83.5817490630559	2.37443030554939	0.130087677151073	0.350402547425219	1	0	0	0	0	0.333333333333333
M5	CSRNP1	21	9023:9043	83.5817490630559	2.37443030554939	0.130087677151073	0.350402547425219	1	0	0	0	0	0.333333333333333
M5	UBE2S	21	9023:9043	83.5817490630559	2.37443030554939	0.130087677151073	0.350402547425219	1	0	0	0	0	0.333333333333333
M5	TSC22D1	21	9023:9043	83.5817490630559	2.37443030554939	0.130087677151073	0.350402547425219	1	0	0	0	0	0.333333333333333
M5	KLF10	21	9023:9043	83.5817490630559	2.37443030554939	0.130087677151073	0.350402547425219	1	0	0	0	0	0.333333333333333
M5	IER5	21	9023:9043	83.5817490630559	2.37443030554939	0.130087677151073	0.350402547425219	1	0	0	0	0	0.333333333333333
M5	H2AFZ	21	9023:9043	83.5817490630559	2.37443030554939	0.130087677151073	0.350402547425219	1	0	0	0	0	0.333333333333333
M5	MAFF	21	9023:9043	83.5817490630559	2.37443030554939	0.130087677151073	0.350402547425219	1	0	0	0	0	0.333333333333333
M1	BTG2	42	9044:9085	429.791553946374	1.70082681772267	0.161085411523924	0.372609247682763	0.928571428571429	0.0476190476190476	0	0.0238095238095238	0	0.0952380952380952
M1	HEXIM1	42	9044:9085	429.791553946374	1.70082681772267	0.161085411523924	0.372609247682763	0.928571428571429	0.0476190476190476	0	0.0238095238095238	0	0.0952380952380952
M1	BTG1	42	9044:9085	429.791553946374	1.70082681772267	0.161085411523924	0.372609247682763	0.928571428571429	0.0476190476190476	0	0.0238095238095238	0	0.0952380952380952
M1	NABP1	42	9044:9085	429.791553946374	1.70082681772267	0.161085411523924	0.372609247682763	0.928571428571429	0.0476190476190476	0	0.0238095238095238	0	0.0952380952380952
M1	BRD2	42	9044:9085	429.791553946374	1.70082681772267	0.161085411523924	0.372609247682763	0.928571428571429	0.0476190476190476	0	0.0238095238095238	0	0.0952380952380952
M1	SERTAD1	42	9044:9085	429.791553946374	1.70082681772267	0.161085411523924	0.372609247682763	0.928571428571429	0.0476190476190476	0	0.0238095238095238	0	0.0952380952380952
M1	HSPA8	42	9044:9085	429.791553946374	1.70082681772267	0.161085411523924	0.372609247682763	0.928571428571429	0.0476190476190476	0	0.0238095238095238	0	0.0952380952380952
M1	HSP90AA2P	42	9044:9085	429.791553946374	1.70082681772267	0.161085411523924	0.372609247682763	0.928571428571429	0.0476190476190476	0	0.0238095238095238	0	0.0952380952380952
M1	IDI1	42	9044:9085	429.791553946374	1.70082681772267	0.161085411523924	0.372609247682763	0.928571428571429	0.0476190476190476	0	0.0238095238095238	0	0.0952380952380952
M1	ARL6IP1	42	9044:9085	429.791553946374	1.70082681772267	0.161085411523924	0.372609247682763	0.928571428571429	0.0476190476190476	0	0.0238095238095238	0	0.0952380952380952
M1	ADAMTS1	42	9044:9085	429.791553946374	1.70082681772267	0.161085411523924	0.372609247682763	0.928571428571429	0.0476190476190476	0	0.0238095238095238	0	0.0952380952380952
M1	SLC38A2	42	9044:9085	429.791553946374	1.70082681772267	0.161085411523924	0.372609247682763	0.928571428571429	0.0476190476190476	0	0.0238095238095238	0	0.0952380952380952
M1	RHOB	42	9044:9085	429.791553946374	1.70082681772267	0.161085411523924	0.372609247682763	0.928571428571429	0.0476190476190476	0	0.0238095238095238	0	0.0952380952380952
M1	THUMPD3-AS1	42	9044:9085	429.791553946374	1.70082681772267	0.161085411523924	0.372609247682763	0.928571428571429	0.0476190476190476	0	0.0238095238095238	0	0.0952380952380952
M1	MYADM	42	9044:9085	429.791553946374	1.70082681772267	0.161085411523924	0.372609247682763	0.928571428571429	0.0476190476190476	0	0.0238095238095238	0	0.0952380952380952
M1	ZBTB11	42	9044:9085	429.791553946374	1.70082681772267	0.161085411523924	0.372609247682763	0.928571428571429	0.0476190476190476	0	0.0238095238095238	0	0.0952380952380952
M1	ARL4D	42	9044:9085	429.791553946374	1.70082681772267	0.161085411523924	0.372609247682763	0.928571428571429	0.0476190476190476	0	0.0238095238095238	0	0.0952380952380952
M1	BAG3	42	9044:9085	429.791553946374	1.70082681772267	0.161085411523924	0.372609247682763	0.928571428571429	0.0476190476190476	0	0.0238095238095238	0	0.0952380952380952
M1	IFRD1	42	9044:9085	429.791553946374	1.70082681772267	0.161085411523924	0.372609247682763	0.928571428571429	0.0476190476190476	0	0.0238095238095238	0	0.0952380952380952
M1	EIF1	42	9044:9085	429.791553946374	1.70082681772267	0.161085411523924	0.372609247682763	0.928571428571429	0.0476190476190476	0	0.0238095238095238	0	0.0952380952380952
M1	JUNB	42	9044:9085	429.791553946374	1.70082681772267	0.161085411523924	0.372609247682763	0.928571428571429	0.0476190476190476	0	0.0238095238095238	0	0.0952380952380952
M1	PLK2	42	9044:9085	429.791553946374	1.70082681772267	0.161085411523924	0.372609247682763	0.928571428571429	0.0476190476190476	0	0.0238095238095238	0	0.0952380952380952
M1	DUSP5	42	9044:9085	429.791553946374	1.70082681772267	0.161085411523924	0.372609247682763	0.928571428571429	0.0476190476190476	0	0.0238095238095238	0	0.0952380952380952
M1	SAP18	42	9044:9085	429.791553946374	1.70082681772267	0.161085411523924	0.372609247682763	0.928571428571429	0.0476190476190476	0	0.0238095238095238	0	0.0952380952380952
M1	IRF1	42	9044:9085	429.791553946374	1.70082681772267	0.161085411523924	0.372609247682763	0.928571428571429	0.0476190476190476	0	0.0238095238095238	0	0.0952380952380952
M1	RSRP1	42	9044:9085	429.791553946374	1.70082681772267	0.161085411523924	0.372609247682763	0.928571428571429	0.0476190476190476	0	0.0238095238095238	0	0.0952380952380952
M1	FUS	42	9044:9085	429.791553946374	1.70082681772267	0.161085411523924	0.372609247682763	0.928571428571429	0.0476190476190476	0	0.0238095238095238	0	0.0952380952380952
M1	EGR3	42	9044:9085	429.791553946374	1.70082681772267	0.161085411523924	0.372609247682763	0.928571428571429	0.0476190476190476	0	0.0238095238095238	0	0.0952380952380952
M1	UBC	42	9044:9085	429.791553946374	1.70082681772267	0.161085411523924	0.372609247682763	0.928571428571429	0.0476190476190476	0	0.0238095238095238	0	0.0952380952380952
M1	CCNL1	42	9044:9085	429.791553946374	1.70082681772267	0.161085411523924	0.372609247682763	0.928571428571429	0.0476190476190476	0	0.0238095238095238	0	0.0952380952380952
M1	RGS2	42	9044:9085	429.791553946374	1.70082681772267	0.161085411523924	0.372609247682763	0.928571428571429	0.0476190476190476	0	0.0238095238095238	0	0.0952380952380952
M1	SNHG1	42	9044:9085	429.791553946374	1.70082681772267	0.161085411523924	0.372609247682763	0.928571428571429	0.0476190476190476	0	0.0238095238095238	0	0.0952380952380952
M1	INTS6	42	9044:9085	429.791553946374	1.70082681772267	0.161085411523924	0.372609247682763	0.928571428571429	0.0476190476190476	0	0.0238095238095238	0	0.0952380952380952
M1	CDKN1A	42	9044:9085	429.791553946374	1.70082681772267	0.161085411523924	0.372609247682763	0.928571428571429	0.0476190476190476	0	0.0238095238095238	0	0.0952380952380952
M1	DDX3X	42	9044:9085	429.791553946374	1.70082681772267	0.161085411523924	0.372609247682763	0.928571428571429	0.0476190476190476	0	0.0238095238095238	0	0.0952380952380952
M1	HSP90AA1	42	9044:9085	429.791553946374	1.70082681772267	0.161085411523924	0.372609247682763	0.928571428571429	0.0476190476190476	0	0.0238095238095238	0	0.0952380952380952
M1	RASD1	42	9044:9085	429.791553946374	1.70082681772267	0.161085411523924	0.372609247682763	0.928571428571429	0.0476190476190476	0	0.0238095238095238	0	0.0952380952380952
M1	HSP90AB1	42	9044:9085	429.791553946374	1.70082681772267	0.161085411523924	0.372609247682763	0.928571428571429	0.0476190476190476	0	0.0238095238095238	0	0.0952380952380952
M1	DDX5	42	9044:9085	429.791553946374	1.70082681772267	0.161085411523924	0.372609247682763	0.928571428571429	0.0476190476190476	0	0.0238095238095238	0	0.0952380952380952
M1	EIF4A2	42	9044:9085	429.791553946374	1.70082681772267	0.161085411523924	0.372609247682763	0.928571428571429	0.0476190476190476	0	0.0238095238095238	0	0.0952380952380952
M1	SRSF7	42	9044:9085	429.791553946374	1.70082681772267	0.161085411523924	0.372609247682763	0.928571428571429	0.0476190476190476	0	0.0238095238095238	0	0.0952380952380952
M1	SRSF3	42	9044:9085	429.791553946374	1.70082681772267	0.161085411523924	0.372609247682763	0.928571428571429	0.0476190476190476	0	0.0238095238095238	0	0.0952380952380952
M29	FTH1P2	11	9086:9096	258.757471178328	1.55494484021462	0.218373118913971	0.503325576673114	0.181818181818182	0	0	0.818181818181818	0	0
M29	FTH1P16	11	9086:9096	258.757471178328	1.55494484021462	0.218373118913971	0.503325576673114	0.181818181818182	0	0	0.818181818181818	0	0
M29	FTH1P5	11	9086:9096	258.757471178328	1.55494484021462	0.218373118913971	0.503325576673114	0.181818181818182	0	0	0.818181818181818	0	0
M29	RAB10	11	9086:9096	258.757471178328	1.55494484021462	0.218373118913971	0.503325576673114	0.181818181818182	0	0	0.818181818181818	0	0
M29	FTH1P10	11	9086:9096	258.757471178328	1.55494484021462	0.218373118913971	0.503325576673114	0.181818181818182	0	0	0.818181818181818	0	0
M29	FTH1P8	11	9086:9096	258.757471178328	1.55494484021462	0.218373118913971	0.503325576673114	0.181818181818182	0	0	0.818181818181818	0	0
M29	FTH1	11	9086:9096	258.757471178328	1.55494484021462	0.218373118913971	0.503325576673114	0.181818181818182	0	0	0.818181818181818	0	0
M29	FTH1P20	11	9086:9096	258.757471178328	1.55494484021462	0.218373118913971	0.503325576673114	0.181818181818182	0	0	0.818181818181818	0	0
M29	FTH1P7	11	9086:9096	258.757471178328	1.55494484021462	0.218373118913971	0.503325576673114	0.181818181818182	0	0	0.818181818181818	0	0
M29	FTH1P12	11	9086:9096	258.757471178328	1.55494484021462	0.218373118913971	0.503325576673114	0.181818181818182	0	0	0.818181818181818	0	0
M29	FTH1P11	11	9086:9096	258.757471178328	1.55494484021462	0.218373118913971	0.503325576673114	0.181818181818182	0	0	0.818181818181818	0	0
M10	TMEM100	14	9097:9110	195.972829231692	1.78808003402827	0.112604266312031	0.407222933056999	1	0	0	0	0	0.142857142857143
M10	TACR1	14	9097:9110	195.972829231692	1.78808003402827	0.112604266312031	0.407222933056999	1	0	0	0	0	0.142857142857143
M10	PPARGC1B	14	9097:9110	195.972829231692	1.78808003402827	0.112604266312031	0.407222933056999	1	0	0	0	0	0.142857142857143
M10	WNT4	14	9097:9110	195.972829231692	1.78808003402827	0.112604266312031	0.407222933056999	1	0	0	0	0	0.142857142857143
M10	SHANK2	14	9097:9110	195.972829231692	1.78808003402827	0.112604266312031	0.407222933056999	1	0	0	0	0	0.142857142857143
M10	TSPAN33	14	9097:9110	195.972829231692	1.78808003402827	0.112604266312031	0.407222933056999	1	0	0	0	0	0.142857142857143
M10	SYK	14	9097:9110	195.972829231692	1.78808003402827	0.112604266312031	0.407222933056999	1	0	0	0	0	0.142857142857143
M10	GPR68	14	9097:9110	195.972829231692	1.78808003402827	0.112604266312031	0.407222933056999	1	0	0	0	0	0.142857142857143
M10	ENPP2	14	9097:9110	195.972829231692	1.78808003402827	0.112604266312031	0.407222933056999	1	0	0	0	0	0.142857142857143
M10	VNN2	14	9097:9110	195.972829231692	1.78808003402827	0.112604266312031	0.407222933056999	1	0	0	0	0	0.142857142857143
M10	ALDH2	14	9097:9110	195.972829231692	1.78808003402827	0.112604266312031	0.407222933056999	1	0	0	0	0	0.142857142857143
M10	FOXL1	14	9097:9110	195.972829231692	1.78808003402827	0.112604266312031	0.407222933056999	1	0	0	0	0	0.142857142857143
M10	TBX3	14	9097:9110	195.972829231692	1.78808003402827	0.112604266312031	0.407222933056999	1	0	0	0	0	0.142857142857143
M10	HIPK2	14	9097:9110	195.972829231692	1.78808003402827	0.112604266312031	0.407222933056999	1	0	0	0	0	0.142857142857143
M35	PDGFRA	10	9111:9120	199.814090791093	1.55458116127768	0.158988051363201	0.434712091192589	1	0	0	0	0	0
M35	SERTAD4	10	9111:9120	199.814090791093	1.55458116127768	0.158988051363201	0.434712091192589	1	0	0	0	0	0
M35	MGLL	10	9111:9120	199.814090791093	1.55458116127768	0.158988051363201	0.434712091192589	1	0	0	0	0	0
M35	BMP5	10	9111:9120	199.814090791093	1.55458116127768	0.158988051363201	0.434712091192589	1	0	0	0	0	0
M35	CCDC102B	10	9111:9120	199.814090791093	1.55458116127768	0.158988051363201	0.434712091192589	1	0	0	0	0	0
M35	COL4A6	10	9111:9120	199.814090791093	1.55458116127768	0.158988051363201	0.434712091192589	1	0	0	0	0	0
M35	PAG1	10	9111:9120	199.814090791093	1.55458116127768	0.158988051363201	0.434712091192589	1	0	0	0	0	0
M35	COL4A5	10	9111:9120	199.814090791093	1.55458116127768	0.158988051363201	0.434712091192589	1	0	0	0	0	0
M35	SCUBE2	10	9111:9120	199.814090791093	1.55458116127768	0.158988051363201	0.434712091192589	1	0	0	0	0	0
M35	RND3	10	9111:9120	199.814090791093	1.55458116127768	0.158988051363201	0.434712091192589	1	0	0	0	0	0
M21	LTBP2	12	9121:9132	137.968118809026	2.00100064789952	0.12396505392918	0.350528074081455	0.916666666666667	0.0833333333333333	0	0	0	0
M21	GABRG3	12	9121:9132	137.968118809026	2.00100064789952	0.12396505392918	0.350528074081455	0.916666666666667	0.0833333333333333	0	0	0	0
M21	NRG1	12	9121:9132	137.968118809026	2.00100064789952	0.12396505392918	0.350528074081455	0.916666666666667	0.0833333333333333	0	0	0	0
M21	MTPN	12	9121:9132	137.968118809026	2.00100064789952	0.12396505392918	0.350528074081455	0.916666666666667	0.0833333333333333	0	0	0	0
M21	PLAT	12	9121:9132	137.968118809026	2.00100064789952	0.12396505392918	0.350528074081455	0.916666666666667	0.0833333333333333	0	0	0	0
M21	AC002511.2	12	9121:9132	137.968118809026	2.00100064789952	0.12396505392918	0.350528074081455	0.916666666666667	0.0833333333333333	0	0	0	0
M21	COL13A1	12	9121:9132	137.968118809026	2.00100064789952	0.12396505392918	0.350528074081455	0.916666666666667	0.0833333333333333	0	0	0	0
M21	RHOU	12	9121:9132	137.968118809026	2.00100064789952	0.12396505392918	0.350528074081455	0.916666666666667	0.0833333333333333	0	0	0	0
M21	EMP2	12	9121:9132	137.968118809026	2.00100064789952	0.12396505392918	0.350528074081455	0.916666666666667	0.0833333333333333	0	0	0	0
M21	TNFRSF19	12	9121:9132	137.968118809026	2.00100064789952	0.12396505392918	0.350528074081455	0.916666666666667	0.0833333333333333	0	0	0	0
M21	OLFML2A	12	9121:9132	137.968118809026	2.00100064789952	0.12396505392918	0.350528074081455	0.916666666666667	0.0833333333333333	0	0	0	0
M21	SPRY2	12	9121:9132	137.968118809026	2.00100064789952	0.12396505392918	0.350528074081455	0.916666666666667	0.0833333333333333	0	0	0	0
M22	CXCL14	12	9133:9144	385.041711022801	1.88853959161076	0.191748114846412	0.424573927467601	0.916666666666667	0.0833333333333333	0	0	0	0.0833333333333333
M22	MMP10	12	9133:9144	385.041711022801	1.88853959161076	0.191748114846412	0.424573927467601	0.916666666666667	0.0833333333333333	0	0	0	0.0833333333333333
M22	SOX9	12	9133:9144	385.041711022801	1.88853959161076	0.191748114846412	0.424573927467601	0.916666666666667	0.0833333333333333	0	0	0	0.0833333333333333
M22	CDH13	12	9133:9144	385.041711022801	1.88853959161076	0.191748114846412	0.424573927467601	0.916666666666667	0.0833333333333333	0	0	0	0.0833333333333333
M22	FENDRR	12	9133:9144	385.041711022801	1.88853959161076	0.191748114846412	0.424573927467601	0.916666666666667	0.0833333333333333	0	0	0	0.0833333333333333
M22	MAMDC2	12	9133:9144	385.041711022801	1.88853959161076	0.191748114846412	0.424573927467601	0.916666666666667	0.0833333333333333	0	0	0	0.0833333333333333
M22	TM4SF1	12	9133:9144	385.041711022801	1.88853959161076	0.191748114846412	0.424573927467601	0.916666666666667	0.0833333333333333	0	0	0	0.0833333333333333
M22	GFRA1	12	9133:9144	385.041711022801	1.88853959161076	0.191748114846412	0.424573927467601	0.916666666666667	0.0833333333333333	0	0	0	0.0833333333333333
M22	PTCH1	12	9133:9144	385.041711022801	1.88853959161076	0.191748114846412	0.424573927467601	0.916666666666667	0.0833333333333333	0	0	0	0.0833333333333333
M22	HHIP	12	9133:9144	385.041711022801	1.88853959161076	0.191748114846412	0.424573927467601	0.916666666666667	0.0833333333333333	0	0	0	0.0833333333333333
M22	MMP1	12	9133:9144	385.041711022801	1.88853959161076	0.191748114846412	0.424573927467601	0.916666666666667	0.0833333333333333	0	0	0	0.0833333333333333
M22	SLC26A2	12	9133:9144	385.041711022801	1.88853959161076	0.191748114846412	0.424573927467601	0.916666666666667	0.0833333333333333	0	0	0	0.0833333333333333
M30	SLC24A3	11	9145:9155	237.672599969602	1.45637901957445	0.12928318194397	0.448818705469477	1	0	0	0	0	0
M30	SYNPO2	11	9145:9155	237.672599969602	1.45637901957445	0.12928318194397	0.448818705469477	1	0	0	0	0	0
M30	NSG1	11	9145:9155	237.672599969602	1.45637901957445	0.12928318194397	0.448818705469477	1	0	0	0	0	0
M30	DLL1	11	9145:9155	237.672599969602	1.45637901957445	0.12928318194397	0.448818705469477	1	0	0	0	0	0
M30	LTBP1	11	9145:9155	237.672599969602	1.45637901957445	0.12928318194397	0.448818705469477	1	0	0	0	0	0
M30	CXCR4	11	9145:9155	237.672599969602	1.45637901957445	0.12928318194397	0.448818705469477	1	0	0	0	0	0
M30	AKAP12	11	9145:9155	237.672599969602	1.45637901957445	0.12928318194397	0.448818705469477	1	0	0	0	0	0
M30	CRISPLD2	11	9145:9155	237.672599969602	1.45637901957445	0.12928318194397	0.448818705469477	1	0	0	0	0	0
M30	NELL1	11	9145:9155	237.672599969602	1.45637901957445	0.12928318194397	0.448818705469477	1	0	0	0	0	0
M30	OLFM1	11	9145:9155	237.672599969602	1.45637901957445	0.12928318194397	0.448818705469477	1	0	0	0	0	0
M30	SLC18B1	11	9145:9155	237.672599969602	1.45637901957445	0.12928318194397	0.448818705469477	1	0	0	0	0	0
M31	RPS20P14	11	9156:9166	44.9351686529205	2.06573829114893	0.173843034919612	0.858129028179084	0.0909090909090909	0	0	0.909090909090909	0	0
M31	RP11-175B9.3	11	9156:9166	44.9351686529205	2.06573829114893	0.173843034919612	0.858129028179084	0.0909090909090909	0	0	0.909090909090909	0	0
M31	RPS27	11	9156:9166	44.9351686529205	2.06573829114893	0.173843034919612	0.858129028179084	0.0909090909090909	0	0	0.909090909090909	0	0
M31	RPL34P27	11	9156:9166	44.9351686529205	2.06573829114893	0.173843034919612	0.858129028179084	0.0909090909090909	0	0	0.909090909090909	0	0
M31	RP11-761N21.2	11	9156:9166	44.9351686529205	2.06573829114893	0.173843034919612	0.858129028179084	0.0909090909090909	0	0	0.909090909090909	0	0
M31	AP000936.1	11	9156:9166	44.9351686529205	2.06573829114893	0.173843034919612	0.858129028179084	0.0909090909090909	0	0	0.909090909090909	0	0
M31	RPL34P26	11	9156:9166	44.9351686529205	2.06573829114893	0.173843034919612	0.858129028179084	0.0909090909090909	0	0	0.909090909090909	0	0
M31	RPL34P1	11	9156:9166	44.9351686529205	2.06573829114893	0.173843034919612	0.858129028179084	0.0909090909090909	0	0	0.909090909090909	0	0
M31	RPS20P35	11	9156:9166	44.9351686529205	2.06573829114893	0.173843034919612	0.858129028179084	0.0909090909090909	0	0	0.909090909090909	0	0
M31	RP11-543P15.1	11	9156:9166	44.9351686529205	2.06573829114893	0.173843034919612	0.858129028179084	0.0909090909090909	0	0	0.909090909090909	0	0
M31	AC079922.2	11	9156:9166	44.9351686529205	2.06573829114893	0.173843034919612	0.858129028179084	0.0909090909090909	0	0	0.909090909090909	0	0
M23	PARK7	12	9167:9178	1014.48446633694	1.10779482111558	0.167075266075155	0.374546973192779	1	0	0	0	0	0
M23	ANP32B	12	9167:9178	1014.48446633694	1.10779482111558	0.167075266075155	0.374546973192779	1	0	0	0	0	0
M23	ATP5I	12	9167:9178	1014.48446633694	1.10779482111558	0.167075266075155	0.374546973192779	1	0	0	0	0	0
M23	UBL5	12	9167:9178	1014.48446633694	1.10779482111558	0.167075266075155	0.374546973192779	1	0	0	0	0	0
M23	RAB13	12	9167:9178	1014.48446633694	1.10779482111558	0.167075266075155	0.374546973192779	1	0	0	0	0	0
M23	MAP4	12	9167:9178	1014.48446633694	1.10779482111558	0.167075266075155	0.374546973192779	1	0	0	0	0	0
M23	PSMA4	12	9167:9178	1014.48446633694	1.10779482111558	0.167075266075155	0.374546973192779	1	0	0	0	0	0
M23	ATIC	12	9167:9178	1014.48446633694	1.10779482111558	0.167075266075155	0.374546973192779	1	0	0	0	0	0
M23	TMSB10	12	9167:9178	1014.48446633694	1.10779482111558	0.167075266075155	0.374546973192779	1	0	0	0	0	0
M23	NEDD8	12	9167:9178	1014.48446633694	1.10779482111558	0.167075266075155	0.374546973192779	1	0	0	0	0	0
M23	MYL6	12	9167:9178	1014.48446633694	1.10779482111558	0.167075266075155	0.374546973192779	1	0	0	0	0	0
M23	CALM3	12	9167:9178	1014.48446633694	1.10779482111558	0.167075266075155	0.374546973192779	1	0	0	0	0	0
M9	TIMELESS	15	9179:9193	45.3564224935201	2.77946764773374	0.121392791417328	0.587859623776868	1	0	0	0	0	0
M9	MCM2	15	9179:9193	45.3564224935201	2.77946764773374	0.121392791417328	0.587859623776868	1	0	0	0	0	0
M9	CDC7	15	9179:9193	45.3564224935201	2.77946764773374	0.121392791417328	0.587859623776868	1	0	0	0	0	0
M9	UBA5	15	9179:9193	45.3564224935201	2.77946764773374	0.121392791417328	0.587859623776868	1	0	0	0	0	0
M9	TMEM167A	15	9179:9193	45.3564224935201	2.77946764773374	0.121392791417328	0.587859623776868	1	0	0	0	0	0
M9	CDCA7	15	9179:9193	45.3564224935201	2.77946764773374	0.121392791417328	0.587859623776868	1	0	0	0	0	0
M9	GINS2	15	9179:9193	45.3564224935201	2.77946764773374	0.121392791417328	0.587859623776868	1	0	0	0	0	0
M9	KNTC1	15	9179:9193	45.3564224935201	2.77946764773374	0.121392791417328	0.587859623776868	1	0	0	0	0	0
M9	MCM5	15	9179:9193	45.3564224935201	2.77946764773374	0.121392791417328	0.587859623776868	1	0	0	0	0	0
M9	ACTL6A	15	9179:9193	45.3564224935201	2.77946764773374	0.121392791417328	0.587859623776868	1	0	0	0	0	0
M9	TOP1MT	15	9179:9193	45.3564224935201	2.77946764773374	0.121392791417328	0.587859623776868	1	0	0	0	0	0
M9	HELLS	15	9179:9193	45.3564224935201	2.77946764773374	0.121392791417328	0.587859623776868	1	0	0	0	0	0
M9	MCM4	15	9179:9193	45.3564224935201	2.77946764773374	0.121392791417328	0.587859623776868	1	0	0	0	0	0
M9	MCM6	15	9179:9193	45.3564224935201	2.77946764773374	0.121392791417328	0.587859623776868	1	0	0	0	0	0
M9	PCNA	15	9179:9193	45.3564224935201	2.77946764773374	0.121392791417328	0.587859623776868	1	0	0	0	0	0
M13	PDLIM3	13	9194:9206	251.348535495265	1.83438450022229	0.191463037911317	0.300949277147486	1	0	0	0	0	0
M13	CORO1C	13	9194:9206	251.348535495265	1.83438450022229	0.191463037911317	0.300949277147486	1	0	0	0	0	0
M13	TPM1	13	9194:9206	251.348535495265	1.83438450022229	0.191463037911317	0.300949277147486	1	0	0	0	0	0
M13	ACTA2	13	9194:9206	251.348535495265	1.83438450022229	0.191463037911317	0.300949277147486	1	0	0	0	0	0
M13	LMOD1	13	9194:9206	251.348535495265	1.83438450022229	0.191463037911317	0.300949277147486	1	0	0	0	0	0
M13	NEXN	13	9194:9206	251.348535495265	1.83438450022229	0.191463037911317	0.300949277147486	1	0	0	0	0	0
M13	MYLK	13	9194:9206	251.348535495265	1.83438450022229	0.191463037911317	0.300949277147486	1	0	0	0	0	0
M13	MYOCD	13	9194:9206	251.348535495265	1.83438450022229	0.191463037911317	0.300949277147486	1	0	0	0	0	0
M13	TAGLN	13	9194:9206	251.348535495265	1.83438450022229	0.191463037911317	0.300949277147486	1	0	0	0	0	0
M13	VCL	13	9194:9206	251.348535495265	1.83438450022229	0.191463037911317	0.300949277147486	1	0	0	0	0	0
M13	TPM2	13	9194:9206	251.348535495265	1.83438450022229	0.191463037911317	0.300949277147486	1	0	0	0	0	0
M13	GBP1	13	9194:9206	251.348535495265	1.83438450022229	0.191463037911317	0.300949277147486	1	0	0	0	0	0
M13	TPM4	13	9194:9206	251.348535495265	1.83438450022229	0.191463037911317	0.300949277147486	1	0	0	0	0	0
M36	PMM1	10	9207:9216	461.418486887609	1.42492519661642	0.0963268940385836	0.462940893110715	1	0	0	0	0	0
M36	PGAM1	10	9207:9216	461.418486887609	1.42492519661642	0.0963268940385836	0.462940893110715	1	0	0	0	0	0
M36	CUTA	10	9207:9216	461.418486887609	1.42492519661642	0.0963268940385836	0.462940893110715	1	0	0	0	0	0
M36	PTP4A2	10	9207:9216	461.418486887609	1.42492519661642	0.0963268940385836	0.462940893110715	1	0	0	0	0	0
M36	GHITM	10	9207:9216	461.418486887609	1.42492519661642	0.0963268940385836	0.462940893110715	1	0	0	0	0	0
M36	SF3B2	10	9207:9216	461.418486887609	1.42492519661642	0.0963268940385836	0.462940893110715	1	0	0	0	0	0
M36	FAM136A	10	9207:9216	461.418486887609	1.42492519661642	0.0963268940385836	0.462940893110715	1	0	0	0	0	0
M36	RANBP1	10	9207:9216	461.418486887609	1.42492519661642	0.0963268940385836	0.462940893110715	1	0	0	0	0	0
M36	PSME1	10	9207:9216	461.418486887609	1.42492519661642	0.0963268940385836	0.462940893110715	1	0	0	0	0	0
M36	FIBP	10	9207:9216	461.418486887609	1.42492519661642	0.0963268940385836	0.462940893110715	1	0	0	0	0	0
M37	COX7C	10	9217:9226	106.360833823323	2.28012674397254	0.069476297754553	0.615253115414324	1	0	0	0	0	0
M37	SUPT4H1	10	9217:9226	106.360833823323	2.28012674397254	0.069476297754553	0.615253115414324	1	0	0	0	0	0
M37	DYNC1H1	10	9217:9226	106.360833823323	2.28012674397254	0.069476297754553	0.615253115414324	1	0	0	0	0	0
M37	PSMB4	10	9217:9226	106.360833823323	2.28012674397254	0.069476297754553	0.615253115414324	1	0	0	0	0	0
M37	SNAPC5	10	9217:9226	106.360833823323	2.28012674397254	0.069476297754553	0.615253115414324	1	0	0	0	0	0
M37	C5orf56	10	9217:9226	106.360833823323	2.28012674397254	0.069476297754553	0.615253115414324	1	0	0	0	0	0
M37	PLIN2	10	9217:9226	106.360833823323	2.28012674397254	0.069476297754553	0.615253115414324	1	0	0	0	0	0
M37	MAP2	10	9217:9226	106.360833823323	2.28012674397254	0.069476297754553	0.615253115414324	1	0	0	0	0	0
M37	NSMCE1	10	9217:9226	106.360833823323	2.28012674397254	0.069476297754553	0.615253115414324	1	0	0	0	0	0
M37	DROSHA	10	9217:9226	106.360833823323	2.28012674397254	0.069476297754553	0.615253115414324	1	0	0	0	0	0
M38	BACH1-AS1	10	9227:9236	27.5355891704344	2.72805472313424	0.0760991771961381	0.521484461208184	0.6	0.4	0	0	0	0.1
M38	RP3-323A16.1	10	9227:9236	27.5355891704344	2.72805472313424	0.0760991771961381	0.521484461208184	0.6	0.4	0	0	0	0.1
M38	CNKSR3	10	9227:9236	27.5355891704344	2.72805472313424	0.0760991771961381	0.521484461208184	0.6	0.4	0	0	0	0.1
M38	RAB21	10	9227:9236	27.5355891704344	2.72805472313424	0.0760991771961381	0.521484461208184	0.6	0.4	0	0	0	0.1
M38	B3GALNT2	10	9227:9236	27.5355891704344	2.72805472313424	0.0760991771961381	0.521484461208184	0.6	0.4	0	0	0	0.1
M38	RP11-85I17.2	10	9227:9236	27.5355891704344	2.72805472313424	0.0760991771961381	0.521484461208184	0.6	0.4	0	0	0	0.1
M38	RP11-84A19.4	10	9227:9236	27.5355891704344	2.72805472313424	0.0760991771961381	0.521484461208184	0.6	0.4	0	0	0	0.1
M38	CYB5RL	10	9227:9236	27.5355891704344	2.72805472313424	0.0760991771961381	0.521484461208184	0.6	0.4	0	0	0	0.1
M38	ELF3	10	9227:9236	27.5355891704344	2.72805472313424	0.0760991771961381	0.521484461208184	0.6	0.4	0	0	0	0.1
M38	RP11-153I24.5	10	9227:9236	27.5355891704344	2.72805472313424	0.0760991771961381	0.521484461208184	0.6	0.4	0	0	0	0.1
M14	RN7SL483P	13	9237:9249	23.7286710638845	2.90084369216733	0.0979738562178798	0.400750120328185	0.615384615384615	0.230769230769231	0.0769230769230769	0.0769230769230769	0	0
M14	KCNC4	13	9237:9249	23.7286710638845	2.90084369216733	0.0979738562178798	0.400750120328185	0.615384615384615	0.230769230769231	0.0769230769230769	0.0769230769230769	0	0
M14	AC008155.1	13	9237:9249	23.7286710638845	2.90084369216733	0.0979738562178798	0.400750120328185	0.615384615384615	0.230769230769231	0.0769230769230769	0.0769230769230769	0	0
M14	FADS3	13	9237:9249	23.7286710638845	2.90084369216733	0.0979738562178798	0.400750120328185	0.615384615384615	0.230769230769231	0.0769230769230769	0.0769230769230769	0	0
M14	DPF3	13	9237:9249	23.7286710638845	2.90084369216733	0.0979738562178798	0.400750120328185	0.615384615384615	0.230769230769231	0.0769230769230769	0.0769230769230769	0	0
M14	SLC16A1-AS1	13	9237:9249	23.7286710638845	2.90084369216733	0.0979738562178798	0.400750120328185	0.615384615384615	0.230769230769231	0.0769230769230769	0.0769230769230769	0	0
M14	SSTR2	13	9237:9249	23.7286710638845	2.90084369216733	0.0979738562178798	0.400750120328185	0.615384615384615	0.230769230769231	0.0769230769230769	0.0769230769230769	0	0
M14	CTD-2047H16.4	13	9237:9249	23.7286710638845	2.90084369216733	0.0979738562178798	0.400750120328185	0.615384615384615	0.230769230769231	0.0769230769230769	0.0769230769230769	0	0
M14	ANKS4B	13	9237:9249	23.7286710638845	2.90084369216733	0.0979738562178798	0.400750120328185	0.615384615384615	0.230769230769231	0.0769230769230769	0.0769230769230769	0	0
M14	LAMA1	13	9237:9249	23.7286710638845	2.90084369216733	0.0979738562178798	0.400750120328185	0.615384615384615	0.230769230769231	0.0769230769230769	0.0769230769230769	0	0
M14	RP11-166O4.6	13	9237:9249	23.7286710638845	2.90084369216733	0.0979738562178798	0.400750120328185	0.615384615384615	0.230769230769231	0.0769230769230769	0.0769230769230769	0	0
M14	SFXN5	13	9237:9249	23.7286710638845	2.90084369216733	0.0979738562178798	0.400750120328185	0.615384615384615	0.230769230769231	0.0769230769230769	0.0769230769230769	0	0
M14	SRGAP3	13	9237:9249	23.7286710638845	2.90084369216733	0.0979738562178798	0.400750120328185	0.615384615384615	0.230769230769231	0.0769230769230769	0.0769230769230769	0	0
M15	TCOF1	13	9250:9262	46.7623958137488	2.92094922230674	0.100872148099566	0.406464155787675	0.384615384615385	0.538461538461538	0	0.0769230769230769	0	0
M15	EHD4	13	9250:9262	46.7623958137488	2.92094922230674	0.100872148099566	0.406464155787675	0.384615384615385	0.538461538461538	0	0.0769230769230769	0	0
M15	RP5-1039K5.19	13	9250:9262	46.7623958137488	2.92094922230674	0.100872148099566	0.406464155787675	0.384615384615385	0.538461538461538	0	0.0769230769230769	0	0
M15	RP11-626G3.1	13	9250:9262	46.7623958137488	2.92094922230674	0.100872148099566	0.406464155787675	0.384615384615385	0.538461538461538	0	0.0769230769230769	0	0
M15	AC004951.6	13	9250:9262	46.7623958137488	2.92094922230674	0.100872148099566	0.406464155787675	0.384615384615385	0.538461538461538	0	0.0769230769230769	0	0
M15	RPL23AP11	13	9250:9262	46.7623958137488	2.92094922230674	0.100872148099566	0.406464155787675	0.384615384615385	0.538461538461538	0	0.0769230769230769	0	0
M15	CTD-2014B16.3	13	9250:9262	46.7623958137488	2.92094922230674	0.100872148099566	0.406464155787675	0.384615384615385	0.538461538461538	0	0.0769230769230769	0	0
M15	MYH11	13	9250:9262	46.7623958137488	2.92094922230674	0.100872148099566	0.406464155787675	0.384615384615385	0.538461538461538	0	0.0769230769230769	0	0
M15	KIAA2012	13	9250:9262	46.7623958137488	2.92094922230674	0.100872148099566	0.406464155787675	0.384615384615385	0.538461538461538	0	0.0769230769230769	0	0
M15	PCNX2	13	9250:9262	46.7623958137488	2.92094922230674	0.100872148099566	0.406464155787675	0.384615384615385	0.538461538461538	0	0.0769230769230769	0	0
M15	RP11-18H21.1	13	9250:9262	46.7623958137488	2.92094922230674	0.100872148099566	0.406464155787675	0.384615384615385	0.538461538461538	0	0.0769230769230769	0	0
M15	RP11-692C24.1	13	9250:9262	46.7623958137488	2.92094922230674	0.100872148099566	0.406464155787675	0.384615384615385	0.538461538461538	0	0.0769230769230769	0	0
M15	AC004893.11	13	9250:9262	46.7623958137488	2.92094922230674	0.100872148099566	0.406464155787675	0.384615384615385	0.538461538461538	0	0.0769230769230769	0	0
M6	TTF2	17	9263:9279	23.6903514615696	3.15166748094267	0.0853535824892569	0.472401862619363	0.588235294117647	0.176470588235294	0	0.235294117647059	0	0
M6	FAM32BP	17	9263:9279	23.6903514615696	3.15166748094267	0.0853535824892569	0.472401862619363	0.588235294117647	0.176470588235294	0	0.235294117647059	0	0
M6	FHAD1	17	9263:9279	23.6903514615696	3.15166748094267	0.0853535824892569	0.472401862619363	0.588235294117647	0.176470588235294	0	0.235294117647059	0	0
M6	FLJ42102	17	9263:9279	23.6903514615696	3.15166748094267	0.0853535824892569	0.472401862619363	0.588235294117647	0.176470588235294	0	0.235294117647059	0	0
M6	DNAH2	17	9263:9279	23.6903514615696	3.15166748094267	0.0853535824892569	0.472401862619363	0.588235294117647	0.176470588235294	0	0.235294117647059	0	0
M6	RUBCN	17	9263:9279	23.6903514615696	3.15166748094267	0.0853535824892569	0.472401862619363	0.588235294117647	0.176470588235294	0	0.235294117647059	0	0
M6	HCK	17	9263:9279	23.6903514615696	3.15166748094267	0.0853535824892569	0.472401862619363	0.588235294117647	0.176470588235294	0	0.235294117647059	0	0
M6	LINC01588	17	9263:9279	23.6903514615696	3.15166748094267	0.0853535824892569	0.472401862619363	0.588235294117647	0.176470588235294	0	0.235294117647059	0	0
M6	ABCC3	17	9263:9279	23.6903514615696	3.15166748094267	0.0853535824892569	0.472401862619363	0.588235294117647	0.176470588235294	0	0.235294117647059	0	0
M6	RP11-624D20.1	17	9263:9279	23.6903514615696	3.15166748094267	0.0853535824892569	0.472401862619363	0.588235294117647	0.176470588235294	0	0.235294117647059	0	0
M6	DHODH	17	9263:9279	23.6903514615696	3.15166748094267	0.0853535824892569	0.472401862619363	0.588235294117647	0.176470588235294	0	0.235294117647059	0	0
M6	GRIN2B	17	9263:9279	23.6903514615696	3.15166748094267	0.0853535824892569	0.472401862619363	0.588235294117647	0.176470588235294	0	0.235294117647059	0	0
M6	TIMM50	17	9263:9279	23.6903514615696	3.15166748094267	0.0853535824892569	0.472401862619363	0.588235294117647	0.176470588235294	0	0.235294117647059	0	0
M6	DDB2	17	9263:9279	23.6903514615696	3.15166748094267	0.0853535824892569	0.472401862619363	0.588235294117647	0.176470588235294	0	0.235294117647059	0	0
M6	CTD-2206N4.4	17	9263:9279	23.6903514615696	3.15166748094267	0.0853535824892569	0.472401862619363	0.588235294117647	0.176470588235294	0	0.235294117647059	0	0
M6	RP11-115J23.1	17	9263:9279	23.6903514615696	3.15166748094267	0.0853535824892569	0.472401862619363	0.588235294117647	0.176470588235294	0	0.235294117647059	0	0
M6	AC002044.1	17	9263:9279	23.6903514615696	3.15166748094267	0.0853535824892569	0.472401862619363	0.588235294117647	0.176470588235294	0	0.235294117647059	0	0
M32	ITPRIPL1	11	9280:9290	30.8783218485019	3.19201345002147	0.101710547916386	0.404881905633383	0.727272727272727	0	0	0.272727272727273	0	0.0909090909090909
M32	GDA	11	9280:9290	30.8783218485019	3.19201345002147	0.101710547916386	0.404881905633383	0.727272727272727	0	0	0.272727272727273	0	0.0909090909090909
M32	RP11-34P1.1	11	9280:9290	30.8783218485019	3.19201345002147	0.101710547916386	0.404881905633383	0.727272727272727	0	0	0.272727272727273	0	0.0909090909090909
M32	RNF157	11	9280:9290	30.8783218485019	3.19201345002147	0.101710547916386	0.404881905633383	0.727272727272727	0	0	0.272727272727273	0	0.0909090909090909
M32	NPM1P11	11	9280:9290	30.8783218485019	3.19201345002147	0.101710547916386	0.404881905633383	0.727272727272727	0	0	0.272727272727273	0	0.0909090909090909
M32	POU2F2	11	9280:9290	30.8783218485019	3.19201345002147	0.101710547916386	0.404881905633383	0.727272727272727	0	0	0.272727272727273	0	0.0909090909090909
M32	PLAC8	11	9280:9290	30.8783218485019	3.19201345002147	0.101710547916386	0.404881905633383	0.727272727272727	0	0	0.272727272727273	0	0.0909090909090909
M32	CACNA1A	11	9280:9290	30.8783218485019	3.19201345002147	0.101710547916386	0.404881905633383	0.727272727272727	0	0	0.272727272727273	0	0.0909090909090909
M32	TGM4	11	9280:9290	30.8783218485019	3.19201345002147	0.101710547916386	0.404881905633383	0.727272727272727	0	0	0.272727272727273	0	0.0909090909090909
M32	RP11-15G8.1	11	9280:9290	30.8783218485019	3.19201345002147	0.101710547916386	0.404881905633383	0.727272727272727	0	0	0.272727272727273	0	0.0909090909090909
M32	TMC5	11	9280:9290	30.8783218485019	3.19201345002147	0.101710547916386	0.404881905633383	0.727272727272727	0	0	0.272727272727273	0	0.0909090909090909
M39	GLRX5	10	9291:9300	247.727582883306	1.94954645896436	0.0812885026279022	0.556641678951851	0.9	0.1	0	0	0	0
M39	TPCN1	10	9291:9300	247.727582883306	1.94954645896436	0.0812885026279022	0.556641678951851	0.9	0.1	0	0	0	0
M39	ADARB1	10	9291:9300	247.727582883306	1.94954645896436	0.0812885026279022	0.556641678951851	0.9	0.1	0	0	0	0
M39	SPG21	10	9291:9300	247.727582883306	1.94954645896436	0.0812885026279022	0.556641678951851	0.9	0.1	0	0	0	0
M39	TMEM259	10	9291:9300	247.727582883306	1.94954645896436	0.0812885026279022	0.556641678951851	0.9	0.1	0	0	0	0
M39	HSPA12A	10	9291:9300	247.727582883306	1.94954645896436	0.0812885026279022	0.556641678951851	0.9	0.1	0	0	0	0
M39	KHDRBS3	10	9291:9300	247.727582883306	1.94954645896436	0.0812885026279022	0.556641678951851	0.9	0.1	0	0	0	0
M39	AARS	10	9291:9300	247.727582883306	1.94954645896436	0.0812885026279022	0.556641678951851	0.9	0.1	0	0	0	0
M39	ECH1	10	9291:9300	247.727582883306	1.94954645896436	0.0812885026279022	0.556641678951851	0.9	0.1	0	0	0	0
M39	RP11-977G19.5	10	9291:9300	247.727582883306	1.94954645896436	0.0812885026279022	0.556641678951851	0.9	0.1	0	0	0	0
M3	RPL23	30	9301:9330	1137.22349850723	0.597124777805251	0.228475315803889	0.360506094319197	0.866666666666667	0	0	0.133333333333333	0	0
M3	RPS6	30	9301:9330	1137.22349850723	0.597124777805251	0.228475315803889	0.360506094319197	0.866666666666667	0	0	0.133333333333333	0	0
M3	RPL4	30	9301:9330	1137.22349850723	0.597124777805251	0.228475315803889	0.360506094319197	0.866666666666667	0	0	0.133333333333333	0	0
M3	RPL9	30	9301:9330	1137.22349850723	0.597124777805251	0.228475315803889	0.360506094319197	0.866666666666667	0	0	0.133333333333333	0	0
M3	RPL9P9	30	9301:9330	1137.22349850723	0.597124777805251	0.228475315803889	0.360506094319197	0.866666666666667	0	0	0.133333333333333	0	0
M3	TPT1	30	9301:9330	1137.22349850723	0.597124777805251	0.228475315803889	0.360506094319197	0.866666666666667	0	0	0.133333333333333	0	0
M3	RPS20	30	9301:9330	1137.22349850723	0.597124777805251	0.228475315803889	0.360506094319197	0.866666666666667	0	0	0.133333333333333	0	0
M3	RPL37A	30	9301:9330	1137.22349850723	0.597124777805251	0.228475315803889	0.360506094319197	0.866666666666667	0	0	0.133333333333333	0	0
M3	RPL31	30	9301:9330	1137.22349850723	0.597124777805251	0.228475315803889	0.360506094319197	0.866666666666667	0	0	0.133333333333333	0	0
M3	RPS17	30	9301:9330	1137.22349850723	0.597124777805251	0.228475315803889	0.360506094319197	0.866666666666667	0	0	0.133333333333333	0	0
M3	RPS23P8	30	9301:9330	1137.22349850723	0.597124777805251	0.228475315803889	0.360506094319197	0.866666666666667	0	0	0.133333333333333	0	0
M3	RPLP1	30	9301:9330	1137.22349850723	0.597124777805251	0.228475315803889	0.360506094319197	0.866666666666667	0	0	0.133333333333333	0	0
M3	RPL26	30	9301:9330	1137.22349850723	0.597124777805251	0.228475315803889	0.360506094319197	0.866666666666667	0	0	0.133333333333333	0	0
M3	RPS23	30	9301:9330	1137.22349850723	0.597124777805251	0.228475315803889	0.360506094319197	0.866666666666667	0	0	0.133333333333333	0	0
M3	RPL13A	30	9301:9330	1137.22349850723	0.597124777805251	0.228475315803889	0.360506094319197	0.866666666666667	0	0	0.133333333333333	0	0
M3	RPL34	30	9301:9330	1137.22349850723	0.597124777805251	0.228475315803889	0.360506094319197	0.866666666666667	0	0	0.133333333333333	0	0
M3	UQCRB	30	9301:9330	1137.22349850723	0.597124777805251	0.228475315803889	0.360506094319197	0.866666666666667	0	0	0.133333333333333	0	0
M3	RPL27	30	9301:9330	1137.22349850723	0.597124777805251	0.228475315803889	0.360506094319197	0.866666666666667	0	0	0.133333333333333	0	0
M3	RPL13AP25	30	9301:9330	1137.22349850723	0.597124777805251	0.228475315803889	0.360506094319197	0.866666666666667	0	0	0.133333333333333	0	0
M3	RPS27A	30	9301:9330	1137.22349850723	0.597124777805251	0.228475315803889	0.360506094319197	0.866666666666667	0	0	0.133333333333333	0	0
M3	RPS8	30	9301:9330	1137.22349850723	0.597124777805251	0.228475315803889	0.360506094319197	0.866666666666667	0	0	0.133333333333333	0	0
M3	RPL36	30	9301:9330	1137.22349850723	0.597124777805251	0.228475315803889	0.360506094319197	0.866666666666667	0	0	0.133333333333333	0	0
M3	RPL13AP5	30	9301:9330	1137.22349850723	0.597124777805251	0.228475315803889	0.360506094319197	0.866666666666667	0	0	0.133333333333333	0	0
M3	RPS3	30	9301:9330	1137.22349850723	0.597124777805251	0.228475315803889	0.360506094319197	0.866666666666667	0	0	0.133333333333333	0	0
M3	RPS24	30	9301:9330	1137.22349850723	0.597124777805251	0.228475315803889	0.360506094319197	0.866666666666667	0	0	0.133333333333333	0	0
M3	RPLP2	30	9301:9330	1137.22349850723	0.597124777805251	0.228475315803889	0.360506094319197	0.866666666666667	0	0	0.133333333333333	0	0
M3	RPL11	30	9301:9330	1137.22349850723	0.597124777805251	0.228475315803889	0.360506094319197	0.866666666666667	0	0	0.133333333333333	0	0
M3	RPL27A	30	9301:9330	1137.22349850723	0.597124777805251	0.228475315803889	0.360506094319197	0.866666666666667	0	0	0.133333333333333	0	0
M3	RPS16	30	9301:9330	1137.22349850723	0.597124777805251	0.228475315803889	0.360506094319197	0.866666666666667	0	0	0.133333333333333	0	0
M3	GLTSCR2	30	9301:9330	1137.22349850723	0.597124777805251	0.228475315803889	0.360506094319197	0.866666666666667	0	0	0.133333333333333	0	0
M16	MIR1244-2	13	9331:9343	287.821325340156	1.11538352941963	0.153992171631286	0.771414395004814	0.384615384615385	0	0.153846153846154	0.461538461538462	0	0.0769230769230769
M16	RPL23AP42	13	9331:9343	287.821325340156	1.11538352941963	0.153992171631286	0.771414395004814	0.384615384615385	0	0.153846153846154	0.461538461538462	0	0.0769230769230769
M16	RPL23A	13	9331:9343	287.821325340156	1.11538352941963	0.153992171631286	0.771414395004814	0.384615384615385	0	0.153846153846154	0.461538461538462	0	0.0769230769230769
M16	RPL7P9	13	9331:9343	287.821325340156	1.11538352941963	0.153992171631286	0.771414395004814	0.384615384615385	0	0.153846153846154	0.461538461538462	0	0.0769230769230769
M16	RPL7	13	9331:9343	287.821325340156	1.11538352941963	0.153992171631286	0.771414395004814	0.384615384615385	0	0.153846153846154	0.461538461538462	0	0.0769230769230769
M16	MIR1244-3	13	9331:9343	287.821325340156	1.11538352941963	0.153992171631286	0.771414395004814	0.384615384615385	0	0.153846153846154	0.461538461538462	0	0.0769230769230769
M16	RPL23AP2	13	9331:9343	287.821325340156	1.11538352941963	0.153992171631286	0.771414395004814	0.384615384615385	0	0.153846153846154	0.461538461538462	0	0.0769230769230769
M16	RPL7P32	13	9331:9343	287.821325340156	1.11538352941963	0.153992171631286	0.771414395004814	0.384615384615385	0	0.153846153846154	0.461538461538462	0	0.0769230769230769
M16	EIF3H	13	9331:9343	287.821325340156	1.11538352941963	0.153992171631286	0.771414395004814	0.384615384615385	0	0.153846153846154	0.461538461538462	0	0.0769230769230769
M16	SUMO1	13	9331:9343	287.821325340156	1.11538352941963	0.153992171631286	0.771414395004814	0.384615384615385	0	0.153846153846154	0.461538461538462	0	0.0769230769230769
M16	CNBP	13	9331:9343	287.821325340156	1.11538352941963	0.153992171631286	0.771414395004814	0.384615384615385	0	0.153846153846154	0.461538461538462	0	0.0769230769230769
M16	RPL7P1	13	9331:9343	287.821325340156	1.11538352941963	0.153992171631286	0.771414395004814	0.384615384615385	0	0.153846153846154	0.461538461538462	0	0.0769230769230769
M16	RPL7P23	13	9331:9343	287.821325340156	1.11538352941963	0.153992171631286	0.771414395004814	0.384615384615385	0	0.153846153846154	0.461538461538462	0	0.0769230769230769
M40	CA12	10	9344:9353	21.3081595955387	3.80266145495668	0.0716659834638599	0.542713676804237	0.8	0	0	0.2	0	0
M40	RP11-120I21.3	10	9344:9353	21.3081595955387	3.80266145495668	0.0716659834638599	0.542713676804237	0.8	0	0	0.2	0	0
M40	FAM153B	10	9344:9353	21.3081595955387	3.80266145495668	0.0716659834638599	0.542713676804237	0.8	0	0	0.2	0	0
M40	CDS2	10	9344:9353	21.3081595955387	3.80266145495668	0.0716659834638599	0.542713676804237	0.8	0	0	0.2	0	0
M40	LINC00959	10	9344:9353	21.3081595955387	3.80266145495668	0.0716659834638599	0.542713676804237	0.8	0	0	0.2	0	0
M40	CNTNAP2	10	9344:9353	21.3081595955387	3.80266145495668	0.0716659834638599	0.542713676804237	0.8	0	0	0.2	0	0
M40	SZT2	10	9344:9353	21.3081595955387	3.80266145495668	0.0716659834638599	0.542713676804237	0.8	0	0	0.2	0	0
M40	USP32P2	10	9344:9353	21.3081595955387	3.80266145495668	0.0716659834638599	0.542713676804237	0.8	0	0	0.2	0	0
M40	CEP250	10	9344:9353	21.3081595955387	3.80266145495668	0.0716659834638599	0.542713676804237	0.8	0	0	0.2	0	0
M40	DAPK2	10	9344:9353	21.3081595955387	3.80266145495668	0.0716659834638599	0.542713676804237	0.8	0	0	0.2	0	0
M24	LINC01280	12	9354:9365	13.417437939109	3.54775796647818	0.082041869529123	0.484615353233214	0.416666666666667	0.5	0	0.0833333333333333	0	0
M24	CTA-125H2.2	12	9354:9365	13.417437939109	3.54775796647818	0.082041869529123	0.484615353233214	0.416666666666667	0.5	0	0.0833333333333333	0	0
M24	MYH14	12	9354:9365	13.417437939109	3.54775796647818	0.082041869529123	0.484615353233214	0.416666666666667	0.5	0	0.0833333333333333	0	0
M24	LEP	12	9354:9365	13.417437939109	3.54775796647818	0.082041869529123	0.484615353233214	0.416666666666667	0.5	0	0.0833333333333333	0	0
M24	ALOX12P2	12	9354:9365	13.417437939109	3.54775796647818	0.082041869529123	0.484615353233214	0.416666666666667	0.5	0	0.0833333333333333	0	0
M24	MYOM1	12	9354:9365	13.417437939109	3.54775796647818	0.082041869529123	0.484615353233214	0.416666666666667	0.5	0	0.0833333333333333	0	0
M24	CTC-529P8.1	12	9354:9365	13.417437939109	3.54775796647818	0.082041869529123	0.484615353233214	0.416666666666667	0.5	0	0.0833333333333333	0	0
M24	CSMD2	12	9354:9365	13.417437939109	3.54775796647818	0.082041869529123	0.484615353233214	0.416666666666667	0.5	0	0.0833333333333333	0	0
M24	RP11-164H13.1	12	9354:9365	13.417437939109	3.54775796647818	0.082041869529123	0.484615353233214	0.416666666666667	0.5	0	0.0833333333333333	0	0
M24	CTD-2547G23.2	12	9354:9365	13.417437939109	3.54775796647818	0.082041869529123	0.484615353233214	0.416666666666667	0.5	0	0.0833333333333333	0	0
M24	RP5-1043L3.1	12	9354:9365	13.417437939109	3.54775796647818	0.082041869529123	0.484615353233214	0.416666666666667	0.5	0	0.0833333333333333	0	0
M24	SGIP1	12	9354:9365	13.417437939109	3.54775796647818	0.082041869529123	0.484615353233214	0.416666666666667	0.5	0	0.0833333333333333	0	0
M25	GALNT6	12	9366:9377	21.5477920645807	3.31488937200329	0.0797977584997527	0.515197575186913	0.5	0.166666666666667	0.166666666666667	0.166666666666667	0	0
M25	TEX26-AS1	12	9366:9377	21.5477920645807	3.31488937200329	0.0797977584997527	0.515197575186913	0.5	0.166666666666667	0.166666666666667	0.166666666666667	0	0
M25	KIAA0930	12	9366:9377	21.5477920645807	3.31488937200329	0.0797977584997527	0.515197575186913	0.5	0.166666666666667	0.166666666666667	0.166666666666667	0	0
M25	HMGB1P8	12	9366:9377	21.5477920645807	3.31488937200329	0.0797977584997527	0.515197575186913	0.5	0.166666666666667	0.166666666666667	0.166666666666667	0	0
M25	ENKUR	12	9366:9377	21.5477920645807	3.31488937200329	0.0797977584997527	0.515197575186913	0.5	0.166666666666667	0.166666666666667	0.166666666666667	0	0
M25	ITGA10	12	9366:9377	21.5477920645807	3.31488937200329	0.0797977584997527	0.515197575186913	0.5	0.166666666666667	0.166666666666667	0.166666666666667	0	0
M25	RP11-360N9.2	12	9366:9377	21.5477920645807	3.31488937200329	0.0797977584997527	0.515197575186913	0.5	0.166666666666667	0.166666666666667	0.166666666666667	0	0
M25	RNU7-40P	12	9366:9377	21.5477920645807	3.31488937200329	0.0797977584997527	0.515197575186913	0.5	0.166666666666667	0.166666666666667	0.166666666666667	0	0
M25	HMGB3P5	12	9366:9377	21.5477920645807	3.31488937200329	0.0797977584997527	0.515197575186913	0.5	0.166666666666667	0.166666666666667	0.166666666666667	0	0
M25	RNA5SP89	12	9366:9377	21.5477920645807	3.31488937200329	0.0797977584997527	0.515197575186913	0.5	0.166666666666667	0.166666666666667	0.166666666666667	0	0
M25	MYO19	12	9366:9377	21.5477920645807	3.31488937200329	0.0797977584997527	0.515197575186913	0.5	0.166666666666667	0.166666666666667	0.166666666666667	0	0
M25	TG	12	9366:9377	21.5477920645807	3.31488937200329	0.0797977584997527	0.515197575186913	0.5	0.166666666666667	0.166666666666667	0.166666666666667	0	0
M17	LRRC74B	13	9378:9390	19.7495015808464	3.75358508643618	0.094269628289887	0.429725053300758	0.461538461538462	0.230769230769231	0	0.307692307692308	0	0.0769230769230769
M17	RP13-228J13.8	13	9378:9390	19.7495015808464	3.75358508643618	0.094269628289887	0.429725053300758	0.461538461538462	0.230769230769231	0	0.307692307692308	0	0.0769230769230769
M17	KCNMB1	13	9378:9390	19.7495015808464	3.75358508643618	0.094269628289887	0.429725053300758	0.461538461538462	0.230769230769231	0	0.307692307692308	0	0.0769230769230769
M17	RPS5P2	13	9378:9390	19.7495015808464	3.75358508643618	0.094269628289887	0.429725053300758	0.461538461538462	0.230769230769231	0	0.307692307692308	0	0.0769230769230769
M17	RP11-106D4.2	13	9378:9390	19.7495015808464	3.75358508643618	0.094269628289887	0.429725053300758	0.461538461538462	0.230769230769231	0	0.307692307692308	0	0.0769230769230769
M17	EBF2	13	9378:9390	19.7495015808464	3.75358508643618	0.094269628289887	0.429725053300758	0.461538461538462	0.230769230769231	0	0.307692307692308	0	0.0769230769230769
M17	KCNB1	13	9378:9390	19.7495015808464	3.75358508643618	0.094269628289887	0.429725053300758	0.461538461538462	0.230769230769231	0	0.307692307692308	0	0.0769230769230769
M17	RP4-671O14.7	13	9378:9390	19.7495015808464	3.75358508643618	0.094269628289887	0.429725053300758	0.461538461538462	0.230769230769231	0	0.307692307692308	0	0.0769230769230769
M17	RYR1	13	9378:9390	19.7495015808464	3.75358508643618	0.094269628289887	0.429725053300758	0.461538461538462	0.230769230769231	0	0.307692307692308	0	0.0769230769230769
M17	KRT18P35	13	9378:9390	19.7495015808464	3.75358508643618	0.094269628289887	0.429725053300758	0.461538461538462	0.230769230769231	0	0.307692307692308	0	0.0769230769230769
M17	KCNJ6	13	9378:9390	19.7495015808464	3.75358508643618	0.094269628289887	0.429725053300758	0.461538461538462	0.230769230769231	0	0.307692307692308	0	0.0769230769230769
M17	C2orf48	13	9378:9390	19.7495015808464	3.75358508643618	0.094269628289887	0.429725053300758	0.461538461538462	0.230769230769231	0	0.307692307692308	0	0.0769230769230769
M17	ATP5A1P2	13	9378:9390	19.7495015808464	3.75358508643618	0.094269628289887	0.429725053300758	0.461538461538462	0.230769230769231	0	0.307692307692308	0	0.0769230769230769
M41	NRBP1	10	9391:9400	202.136035291516	1.69274541915361	0.0699804068183753	0.547949649914187	1	0	0	0	0	0
M41	PPP2CA	10	9391:9400	202.136035291516	1.69274541915361	0.0699804068183753	0.547949649914187	1	0	0	0	0	0
M41	DENND4B	10	9391:9400	202.136035291516	1.69274541915361	0.0699804068183753	0.547949649914187	1	0	0	0	0	0
M41	TPM3	10	9391:9400	202.136035291516	1.69274541915361	0.0699804068183753	0.547949649914187	1	0	0	0	0	0
M41	TMEM242	10	9391:9400	202.136035291516	1.69274541915361	0.0699804068183753	0.547949649914187	1	0	0	0	0	0
M41	PDAP1	10	9391:9400	202.136035291516	1.69274541915361	0.0699804068183753	0.547949649914187	1	0	0	0	0	0
M41	HNRNPD	10	9391:9400	202.136035291516	1.69274541915361	0.0699804068183753	0.547949649914187	1	0	0	0	0	0
M41	DYNLL1	10	9391:9400	202.136035291516	1.69274541915361	0.0699804068183753	0.547949649914187	1	0	0	0	0	0
M41	ENSA	10	9391:9400	202.136035291516	1.69274541915361	0.0699804068183753	0.547949649914187	1	0	0	0	0	0
M41	SKP1	10	9391:9400	202.136035291516	1.69274541915361	0.0699804068183753	0.547949649914187	1	0	0	0	0	0
M26	HLA-B	12	9401:9412	329.747099517867	2.09901336575841	0.138144543411712	0.437942619764465	1	0	0	0	0	0
M26	THY1	12	9401:9412	329.747099517867	2.09901336575841	0.138144543411712	0.437942619764465	1	0	0	0	0	0
M26	IFI6	12	9401:9412	329.747099517867	2.09901336575841	0.138144543411712	0.437942619764465	1	0	0	0	0	0
M26	HLA-A	12	9401:9412	329.747099517867	2.09901336575841	0.138144543411712	0.437942619764465	1	0	0	0	0	0
M26	B2M	12	9401:9412	329.747099517867	2.09901336575841	0.138144543411712	0.437942619764465	1	0	0	0	0	0
M26	VAT1	12	9401:9412	329.747099517867	2.09901336575841	0.138144543411712	0.437942619764465	1	0	0	0	0	0
M26	C1S	12	9401:9412	329.747099517867	2.09901336575841	0.138144543411712	0.437942619764465	1	0	0	0	0	0
M26	WARS	12	9401:9412	329.747099517867	2.09901336575841	0.138144543411712	0.437942619764465	1	0	0	0	0	0
M26	IFITM2	12	9401:9412	329.747099517867	2.09901336575841	0.138144543411712	0.437942619764465	1	0	0	0	0	0
M26	HLA-C	12	9401:9412	329.747099517867	2.09901336575841	0.138144543411712	0.437942619764465	1	0	0	0	0	0
M26	AK5	12	9401:9412	329.747099517867	2.09901336575841	0.138144543411712	0.437942619764465	1	0	0	0	0	0
M26	HS3ST3B1	12	9401:9412	329.747099517867	2.09901336575841	0.138144543411712	0.437942619764465	1	0	0	0	0	0
