cluster	myAUC	avg_diff	power	avg_logFC	pct.1	pct.2	p_val_adj	gene	ident	spec
0	0.994	1.82176418211421	0.988	1.82176418211421	0.994	0.168	NA	COL17A1	Epi-15	TRUE
0	0.984	2.46618265262952	0.968	2.46618265262952	1	0.956	NA	KRT15	Epi-15	TRUE
0	0.969	1.41824251177128	0.938	1.41824251177128	0.982	0.197	NA	TP63	Epi-15	TRUE
0	0.968	1.35662281367735	0.936	1.35662281367735	0.97	0.192	NA	LAMB3	Epi-15	TRUE
0	0.966	1.30103413528336	0.932	1.30103413528336	0.982	0.294	NA	SLC7A1	Epi-15	TRUE
0	0.961	0.987100853159258	0.922	0.987100853159258	1	0.995	NA	RPLP1	Epi-15	TRUE
0	0.959	0.757202552032146	0.918	0.757202552032146	1	1	NA	RPS3	Epi-15	FALSE
0	0.95	1.38347838957947	0.9	1.38347838957947	0.982	0.365	NA	SORL1	Epi-15	TRUE
0	0.946	1.7099101156528	0.892	1.7099101156528	0.994	0.728	NA	FILIP1	Epi-15	TRUE
0	0.942	1.23176399736158	0.884	1.23176399736158	0.927	0.158	NA	MIR205HG	Epi-15	TRUE
0	0.935	0.921468537483421	0.87	0.921468537483421	1	0.964	NA	GAS5	Epi-15	TRUE
0	0.933	1.32362430436055	0.866	1.32362430436055	0.988	0.521	NA	NTRK2	Epi-15	TRUE
0	0.932	0.817319244821195	0.864	0.817319244821195	1	1	NA	H3F3B	Epi-15	TRUE
0	0.931	0.756521100750002	0.862	0.756521100750002	1	1	NA	PABPC1	Epi-15	FALSE
0	0.93	1.39363461142136	0.86	1.39363461142136	0.951	0.38	NA	LPAR3	Epi-15	TRUE
0	0.927	1.92011151007046	0.854	1.92011151007046	0.988	0.703	NA	KRT17	Epi-15	TRUE
0	0.927	0.744338479925174	0.854	0.744338479925174	1	1	NA	RPL10A	Epi-15	FALSE
0	0.926	0.80443570171556	0.852	0.80443570171556	0.909	0.121	NA	CDH3	Epi-15	TRUE
0	0.92	1.28835595144877	0.84	1.28835595144877	0.976	0.447	NA	CAPNS2	Epi-15	FALSE
0	0.92	1.22849734757049	0.84	1.22849734757049	0.988	0.747	NA	ETS2	Epi-15	FALSE
0	0.916	0.934615285482579	0.832	0.934615285482579	0.988	0.516	NA	PDLIM1	Epi-15	TRUE
0	0.915	0.903150535068757	0.83	0.903150535068757	0.957	0.34	NA	FGFR2	Epi-15	TRUE
0	0.915	0.875199666801318	0.83	0.875199666801318	0.945	0.268	NA	PDPN	Epi-15	TRUE
0	0.912	1.59621811702813	0.824	1.59621811702813	0.994	0.854	NA	IER3	Epi-15	TRUE
0	0.909	1.2201299939409	0.818	1.2201299939409	0.994	0.475	NA	KLF5	Epi-15	FALSE
0	0.908	1.05507412565227	0.816	1.05507412565227	0.982	0.756	NA	ALDH3A2	Epi-15	TRUE
0	0.905	0.933944576604498	0.81	0.933944576604498	0.927	0.292	NA	ARL4C	Epi-15	TRUE
0	0.904	1.16971604713369	0.808	1.16971604713369	0.976	0.367	NA	KRT5	Epi-15	FALSE
0	0.903	1.17822096893453	0.806	1.17822096893453	0.988	0.699	NA	HSPA2	Epi-15	TRUE
0	0.9	1.23748826029677	0.8	1.23748826029677	1	0.992	NA	SAT1	Epi-15	FALSE
0	0.9	0.803087114234943	0.8	0.803087114234943	0.988	0.922	NA	LRRC75A-AS1	Epi-15	FALSE
0	0.898	1.17227378066252	0.796	1.17227378066252	1	0.75	NA	BTG2	Epi-15	TRUE
0	0.896	1.15065694640325	0.792	1.15065694640325	0.994	0.812	NA	NFKBIA	Epi-15	TRUE
0	0.892	1.06860320931338	0.784	1.06860320931338	0.921	0.282	NA	LAMA3	Epi-15	TRUE
0	0.889	0.696658205062214	0.778	0.696658205062214	0.841	0.112	NA	SIM2	Epi-15	FALSE
0	0.884	0.924032705094876	0.768	0.924032705094876	0.902	0.282	NA	RBBP8	Epi-15	TRUE
0	0.883	0.932848004994223	0.766	0.932848004994223	0.994	0.983	NA	MCL1	Epi-15	TRUE
0	0.883	0.876390301487305	0.766	0.876390301487305	1	0.83	NA	S100A2	Epi-15	FALSE
0	0.882	0.865544498842215	0.764	0.865544498842215	0.97	0.292	NA	TRIM29	Epi-15	FALSE
0	0.881	0.952934003791053	0.762	0.952934003791053	1	0.66	NA	PERP	Epi-15	FALSE
0	0.881	0.808331067322754	0.762	0.808331067322754	0.963	0.273	NA	IRF6	Epi-15	FALSE
0	0.88	1.05688466736038	0.76	1.05688466736038	0.976	0.463	NA	KIAA1217	Epi-15	FALSE
0	0.879	0.693343915750211	0.758	0.693343915750211	1	0.981	NA	BTF3	Epi-15	FALSE
0	0.878	0.703287873597544	0.756	0.703287873597544	0.878	0.207	NA	KIAA1671	Epi-15	FALSE
0	0.875	1.04924937560083	0.75	1.04924937560083	1	0.993	NA	DST	Epi-15	FALSE
0	0.875	0.827112998309314	0.75	0.827112998309314	0.994	0.441	NA	SPINT2	Epi-15	FALSE
0	0.875	0.820575131819227	0.75	0.820575131819227	0.933	0.297	NA	EPCAM	Epi-15	FALSE
0	0.874	0.807612882081207	0.748	0.807612882081207	1	0.961	NA	KRT19	Epi-15	FALSE
0	0.871	0.780847046341753	0.742	0.780847046341753	0.878	0.188	NA	SOX6	Epi-15	FALSE
0	0.867	1.29742389822573	0.734	1.29742389822573	0.97	0.744	NA	KRT18	Epi-15	FALSE
0	0.864	1.17513344960881	0.728	1.17513344960881	0.878	0.343	NA	PPP1R14C	Epi-15	FALSE
0	0.864	1.16117475632502	0.728	1.16117475632502	0.854	0.28	NA	LAMC2	Epi-15	TRUE
0	0.864	0.883340018685519	0.728	0.883340018685519	0.902	0.284	NA	FRAS1	Epi-15	FALSE
0	0.861	0.982104871773243	0.722	0.982104871773243	0.994	0.793	NA	EZR	Epi-15	FALSE
0	0.857	1.12112429896217	0.714	1.12112429896217	0.957	0.756	NA	ERRFI1	Epi-15	FALSE
0	0.857	0.921607556654886	0.714	0.921607556654886	0.963	0.73	NA	TUBA1C	Epi-15	FALSE
0	0.855	0.996104897812791	0.71	0.996104897812791	0.945	0.562	NA	GADD45A	Epi-15	FALSE
0	0.855	0.807226647378342	0.71	0.807226647378342	0.829	0.197	NA	HOOK1	Epi-15	FALSE
0	0.855	0.752124403950467	0.71	0.752124403950467	0.878	0.244	NA	DSG2	Epi-15	FALSE
0	0.855	0.705895308459443	0.71	0.705895308459443	0.774	0.115	NA	BCL11B	Epi-15	TRUE
0	0.854	0.90523013614252	0.708	0.90523013614252	0.854	0.231	NA	BCL11A	Epi-15	FALSE
0	0.854	0.784284095203826	0.708	0.784284095203826	0.982	0.769	NA	ZFAND5	Epi-15	FALSE
0	0.852	1.11609662126601	0.704	1.11609662126601	0.945	0.52	NA	MAOA	Epi-15	FALSE
0	0.847	0.933221827927957	0.694	0.933221827927957	1	0.881	NA	HECA	Epi-15	TRUE
0	0.845	0.795216156787091	0.69	0.795216156787091	0.89	0.317	NA	PRKX	Epi-15	FALSE
0	0.841	1.13469621297325	0.682	1.13469621297325	0.963	0.694	NA	EGR3	Epi-15	TRUE
0	0.841	0.768613336236274	0.682	0.768613336236274	0.872	0.307	NA	STK17A	Epi-15	TRUE
0	0.838	0.862185743841182	0.676	0.862185743841182	0.823	0.256	NA	LRP4	Epi-15	TRUE
0	0.836	2.14223355606793	0.672	2.14223355606793	0.902	0.638	NA	TNFAIP3	Epi-15	TRUE
0	0.834	0.845585468506989	0.668	0.845585468506989	0.97	0.599	NA	LMO7	Epi-15	FALSE
0	0.833	0.793693326088793	0.666	0.793693326088793	0.896	0.401	NA	SKAP2	Epi-15	FALSE
0	0.831	0.723112602786342	0.662	0.723112602786342	0.945	0.611	NA	CERS6	Epi-15	TRUE
0	0.827	0.802266583209528	0.654	0.802266583209528	0.963	0.643	NA	VEGFA	Epi-15	FALSE
0	0.827	0.79687711634138	0.654	0.79687711634138	0.909	0.467	NA	WEE1	Epi-15	FALSE
0	0.823	0.837269776108173	0.646	0.837269776108173	0.878	0.353	NA	VSNL1	Epi-15	FALSE
0	0.822	0.744300733496511	0.644	0.744300733496511	0.872	0.357	NA	REL	Epi-15	TRUE
0	0.815	0.723998458006851	0.63	0.723998458006851	0.768	0.194	NA	GRHL2	Epi-15	FALSE
0	0.811	0.762670754752244	0.622	0.762670754752244	0.976	0.783	NA	KLF10	Epi-15	FALSE
0	0.811	0.716445859439155	0.622	0.716445859439155	0.909	0.501	NA	MAFF	Epi-15	FALSE
0	0.807	0.70149611509402	0.614	0.70149611509402	0.787	0.28	NA	USP31	Epi-15	FALSE
0	0.802	0.828566644952976	0.604	0.828566644952976	0.829	0.357	NA	RCBTB1	Epi-15	TRUE
0	0.802	0.73413211285101	0.604	0.73413211285101	0.951	0.562	NA	NEDD4L	Epi-15	FALSE
0	0.8	0.729181010730387	0.6	0.729181010730387	0.939	0.603	NA	PTPN14	Epi-15	FALSE
0	0.795	0.764699879472419	0.59	0.764699879472419	0.915	0.582	NA	DUSP5	Epi-15	FALSE
0	0.791	0.732691132829117	0.582	0.732691132829117	0.732	0.195	NA	HCAR2	Epi-15	FALSE
0	0.79	0.745159595520999	0.58	0.745159595520999	0.835	0.329	NA	B3GNT5	Epi-15	FALSE
0	0.787	0.729613701659813	0.574	0.729613701659813	0.988	0.893	NA	ZFP36L2	Epi-15	FALSE
0	0.782	0.717931019941935	0.564	0.717931019941935	0.884	0.494	NA	TSHZ1	Epi-15	FALSE
0	0.78	0.827138376809117	0.56	0.827138376809117	0.878	0.526	NA	GPNMB	Epi-15	FALSE
0	0.771	0.697219901389718	0.542	0.697219901389718	0.817	0.38	NA	MECOM	Epi-15	FALSE
0	0.77	0.904498591821924	0.54	0.904498591821924	0.841	0.496	NA	KIF21A	Epi-15	FALSE
0	0.767	0.725023758616711	0.534	0.725023758616711	1	0.942	NA	SYNE2	Epi-15	FALSE
0	0.758	1.16603246020141	0.516	1.16603246020141	0.659	0.226	NA	CTSV	Epi-15	FALSE
0	0.757	1.0228138265112	0.514	1.0228138265112	0.683	0.258	NA	FOXE1	Epi-15	FALSE
0	0.749	0.705098091481155	0.498	0.705098091481155	0.878	0.577	NA	LTBP1	Epi-15	FALSE
0	0.74	0.700280786201889	0.48	0.700280786201889	0.591	0.153	NA	CA12	Epi-15	FALSE
0	0.733	0.827683403456187	0.466	0.827683403456187	0.665	0.27	NA	LNX1	Epi-15	FALSE
0	0.731	0.783594800593299	0.462	0.783594800593299	1	0.997	NA	KLF6	Epi-15	FALSE
0	0.73	0.764251791212583	0.46	0.764251791212583	0.665	0.277	NA	RNF144B	Epi-15	FALSE
0	0.718	0.869963916105031	0.436	0.86996391610503	0.726	0.401	NA	CD83	Epi-15	FALSE
0	0.704	0.754826805693234	0.408	0.754826805693234	0.61	0.241	NA	RNF165	Epi-15	FALSE
1	0.974	1.93732635225865	0.948	1.93732635225865	1	0.578	NA	IGFBP7	Ms-E	FALSE
1	0.971	1.80795487660628	0.942	1.80795487660628	1	0.633	NA	EPS8	Ms-E	TRUE
1	0.961	1.98847240158871	0.922	1.98847240158871	1	0.707	NA	COL4A1	Ms-E	FALSE
1	0.961	1.87861943971525	0.922	1.87861943971525	0.941	0.143	NA	GUCY1A2	Ms-E	TRUE
1	0.961	1.64265936695533	0.922	1.64265936695533	1	0.464	NA	PDGFRB	Ms-E	TRUE
1	0.959	1.52593113176337	0.918	1.52593113176337	1	0.724	NA	NR2F2	Ms-E	TRUE
1	0.951	1.54666642506018	0.902	1.54666642506018	0.931	0.103	NA	ENPEP	Ms-E	TRUE
1	0.947	1.71760211315184	0.894	1.71760211315184	0.971	0.356	NA	MEF2C	Ms-E	TRUE
1	0.944	1.50138410207318	0.888	1.50138410207318	0.961	0.286	NA	MCAM	Ms-E	TRUE
1	0.942	2.0937201457271	0.884	2.0937201457271	0.951	0.24	NA	ABCC9	Ms-E	TRUE
1	0.936	1.4994381902632	0.872	1.4994381902632	0.912	0.152	NA	SEMA5B	Ms-E	TRUE
1	0.933	1.62346540517288	0.866	1.62346540517288	0.892	0.111	NA	ANGPT2	Ms-E	TRUE
1	0.931	1.67471973402221	0.862	1.67471973402221	0.912	0.181	NA	INPP4B	Ms-E	TRUE
1	0.929	1.33894691232771	0.858	1.33894691232771	0.99	0.49	NA	COL4A2	Ms-E	FALSE
1	0.926	1.40337203014563	0.852	1.40337203014563	1	0.716	NA	CPE	Ms-E	FALSE
1	0.925	1.13362107229556	0.85	1.13362107229556	0.892	0.164	NA	NOTCH3	Ms-E	TRUE
1	0.923	1.49734776084322	0.846	1.49734776084322	0.98	0.641	NA	MYO1B	Ms-E	TRUE
1	0.922	2.10912746977407	0.844	2.10912746977407	0.902	0.238	NA	KCNJ8	Ms-E	TRUE
1	0.922	1.37845451207217	0.844	1.37845451207217	0.99	0.55	NA	CAV1	Ms-E	FALSE
1	0.922	1.28165932899866	0.844	1.28165932899866	0.931	0.343	NA	GJC1	Ms-E	TRUE
1	0.921	1.71373459739482	0.842	1.71373459739482	0.882	0.184	NA	SEPT4	Ms-E	TRUE
1	0.921	1.20791830049367	0.842	1.20791830049367	0.931	0.233	NA	TRPC6	Ms-E	TRUE
1	0.918	1.17975987056742	0.836	1.17975987056742	1	0.69	NA	GUCY1A3	Ms-E	FALSE
1	0.918	1.14268205731928	0.836	1.14268205731928	1	0.94	NA	CALD1	Ms-E	FALSE
1	0.913	1.18189935692097	0.826	1.18189935692097	0.882	0.121	NA	EGFLAM	Ms-E	FALSE
1	0.908	0.991816873449231	0.816	0.991816873449231	0.98	0.636	NA	MYLK	Ms-E	FALSE
1	0.903	1.07687413565562	0.806	1.07687413565562	1	0.966	NA	PPP1R12A	Ms-E	FALSE
1	0.9	1.20966212787793	0.8	1.20966212787793	0.99	0.679	NA	DLC1	Ms-E	TRUE
1	0.895	1.06276779601219	0.79	1.06276779601219	0.971	0.633	NA	MPRIP	Ms-E	TRUE
1	0.895	1.04447562803175	0.79	1.04447562803175	0.941	0.347	NA	EBF1	Ms-E	TRUE
1	0.894	1.57229233178886	0.788	1.57229233178886	0.941	0.441	NA	ITGA1	Ms-E	FALSE
1	0.892	1.72233315986995	0.784	1.72233315986995	0.824	0.137	NA	HIGD1B	Ms-E	TRUE
1	0.892	0.937389690015109	0.784	0.937389690015109	0.912	0.384	NA	PAWR	Ms-E	FALSE
1	0.889	2.45120607103647	0.778	2.45120607103647	0.961	0.836	NA	RGS16	Ms-E	TRUE
1	0.889	1.24364753867997	0.778	1.24364753867997	0.784	0.018	NA	AVPR1A	Ms-E	TRUE
1	0.887	1.27653016603609	0.774	1.27653016603609	0.98	0.627	NA	SEMA5A	Ms-E	TRUE
1	0.886	1.48887104361747	0.772	1.48887104361747	0.882	0.31	NA	EGFL6	Ms-E	TRUE
1	0.885	1.36858709221054	0.77	1.36858709221054	0.863	0.263	NA	SYTL2	Ms-E	FALSE
1	0.885	1.09585449913679	0.77	1.09585449913679	0.941	0.367	NA	GUCY1B3	Ms-E	FALSE
1	0.878	1.05296095697301	0.756	1.05296095697301	0.951	0.413	NA	BGN	Ms-E	TRUE
1	0.878	0.843286988355251	0.756	0.843286988355251	1	0.989	NA	SEPT7	Ms-E	FALSE
1	0.877	1.15755086356579	0.754	1.15755086356579	0.833	0.169	NA	LRRC32	Ms-E	FALSE
1	0.876	1.14747794006869	0.752	1.14747794006869	0.775	0.051	NA	EBF2	Ms-E	TRUE
1	0.875	1.07067446389616	0.75	1.07067446389616	0.99	0.558	NA	A2M	Ms-E	FALSE
1	0.864	0.982684859032638	0.728	0.982684859032638	0.824	0.18	NA	DOCK10	Ms-E	TRUE
1	0.862	1.35832947776666	0.724	1.35832947776666	0.971	0.743	NA	KHDRBS3	Ms-E	FALSE
1	0.859	0.823031247608531	0.718	0.823031247608531	0.843	0.257	NA	RASL12	Ms-E	TRUE
1	0.858	1.19316647044518	0.716	1.19316647044518	0.794	0.131	NA	ECM2	Ms-E	TRUE
1	0.856	1.12263056199855	0.712	1.12263056199855	0.784	0.14	NA	ADGRF5	Ms-E	FALSE
1	0.853	1.17200600144144	0.706	1.17200600144144	0.804	0.186	NA	ADAMTS4	Ms-E	TRUE
1	0.85	0.736667987818277	0.7	0.736667987818277	0.833	0.184	NA	DAAM2	Ms-E	FALSE
1	0.849	1.00324580391937	0.698	1.00324580391937	0.716	0.037	NA	SULT1E1	Ms-E	TRUE
1	0.849	0.896492562354548	0.698	0.896492562354548	0.941	0.811	NA	PTEN	Ms-E	TRUE
1	0.847	1.017499393885	0.694	1.017499393885	0.98	0.684	NA	LHFP	Ms-E	FALSE
1	0.846	1.24123589175785	0.692	1.24123589175785	0.882	0.422	NA	PRRX1	Ms-E	TRUE
1	0.846	1.21520864561607	0.692	1.21520864561607	0.765	0.147	NA	SPECC1	Ms-E	TRUE
1	0.846	0.952705951817771	0.692	0.952705951817771	0.853	0.358	NA	SNRK	Ms-E	FALSE
1	0.844	1.2925492919635	0.688	1.2925492919635	0.961	0.575	NA	COL6A3	Ms-E	FALSE
1	0.844	0.759953464975726	0.688	0.759953464975726	0.824	0.233	NA	ADCY3	Ms-E	TRUE
1	0.842	1.25188165495652	0.684	1.25188165495652	0.902	0.516	NA	ACTA2	Ms-E	FALSE
1	0.842	1.14715800901341	0.684	1.14715800901341	0.931	0.542	NA	FAM129A	Ms-E	FALSE
1	0.842	1.09228730716773	0.684	1.09228730716773	1	0.935	NA	MAP3K20	Ms-E	FALSE
1	0.837	0.926759382268548	0.674	0.926759382268548	0.784	0.269	NA	MTHFD2	Ms-E	TRUE
1	0.834	0.732827096323531	0.668	0.732827096323531	0.745	0.114	NA	RCSD1	Ms-E	TRUE
1	0.832	0.791107239992997	0.664	0.791107239992997	0.765	0.198	NA	ADCY6	Ms-E	TRUE
1	0.832	0.762527596935211	0.664	0.762527596935211	0.98	0.788	NA	VCL	Ms-E	FALSE
1	0.831	0.759277250352133	0.662	0.759277250352133	1	0.925	NA	VIM	Ms-E	FALSE
1	0.829	1.19860904701398	0.658	1.19860904701398	0.98	0.705	NA	PCDH18	Ms-E	FALSE
1	0.828	1.10069407593432	0.656	1.10069407593432	0.922	0.68	NA	TGFBI	Ms-E	FALSE
1	0.828	0.736550863961687	0.656	0.736550863961687	0.971	0.528	NA	EDNRA	Ms-E	FALSE
1	0.824	0.813135193585324	0.648	0.813135193585324	0.716	0.089	NA	OLFML2B	Ms-E	FALSE
1	0.823	1.00950303932601	0.646	1.00950303932601	0.794	0.26	NA	PLCL1	Ms-E	FALSE
1	0.823	0.906743742802366	0.646	0.906743742802366	0.98	0.791	NA	PEAK1	Ms-E	FALSE
1	0.822	1.07412524220289	0.644	1.07412524220289	0.863	0.401	NA	GEM	Ms-E	TRUE
1	0.822	0.843470863830952	0.644	0.843470863830952	0.833	0.333	NA	CCDC3	Ms-E	FALSE
1	0.821	0.908438014601457	0.642	0.908438014601457	0.863	0.344	NA	PHLDB2	Ms-E	FALSE
1	0.816	0.78285384254901	0.632	0.78285384254901	0.98	0.834	NA	CD59	Ms-E	FALSE
1	0.814	0.90532463357322	0.628	0.90532463357322	0.804	0.313	NA	RNF152	Ms-E	FALSE
1	0.814	0.728106994163727	0.628	0.728106994163727	0.873	0.415	NA	PMEPA1	Ms-E	FALSE
1	0.81	1.10204184185716	0.62	1.10204184185716	0.775	0.28	NA	ADAMTS9	Ms-E	FALSE
1	0.81	1.01022469124124	0.62	1.01022469124124	0.833	0.399	NA	CRISPLD2	Ms-E	FALSE
1	0.809	1.01443295658395	0.618	1.01443295658395	1	0.983	NA	TIMP3	Ms-E	FALSE
1	0.807	1.27589660765192	0.614	1.27589660765192	0.784	0.304	NA	CCDC102B	Ms-E	TRUE
1	0.806	0.869854714005233	0.612	0.869854714005233	0.843	0.47	NA	PELO	Ms-E	FALSE
1	0.806	0.820317017871939	0.612	0.820317017871939	0.853	0.415	NA	RAB31	Ms-E	FALSE
1	0.805	0.887717081506987	0.61	0.887717081506987	0.843	0.347	NA	CDH6	Ms-E	FALSE
1	0.804	0.725363462929958	0.608	0.725363462929958	0.892	0.398	NA	MSRB3	Ms-E	FALSE
1	0.803	0.850110043431997	0.606	0.850110043431997	0.667	0.111	NA	GPR176	Ms-E	TRUE
1	0.803	0.705413714463074	0.606	0.705413714463074	0.892	0.481	NA	ETS1	Ms-E	FALSE
1	0.802	0.709245068067265	0.604	0.709245068067265	0.931	0.587	NA	AKT3	Ms-E	FALSE
1	0.799	0.713433072165444	0.598	0.713433072165444	0.706	0.154	NA	FRZB	Ms-E	FALSE
1	0.798	0.882248457422398	0.596	0.882248457422398	0.931	0.605	NA	SLC2A3	Ms-E	FALSE
1	0.796	0.810956384040034	0.592	0.810956384040034	0.863	0.419	NA	TFPI	Ms-E	FALSE
1	0.795	0.858040328547813	0.59	0.858040328547813	0.99	0.805	NA	DDR2	Ms-E	FALSE
1	0.794	0.764229935235051	0.588	0.764229935235051	0.765	0.306	NA	CAV2	Ms-E	FALSE
1	0.791	1.20122737648285	0.582	1.20122737648285	0.598	0.029	NA	STEAP4	Ms-E	TRUE
1	0.789	0.811577004708369	0.578	0.811577004708369	1	0.886	NA	TACC1	Ms-E	FALSE
1	0.786	1.25903555717726	0.572	1.25903555717726	0.902	0.647	NA	CTGF	Ms-E	FALSE
1	0.784	0.889737076587999	0.568	0.889737076587999	0.755	0.295	NA	PLCB4	Ms-E	FALSE
1	0.784	0.811140311545247	0.568	0.811140311545247	0.863	0.481	NA	SH3KBP1	Ms-E	FALSE
1	0.783	0.862905512937228	0.566	0.862905512937228	0.814	0.359	NA	PAG1	Ms-E	FALSE
1	0.781	0.994165532051512	0.562	0.994165532051512	0.98	0.916	NA	UACA	Ms-E	FALSE
1	0.78	0.835879750493508	0.56	0.835879750493508	0.647	0.129	NA	APOLD1	Ms-E	FALSE
1	0.776	0.846577843098795	0.552	0.846577843098795	0.598	0.074	NA	MAPT	Ms-E	TRUE
1	0.773	0.71059173656392	0.546	0.71059173656392	0.951	0.828	NA	MAP4K4	Ms-E	FALSE
1	0.772	0.944525578256848	0.544	0.944525578256848	0.676	0.186	NA	BMP5	Ms-E	FALSE
1	0.767	0.871335039671998	0.534	0.871335039671998	0.902	0.708	NA	LBH	Ms-E	FALSE
1	0.766	1.02009733899241	0.532	1.02009733899241	0.686	0.218	NA	ATP1A2	Ms-E	FALSE
1	0.76	0.708379377511226	0.52	0.708379377511226	0.951	0.842	NA	NCK2	Ms-E	FALSE
1	0.758	0.842339070091739	0.516	0.842339070091739	0.539	0.043	NA	HRC	Ms-E	TRUE
1	0.756	0.708652982941385	0.512	0.708652982941385	0.853	0.504	NA	FABP5	Ms-E	FALSE
1	0.754	0.737436741714513	0.508	0.737436741714513	0.657	0.19	NA	MAP2	Ms-E	FALSE
1	0.751	0.88425979776385	0.502	0.88425979776385	0.588	0.118	NA	PRSS35	Ms-E	FALSE
1	0.75	1.15213631375295	0.5	1.15213631375295	0.755	0.504	NA	HEYL	Ms-E	FALSE
1	0.75	0.95521150575003	0.5	0.95521150575003	0.902	0.7	NA	ZFHX3	Ms-E	FALSE
1	0.75	0.793449795294402	0.5	0.793449795294402	0.686	0.25	NA	FRMD3	Ms-E	FALSE
1	0.743	0.843820783021967	0.486	0.843820783021967	0.588	0.151	NA	PPARGC1B	Ms-E	FALSE
1	0.737	0.982301527900322	0.474	0.982301527900322	0.98	0.937	NA	ADAMTS1	Ms-E	FALSE
1	0.735	0.841532365888988	0.47	0.841532365888988	0.647	0.253	NA	GRK3	Ms-E	FALSE
1	0.735	0.826130241259876	0.47	0.826130241259876	0.49	0.032	NA	KCNAB1	Ms-E	TRUE
1	0.733	0.712032304627706	0.466	0.712032304627706	0.686	0.329	NA	RASD1	Ms-E	FALSE
1	0.731	0.794678044729127	0.462	0.794678044729127	0.51	0.058	NA	FABP4	Ms-E	FALSE
1	0.73	0.884884475869355	0.46	0.884884475869355	0.52	0.095	NA	HEY2	Ms-E	TRUE
1	0.723	0.911309802941642	0.446	0.911309802941642	0.461	0.026	NA	CBLN1	Ms-E	TRUE
1	0.721	0.968312080370298	0.442	0.968312080370298	0.804	0.547	NA	THY1	Ms-E	FALSE
1	0.72	0.850037647988397	0.44	0.850037647988397	0.725	0.459	NA	SEPT6	Ms-E	FALSE
1	0.718	0.726520088753093	0.436	0.726520088753093	0.627	0.258	NA	RCAN2	Ms-E	FALSE
1	0.718	0.697837679804975	0.436	0.697837679804975	0.598	0.203	NA	AMPH	Ms-E	FALSE
1	0.717	0.729337729081733	0.434	0.729337729081733	0.578	0.212	NA	FRY	Ms-E	FALSE
1	0.711	0.814165163410985	0.422	0.814165163410985	0.912	0.763	NA	TJP1	Ms-E	FALSE
1	0.708	0.754597900361211	0.416	0.754597900361211	0.873	0.685	NA	FAT1	Ms-E	FALSE
1	0.705	0.702044385747338	0.41	0.702044385747338	0.5	0.117	NA	GPRIN3	Ms-E	FALSE
2	0.992	2.70501107577087	0.984	2.70501107577087	1	0.903	NA	COL1A1	LUM-1	TRUE
2	0.992	2.05861523454295	0.984	2.05861523454295	1	0.998	NA	COL3A1	LUM-1	TRUE
2	0.99	2.35730438392864	0.98	2.35730438392864	1	0.964	NA	COL1A2	LUM-1	TRUE
2	0.974	1.77411208481299	0.948	1.77411208481299	0.989	0.229	NA	C1QTNF3	LUM-1	TRUE
2	0.969	1.84321370607564	0.938	1.84321370607564	1	0.961	NA	FBN1	LUM-1	TRUE
2	0.962	1.67497634510922	0.924	1.67497634510922	1	0.636	NA	DCN	LUM-1	FALSE
2	0.959	1.72915859145864	0.918	1.72915859145864	1	0.744	NA	COL14A1	LUM-1	TRUE
2	0.957	1.50434096543639	0.914	1.50434096543639	1	0.695	NA	GPC3	LUM-1	TRUE
2	0.942	1.5198599223781	0.884	1.5198599223781	1	0.431	NA	THBS2	LUM-1	TRUE
2	0.933	1.23006356023446	0.866	1.23006356023446	1	0.998	NA	SPARC	LUM-1	TRUE
2	0.923	1.43246808519763	0.846	1.43246808519763	1	0.935	NA	FBLN1	LUM-1	TRUE
2	0.923	1.38396913533217	0.846	1.38396913533217	1	0.763	NA	CCDC80	LUM-1	TRUE
2	0.919	1.30776552259271	0.838	1.30776552259271	0.957	0.508	NA	P4HA2	LUM-1	TRUE
2	0.91	1.26991936449326	0.82	1.26991936449326	0.947	0.347	NA	DLK1	LUM-1	FALSE
2	0.907	1.25658480141508	0.814	1.25658480141508	1	0.851	NA	ITM2A	LUM-1	FALSE
2	0.906	1.21517555140162	0.812	1.21517555140162	1	0.393	NA	LUM	LUM-1	FALSE
2	0.904	1.11855114955639	0.808	1.11855114955639	1	0.772	NA	COL5A2	LUM-1	FALSE
2	0.898	1.6094084071986	0.796	1.6094084071986	0.894	0.299	NA	WNT2B	LUM-1	TRUE
2	0.893	0.94738240721976	0.786	0.94738240721976	0.957	0.37	NA	CXCL12	LUM-1	FALSE
2	0.889	1.09518124809085	0.778	1.09518124809085	0.894	0.225	NA	ANGPTL6	LUM-1	TRUE
2	0.888	1.03364598866922	0.776	1.03364598866922	0.947	0.423	NA	MMP2	LUM-1	FALSE
2	0.886	1.1179301876718	0.772	1.1179301876718	0.979	0.443	NA	LRRC17	LUM-1	FALSE
2	0.885	1.21464655730273	0.77	1.21464655730273	0.968	0.507	NA	FBN2	LUM-1	FALSE
2	0.88	0.865288257559252	0.76	0.865288257559252	1	0.93	NA	FSTL1	LUM-1	FALSE
2	0.877	0.987986447911702	0.754	0.987986447911702	0.851	0.171	NA	SHISA3	LUM-1	TRUE
2	0.871	1.18123882929247	0.742	1.18123882929247	0.894	0.284	NA	MMP16	LUM-1	FALSE
2	0.866	0.880891566240655	0.732	0.880891566240655	0.968	0.552	NA	COL5A1	LUM-1	FALSE
2	0.866	0.780606897937649	0.732	0.780606897937649	0.915	0.364	NA	MAN1A1	LUM-1	FALSE
2	0.864	1.25985119839623	0.728	1.25985119839623	0.883	0.331	NA	SEMA3C	LUM-1	FALSE
2	0.863	1.27072250907696	0.726	1.27072250907696	1	0.936	NA	DPT	LUM-1	FALSE
2	0.861	0.827868608257991	0.722	0.827868608257991	0.798	0.124	NA	COL8A1	LUM-1	TRUE
2	0.857	0.974298933001853	0.714	0.974298933001853	1	0.88	NA	OLFML3	LUM-1	FALSE
2	0.855	1.01341519340338	0.71	1.01341519340338	0.734	0.044	NA	MFAP5	LUM-1	TRUE
2	0.851	0.9628415859827	0.702	0.9628415859827	0.968	0.558	NA	MEST	LUM-1	FALSE
2	0.85	1.15207354785278	0.7	1.15207354785278	0.883	0.349	NA	SVEP1	LUM-1	FALSE
2	0.848	0.80570038169475	0.696	0.80570038169475	0.894	0.344	NA	LHFPL2	LUM-1	FALSE
2	0.847	0.916435675694058	0.694	0.916435675694058	0.883	0.396	NA	TMTC2	LUM-1	FALSE
2	0.846	0.958682009538733	0.692	0.958682009538733	1	0.989	NA	FN1	LUM-1	FALSE
2	0.845	0.820819804738292	0.69	0.820819804738292	0.872	0.305	NA	OGN	LUM-1	FALSE
2	0.845	0.80716812165033	0.69	0.80716812165033	0.979	0.554	NA	C1R	LUM-1	FALSE
2	0.843	1.0725377026652	0.686	1.0725377026652	0.989	0.807	NA	PHACTR2	LUM-1	FALSE
2	0.843	0.930890652025367	0.686	0.930890652025367	0.989	0.794	NA	PLAGL1	LUM-1	FALSE
2	0.842	1.00124123094485	0.684	1.00124123094485	0.989	0.684	NA	COL12A1	LUM-1	FALSE
2	0.84	0.837062573648594	0.68	0.837062573648594	0.926	0.434	NA	PID1	LUM-1	FALSE
2	0.831	0.846008084280895	0.662	0.846008084280895	0.989	0.917	NA	CKAP4	LUM-1	TRUE
2	0.829	1.44346393663758	0.658	1.44346393663758	0.83	0.349	NA	PAMR1	LUM-1	TRUE
2	0.826	0.83520432231608	0.652	0.83520432231608	0.894	0.41	NA	BNC2	LUM-1	FALSE
2	0.826	0.775706311149183	0.652	0.775706311149183	0.926	0.437	NA	ISLR	LUM-1	FALSE
2	0.825	0.913695641937135	0.65	0.913695641937135	0.67	0.027	NA	PI15	LUM-1	TRUE
2	0.82	0.873104622992866	0.64	0.873104622992866	0.862	0.448	NA	FAM46A	LUM-1	FALSE
2	0.82	0.708421001468825	0.64	0.708421001468825	0.83	0.31	NA	CDR1-AS	LUM-1	FALSE
2	0.818	0.818699978241627	0.636	0.818699978241627	1	0.889	NA	MATN2	LUM-1	FALSE
2	0.818	0.793642813973859	0.636	0.793642813973859	0.936	0.473	NA	SGCD	LUM-1	FALSE
2	0.815	0.839818872551464	0.63	0.839818872551464	1	0.914	NA	VCAN	LUM-1	FALSE
2	0.814	0.710820969733711	0.628	0.710820969733711	0.989	0.736	NA	GFRA1	LUM-1	FALSE
2	0.813	0.708686904521273	0.626	0.708686904521273	0.862	0.473	NA	ID2	LUM-1	FALSE
2	0.811	0.776483670172912	0.622	0.776483670172912	0.83	0.3	NA	CDR1	LUM-1	FALSE
2	0.808	0.961647222453633	0.616	0.961647222453633	0.979	0.651	NA	LAMA2	LUM-1	FALSE
2	0.8	0.698812850688665	0.6	0.698812850688665	0.915	0.507	NA	SRPX	LUM-1	FALSE
2	0.799	0.921682160813245	0.598	0.921682160813245	0.915	0.631	NA	GPX8	LUM-1	FALSE
2	0.798	0.741821334754452	0.596	0.741821334754452	0.968	0.69	NA	MXRA5	LUM-1	FALSE
2	0.796	0.738035529209897	0.592	0.738035529209897	0.798	0.316	NA	PRSS23	LUM-1	FALSE
2	0.793	0.702214665363196	0.586	0.702214665363196	0.734	0.235	NA	LOX	LUM-1	FALSE
2	0.791	0.754586885013509	0.582	0.754586885013509	0.979	0.935	NA	RCN1	LUM-1	FALSE
2	0.786	0.737611447368369	0.572	0.737611447368369	0.755	0.316	NA	MAPKAP1	LUM-1	TRUE
2	0.785	0.721495254372879	0.57	0.721495254372879	0.989	0.786	NA	MOXD1	LUM-1	FALSE
2	0.769	0.853034727153208	0.538	0.853034727153208	0.926	0.713	NA	CFH	LUM-1	FALSE
2	0.765	0.75226521706835	0.53	0.75226521706835	0.83	0.489	NA	FAM114A1	LUM-1	FALSE
2	0.762	0.816069265322761	0.524	0.816069265322761	0.894	0.633	NA	NUCB2	LUM-1	FALSE
2	0.758	0.717927301398064	0.516	0.717927301398064	0.766	0.36	NA	FAT4	LUM-1	FALSE
2	0.757	0.71754353213036	0.514	0.71754353213036	0.606	0.137	NA	ARHGAP20	LUM-1	FALSE
2	0.757	0.69591470002877	0.514	0.69591470002877	0.745	0.299	NA	EPHA7	LUM-1	FALSE
2	0.755	0.959597709761991	0.51	0.959597709761991	0.755	0.387	NA	DSEL	LUM-1	FALSE
2	0.75	0.873566563059014	0.5	0.873566563059014	0.947	0.804	NA	POSTN	LUM-1	FALSE
2	0.747	0.76166668920826	0.494	0.76166668920826	1	0.904	NA	AKAP12	LUM-1	FALSE
2	0.738	0.702214175906207	0.476	0.702214175906207	0.745	0.405	NA	ROBO2	LUM-1	FALSE
2	0.72	0.71437444297503	0.44	0.71437444297503	0.691	0.341	NA	XAF1	LUM-1	FALSE
3	0.984	2.41094804211216	0.968	2.41094804211216	1	0.71	NA	SFRP2	LUM-2	TRUE
3	0.947	1.53400741638794	0.894	1.53400741638794	0.988	0.414	NA	C1QTNF7	LUM-2	FALSE
3	0.939	1.55621090625692	0.878	1.55621090625692	1	0.626	NA	PDGFRA	LUM-2	TRUE
3	0.938	1.40280641759984	0.876	1.40280641759984	1	0.722	NA	VSTM4	LUM-2	TRUE
3	0.937	1.13482529187511	0.874	1.13482529187511	0.975	0.256	NA	DACH1	LUM-2	FALSE
3	0.928	1.22685661780504	0.856	1.22685661780504	1	0.42	NA	EDIL3	LUM-2	TRUE
3	0.922	1.4683364182712	0.844	1.4683364182712	0.938	0.284	NA	ABCA8	LUM-2	FALSE
3	0.917	1.20603141816994	0.834	1.20603141816994	1	0.546	NA	ABI3BP	LUM-2	TRUE
3	0.915	1.08787990359978	0.83	1.08787990359978	0.988	0.671	NA	TCF12	LUM-2	TRUE
3	0.914	0.939956337777392	0.828	0.939956337777392	0.951	0.223	NA	SPON1	LUM-2	FALSE
3	0.912	1.2984742408353	0.824	1.2984742408353	0.951	0.232	NA	FNDC1	LUM-2	FALSE
3	0.912	1.06967352669898	0.824	1.06967352669898	1	0.533	NA	COL21A1	LUM-2	TRUE
3	0.909	1.14589863183159	0.818	1.14589863183159	0.975	0.368	NA	COL15A1	LUM-2	FALSE
3	0.905	1.28222001830502	0.81	1.28222001830502	1	0.591	NA	ITGA8	LUM-2	FALSE
3	0.904	1.43179074652431	0.808	1.43179074652431	0.938	0.409	NA	LIMCH1	LUM-2	TRUE
3	0.901	1.13704343473934	0.802	1.13704343473934	1	0.789	NA	MOXD1	LUM-2	FALSE
3	0.895	1.14735751063798	0.79	1.14735751063798	0.84	0.104	NA	PLPPR4	LUM-2	TRUE
3	0.895	0.848936397435429	0.79	0.848936397435429	0.889	0.14	NA	HSD17B2	LUM-2	FALSE
3	0.894	0.929143609400349	0.788	0.929143609400349	1	0.539	NA	EDNRA	LUM-2	FALSE
3	0.892	1.23592313512815	0.784	1.23592313512815	1	0.766	NA	C1S	LUM-2	TRUE
3	0.888	1.4167323302502	0.776	1.4167323302502	0.852	0.147	NA	CXCL14	LUM-2	FALSE
3	0.887	1.29295893355803	0.774	1.29295893355803	0.951	0.357	NA	HAPLN1	LUM-2	FALSE
3	0.886	0.972711791871364	0.772	0.972711791871364	1	0.707	NA	NID1	LUM-2	FALSE
3	0.881	0.864031430599244	0.762	0.864031430599244	0.827	0.1	NA	CCBE1	LUM-2	TRUE
3	0.878	1.32155528702058	0.756	1.32155528702058	0.963	0.557	NA	ROR2	LUM-2	TRUE
3	0.878	0.823659861452631	0.756	0.823659861452631	0.864	0.14	NA	GREM2	LUM-2	FALSE
3	0.875	0.900902093564963	0.75	0.900902093564963	0.926	0.375	NA	CTSC	LUM-2	TRUE
3	0.873	0.850698695041613	0.746	0.850698695041613	0.901	0.235	NA	NTM	LUM-2	FALSE
3	0.869	1.00668661054203	0.738	1.00668661054203	1	0.534	NA	NR2F1	LUM-2	FALSE
3	0.866	0.826022920731527	0.732	0.826022920731527	0.988	0.507	NA	CTSK	LUM-2	FALSE
3	0.863	0.873605443907287	0.726	0.873605443907287	1	0.594	NA	RUNX1T1	LUM-2	FALSE
3	0.86	1.30085079160682	0.72	1.30085079160682	1	0.801	NA	POSTN	LUM-2	FALSE
3	0.855	0.747878916361774	0.71	0.747878916361774	0.901	0.415	NA	AHR	LUM-2	FALSE
3	0.853	0.922874447514743	0.706	0.922874447514743	0.914	0.46	NA	ZNF608	LUM-2	TRUE
3	0.851	0.799017576946305	0.702	0.799017576946305	0.852	0.24	NA	TMEM132C	LUM-2	FALSE
3	0.847	0.912536011867148	0.694	0.912536011867148	0.963	0.746	NA	PLEKHA5	LUM-2	TRUE
3	0.847	0.704661411705406	0.694	0.704661411705406	0.951	0.607	NA	PAM	LUM-2	FALSE
3	0.845	0.827938203701828	0.69	0.827938203701828	0.951	0.741	NA	MTUS1	LUM-2	TRUE
3	0.843	0.818552982455664	0.686	0.818552982455664	0.79	0.152	NA	ABCA6	LUM-2	FALSE
3	0.842	1.08768759272635	0.684	1.08768759272635	0.914	0.51	NA	TNFRSF19	LUM-2	FALSE
3	0.842	0.867189237517338	0.684	0.867189237517338	0.963	0.57	NA	SLC8A1	LUM-2	FALSE
3	0.842	0.801833593939726	0.684	0.801833593939726	0.938	0.351	NA	CDH6	LUM-2	FALSE
3	0.842	0.722550698757608	0.684	0.722550698757608	0.975	0.558	NA	GPC4	LUM-2	FALSE
3	0.838	0.952935880498796	0.676	0.952935880498796	1	0.938	NA	DPT	LUM-2	FALSE
3	0.838	0.788596487418428	0.676	0.788596487418428	0.975	0.6	NA	SETD7	LUM-2	TRUE
3	0.837	0.696515249552625	0.674	0.696515249552625	0.938	0.503	NA	SH3D19	LUM-2	FALSE
3	0.832	0.704805433567442	0.664	0.704805433567442	0.852	0.31	NA	RERG	LUM-2	FALSE
3	0.831	0.777364462895828	0.662	0.777364462895828	0.864	0.378	NA	IRS1	LUM-2	TRUE
3	0.83	0.760324871510212	0.66	0.760324871510212	1	0.777	NA	COL5A2	LUM-2	FALSE
3	0.827	0.818505653115833	0.654	0.818505653115833	1	0.936	NA	FBLN1	LUM-2	FALSE
3	0.827	0.755390089397729	0.654	0.755390089397729	0.963	0.534	NA	ANTXR2	LUM-2	FALSE
3	0.826	0.764655052588339	0.652	0.764655052588339	0.988	0.406	NA	LUM	LUM-2	FALSE
3	0.825	0.881665899039613	0.65	0.881665899039613	0.963	0.577	NA	TLE4	LUM-2	FALSE
3	0.825	0.734728497903983	0.65	0.734728497903983	0.938	0.442	NA	PID1	LUM-2	FALSE
3	0.824	0.78930740389502	0.648	0.78930740389502	0.975	0.528	NA	CDH11	LUM-2	FALSE
3	0.822	1.09225315366709	0.644	1.09225315366709	0.877	0.366	NA	PAG1	LUM-2	FALSE
3	0.822	0.833241524717617	0.644	0.833241524717617	0.901	0.411	NA	PRICKLE1	LUM-2	FALSE
3	0.821	0.83879535579877	0.642	0.83879535579877	0.877	0.359	NA	F2R	LUM-2	FALSE
3	0.818	0.741917036939122	0.636	0.741917036939122	1	0.967	NA	PBX1	LUM-2	FALSE
3	0.816	0.704158487654832	0.632	0.704158487654832	0.914	0.466	NA	PTCH1	LUM-2	FALSE
3	0.813	0.693589832141379	0.626	0.693589832141379	0.963	0.574	NA	FGFR1	LUM-2	FALSE
3	0.811	0.73086416006159	0.622	0.73086416006159	0.963	0.74	NA	WLS	LUM-2	FALSE
3	0.809	0.776968589059267	0.618	0.776968589059267	0.815	0.299	NA	APCDD1	LUM-2	FALSE
3	0.809	0.765574783478136	0.618	0.765574783478136	0.926	0.571	NA	REV3L	LUM-2	FALSE
3	0.808	0.852753526884797	0.616	0.852753526884797	1	0.99	NA	FN1	LUM-2	FALSE
3	0.808	0.751101091303641	0.616	0.751101091303641	0.963	0.564	NA	RNF150	LUM-2	FALSE
3	0.807	0.766099415509073	0.614	0.766099415509073	0.864	0.409	NA	PLEKHH2	LUM-2	FALSE
3	0.787	0.714710581789685	0.574	0.714710581789685	0.765	0.266	NA	TNIK	LUM-2	FALSE
3	0.782	0.777757616162483	0.564	0.777757616162483	0.877	0.421	NA	ADAMTS5	LUM-2	FALSE
3	0.78	0.718208204992878	0.56	0.718208204992878	0.605	0.058	NA	PGR	LUM-2	FALSE
3	0.779	0.720849891502945	0.558	0.720849891502945	0.963	0.893	NA	TSC22D1	LUM-2	FALSE
3	0.779	0.718260864742207	0.558	0.718260864742207	0.951	0.756	NA	BMP4	LUM-2	FALSE
3	0.761	0.729973981714757	0.522	0.729973981714757	0.914	0.58	NA	A2M	LUM-2	FALSE
3	0.759	0.78635125690071	0.518	0.78635125690071	0.79	0.402	NA	VCAM1	LUM-2	FALSE
3	0.758	1.06425496965269	0.516	1.06425496965269	0.63	0.168	NA	SPOCK1	LUM-2	FALSE
3	0.724	0.738505590889016	0.448	0.738505590889016	0.469	0.03	NA	CORIN	LUM-2	FALSE
3	0.713	0.934897650223521	0.426	0.934897650223521	0.543	0.171	NA	TSPAN33	LUM-2	FALSE
3	0.701	1.16423768032992	0.402	1.16423768032992	0.457	0.079	NA	COL6A5	LUM-2	FALSE
4	0.778	0.749422582545449	0.556	0.749422582545449	1	0.991	NA	FOS	LUM-0	FALSE
4	0.765	0.86815940125096	0.53	0.86815940125096	0.892	0.601	NA	SLIT2	LUM-0	FALSE
4	0.755	0.705270536342104	0.51	0.705270536342104	0.959	0.869	NA	SEPT11	LUM-0	FALSE
4	0.752	0.808648032026556	0.504	0.808648032026556	0.757	0.426	NA	PLEKHH2	LUM-0	FALSE
4	0.744	0.742069873541532	0.488	0.742069873541532	0.986	0.938	NA	FBLN1	LUM-0	FALSE
4	0.743	0.910110946299298	0.486	0.910110946299298	0.797	0.405	NA	VCAM1	LUM-0	FALSE
4	0.74	0.840819342026289	0.48	0.840819342026289	0.797	0.532	NA	SRPX	LUM-0	FALSE
4	0.738	0.826181412435228	0.476	0.826181412435228	0.905	0.722	NA	CFH	LUM-0	FALSE
4	0.732	0.770094902948705	0.464	0.770094902948705	0.973	0.919	NA	VCAN	LUM-0	FALSE
4	0.725	0.865476117163472	0.45	0.865476117163472	0.932	0.769	NA	ADAMTSL3	LUM-0	FALSE
4	0.724	0.810058150744354	0.448	0.810058150744354	0.635	0.261	NA	CNTNAP2	LUM-0	FALSE
4	0.719	0.693214860318892	0.438	0.693214860318892	0.743	0.386	NA	HAPLN1	LUM-0	FALSE
4	0.718	0.790290640229922	0.436	0.790290640229922	0.878	0.708	NA	MXRA5	LUM-0	FALSE
5	0.994	3.37127027277537	0.988	3.37127027277537	1	0.908	NA	KRT13	Epi-13	TRUE
5	0.986	2.61608043603921	0.972	2.61608043603921	1	0.776	NA	TACSTD2	Epi-13	TRUE
5	0.984	2.50540783522914	0.968	2.50540783522914	1	0.874	NA	DSP	Epi-13	TRUE
5	0.981	1.96807601960616	0.962	1.96807601960616	0.985	0.358	NA	DSC2	Epi-13	TRUE
5	0.977	1.59723793942366	0.954	1.59723793942366	0.969	0.167	NA	NECTIN4	Epi-13	TRUE
5	0.977	1.19422383967726	0.954	1.19422383967726	0.969	0.065	NA	LYPD3	Epi-13	TRUE
5	0.976	2.14559607191375	0.952	2.14559607191375	0.985	0.592	NA	RAB11FIP1	Epi-13	TRUE
5	0.976	1.9838996923494	0.952	1.9838996923494	1	0.996	NA	ANXA1	Epi-13	TRUE
5	0.976	1.84258798222029	0.952	1.84258798222029	0.969	0.267	NA	DSG3	Epi-13	TRUE
5	0.976	1.81150407400256	0.952	1.81150407400256	0.985	0.711	NA	PERP	Epi-13	TRUE
5	0.975	0.984502747381007	0.95	0.984502747381007	0.969	0.061	NA	CLDN7	Epi-13	TRUE
5	0.974	1.27443705856435	0.948	1.27443705856435	0.969	0.144	NA	CLDN4	Epi-13	TRUE
5	0.972	2.36966920167393	0.944	2.36966920167393	0.969	0.443	NA	AQP3	Epi-13	TRUE
5	0.971	1.63102772464902	0.942	1.63102772464902	0.985	0.337	NA	ELF3	Epi-13	TRUE
5	0.969	1.94110157886945	0.938	1.94110157886945	1	0.967	NA	KRT19	Epi-13	TRUE
5	0.968	1.25629405952419	0.936	1.25629405952419	1	0.23	NA	C6orf132	Epi-13	TRUE
5	0.966	1.70478320740532	0.932	1.70478320740532	0.969	0.267	NA	SFN	Epi-13	TRUE
5	0.96	1.41600370540544	0.92	1.41600370540544	0.954	0.24	NA	DSC3	Epi-13	TRUE
5	0.958	2.99455227491781	0.916	2.99455227491781	0.954	0.378	NA	SERPINB2	Epi-13	TRUE
5	0.954	1.03021556035509	0.908	1.03021556035509	0.938	0.086	NA	GRHL3	Epi-13	TRUE
5	0.954	0.817258674160117	0.908	0.817258674160117	0.923	0.029	NA	RHOV	Epi-13	TRUE
5	0.953	1.89502358838904	0.906	1.89502358838904	0.985	0.856	NA	S100A2	Epi-13	TRUE
5	0.953	1.31510178807668	0.906	1.31510178807668	0.969	0.374	NA	CDH1	Epi-13	TRUE
5	0.953	0.979080537938516	0.906	0.979080537938516	0.938	0.089	NA	EHF	Epi-13	TRUE
5	0.951	1.40933749796464	0.902	1.40933749796464	0.969	0.225	NA	IL1RN	Epi-13	TRUE
5	0.951	1.02955668207983	0.902	1.02955668207983	0.969	0.161	NA	GJB3	Epi-13	TRUE
5	0.95	2.11387433328929	0.9	2.11387433328929	0.954	0.416	NA	GBP6	Epi-13	TRUE
5	0.95	1.23519262138856	0.9	1.23519262138856	0.938	0.125	NA	SLPI	Epi-13	TRUE
5	0.95	0.88327610196853	0.9	0.88327610196853	0.985	0.259	NA	JUP	Epi-13	TRUE
5	0.949	1.30535654175806	0.898	1.30535654175806	0.969	0.366	NA	CD24	Epi-13	TRUE
5	0.948	2.54508180255787	0.896	2.54508180255787	1	0.814	NA	KRT4	Epi-13	TRUE
5	0.947	1.61141888340715	0.894	1.61141888340715	0.954	0.288	NA	SOX9	Epi-13	TRUE
5	0.947	1.28608029253415	0.894	1.28608029253415	0.938	0.119	NA	A2ML1	Epi-13	TRUE
5	0.946	1.21883310432263	0.892	1.21883310432263	1	0.746	NA	NDRG1	Epi-13	TRUE
5	0.945	1.07668413583957	0.89	1.07668413583957	0.985	0.798	NA	CTNND1	Epi-13	TRUE
5	0.944	1.31065321515127	0.888	1.31065321515127	0.969	0.523	NA	SPINT2	Epi-13	TRUE
5	0.94	1.90966149490629	0.88	1.90966149490629	0.908	0.103	NA	CEACAM6	Epi-13	TRUE
5	0.939	1.80996957624604	0.878	1.80996957624604	0.923	0.212	NA	KRT6B	Epi-13	TRUE
5	0.939	0.90953871593286	0.878	0.90953871593286	0.954	0.217	NA	CXADR	Epi-13	TRUE
5	0.938	1.71090937000216	0.876	1.71090937000216	0.923	0.24	NA	OVOL1	Epi-13	TRUE
5	0.938	1.09148766928797	0.876	1.09148766928797	0.923	0.106	NA	F2RL1	Epi-13	TRUE
5	0.938	0.79076476604887	0.876	0.79076476604887	0.969	0.233	NA	SPINT1	Epi-13	TRUE
5	0.936	1.23119765223004	0.872	1.23119765223004	0.954	0.358	NA	CSTB	Epi-13	TRUE
5	0.934	1.20065908081054	0.868	1.20065908081054	0.985	0.388	NA	TRIM29	Epi-13	TRUE
5	0.933	2.64456786155992	0.866	2.64456786155992	1	0.85	NA	KRT6A	Epi-13	TRUE
5	0.932	0.77519989286638	0.864	0.77519989286638	0.954	0.218	NA	SDC1	Epi-13	TRUE
5	0.931	0.862137506219722	0.862	0.862137506219722	0.985	0.734	NA	TXN	Epi-13	TRUE
5	0.93	1.35526798611735	0.86	1.35526798611735	0.969	0.509	NA	RAB25	Epi-13	TRUE
5	0.93	1.23984197714707	0.86	1.23984197714707	0.969	0.25	NA	SERPINB5	Epi-13	TRUE
5	0.93	0.785952198140187	0.86	0.785952198140187	0.877	0.031	NA	FUT3	Epi-13	TRUE
5	0.926	1.49454112317897	0.852	1.49454112317897	0.969	0.682	NA	CD55	Epi-13	TRUE
5	0.926	0.962684273446491	0.852	0.962684273446491	0.985	0.551	NA	GSTP1	Epi-13	TRUE
5	0.924	0.816698851719556	0.848	0.816698851719556	0.862	0.032	NA	SCEL	Epi-13	TRUE
5	0.922	0.840271125222957	0.844	0.840271125222957	0.862	0.038	NA	RHCG	Epi-13	TRUE
5	0.921	0.851636152070956	0.842	0.851636152070956	0.985	0.429	NA	PTPRF	Epi-13	TRUE
5	0.921	0.766522192158609	0.842	0.766522192158609	0.923	0.161	NA	TMPRSS4	Epi-13	TRUE
5	0.92	1.40553195060378	0.84	1.40553195060378	0.985	0.901	NA	EMP1	Epi-13	FALSE
5	0.919	1.24586053870933	0.838	1.24586053870933	0.954	0.324	NA	RBM47	Epi-13	TRUE
5	0.918	1.17167508846549	0.836	1.17167508846549	1	0.815	NA	LRRFIP1	Epi-13	TRUE
5	0.918	0.973463631033062	0.836	0.973463631033062	0.985	0.926	NA	ANXA2	Epi-13	FALSE
5	0.918	0.722598674370352	0.836	0.722598674370352	0.938	0.169	NA	AIM1	Epi-13	TRUE
5	0.917	1.02617413219879	0.834	1.02617413219879	0.969	0.353	NA	HMGCR	Epi-13	TRUE
5	0.917	0.988126170592283	0.834	0.988126170592283	0.938	0.25	NA	SERPINB1	Epi-13	TRUE
5	0.914	0.783594278949733	0.828	0.783594278949733	0.985	0.455	NA	PGD	Epi-13	TRUE
5	0.913	0.773092477280232	0.826	0.773092477280232	0.969	0.347	NA	HSPB1	Epi-13	FALSE
5	0.913	0.713469764020131	0.826	0.713469764020131	0.908	0.157	NA	MPP7	Epi-13	TRUE
5	0.911	1.17194939587737	0.822	1.17194939587737	0.954	0.596	NA	HMGCS1	Epi-13	TRUE
5	0.908	1.09725153851293	0.816	1.09725153851293	0.954	0.658	NA	S100A11	Epi-13	TRUE
5	0.908	1.05478199758844	0.816	1.05478199758844	0.908	0.196	NA	AHNAK2	Epi-13	FALSE
5	0.908	0.767953084441338	0.816	0.767953084441338	0.923	0.214	NA	ZNF185	Epi-13	FALSE
5	0.907	0.820106232294121	0.814	0.820106232294121	0.938	0.193	NA	GJB5	Epi-13	TRUE
5	0.905	1.77207115997208	0.81	1.77207115997208	0.908	0.323	NA	SPINK5	Epi-13	TRUE
5	0.905	1.16894692053136	0.81	1.16894692053136	1	0.549	NA	KLF5	Epi-13	FALSE
5	0.905	1.00704817690997	0.81	1.00704817690997	0.969	0.372	NA	IRF6	Epi-13	FALSE
5	0.904	0.703050957300011	0.808	0.703050957300011	1	1	NA	RPS18	Epi-13	FALSE
5	0.903	1.60587212969348	0.806	1.60587212969348	0.877	0.167	NA	HES2	Epi-13	TRUE
5	0.903	1.2708842344643	0.806	1.2708842344643	0.985	0.823	NA	EZR	Epi-13	FALSE
5	0.903	0.926827124476993	0.806	0.926827124476993	0.985	0.719	NA	DBI	Epi-13	FALSE
5	0.901	0.789751828962835	0.802	0.789751828962835	0.969	0.613	NA	ARF6	Epi-13	TRUE
5	0.9	1.09385757312402	0.8	1.09385757312402	0.908	0.249	NA	C1orf116	Epi-13	TRUE
5	0.9	0.865613465724203	0.8	0.865613465724203	0.954	0.346	NA	F11R	Epi-13	FALSE
5	0.899	0.734617373606298	0.798	0.734617373606298	0.969	0.302	NA	TMEM30B	Epi-13	FALSE
5	0.898	0.908047065788822	0.796	0.908047065788822	0.969	0.578	NA	CD9	Epi-13	FALSE
5	0.897	1.03643259274589	0.794	1.03643259274589	0.923	0.275	NA	NIPAL1	Epi-13	TRUE
5	0.896	0.852887931261072	0.792	0.852887931261072	0.908	0.225	NA	MSMO1	Epi-13	TRUE
5	0.894	0.703149449197806	0.788	0.703149449197806	0.923	0.206	NA	DENND2C	Epi-13	TRUE
5	0.891	0.953957945601345	0.782	0.953957945601345	0.923	0.355	NA	ESRP1	Epi-13	TRUE
5	0.891	0.788456377501179	0.782	0.788456377501179	0.985	0.891	NA	YBX3	Epi-13	FALSE
5	0.89	1.06554564339625	0.78	1.06554564339625	0.831	0.115	NA	SCIN	Epi-13	TRUE
5	0.89	0.921929466558927	0.78	0.921929466558927	0.877	0.176	NA	FAM83C	Epi-13	TRUE
5	0.89	0.821175753160624	0.78	0.821175753160624	0.938	0.256	NA	S100A14	Epi-13	FALSE
5	0.888	1.05326594885611	0.776	1.05326594885611	0.969	0.429	NA	TM4SF1	Epi-13	FALSE
5	0.888	0.703942858937431	0.776	0.703942858937431	1	0.805	NA	CAST	Epi-13	FALSE
5	0.886	0.87703283936545	0.772	0.87703283936545	0.969	0.464	NA	CCND1	Epi-13	FALSE
5	0.885	0.733357360043219	0.77	0.733357360043219	0.862	0.156	NA	EPS8L1	Epi-13	TRUE
5	0.884	0.987514585061038	0.768	0.987514585061038	0.985	0.828	NA	CLINT1	Epi-13	TRUE
5	0.884	0.712037329420106	0.768	0.712037329420106	0.969	0.39	NA	B3GNT5	Epi-13	FALSE
5	0.882	1.05491149391111	0.764	1.05491149391111	0.954	0.456	NA	LDLR	Epi-13	TRUE
5	0.882	0.926511922370515	0.764	0.926511922370515	1	0.589	NA	TJP2	Epi-13	FALSE
5	0.881	0.924113396291654	0.762	0.924113396291654	0.908	0.254	NA	IKZF2	Epi-13	TRUE
5	0.88	0.708694876868193	0.76	0.708694876868193	0.985	0.635	NA	PTBP3	Epi-13	TRUE
5	0.879	0.794600322530717	0.758	0.794600322530717	0.969	0.581	NA	TIPARP	Epi-13	FALSE
5	0.879	0.75628199829575	0.758	0.75628199829575	1	0.382	NA	EPCAM	Epi-13	FALSE
5	0.878	0.884473850782416	0.756	0.884473850782416	0.923	0.292	NA	CELSR1	Epi-13	TRUE
5	0.877	0.782703764071699	0.754	0.782703764071699	0.954	0.465	NA	RAP2B	Epi-13	TRUE
5	0.876	0.709941084496617	0.752	0.709941084496617	0.877	0.206	NA	CDCP1	Epi-13	FALSE
5	0.875	0.784735895601731	0.75	0.784735895601731	1	0.693	NA	S100A10	Epi-13	FALSE
5	0.873	1.09371663891691	0.746	1.09371663891691	0.877	0.217	NA	MARVELD2	Epi-13	TRUE
5	0.869	0.758515015330581	0.738	0.758515015330581	0.892	0.208	NA	RIPK4	Epi-13	FALSE
5	0.867	0.914116554328575	0.734	0.914116554328575	0.831	0.137	NA	CLDN10	Epi-13	TRUE
5	0.866	0.693967286017787	0.732	0.693967286017787	0.969	0.538	NA	TCEA3	Epi-13	TRUE
5	0.865	0.731237655696962	0.73	0.731237655696962	0.877	0.221	NA	MAPK13	Epi-13	TRUE
5	0.864	1.25313695468218	0.728	1.25313695468218	0.985	0.651	NA	LMO7	Epi-13	FALSE
5	0.862	0.701318205630738	0.724	0.701318205630738	0.969	0.519	NA	CDC42SE1	Epi-13	TRUE
5	0.86	0.775196828864445	0.72	0.775196828864445	1	0.731	NA	CYCS	Epi-13	FALSE
5	0.857	0.731788565575013	0.714	0.731788565575013	0.923	0.305	NA	GBP2	Epi-13	FALSE
5	0.856	0.981032828533086	0.712	0.981032828533086	0.923	0.424	NA	VSNL1	Epi-13	FALSE
5	0.856	0.712223141236171	0.712	0.712223141236171	0.908	0.34	NA	SQLE	Epi-13	TRUE
5	0.854	0.745873874139948	0.708	0.745873874139948	1	0.9	NA	SLK	Epi-13	FALSE
5	0.851	0.971932039848815	0.702	0.971932039848815	0.969	0.629	NA	BHLHE40	Epi-13	FALSE
5	0.846	0.851700077813282	0.692	0.851700077813282	0.708	0.025	NA	CLCA4	Epi-13	TRUE
5	0.844	0.873283080709498	0.688	0.873283080709498	0.938	0.513	NA	TRIB1	Epi-13	FALSE
5	0.843	0.955199938999757	0.686	0.955199938999757	0.954	0.456	NA	KRT5	Epi-13	FALSE
5	0.842	0.704144970423394	0.684	0.704144970423394	0.969	0.637	NA	UBALD2	Epi-13	FALSE
5	0.839	0.698206831540879	0.678	0.698206831540879	0.723	0.052	NA	KRT6C	Epi-13	TRUE
5	0.838	0.985697409042557	0.676	0.985697409042557	1	0.773	NA	KRT18	Epi-13	FALSE
5	0.838	0.729749300672163	0.676	0.729749300672163	0.969	0.429	NA	MECOM	Epi-13	FALSE
5	0.834	0.738260026111207	0.668	0.738260026111207	0.908	0.349	NA	B4GALT4	Epi-13	TRUE
5	0.831	0.726368996268969	0.662	0.726368996268969	0.923	0.426	NA	FRMD4B	Epi-13	FALSE
5	0.826	0.774112967584481	0.652	0.774112967584481	1	0.603	NA	ARHGAP32	Epi-13	TRUE
5	0.818	0.718861540236515	0.636	0.718861540236515	0.938	0.634	NA	OXSR1	Epi-13	FALSE
5	0.817	0.725137699358319	0.634	0.725137699358319	0.862	0.376	NA	LGALSL	Epi-13	FALSE
5	0.817	0.700657759512069	0.634	0.700657759512069	0.954	0.535	NA	KIF21A	Epi-13	FALSE
5	0.808	0.82650623560923	0.616	0.82650623560923	0.923	0.608	NA	EFNB2	Epi-13	FALSE
5	0.808	0.704521354890415	0.616	0.704521354890415	0.985	0.762	NA	TUBA1C	Epi-13	FALSE
5	0.803	0.724364702226463	0.606	0.724364702226463	0.615	0.013	NA	SCGB1A1	Epi-13	TRUE
5	0.793	0.742242729682916	0.586	0.742242729682916	0.723	0.176	NA	RTKN2	Epi-13	TRUE
5	0.781	0.98243419740568	0.562	0.98243419740568	0.692	0.198	NA	MUC4	Epi-13	TRUE
5	0.781	0.771539176298413	0.562	0.771539176298413	1	0.997	NA	KLF6	Epi-13	FALSE
5	0.752	0.79608857520368	0.504	0.79608857520368	0.554	0.073	NA	BSPRY	Epi-13	TRUE
5	0.728	0.71769291980217	0.456	0.71769291980217	0.708	0.283	NA	EDN1	Epi-13	FALSE
5	0.72	0.80308786341664	0.44	0.80308786341664	0.631	0.263	NA	OVOL2	Epi-13	FALSE
5	0.711	1.7439117507561	0.422	1.7439117507561	0.738	0.422	NA	KRT16	Epi-13	FALSE
6	0.994	2.0766810036918	0.988	2.0766810036918	1	0.402	NA	GAS7	NC	TRUE
6	0.987	2.85646491078949	0.974	2.85646491078949	0.98	0.224	NA	PLP1	NC	TRUE
6	0.986	1.92059176908032	0.972	1.92059176908032	1	0.374	NA	ERBB3	NC	TRUE
6	0.984	2.94458955058763	0.968	2.94458955058763	0.98	0.246	NA	NRXN1	NC	TRUE
6	0.977	2.32310111686705	0.954	2.32310111686705	0.959	0.081	NA	XKR4	NC	TRUE
6	0.977	2.30983991276615	0.954	2.30983991276615	0.959	0.067	NA	CDH19	NC	TRUE
6	0.971	1.71921685781391	0.942	1.71921685781391	1	0.693	NA	CADM1	NC	TRUE
6	0.97	2.12352088928832	0.94	2.12352088928832	0.959	0.136	NA	TMEM71	NC	TRUE
6	0.966	2.35208017228077	0.932	2.35208017228077	0.939	0.094	NA	S100B	NC	TRUE
6	0.955	1.90689107118953	0.91	1.90689107118953	0.959	0.516	NA	GPM6B	NC	TRUE
6	0.952	1.22908210193394	0.904	1.22908210193394	0.98	0.768	NA	QKI	NC	TRUE
6	0.943	1.37917343342522	0.886	1.37917343342522	0.98	0.423	NA	C1orf198	NC	TRUE
6	0.94	0.919582322279643	0.88	0.919582322279643	0.959	0.156	NA	SCD	NC	TRUE
6	0.936	1.05747487115792	0.872	1.05747487115792	1	0.746	NA	PRNP	NC	TRUE
6	0.935	1.41073800326747	0.87	1.41073800326747	0.98	0.452	NA	GNG2	NC	TRUE
6	0.935	1.40143137696155	0.87	1.40143137696155	0.939	0.244	NA	EDNRB	NC	TRUE
6	0.934	1.74660881951187	0.868	1.74660881951187	0.98	0.509	NA	ANK2	NC	TRUE
6	0.932	1.2535750398734	0.864	1.2535750398734	1	0.378	NA	DMD	NC	FALSE
6	0.928	1.80484735369146	0.856	1.80484735369146	1	0.629	NA	PTPRZ1	NC	TRUE
6	0.928	1.4108122967953	0.856	1.4108122967953	0.918	0.217	NA	TMOD2	NC	TRUE
6	0.928	1.15473623922223	0.856	1.15473623922223	1	0.989	NA	TUBA1A	NC	TRUE
6	0.928	1.13596997414913	0.856	1.13596997414913	0.878	0.062	NA	SLC35F1	NC	TRUE
6	0.926	1.25304981872592	0.852	1.25304981872592	0.959	0.389	NA	OLFML2A	NC	TRUE
6	0.926	1.21623993963238	0.852	1.21623993963238	0.857	0.02	NA	SOX10	NC	TRUE
6	0.924	1.46532167818832	0.848	1.46532167818832	0.959	0.423	NA	SAMHD1	NC	TRUE
6	0.922	1.37112487749231	0.844	1.37112487749231	0.98	0.629	NA	TGFBR2	NC	FALSE
6	0.919	1.29655638145487	0.838	1.29655638145487	0.959	0.347	NA	TMEM176B	NC	TRUE
6	0.919	1.03333354858299	0.838	1.03333354858299	0.857	0.064	NA	COBL	NC	TRUE
6	0.918	1.06678412105793	0.836	1.06678412105793	0.878	0.084	NA	CDH2	NC	TRUE
6	0.916	1.21673285139947	0.832	1.21673285139947	0.98	0.442	NA	PMEPA1	NC	FALSE
6	0.912	1.03402756062461	0.824	1.03402756062461	0.857	0.071	NA	PRIMA1	NC	TRUE
6	0.911	1.26709389997039	0.822	1.26709389997039	1	0.714	NA	ZEB2	NC	TRUE
6	0.907	1.0599954791705	0.814	1.0599954791705	0.898	0.259	NA	AP1S2	NC	FALSE
6	0.906	1.14054460666469	0.812	1.14054460666469	0.816	0.017	NA	COL28A1	NC	TRUE
6	0.9	0.925905157807726	0.8	0.925905157807726	0.939	0.335	NA	CDR1-AS	NC	FALSE
6	0.899	1.07304183084635	0.798	1.07304183084635	0.878	0.192	NA	NLGN4X	NC	TRUE
6	0.899	1.01981072328187	0.798	1.01981072328187	0.959	0.325	NA	CDR1	NC	FALSE
6	0.898	1.07726368806322	0.796	1.07726368806322	1	0.994	NA	DST	NC	FALSE
6	0.897	1.02505740469257	0.794	1.02505740469257	0.837	0.091	NA	TENM3	NC	TRUE
6	0.896	1.47044533620513	0.792	1.47044533620513	0.837	0.156	NA	CRYAB	NC	TRUE
6	0.896	1.01377809405023	0.792	1.01377809405023	0.939	0.572	NA	SCCPDH	NC	TRUE
6	0.895	1.33024889402239	0.79	1.33024889402239	0.939	0.327	NA	NCAM1	NC	TRUE
6	0.893	1.2145092496629	0.786	1.2145092496629	1	0.999	NA	MAP4	NC	TRUE
6	0.892	1.09634063283986	0.784	1.09634063283986	0.878	0.239	NA	ADGRG6	NC	TRUE
6	0.891	1.24528946109612	0.782	1.24528946109612	1	0.626	NA	ENDOD1	NC	FALSE
6	0.89	0.913652828028327	0.78	0.913652828028327	0.816	0.064	NA	RASSF4	NC	TRUE
6	0.889	1.62864235966949	0.778	1.62864235966949	0.857	0.284	NA	CHD7	NC	TRUE
6	0.888	1.11940718946564	0.776	1.11940718946564	0.816	0.08	NA	SCN9A	NC	TRUE
6	0.887	1.21713078274153	0.774	1.21713078274153	0.816	0.094	NA	MAL	NC	TRUE
6	0.886	1.39578510567445	0.772	1.39578510567445	0.939	0.42	NA	IQGAP2	NC	FALSE
6	0.884	1.40156935311917	0.768	1.40156935311917	0.796	0.058	NA	FIGN	NC	TRUE
6	0.884	1.24634813065016	0.768	1.24634813065016	0.98	0.526	NA	SCN7A	NC	FALSE
6	0.884	0.889455253404746	0.768	0.889455253404746	1	0.991	NA	MARCKS	NC	FALSE
6	0.88	1.35051069239734	0.76	1.35051069239734	0.98	0.76	NA	KHDRBS3	NC	FALSE
6	0.879	0.790799711640697	0.758	0.790799711640697	0.796	0.051	NA	LGI4	NC	TRUE
6	0.878	0.959947927255874	0.756	0.959947927255874	0.98	0.932	NA	VIM	NC	FALSE
6	0.877	0.809387862865287	0.754	0.809387862865287	0.939	0.409	NA	WIPF1	NC	TRUE
6	0.876	1.15646537139297	0.752	1.15646537139297	0.878	0.409	NA	MEGF9	NC	TRUE
6	0.875	0.924230328123848	0.75	0.924230328123848	0.816	0.122	NA	GAS2L3	NC	TRUE
6	0.873	1.12572227766838	0.746	1.12572227766838	0.898	0.406	NA	AFAP1L2	NC	TRUE
6	0.873	0.856568017694221	0.746	0.856568017694221	0.959	0.469	NA	LPAR1	NC	TRUE
6	0.869	0.913232525343392	0.738	0.913232525343392	0.837	0.182	NA	FAM134B	NC	TRUE
6	0.869	0.82397535907025	0.738	0.82397535907025	0.796	0.118	NA	CADM4	NC	FALSE
6	0.867	1.07519500996692	0.734	1.07519500996692	0.857	0.234	NA	SORCS1	NC	TRUE
6	0.866	0.800883600881806	0.732	0.800883600881806	0.735	0.009	NA	MPZ	NC	TRUE
6	0.865	1.12937924614254	0.73	1.12937924614254	0.735	0.017	NA	PCSK2	NC	TRUE
6	0.864	1.1935542084087	0.728	1.1935542084087	0.918	0.426	NA	SIPA1L2	NC	FALSE
6	0.863	0.736399526340639	0.726	0.736399526340639	0.755	0.044	NA	GABRA2	NC	TRUE
6	0.862	1.32836756045735	0.724	1.32836756045735	0.776	0.112	NA	CHL1	NC	TRUE
6	0.862	0.872294296989911	0.724	0.872294296989911	0.898	0.378	NA	MAPRE2	NC	TRUE
6	0.861	1.49770545369207	0.722	1.49770545369207	0.878	0.385	NA	ANK3	NC	TRUE
6	0.86	1.25987972000459	0.72	1.25987972000459	0.857	0.241	NA	ATP1A2	NC	FALSE
6	0.858	1.19289894154441	0.716	1.19289894154441	1	0.973	NA	SPTBN1	NC	FALSE
6	0.857	1.22042036727665	0.714	1.22042036727665	0.939	0.521	NA	PDGFA	NC	TRUE
6	0.855	0.932051813257386	0.71	0.932051813257386	0.898	0.365	NA	SEMA3C	NC	FALSE
6	0.853	0.863471431329862	0.706	0.863471431329862	0.714	0.018	NA	GFRA3	NC	TRUE
6	0.852	1.1256622523533	0.704	1.1256622523533	0.776	0.139	NA	SOX5	NC	TRUE
6	0.851	0.770417007294992	0.702	0.770417007294992	0.878	0.301	NA	STARD13	NC	FALSE
6	0.847	0.93109683842118	0.694	0.93109683842118	0.918	0.648	NA	PMP22	NC	FALSE
6	0.846	0.93555931743759	0.692	0.93555931743759	0.837	0.331	NA	SYT11	NC	TRUE
6	0.844	0.906755049507615	0.688	0.906755049507615	0.714	0.053	NA	ST3GAL6	NC	TRUE
6	0.843	1.04559008159482	0.686	1.04559008159482	0.816	0.251	NA	NGFR	NC	TRUE
6	0.842	1.02720116306646	0.684	1.02720116306646	0.837	0.317	NA	ARHGEF26	NC	TRUE
6	0.839	1.33969405700327	0.678	1.33969405700327	0.694	0.037	NA	TSPAN11	NC	TRUE
6	0.836	1.19152410529979	0.672	1.19152410529979	0.714	0.091	NA	GFRA2	NC	TRUE
6	0.833	0.790196316643685	0.666	0.790196316643685	1	0.78	NA	KCTD12	NC	FALSE
6	0.833	0.789210327031658	0.666	0.789210327031658	0.857	0.604	NA	CNN3	NC	FALSE
6	0.831	0.730623146431723	0.662	0.730623146431723	1	0.922	NA	ADD3	NC	FALSE
6	0.83	1.57443299739956	0.66	1.57443299739956	0.816	0.304	NA	FGL2	NC	FALSE
6	0.821	0.745956537156511	0.642	0.745956537156511	0.735	0.138	NA	NCAM2	NC	FALSE
6	0.819	0.721052197860362	0.638	0.721052197860362	0.735	0.156	NA	PRKCA	NC	TRUE
6	0.818	0.82612068508894	0.636	0.82612068508894	0.878	0.462	NA	TNS3	NC	FALSE
6	0.817	1.25647745939077	0.634	1.25647745939077	0.714	0.136	NA	ADAM23	NC	FALSE
6	0.816	0.725966718728651	0.632	0.725966718728651	0.837	0.364	NA	SORBS1	NC	FALSE
6	0.815	1.02661358384993	0.63	1.02661358384993	0.755	0.182	NA	ZNF536	NC	FALSE
6	0.814	0.875518559348153	0.628	0.875518559348153	0.796	0.308	NA	SNTB1	NC	TRUE
6	0.814	0.693763358939581	0.628	0.693763358939581	0.918	0.578	NA	NDRG2	NC	FALSE
6	0.812	0.954632289809131	0.624	0.954632289809131	0.735	0.233	NA	ARHGAP15	NC	TRUE
6	0.811	1.00832115031937	0.622	1.00832115031937	0.653	0.058	NA	BMP8B	NC	TRUE
6	0.807	0.790959652077128	0.614	0.790959652077128	1	0.751	NA	GFRA1	NC	FALSE
6	0.806	1.16649339419265	0.612	1.16649339419265	0.816	0.466	NA	SLITRK6	NC	FALSE
6	0.804	1.16288210643428	0.608	1.16288210643428	0.837	0.487	NA	NR4A2	NC	TRUE
6	0.804	0.955086172334771	0.608	0.955086172334771	0.837	0.482	NA	CREB5	NC	FALSE
6	0.801	1.1351363664109	0.602	1.1351363664109	0.735	0.236	NA	CADM3	NC	FALSE
6	0.8	1.35926031968284	0.6	1.35926031968284	0.612	0.03	NA	RELN	NC	TRUE
6	0.8	0.971028341145027	0.6	0.971028341145027	0.796	0.339	NA	ARHGEF6	NC	FALSE
6	0.798	1.11707817516089	0.596	1.11707817516089	0.98	0.898	NA	MATN2	NC	FALSE
6	0.798	0.756540937792587	0.596	0.756540937792587	0.714	0.199	NA	TFAP2A	NC	FALSE
6	0.797	1.23766298384796	0.594	1.23766298384796	0.694	0.175	NA	DOCK5	NC	TRUE
6	0.797	1.0650054493185	0.594	1.0650054493185	0.878	0.575	NA	FAM129A	NC	FALSE
6	0.797	0.924661339657365	0.594	0.924661339657365	0.959	0.673	NA	LAMA2	NC	FALSE
6	0.796	0.96634431453129	0.592	0.96634431453129	0.673	0.114	NA	NFATC2	NC	FALSE
6	0.796	0.719626316981907	0.592	0.719626316981907	0.816	0.349	NA	SORBS2	NC	FALSE
6	0.795	0.766344612261053	0.59	0.766344612261053	0.673	0.148	NA	SEMA3B	NC	TRUE
6	0.792	0.976128414018012	0.584	0.976128414018012	0.592	0.014	NA	SHISA9	NC	TRUE
6	0.792	0.756082856188844	0.584	0.756082856188844	0.714	0.216	NA	SFRP1	NC	FALSE
6	0.791	0.884898247685141	0.582	0.884898247685141	0.98	0.973	NA	LAMC1	NC	FALSE
6	0.791	0.705006424481633	0.582	0.705006424481633	0.918	0.73	NA	DBI	NC	FALSE
6	0.79	1.56529526044083	0.58	1.56529526044083	0.755	0.388	NA	TNC	NC	FALSE
6	0.786	1.73266756336097	0.572	1.73266756336097	0.612	0.081	NA	TMEM132B	NC	TRUE
6	0.786	0.864877262615217	0.572	0.864877262615217	0.796	0.388	NA	ALCAM	NC	FALSE
6	0.785	0.888878169187099	0.57	0.888878169187099	0.837	0.403	NA	PCDH17	NC	FALSE
6	0.784	0.82239152250015	0.568	0.82239152250015	0.959	0.804	NA	VCL	NC	FALSE
6	0.782	1.62720180893225	0.564	1.62720180893225	0.837	0.605	NA	RCAN1	NC	FALSE
6	0.781	0.736019916847762	0.562	0.736019916847762	0.796	0.347	NA	PRSS23	NC	FALSE
6	0.78	0.774865161955483	0.56	0.774865161955483	0.878	0.402	NA	COL15A1	NC	FALSE
6	0.778	0.839624529848727	0.556	0.839624529848727	0.776	0.368	NA	TBX3	NC	FALSE
6	0.777	0.734097834862706	0.554	0.734097834862706	0.592	0.051	NA	P2RX7	NC	TRUE
6	0.772	0.74776088265843	0.544	0.74776088265843	0.755	0.362	NA	VGLL3	NC	FALSE
6	0.771	1.28369771192542	0.542	1.28369771192542	0.653	0.209	NA	GPR155	NC	TRUE
6	0.764	0.961676068475472	0.528	0.961676068475472	0.571	0.074	NA	SHC4	NC	TRUE
6	0.763	0.938309228214692	0.526	0.938309228214692	0.551	0.044	NA	SEMA3G	NC	TRUE
6	0.759	0.811047298504499	0.518	0.811047298504499	0.816	0.592	NA	ANKRD50	NC	FALSE
6	0.758	1.18542829232284	0.516	1.18542829232284	0.612	0.145	NA	CIT	NC	FALSE
6	0.758	0.701009299954506	0.516	0.701009299954506	0.816	0.597	NA	CREB3L2	NC	FALSE
6	0.755	0.767554458709962	0.51	0.767554458709962	1	0.926	NA	ANXA2	NC	FALSE
6	0.753	0.842220924257021	0.506	0.842220924257021	0.735	0.338	NA	PCDH9	NC	FALSE
6	0.753	0.776813355410058	0.506	0.776813355410058	0.735	0.311	NA	SOX6	NC	FALSE
6	0.749	1.07033824222601	0.498	1.07033824222601	0.51	0.02	NA	PMP2	NC	TRUE
6	0.743	0.817744230155613	0.486	0.817744230155613	0.755	0.416	NA	CDH13	NC	FALSE
6	0.741	0.715733561646685	0.482	0.715733561646685	0.612	0.216	NA	NRXN3	NC	FALSE
6	0.74	0.808588840692098	0.48	0.808588840692098	1	0.888	NA	RHOB	NC	FALSE
6	0.739	0.713974137728964	0.478	0.713974137728964	0.694	0.305	NA	FEZ1	NC	FALSE
6	0.736	0.826634761755142	0.472	0.826634761755142	0.939	0.909	NA	ING1	NC	FALSE
6	0.727	1.02451561963243	0.454	1.02451561963243	0.551	0.132	NA	PAPPA	NC	FALSE
6	0.725	0.874342866816409	0.45	0.874342866816409	0.469	0.033	NA	PPP2R2B	NC	TRUE
6	0.717	0.806845155684143	0.434	0.806845155684143	0.469	0.047	NA	AK5	NC	TRUE
6	0.713	0.780344591951955	0.426	0.780344591951955	0.653	0.308	NA	PLEKHA4	NC	FALSE
6	0.712	1.03190349834365	0.424	1.03190349834365	0.796	0.621	NA	MEGF8	NC	FALSE
6	0.708	0.730052863446025	0.416	0.730052863446025	0.612	0.254	NA	HSPA12A	NC	FALSE
6	0.707	0.818759108131645	0.414	0.818759108131645	0.571	0.271	NA	KCNS3	NC	FALSE
6	0.707	0.761524393599215	0.414	0.761524393599215	0.633	0.308	NA	PGM2L1	NC	FALSE
6	0.703	0.966887581457926	0.406	0.966887581457926	0.429	0.036	NA	TMEM178B	NC	FALSE
6	0.702	0.776127746682147	0.404	0.776127746682147	1	0.997	NA	LAMB1	NC	FALSE
7	0.999	3.01917554374813	0.998	3.01917554374813	1	0.145	NA	ACTG2	Ms-A	TRUE
7	0.998	3.82912614667022	0.996	3.82912614667022	1	0.772	NA	MYH11	Ms-A	TRUE
7	0.994	2.76935579950879	0.988	2.76935579950879	1	0.666	NA	MYLK	Ms-A	TRUE
7	0.993	2.54425280987222	0.986	2.54425280987222	1	0.839	NA	TPM1	Ms-A	TRUE
7	0.992	2.89787897058173	0.984	2.89787897058173	1	0.814	NA	TPM2	Ms-A	TRUE
7	0.991	2.44624510067686	0.982	2.44624510067686	1	0.26	NA	LMOD1	Ms-A	TRUE
7	0.988	2.85802453437352	0.976	2.85802453437352	1	0.418	NA	TAGLN	Ms-A	TRUE
7	0.988	1.68468340441582	0.976	1.68468340441582	1	0.867	NA	DSTN	Ms-A	TRUE
7	0.987	1.65188620514517	0.974	1.65188620514517	1	0.477	NA	PDLIM3	Ms-A	TRUE
7	0.986	2.22687024214325	0.972	2.22687024214325	1	0.945	NA	CALD1	Ms-A	TRUE
7	0.986	1.58394507619136	0.972	1.58394507619136	1	0.497	NA	SLMAP	Ms-A	TRUE
7	0.985	1.90256090027109	0.97	1.90256090027109	1	0.793	NA	PALLD	Ms-A	TRUE
7	0.985	1.60320614909869	0.97	1.60320614909869	1	1	NA	MYL6	Ms-A	TRUE
7	0.984	2.49029568766646	0.968	2.49029568766646	1	0.545	NA	ACTA2	Ms-A	TRUE
7	0.984	2.45044439763371	0.968	2.45044439763371	1	0.573	NA	SYNPO2	Ms-A	TRUE
7	0.984	2.13575605489288	0.968	2.13575605489288	1	0.362	NA	SORBS1	Ms-A	TRUE
7	0.981	1.76758107360717	0.962	1.76758107360717	1	0.748	NA	FHL1	Ms-A	TRUE
7	0.98	1.77158822191104	0.96	1.77158822191104	1	0.87	NA	LPP	Ms-A	TRUE
7	0.972	1.27982142323948	0.944	1.27982142323948	1	0.327	NA	ACTN1	Ms-A	TRUE
7	0.97	1.43553118561934	0.94	1.43553118561934	1	0.18	NA	TGM2	Ms-A	TRUE
7	0.968	2.03461498329314	0.936	2.03461498329314	1	0.566	NA	PPP1R12B	Ms-A	TRUE
7	0.964	1.78224582968714	0.928	1.78224582968714	0.974	0.189	NA	MYOCD	Ms-A	TRUE
7	0.962	2.1432374114031	0.924	2.1432374114031	1	0.575	NA	NEXN	Ms-A	TRUE
7	0.96	1.70364556723533	0.92	1.70364556723533	1	0.924	NA	TCEAL4	Ms-A	TRUE
7	0.956	1.22493756021951	0.912	1.22493756021951	0.974	0.2	NA	PGM5	Ms-A	TRUE
7	0.956	1.07020104606753	0.912	1.07020104606753	0.947	0.063	NA	KCNMA1	Ms-A	TRUE
7	0.952	1.18309097318741	0.904	1.18309097318741	1	0.997	NA	ACTB	Ms-A	TRUE
7	0.951	2.23875029367457	0.902	2.23875029367457	1	0.716	NA	CSRP1	Ms-A	TRUE
7	0.949	1.0994997382075	0.898	1.0994997382075	0.947	0.113	NA	MYL9	Ms-A	TRUE
7	0.947	1.42870305259038	0.894	1.42870305259038	1	0.941	NA	MAP3K20	Ms-A	TRUE
7	0.945	1.45954236462102	0.89	1.45954236462102	0.974	0.438	NA	MSRB3	Ms-A	TRUE
7	0.94	1.81002419027387	0.88	1.81002419027388	0.895	0.056	NA	DES	Ms-A	TRUE
7	0.935	1.45629212337794	0.87	1.45629212337794	0.974	0.324	NA	FBXO32	Ms-A	TRUE
7	0.919	1.02688213675475	0.838	1.02688213675475	0.868	0.055	NA	KCNMB1	Ms-A	TRUE
7	0.918	0.971931701612437	0.836	0.971931701612437	0.947	0.235	NA	SMTN	Ms-A	TRUE
7	0.916	0.709456878253608	0.832	0.709456878253608	0.921	0.152	NA	FLNA	Ms-A	TRUE
7	0.915	1.15181597758658	0.83	1.15181597758658	0.921	0.18	NA	GREM2	Ms-A	FALSE
7	0.912	0.997830171564003	0.824	0.997830171564003	1	0.731	NA	DPYSL3	Ms-A	FALSE
7	0.909	1.18225257703966	0.818	1.18225257703966	0.974	0.467	NA	MRVI1	Ms-A	FALSE
7	0.907	1.54990239804979	0.814	1.54990239804979	0.974	0.65	NA	FILIP1L	Ms-A	TRUE
7	0.907	0.996110387798142	0.814	0.996110387798142	1	0.887	NA	SH3BGRL	Ms-A	FALSE
7	0.904	1.61446683163173	0.808	1.61446683163173	0.947	0.442	NA	RIMS1	Ms-A	FALSE
7	0.904	1.22207902795943	0.808	1.22207902795943	0.947	0.327	NA	GBP2	Ms-A	FALSE
7	0.904	0.950517582426004	0.808	0.950517582426004	0.947	0.446	NA	RBPMS	Ms-A	TRUE
7	0.903	0.918685513796326	0.806	0.918685513796326	1	0.738	NA	FNBP1	Ms-A	TRUE
7	0.902	1.00540515291598	0.804	1.00540515291598	1	0.832	NA	CORO1C	Ms-A	TRUE
7	0.901	1.72364544027835	0.802	1.72364544027835	0.921	0.229	NA	CARMN	Ms-A	FALSE
7	0.897	1.05297821381256	0.794	1.05297821381256	0.921	0.322	NA	CKB	Ms-A	TRUE
7	0.897	1.0443971596299	0.794	1.0443971596299	0.974	0.443	NA	CSRP2	Ms-A	TRUE
7	0.895	1.37356116865669	0.79	1.37356116865669	0.895	0.21	NA	PARM1	Ms-A	TRUE
7	0.894	1.04943544932771	0.788	1.04943544932771	1	0.471	NA	COLEC12	Ms-A	FALSE
7	0.893	1.15183192261521	0.786	1.15183192261521	1	0.589	NA	CAV1	Ms-A	FALSE
7	0.89	1.07101591334827	0.78	1.07101591334827	0.816	0.067	NA	AP000892.6	Ms-A	TRUE
7	0.89	0.925030887591998	0.78	0.925030887591998	1	0.719	NA	ENAH	Ms-A	FALSE
7	0.889	1.05701078571774	0.778	1.05701078571774	0.974	0.723	NA	PARVA	Ms-A	TRUE
7	0.889	1.00191752283488	0.778	1.00191752283488	1	0.897	NA	TACC1	Ms-A	FALSE
7	0.888	0.819235170372216	0.776	0.819235170372216	0.974	0.32	NA	NKX6-1	Ms-A	FALSE
7	0.887	1.0492739693354	0.774	1.0492739693354	1	0.969	NA	PPP1R12A	Ms-A	FALSE
7	0.887	0.986400249018026	0.774	0.986400249018026	1	0.755	NA	KANK2	Ms-A	FALSE
7	0.886	0.813045880699353	0.772	0.813045880699353	0.895	0.215	NA	SBSPON	Ms-A	TRUE
7	0.883	1.70886337587632	0.766	1.70886337587632	0.895	0.232	NA	NKD1	Ms-A	TRUE
7	0.882	0.946172603396972	0.764	0.946172603396972	1	0.804	NA	VCL	Ms-A	FALSE
7	0.881	0.79705314183916	0.762	0.79705314183916	0.895	0.245	NA	ALDH1B1	Ms-A	TRUE
7	0.876	1.16615875584012	0.752	1.16615875584012	0.895	0.357	NA	ST6GAL2	Ms-A	TRUE
7	0.875	0.781702248678047	0.75	0.781702248678047	1	0.701	NA	FERMT2	Ms-A	FALSE
7	0.875	0.70957570785039	0.75	0.70957570785039	0.789	0.076	NA	TSPAN2	Ms-A	FALSE
7	0.874	0.729752373540602	0.748	0.729752373540602	1	0.955	NA	COX6C	Ms-A	TRUE
7	0.867	1.66998551757045	0.734	1.66998551757045	0.789	0.119	NA	RAB9B	Ms-A	TRUE
7	0.865	0.84166679128933	0.73	0.84166679128933	0.789	0.102	NA	SYNC	Ms-A	TRUE
7	0.863	1.14202306566981	0.726	1.14202306566981	1	0.99	NA	FN1	Ms-A	FALSE
7	0.863	0.840033133761442	0.726	0.840033133761442	0.921	0.501	NA	ST5	Ms-A	TRUE
7	0.862	1.16675329830303	0.724	1.16675329830303	0.816	0.19	NA	PRELP	Ms-A	TRUE
7	0.861	1.09458078178215	0.722	1.09458078178215	0.737	0.024	NA	LINC00578	Ms-A	TRUE
7	0.86	1.1537652078811	0.72	1.1537652078811	0.947	0.39	NA	DMD	Ms-A	FALSE
7	0.86	1.1434760935001	0.72	1.1434760935001	0.789	0.113	NA	ACTA2-AS1	Ms-A	TRUE
7	0.856	0.838279612260166	0.712	0.838279612260166	0.868	0.329	NA	CFL2	Ms-A	TRUE
7	0.855	0.851893731958809	0.71	0.851893731958809	1	0.871	NA	CLIC4	Ms-A	FALSE
7	0.848	1.0456265772335	0.696	1.0456265772335	0.974	0.436	NA	IGFBP5	Ms-A	FALSE
7	0.847	0.826883224411673	0.694	0.826883224411673	0.947	0.491	NA	PDE5A	Ms-A	FALSE
7	0.846	0.879078018460487	0.692	0.879078018460487	0.763	0.117	NA	SPEG	Ms-A	TRUE
7	0.845	1.06414852318956	0.69	1.06414852318956	0.895	0.326	NA	NEGR1	Ms-A	FALSE
7	0.843	0.693921476489758	0.686	0.693921476489758	0.842	0.228	NA	CDC42EP3	Ms-A	FALSE
7	0.842	0.741359010507976	0.684	0.741359010507976	1	0.867	NA	PPP1CB	Ms-A	TRUE
7	0.84	0.864960139302692	0.68	0.864960139302692	0.947	0.427	NA	FENDRR	Ms-A	FALSE
7	0.839	1.08326543233189	0.678	1.08326543233189	0.737	0.087	NA	CCDC69	Ms-A	FALSE
7	0.837	0.993456570628666	0.674	0.993456570628666	0.816	0.231	NA	C3orf70	Ms-A	TRUE
7	0.833	1.01590578852445	0.666	1.01590578852445	0.947	0.45	NA	C1QTNF7	Ms-A	FALSE
7	0.832	0.914290208576056	0.664	0.914290208576056	0.868	0.316	NA	SYTL2	Ms-A	FALSE
7	0.832	0.805820154334671	0.664	0.805820154334671	0.974	0.745	NA	CD44	Ms-A	FALSE
7	0.832	0.752916514459744	0.664	0.752916514459744	0.842	0.274	NA	TTLL7	Ms-A	FALSE
7	0.831	0.763807762644098	0.662	0.763807762644098	0.711	0.052	NA	HPSE2	Ms-A	FALSE
7	0.829	0.92742228225087	0.658	0.92742228225087	1	0.933	NA	CAP1	Ms-A	FALSE
7	0.829	0.926736619313474	0.658	0.926736619313474	0.789	0.19	NA	HSD17B2	Ms-A	FALSE
7	0.822	0.824768469618351	0.644	0.824768469618351	0.921	0.59	NA	RNF150	Ms-A	FALSE
7	0.821	1.05100197223829	0.642	1.05100197223829	0.974	0.709	NA	COL12A1	Ms-A	FALSE
7	0.82	0.78757421073253	0.64	0.78757421073253	0.737	0.157	NA	SHROOM3	Ms-A	TRUE
7	0.817	1.01285708416874	0.634	1.01285708416874	0.947	0.688	NA	RGS2	Ms-A	FALSE
7	0.815	1.08125080236856	0.63	1.08125080236856	0.974	0.717	NA	MAP1B	Ms-A	FALSE
7	0.813	0.754431261918585	0.626	0.754431261918585	0.974	0.688	NA	TNS1	Ms-A	FALSE
7	0.809	0.923632822651946	0.618	0.923632822651946	0.789	0.301	NA	ITGA9	Ms-A	FALSE
7	0.807	0.99428185832101	0.614	0.99428185832101	0.737	0.238	NA	NPNT	Ms-A	FALSE
7	0.806	0.782447755101662	0.612	0.782447755101662	0.974	0.727	NA	PCDH7	Ms-A	FALSE
7	0.805	1.16802591302852	0.61	1.16802591302852	0.737	0.196	NA	CXCL14	Ms-A	FALSE
7	0.803	0.942422190995196	0.606	0.942422190995196	0.763	0.189	NA	IGF1	Ms-A	FALSE
7	0.8	0.710650412641027	0.6	0.710650412641027	0.921	0.49	NA	ANXA6	Ms-A	FALSE
7	0.796	0.762944490552285	0.592	0.762944490552285	0.868	0.456	NA	TCEAL1	Ms-A	TRUE
7	0.795	0.758291194107905	0.59	0.758291194107905	0.737	0.215	NA	SMOC2	Ms-A	FALSE
7	0.79	0.743831384787657	0.58	0.743831384787657	0.921	0.669	NA	CTGF	Ms-A	FALSE
7	0.789	0.707951770347055	0.578	0.707951770347055	0.895	0.34	NA	MIR100HG	Ms-A	FALSE
7	0.788	0.81474710646923	0.576	0.81474710646923	1	0.68	NA	SVIL	Ms-A	FALSE
7	0.786	0.776679950215705	0.572	0.776679950215705	0.684	0.143	NA	ADAMTS8	Ms-A	FALSE
7	0.784	0.955858953118007	0.568	0.955858953118007	0.895	0.621	NA	ITGA8	Ms-A	FALSE
7	0.778	0.750176690213389	0.556	0.750176690213389	0.789	0.284	NA	FNDC1	Ms-A	FALSE
7	0.775	1.44508987912831	0.55	1.44508987912831	0.605	0.09	NA	PRUNE2	Ms-A	TRUE
7	0.771	0.748709169684592	0.542	0.748709169684592	0.974	0.91	NA	RBPJ	Ms-A	FALSE
7	0.768	0.781723272040397	0.536	0.781723272040397	1	0.902	NA	TLN1	Ms-A	FALSE
7	0.768	0.732072374202322	0.536	0.732072374202322	0.605	0.087	NA	MBNL1-AS1	Ms-A	TRUE
7	0.763	0.725571962204741	0.526	0.725571962204741	0.763	0.382	NA	CCDC3	Ms-A	FALSE
7	0.762	0.742529932459339	0.524	0.742529932459339	0.842	0.464	NA	GBP1	Ms-A	FALSE
7	0.762	0.733813718343651	0.524	0.733813718343651	0.921	0.628	NA	LTBP1	Ms-A	FALSE
7	0.759	0.74078159317903	0.518	0.74078159317903	0.553	0.046	NA	CPXM2	Ms-A	FALSE
7	0.757	0.970504419184932	0.514	0.970504419184932	0.737	0.298	NA	TNIK	Ms-A	FALSE
7	0.738	1.53516013472316	0.476	1.53516013472316	0.789	0.457	NA	SYNM	Ms-A	FALSE
7	0.736	0.794827989880733	0.472	0.794827989880733	0.842	0.538	NA	TNFRSF19	Ms-A	FALSE
7	0.732	1.08869027486736	0.464	1.08869027486736	0.474	0.017	NA	WIF1	Ms-A	TRUE
7	0.716	0.787068732146721	0.432	0.787068732146721	0.605	0.197	NA	SPOCK1	Ms-A	FALSE
7	0.711	0.718071323673436	0.422	0.718071323673436	0.5	0.109	NA	DNAH11	Ms-A	FALSE
8	0.968	1.63245900579572	0.936	1.63245900579572	1	0.411	NA	SULF1	LUM-3	TRUE
8	0.963	1.91871296785025	0.926	1.91871296785025	1	0.362	NA	NRK	LUM-3	FALSE
8	0.954	1.68849248180765	0.908	1.68849248180765	1	0.716	NA	PTN	LUM-3	TRUE
8	0.952	2.73203034433713	0.904	2.73203034433713	0.947	0.197	NA	C7	LUM-3	TRUE
8	0.945	1.6180726135171	0.89	1.6180726135171	1	0.92	NA	VCAN	LUM-3	TRUE
8	0.942	2.38520269175494	0.884	2.38520269175494	0.947	0.359	NA	KCNN3	LUM-3	TRUE
8	0.942	1.61466560744767	0.884	1.61466560744767	1	0.783	NA	KCTD12	LUM-3	TRUE
8	0.935	1.60154994682113	0.87	1.60154994682113	0.974	0.611	NA	SLIT2	LUM-3	TRUE
8	0.93	1.62108795863831	0.86	1.62108795863831	1	0.531	NA	SCN7A	LUM-3	FALSE
8	0.914	1.24840601286588	0.828	1.24840601286588	1	0.506	NA	SGCD	LUM-3	TRUE
8	0.905	1.25551418697143	0.81	1.25551418697143	0.947	0.329	NA	MMP16	LUM-3	FALSE
8	0.898	1.43830242445982	0.796	1.43830242445982	1	0.773	NA	ADAMTSL3	LUM-3	FALSE
8	0.89	1.03429656826272	0.78	1.03429656826272	1	0.989	NA	NFIA	LUM-3	FALSE
8	0.888	1.58121622513421	0.776	1.58121622513421	1	0.934	NA	SERPINE2	LUM-3	TRUE
8	0.888	1.21011193324901	0.776	1.21011193324901	1	0.664	NA	DCN	LUM-3	FALSE
8	0.886	1.19712284529566	0.772	1.19712284529566	1	0.863	NA	ITM2A	LUM-3	FALSE
8	0.868	1.51635070050839	0.736	1.51635070050839	0.974	0.804	NA	PEG3	LUM-3	TRUE
8	0.866	0.942367355951384	0.732	0.942367355951384	1	0.731	NA	DPYSL3	LUM-3	FALSE
8	0.865	1.12244832156289	0.73	1.12244832156289	0.947	0.705	NA	GSN	LUM-3	FALSE
8	0.858	1.14332359789295	0.716	1.14332359789295	1	0.979	NA	SPARCL1	LUM-3	FALSE
8	0.851	0.903804350430836	0.702	0.903804350430836	1	0.808	NA	PLAGL1	LUM-3	FALSE
8	0.844	0.772177443026274	0.688	0.772177443026274	0.974	0.601	NA	CNN3	LUM-3	FALSE
8	0.839	0.819601578510567	0.678	0.819601578510567	0.974	0.719	NA	GUCY1A3	LUM-3	FALSE
8	0.831	0.777408332082268	0.662	0.777408332082268	0.895	0.443	NA	SCG5	LUM-3	FALSE
8	0.823	0.776478540929795	0.646	0.776478540929795	1	0.649	NA	PDGFRA	LUM-3	FALSE
8	0.82	0.75532257546333	0.64	0.75532257546333	1	0.997	NA	LAMB1	LUM-3	FALSE
8	0.818	0.80275455977977	0.636	0.80275455977977	0.816	0.294	NA	ZNF385D	LUM-3	FALSE
8	0.808	1.09557026151828	0.616	1.09557026151828	0.632	0.031	NA	NWD2	LUM-3	TRUE
8	0.807	1.11116314607833	0.614	1.11116314607833	0.947	0.713	NA	MXRA5	LUM-3	FALSE
8	0.807	0.969344541021279	0.614	0.969344541021279	0.947	0.731	NA	PCDH18	LUM-3	FALSE
8	0.805	0.751122961954217	0.61	0.751122961954217	0.974	0.593	NA	SLC8A1	LUM-3	FALSE
8	0.799	1.11186670665638	0.598	1.11186670665638	0.895	0.606	NA	TSHZ2	LUM-3	FALSE
8	0.797	0.818508739216816	0.594	0.818508739216816	0.921	0.54	NA	CTSK	LUM-3	FALSE
8	0.797	0.756665334355616	0.594	0.756665334355616	0.816	0.397	NA	PRKAR2B	LUM-3	FALSE
8	0.797	0.742599070432035	0.594	0.742599070432035	0.842	0.42	NA	SLC16A2	LUM-3	FALSE
8	0.797	0.729902066535352	0.594	0.729902066535352	0.974	0.726	NA	RBP1	LUM-3	FALSE
8	0.791	1.11825693474239	0.582	1.11825693474239	0.921	0.68	NA	LAMA2	LUM-3	FALSE
8	0.791	0.873724317939373	0.582	0.873724317939373	0.789	0.393	NA	LHFPL2	LUM-3	FALSE
8	0.791	0.775404341866369	0.582	0.775404341866369	0.895	0.477	NA	ISLR	LUM-3	FALSE
8	0.79	0.85402426546544	0.58	0.85402426546544	0.842	0.411	NA	PTPRD	LUM-3	FALSE
8	0.79	0.728185190065027	0.58	0.728185190065026	0.842	0.434	NA	IQGAP2	LUM-3	FALSE
8	0.79	0.726161033577378	0.58	0.726161033577378	0.816	0.323	NA	BICC1	LUM-3	FALSE
8	0.79	0.71607495802489	0.58	0.71607495802489	1	0.936	NA	FSTL1	LUM-3	FALSE
8	0.786	0.812819104603645	0.572	0.812819104603645	0.711	0.228	NA	GALNT10	LUM-3	FALSE
8	0.783	0.782266374520997	0.566	0.782266374520997	0.711	0.232	NA	STAMBPL1	LUM-3	FALSE
8	0.782	0.872152320074465	0.564	0.872152320074465	0.684	0.213	NA	AKR1C1	LUM-3	FALSE
8	0.778	0.720853507347081	0.556	0.720853507347081	1	0.755	NA	GFRA1	LUM-3	FALSE
8	0.774	0.980402092158104	0.548	0.980402092158104	0.658	0.186	NA	SCUBE2	LUM-3	FALSE
8	0.772	0.871755206287847	0.544	0.871755206287847	0.684	0.217	NA	NAV3	LUM-3	FALSE
8	0.768	0.870737016431039	0.536	0.870737016431039	0.921	0.691	NA	SH3BP5	LUM-3	FALSE
8	0.768	0.725433665861439	0.536	0.725433665861439	0.789	0.362	NA	ACVRL1	LUM-3	FALSE
8	0.767	1.00652822733158	0.534	1.00652822733158	0.842	0.424	NA	CLMP	LUM-3	FALSE
8	0.765	0.973851749680931	0.53	0.973851749680931	0.553	0.035	NA	SLC26A7	LUM-3	TRUE
8	0.762	0.837024504245088	0.524	0.837024504245088	0.816	0.449	NA	PLCE1	LUM-3	FALSE
8	0.761	0.715677269406099	0.522	0.715677269406099	0.921	0.445	NA	LUM	LUM-3	FALSE
8	0.757	1.44552590365646	0.514	1.44552590365646	0.684	0.246	NA	CAPN6	LUM-3	FALSE
8	0.756	0.808985452305096	0.512	0.808985452305097	0.632	0.175	NA	PLXNC1	LUM-3	FALSE
8	0.755	0.69730771773658	0.51	0.69730771773658	0.632	0.179	NA	SEL1L3	LUM-3	FALSE
8	0.754	1.85228505177996	0.508	1.85228505177996	0.605	0.18	NA	THBS4	LUM-3	TRUE
8	0.75	0.732287556990332	0.5	0.732287556990332	0.974	0.873	NA	SEPT11	LUM-3	FALSE
8	0.742	1.06783079490215	0.484	1.06783079490215	0.737	0.399	NA	P2RY1	LUM-3	FALSE
8	0.74	0.740825961648214	0.48	0.740825961648214	0.737	0.366	NA	SEMA3A	LUM-3	FALSE
8	0.731	0.945737355562427	0.462	0.945737355562427	0.868	0.613	NA	ITPR1	LUM-3	FALSE
8	0.729	0.71607226769194	0.458	0.71607226769194	1	0.941	NA	DPT	LUM-3	FALSE
8	0.718	0.744538983870359	0.436	0.744538983870359	0.684	0.305	NA	C1QTNF3	LUM-3	FALSE
8	0.711	0.723297282509517	0.422	0.723297282509517	0.895	0.716	NA	PEG10	LUM-3	FALSE
8	0.709	0.695168217260439	0.418	0.695168217260439	0.5	0.113	NA	DCHS2	LUM-3	FALSE
8	0.706	1.09092255402906	0.412	1.09092255402906	0.658	0.365	NA	HUNK	LUM-3	FALSE
9	1	3.30335021871905	1	3.30335021871905	1	0.157	NA	KIT	KIT	TRUE
9	1	2.70497755772755	1	2.70497755772755	1	0.453	NA	ETV1	KIT	TRUE
9	0.996	1.59872226611735	0.992	1.59872226611735	1	0.099	NA	DPP10	KIT	TRUE
9	0.993	3.21902370154573	0.986	3.21902370154573	1	0.313	NA	FGL2	KIT	TRUE
9	0.991	2.65574856848356	0.982	2.65574856848356	1	0.722	NA	GUCY1A3	KIT	TRUE
9	0.988	2.53874111209396	0.976	2.53874111209396	1	0.434	NA	IQGAP2	KIT	TRUE
9	0.988	1.55878103521391	0.976	1.55878103521391	1	0.997	NA	TMSB4X	KIT	TRUE
9	0.986	1.96617651244588	0.972	1.96617651244588	1	0.274	NA	PLAT	KIT	TRUE
9	0.98	2.08331867213638	0.96	2.08331867213638	0.963	0.055	NA	PRKCQ	KIT	TRUE
9	0.979	2.93733234563128	0.958	2.93733234563128	1	0.448	NA	RIMS1	KIT	TRUE
9	0.975	1.96397990045982	0.95	1.96397990045982	0.963	0.147	NA	ANO1	KIT	TRUE
9	0.969	1.47479398247247	0.938	1.47479398247247	0.963	0.065	NA	F2RL2	KIT	TRUE
9	0.962	1.17000322678035	0.924	1.17000322678035	1	0.533	NA	ISOC1	KIT	TRUE
9	0.959	1.31203210732262	0.918	1.31203210732262	0.926	0.025	NA	CNTNAP4	KIT	TRUE
9	0.954	1.62100681772465	0.908	1.62100681772465	0.963	0.393	NA	TPBG	KIT	TRUE
9	0.954	1.53435041758383	0.908	1.53435041758383	1	0.446	NA	SCG5	KIT	TRUE
9	0.944	1.5669704786384	0.888	1.5669704786384	1	0.891	NA	APLP2	KIT	TRUE
9	0.941	1.54993722380569	0.882	1.54993722380569	1	0.448	NA	PLCE1	KIT	TRUE
9	0.938	1.2667840187712	0.876	1.2667840187712	1	0.759	NA	KANK2	KIT	FALSE
9	0.936	1.75647827072024	0.872	1.75647827072024	0.963	0.413	NA	PTPRD	KIT	TRUE
9	0.936	1.34959663501744	0.872	1.34959663501744	0.963	0.393	NA	PDE3A	KIT	TRUE
9	0.933	1.30098634132978	0.866	1.30098634132978	0.963	0.355	NA	BCHE	KIT	TRUE
9	0.93	1.1379679913956	0.86	1.1379679913956	1	0.84	NA	FOXP1	KIT	TRUE
9	0.929	1.83842100043003	0.858	1.83842100043003	0.963	0.464	NA	ZFHX4	KIT	TRUE
9	0.929	1.66402755445109	0.858	1.66402755445109	0.889	0.121	NA	LGI2	KIT	TRUE
9	0.924	1.65257837466975	0.848	1.65257837466975	0.926	0.287	NA	GDNF	KIT	TRUE
9	0.923	1.17842260213215	0.846	1.17842260213215	0.963	0.285	NA	PDE1A	KIT	TRUE
9	0.917	0.892330863488809	0.834	0.892330863488809	1	0.764	NA	PTPN12	KIT	FALSE
9	0.912	1.87680754163375	0.824	1.87680754163375	0.926	0.292	NA	DOK6	KIT	TRUE
9	0.908	1.33268474275725	0.816	1.33268474275725	0.852	0.101	NA	FAT3	KIT	TRUE
9	0.904	1.93166568488348	0.808	1.93166568488348	0.926	0.457	NA	SYNM	KIT	FALSE
9	0.904	1.12158298301334	0.808	1.12158298301334	0.815	0.015	NA	TLL1	KIT	TRUE
9	0.9	1.42992021201055	0.8	1.42992021201055	0.815	0.045	NA	PRKCQ-AS1	KIT	TRUE
9	0.898	1.63260426568606	0.796	1.63260426568606	0.852	0.194	NA	EDN3	KIT	TRUE
9	0.892	0.887077696196666	0.784	0.887077696196666	1	0.988	NA	SRP14	KIT	FALSE
9	0.891	0.995356921392254	0.782	0.995356921392254	1	0.424	NA	GUCY1B3	KIT	FALSE
9	0.89	1.29538648041879	0.78	1.29538648041879	0.963	0.55	NA	FBN2	KIT	FALSE
9	0.889	1.40527143880733	0.778	1.40527143880733	0.926	0.435	NA	FENDRR	KIT	FALSE
9	0.885	0.985229888608786	0.77	0.985229888608786	0.889	0.216	NA	KIF26B	KIT	TRUE
9	0.876	1.24848237411267	0.752	1.24848237411267	0.926	0.302	NA	CD34	KIT	FALSE
9	0.876	1.03359230453781	0.752	1.03359230453781	0.815	0.145	NA	GFOD1	KIT	TRUE
9	0.875	0.918966390687161	0.75	0.918966390687161	0.852	0.191	NA	RP11-588K22.2	KIT	FALSE
9	0.868	1.74492485589796	0.736	1.74492485589796	0.926	0.494	NA	NCALD	KIT	TRUE
9	0.868	1.18595586157255	0.736	1.18595586157255	0.741	0.012	NA	COL19A1	KIT	TRUE
9	0.867	1.44610285753482	0.734	1.44610285753482	0.926	0.668	NA	CTSL	KIT	TRUE
9	0.867	0.814066469617904	0.734	0.814066469617904	0.963	0.658	NA	FXYD6	KIT	TRUE
9	0.864	1.28324335789287	0.728	1.28324335789287	0.741	0.034	NA	GRIN3A	KIT	TRUE
9	0.864	0.699681594531047	0.728	0.699681594531047	1	0.975	NA	SOD1	KIT	TRUE
9	0.863	2.22815252026126	0.726	2.22815252026126	0.778	0.138	NA	PENK	KIT	TRUE
9	0.862	0.754656672124298	0.724	0.754656672124298	1	0.758	NA	ANTXR1	KIT	FALSE
9	0.861	1.04778383988229	0.722	1.04778383988229	0.889	0.5	NA	SLC12A2	KIT	TRUE
9	0.858	0.907606535989078	0.716	0.907606535989078	0.889	0.401	NA	PRKAR2B	KIT	FALSE
9	0.855	0.920344436583076	0.71	0.920344436583076	1	0.935	NA	MACF1	KIT	FALSE
9	0.855	0.815769072387004	0.71	0.815769072387004	0.852	0.285	NA	CLU	KIT	FALSE
9	0.853	1.02946071768385	0.706	1.02946071768385	1	0.777	NA	ADAMTSL3	KIT	FALSE
9	0.852	1.43268101877181	0.704	1.43268101877181	0.889	0.415	NA	PCDH17	KIT	FALSE
9	0.848	0.880105837610618	0.696	0.880105837610618	1	0.787	NA	KCTD12	KIT	FALSE
9	0.848	0.84857049806814	0.696	0.84857049806814	1	0.979	NA	SPARCL1	KIT	FALSE
9	0.845	1.11282224876024	0.69	1.11282224876024	0.852	0.317	NA	RASSF2	KIT	TRUE
9	0.844	0.937053407650432	0.688	0.937053407650432	0.704	0.028	NA	TMEM163	KIT	TRUE
9	0.844	0.75447669688171	0.688	0.75447669688171	0.963	0.565	NA	MEIS2	KIT	FALSE
9	0.841	1.02436654363998	0.682	1.02436654363998	0.852	0.295	NA	ADAMTS19	KIT	FALSE
9	0.84	1.00637296026814	0.68	1.00637296026814	0.815	0.231	NA	BMP5	KIT	FALSE
9	0.839	1.18827817451709	0.678	1.18827817451709	0.852	0.343	NA	SOBP	KIT	TRUE
9	0.839	1.06507559668448	0.678	1.06507559668448	0.926	0.477	NA	MRVI1	KIT	FALSE
9	0.838	0.815479893704042	0.676	0.815479893704042	0.852	0.35	NA	MDFIC	KIT	TRUE
9	0.833	0.949033215903786	0.666	0.949033215903786	0.704	0.059	NA	CDH8	KIT	TRUE
9	0.833	0.724104317815519	0.666	0.724104317815519	0.815	0.225	NA	LOXL2	KIT	FALSE
9	0.831	1.08949674349201	0.662	1.08949674349201	0.963	0.729	NA	IFI6	KIT	FALSE
9	0.83	0.736104653970109	0.66	0.736104653970109	1	0.752	NA	FHL1	KIT	FALSE
9	0.826	1.38139103629012	0.652	1.38139103629012	0.815	0.379	NA	NRK	KIT	FALSE
9	0.826	0.79787129769183	0.652	0.79787129769183	0.926	0.646	NA	ALDH2	KIT	FALSE
9	0.823	0.759549166978556	0.646	0.759549166978556	0.778	0.247	NA	NRP2	KIT	FALSE
9	0.822	0.878824038335827	0.644	0.878824038335827	0.852	0.336	NA	NEGR1	KIT	FALSE
9	0.82	0.887556360083399	0.64	0.887556360083399	1	0.921	NA	VCAN	KIT	FALSE
9	0.82	0.811191945851354	0.64	0.811191945851354	0.926	0.773	NA	GLO1	KIT	TRUE
9	0.818	0.702149553768326	0.636	0.702149553768326	1	0.745	NA	CPE	KIT	FALSE
9	0.817	0.984073759727451	0.634	0.984073759727451	0.926	0.584	NA	NEXN	KIT	FALSE
9	0.817	0.89668934638195	0.634	0.89668934638195	0.667	0.054	NA	PROM1	KIT	TRUE
9	0.816	0.832097097011541	0.632	0.832097097011541	0.704	0.085	NA	CHRM3	KIT	FALSE
9	0.815	0.833524670605711	0.63	0.833524670605711	0.963	0.54	NA	SCN7A	KIT	FALSE
9	0.814	0.82571854022328	0.628	0.82571854022328	0.778	0.229	NA	SFRP1	KIT	FALSE
9	0.812	0.754768879894958	0.624	0.754768879894958	0.63	0.01	NA	NKX3-2	KIT	TRUE
9	0.812	0.701461311908335	0.624	0.701461311908335	0.926	0.705	NA	TGFBI	KIT	FALSE
9	0.811	0.759401246118661	0.622	0.759401246118661	1	0.983	NA	GLG1	KIT	FALSE
9	0.808	0.714334428528499	0.616	0.714334428528499	1	0.989	NA	NFIA	KIT	FALSE
9	0.806	0.856098000430093	0.612	0.856098000430093	0.667	0.118	NA	SLC2A13	KIT	TRUE
9	0.805	1.11986846026303	0.61	1.11986846026303	0.963	0.8	NA	MYH10	KIT	TRUE
9	0.805	0.989808720034238	0.61	0.989808720034238	0.889	0.573	NA	NR2F1	KIT	FALSE
9	0.804	0.980920371771409	0.608	0.980920371771408	0.741	0.245	NA	NPNT	KIT	FALSE
9	0.802	0.755732231983885	0.604	0.755732231983885	0.889	0.428	NA	CLMP	KIT	FALSE
9	0.8	1.21360932215866	0.6	1.21360932215866	0.815	0.364	NA	HUNK	KIT	FALSE
9	0.8	1.06517376608066	0.6	1.06517376608066	0.778	0.317	NA	EPHA4	KIT	FALSE
9	0.794	1.01149745540885	0.588	1.01149745540885	0.704	0.197	NA	CADPS2	KIT	FALSE
9	0.789	0.711294289555188	0.578	0.711294289555188	0.926	0.545	NA	CTSK	KIT	FALSE
9	0.785	0.741387293191679	0.57	0.741387293191679	0.963	0.865	NA	SPIN1	KIT	FALSE
9	0.784	1.19153901213785	0.568	1.19153901213785	0.704	0.237	NA	SFMBT2	KIT	FALSE
9	0.784	0.825886169335348	0.568	0.825886169335348	0.593	0.036	NA	SPOCK3	KIT	TRUE
9	0.783	0.758082032978738	0.566	0.758082032978738	0.741	0.304	NA	TBX5	KIT	FALSE
9	0.778	0.974931785431242	0.556	0.974931785431242	0.667	0.157	NA	CIT	KIT	FALSE
9	0.778	0.748950437169826	0.556	0.748950437169826	0.815	0.368	NA	S1PR3	KIT	FALSE
9	0.775	1.16857510302586	0.55	1.16857510302586	0.741	0.324	NA	AKR1C2	KIT	FALSE
9	0.775	0.755074383301948	0.55	0.755074383301948	0.593	0.07	NA	PAPLN	KIT	FALSE
9	0.769	1.28183234482272	0.538	1.28183234482272	0.63	0.156	NA	INHBA	KIT	FALSE
9	0.769	1.07335847895078	0.538	1.07335847895078	0.704	0.353	NA	TUBGCP4	KIT	TRUE
9	0.769	0.88468869974016	0.538	0.88468869974016	0.889	0.722	NA	ZFHX3	KIT	FALSE
9	0.761	0.702423373992438	0.522	0.702423373992438	1	0.905	NA	SLK	KIT	FALSE
9	0.757	1.03926312767357	0.514	1.03926312767357	0.704	0.346	NA	MAP1A	KIT	FALSE
9	0.752	0.717292216535753	0.504	0.717292216535753	0.778	0.466	NA	RABGAP1L	KIT	FALSE
9	0.745	0.707118261601029	0.49	0.707118261601029	0.63	0.157	NA	ADAM23	KIT	FALSE
9	0.744	0.872044830129779	0.488	0.872044830129779	0.889	0.621	NA	SCLT1	KIT	FALSE
9	0.734	0.697877210808234	0.468	0.697877210808234	0.63	0.222	NA	AKR1C1	KIT	FALSE
9	0.733	0.952092105891125	0.466	0.952092105891125	0.593	0.189	NA	THSD7A	KIT	FALSE
9	0.732	0.816688951809525	0.464	0.816688951809525	0.519	0.076	NA	SLITRK3	KIT	FALSE
9	0.73	0.879364364609976	0.46	0.879364364609976	0.704	0.361	NA	DGKH	KIT	FALSE
9	0.723	0.833394596814057	0.446	0.833394596814057	0.778	0.69	NA	SMC6	KIT	FALSE
9	0.715	0.864433768282932	0.43	0.864433768282932	0.519	0.124	NA	ENOX1	KIT	FALSE
9	0.709	0.748045711789373	0.418	0.748045711789373	0.63	0.321	NA	VPS13A	KIT	FALSE
9	0.706	0.804098338327061	0.412	0.804098338327061	0.593	0.252	NA	CARMN	KIT	FALSE
9	0.705	0.932788729319704	0.41	0.932788729319704	0.815	0.712	NA	CCNDBP1	KIT	FALSE
9	0.705	0.796652360127901	0.41	0.796652360127901	0.519	0.146	NA	C1orf115	KIT	FALSE
10	1	3.23902573619332	1	3.23902573619332	1	0.145	NA	PECAM1	PECAM1	TRUE
10	0.999	2.06327025032456	0.998	2.06327025032456	1	0.757	NA	PRCP	PECAM1	TRUE
10	0.999	1.17129212598685	0.998	1.17129212598685	1	0.016	NA	CDH5	PECAM1	TRUE
10	0.998	2.63216541057205	0.996	2.63216541057205	1	0.086	NA	FLT1	PECAM1	TRUE
10	0.998	2.4601520375059	0.996	2.4601520375059	1	0.112	NA	EMCN	PECAM1	TRUE
10	0.995	1.70061021519004	0.99	1.70061021519004	1	0.802	NA	IGFBP4	PECAM1	TRUE
10	0.992	2.10912661624428	0.984	2.10912661624428	1	0.866	NA	HLA-B	PECAM1	TRUE
10	0.992	2.08133712799274	0.984	2.08133712799274	1	0.146	NA	PALMD	PECAM1	TRUE
10	0.989	1.52949895846202	0.978	1.52949895846202	1	0.122	NA	CLEC14A	PECAM1	TRUE
10	0.984	1.72787189529636	0.968	1.72787189529636	1	0.929	NA	HLA-A	PECAM1	TRUE
10	0.978	1.47159061932693	0.956	1.47159061932693	1	0.999	NA	B2M	PECAM1	TRUE
10	0.977	2.22852525912648	0.954	2.22852525912648	1	0.305	NA	CD34	PECAM1	TRUE
10	0.976	1.46374859897769	0.952	1.46374859897769	0.952	0.015	NA	CXorf36	PECAM1	TRUE
10	0.974	1.23570133242776	0.948	1.23570133242776	0.952	0.036	NA	MMRN2	PECAM1	TRUE
10	0.974	1.18878344085583	0.948	1.18878344085583	0.952	0.02	NA	ADGRL4	PECAM1	TRUE
10	0.974	1.13853917757322	0.948	1.13853917757322	0.952	0.018	NA	PCAT19	PECAM1	TRUE
10	0.973	2.27508147403234	0.946	2.27508147403234	0.952	0.056	NA	KDR	PECAM1	TRUE
10	0.973	1.38589686719543	0.946	1.38589686719543	1	0.306	NA	GNG11	PECAM1	TRUE
10	0.972	2.95442062486546	0.944	2.95442062486546	0.952	0.179	NA	CD93	PECAM1	TRUE
10	0.972	2.51383413681872	0.944	2.51383413681872	0.952	0.116	NA	APLNR	PECAM1	TRUE
10	0.972	2.43687566408662	0.944	2.43687566408662	0.952	0.096	NA	PTPRB	PECAM1	TRUE
10	0.972	1.72742954804554	0.944	1.72742954804554	0.952	0.033	NA	TM4SF18	PECAM1	TRUE
10	0.97	2.09552489357025	0.94	2.09552489357025	0.952	0.116	NA	ERG	PECAM1	TRUE
10	0.969	1.81507052966395	0.938	1.81507052966395	0.952	0.094	NA	AQP1	PECAM1	TRUE
10	0.967	1.6313558048103	0.934	1.6313558048103	1	0.833	NA	HLA-E	PECAM1	TRUE
10	0.967	1.29044264092087	0.934	1.29044264092087	0.952	0.184	NA	CYYR1	PECAM1	TRUE
10	0.967	1.04488157197963	0.934	1.04488157197963	1	0.272	NA	ARHGAP31	PECAM1	TRUE
10	0.966	1.31260783271988	0.932	1.31260783271988	1	0.728	NA	TPM3	PECAM1	TRUE
10	0.966	0.932057095226896	0.932	0.932057095226896	1	0.631	NA	FKBP1A	PECAM1	TRUE
10	0.963	1.83775198811583	0.926	1.83775198811583	1	0.598	NA	CAV1	PECAM1	TRUE
10	0.963	1.6267731073344	0.926	1.6267731073344	0.952	0.134	NA	KIAA1462	PECAM1	TRUE
10	0.961	1.08171824664191	0.922	1.08171824664191	0.952	0.079	NA	S1PR1	PECAM1	TRUE
10	0.957	2.18246535576725	0.914	2.18246535576725	0.952	0.116	NA	PODXL	PECAM1	TRUE
10	0.956	1.68696439806405	0.912	1.68696439806405	0.952	0.459	NA	ITGA6	PECAM1	TRUE
10	0.953	1.10634247854439	0.906	1.10634247854439	0.952	0.092	NA	CALCRL	PECAM1	TRUE
10	0.951	1.02700618130247	0.902	1.02700618130247	0.905	0.005	NA	MYCT1	PECAM1	TRUE
10	0.95	1.41544000611731	0.9	1.41544000611731	0.952	0.137	NA	C1orf115	PECAM1	TRUE
10	0.95	1.03610801617451	0.9	1.03610801617451	0.905	0.012	NA	ROBO4	PECAM1	TRUE
10	0.949	3.97371299727508	0.898	3.97371299727508	0.952	0.571	NA	VWF	PECAM1	TRUE
10	0.949	1.50007836872503	0.898	1.50007836872503	0.905	0.026	NA	GIMAP4	PECAM1	TRUE
10	0.948	1.41899144681986	0.896	1.41899144681986	0.905	0.031	NA	PCDH12	PECAM1	TRUE
10	0.948	1.24683401140306	0.896	1.24683401140306	0.905	0.029	NA	GIMAP6	PECAM1	TRUE
10	0.948	1.13604234973879	0.896	1.13604234973879	0.905	0.026	NA	LMO2	PECAM1	TRUE
10	0.948	1.02062213547747	0.896	1.02062213547747	0.905	0.019	NA	ECSCR	PECAM1	TRUE
10	0.947	1.11695224244784	0.894	1.11695224244784	1	0.996	NA	TMSB10	PECAM1	TRUE
10	0.947	0.948250006397743	0.894	0.948250006397743	0.905	0.026	NA	SOX7	PECAM1	TRUE
10	0.942	1.17609850757406	0.884	1.17609850757406	1	0.311	NA	JAM2	PECAM1	TRUE
10	0.94	1.79995033848025	0.88	1.79995033848025	0.905	0.085	NA	CD36	PECAM1	TRUE
10	0.939	1.42901374067658	0.878	1.42901374067658	0.952	0.59	NA	ELK3	PECAM1	TRUE
10	0.937	1.67102781801679	0.874	1.67102781801679	1	0.605	NA	A2M	PECAM1	TRUE
10	0.936	0.967128554771884	0.872	0.967128554771885	1	0.408	NA	SNRK	PECAM1	FALSE
10	0.934	1.38896061258228	0.868	1.38896061258228	1	0.46	NA	TM4SF1	PECAM1	FALSE
10	0.933	1.13520148989153	0.866	1.13520148989153	0.905	0.083	NA	IL33	PECAM1	TRUE
10	0.932	1.61558736253481	0.864	1.61558736253481	1	0.538	NA	FABP5	PECAM1	TRUE
10	0.932	1.16841031923103	0.864	1.16841031923103	1	0.974	NA	SPTBN1	PECAM1	FALSE
10	0.932	0.965881197144145	0.864	0.965881197144145	0.905	0.078	NA	THSD1	PECAM1	TRUE
10	0.931	1.074100751948	0.862	1.074100751948	1	0.575	NA	MSN	PECAM1	TRUE
10	0.931	0.926744865894758	0.862	0.926744865894758	0.905	0.079	NA	ESAM	PECAM1	TRUE
10	0.929	1.1640257948593	0.858	1.1640257948593	0.952	0.206	NA	ADGRF5	PECAM1	FALSE
10	0.927	1.12428146269166	0.854	1.12428146269166	0.857	0.018	NA	TEK	PECAM1	TRUE
10	0.926	0.95193251946214	0.852	0.95193251946214	1	0.648	NA	STOM	PECAM1	TRUE
10	0.925	1.2867969520258	0.85	1.2867969520258	0.952	0.489	NA	SEC14L1	PECAM1	TRUE
10	0.924	0.89375633154516	0.848	0.89375633154516	1	0.939	NA	PTRF	PECAM1	TRUE
10	0.924	0.783803086362926	0.848	0.783803086362926	1	0.482	NA	HDAC7	PECAM1	TRUE
10	0.923	1.46292741302891	0.846	1.46292741302891	0.952	0.598	NA	HEG1	PECAM1	TRUE
10	0.922	1.44994823387214	0.844	1.44994823387214	0.857	0.031	NA	RASGRP3	PECAM1	TRUE
10	0.921	1.02061895792888	0.842	1.02061895792888	0.857	0.033	NA	GMFG	PECAM1	TRUE
10	0.921	0.774634861913133	0.842	0.774634861913133	0.857	0.026	NA	SHE	PECAM1	TRUE
10	0.918	1.3822062921018	0.836	1.3822062921018	0.905	0.179	NA	CFI	PECAM1	TRUE
10	0.917	0.912342255564908	0.834	0.912342255564908	1	0.35	NA	CAV2	PECAM1	FALSE
10	0.916	2.48188214296079	0.832	2.48188214296079	0.857	0.078	NA	FAM110D	PECAM1	TRUE
10	0.912	1.18333288390016	0.824	1.18333288390016	0.857	0.063	NA	AFAP1L1	PECAM1	TRUE
10	0.912	0.990361662660051	0.824	0.990361662660051	1	0.583	NA	NRP1	PECAM1	TRUE
10	0.911	1.14731843105195	0.822	1.14731843105195	0.857	0.059	NA	IL32	PECAM1	TRUE
10	0.91	1.47159098065732	0.82	1.47159098065732	0.857	0.13	NA	RFLNB	PECAM1	TRUE
10	0.91	1.08252830012949	0.82	1.08252830012949	1	0.958	NA	SERPINH1	PECAM1	TRUE
10	0.906	0.962031227497548	0.812	0.962031227497548	0.952	0.389	NA	DUSP6	PECAM1	TRUE
10	0.902	1.00750797031862	0.804	1.00750797031862	0.81	0.011	NA	NRN1	PECAM1	TRUE
10	0.901	0.714232929037948	0.802	0.714232929037948	0.905	0.18	NA	FGD5	PECAM1	TRUE
10	0.9	1.79792447307891	0.8	1.79792447307891	0.952	0.417	NA	PCDH17	PECAM1	FALSE
10	0.899	1.15747053439237	0.798	1.15747053439237	0.952	0.337	NA	KITLG	PECAM1	TRUE
10	0.899	0.929333131967834	0.798	0.929333131967834	0.81	0.023	NA	BCL6B	PECAM1	TRUE
10	0.897	0.986005947488362	0.794	0.986005947488362	0.905	0.31	NA	PRKCH	PECAM1	TRUE
10	0.896	0.945711307584958	0.792	0.945711307584958	0.857	0.134	NA	ST6GAL1	PECAM1	FALSE
10	0.896	0.788816543093479	0.792	0.788816543093479	1	0.958	NA	YWHAB	PECAM1	TRUE
10	0.895	1.41105661714721	0.79	1.41105661714721	0.952	0.418	NA	COL15A1	PECAM1	FALSE
10	0.895	1.18636355627451	0.79	1.18636355627451	0.952	0.327	NA	MYO6	PECAM1	TRUE
10	0.892	0.823670780623219	0.784	0.823670780623219	0.857	0.178	NA	EHD4	PECAM1	TRUE
10	0.89	1.42508441750244	0.78	1.42508441750244	0.81	0.059	NA	MCTP1	PECAM1	TRUE
10	0.89	1.16584813500872	0.78	1.16584813500872	1	0.624	NA	IGFBP7	PECAM1	FALSE
10	0.89	1.00152768307707	0.78	1.00152768307707	0.81	0.066	NA	ICAM1	PECAM1	TRUE
10	0.888	1.35730096526823	0.776	1.35730096526823	0.905	0.377	NA	KLF2	PECAM1	TRUE
10	0.887	0.985394899344855	0.774	0.985394899344855	1	0.523	NA	ETS1	PECAM1	FALSE
10	0.886	2.19958270923197	0.772	2.19958270923197	0.81	0.086	NA	IGFBP3	PECAM1	TRUE
10	0.886	1.00277137345537	0.772	1.00277137345537	0.952	0.456	NA	NEDD9	PECAM1	TRUE
10	0.886	0.918928675618912	0.772	0.918928675618912	0.952	0.329	NA	ADAMTS9	PECAM1	FALSE
10	0.886	0.868881473270107	0.772	0.868881473270107	0.905	0.302	NA	NECTIN2	PECAM1	TRUE
10	0.886	0.832055016274	0.772	0.832055016274	0.952	0.396	NA	EFNA1	PECAM1	FALSE
10	0.88	0.987135830514061	0.76	0.987135830514061	0.81	0.097	NA	THBD	PECAM1	TRUE
10	0.878	1.39831754450065	0.756	1.39831754450065	0.952	0.52	NA	LIFR	PECAM1	TRUE
10	0.876	1.04227353165253	0.752	1.04227353165253	0.762	0.018	NA	GIMAP8	PECAM1	TRUE
10	0.875	0.999360683785512	0.75	0.999360683785512	0.952	0.408	NA	RPS6KA2	PECAM1	TRUE
10	0.874	0.786274315848704	0.748	0.786274315848704	0.857	0.202	NA	HSPG2	PECAM1	TRUE
10	0.874	0.774082629994756	0.748	0.774082629994756	0.81	0.116	NA	CSGALNACT1	PECAM1	TRUE
10	0.873	0.977049092550177	0.746	0.977049092550177	0.905	0.305	NA	IFNAR2	PECAM1	FALSE
10	0.873	0.788301554307635	0.746	0.788301554307635	0.762	0.026	NA	RNASE1	PECAM1	TRUE
10	0.872	1.0650175537958	0.744	1.0650175537958	0.905	0.281	NA	FAM198B	PECAM1	FALSE
10	0.868	0.903693697704833	0.736	0.903693697704833	0.762	0.048	NA	TSPAN7	PECAM1	TRUE
10	0.868	0.756428675259185	0.736	0.756428675259185	0.857	0.28	NA	LEPROTL1	PECAM1	TRUE
10	0.867	1.48289718270602	0.734	1.48289718270602	0.81	0.1	NA	FABP4	PECAM1	FALSE
10	0.867	1.03752943056552	0.734	1.03752943056552	1	0.858	NA	PXDN	PECAM1	TRUE
10	0.867	1.03738559340377	0.734	1.03738559340377	0.905	0.388	NA	LDB2	PECAM1	TRUE
10	0.866	1.33532063185369	0.732	1.33532063185369	1	0.639	NA	SLC2A3	PECAM1	FALSE
10	0.864	0.723389434583446	0.728	0.723389434583446	0.952	0.367	NA	ACVRL1	PECAM1	FALSE
10	0.864	0.70836974494545	0.728	0.70836974494545	0.857	0.194	NA	ARHGAP29	PECAM1	FALSE
10	0.862	0.934359192283355	0.724	0.934359192283355	0.905	0.575	NA	EGLN1	PECAM1	TRUE
10	0.861	1.11026862656126	0.722	1.11026862656126	0.857	0.303	NA	PPP1R13B	PECAM1	TRUE
10	0.861	0.955788856070474	0.722	0.955788856070474	0.952	0.643	NA	TGFBR2	PECAM1	FALSE
10	0.86	1.11827348719477	0.72	1.11827348719477	1	0.739	NA	COL4A1	PECAM1	FALSE
10	0.86	0.765406933503615	0.72	0.765406933503615	0.905	0.377	NA	KIAA0355	PECAM1	TRUE
10	0.856	1.55383699601602	0.712	1.55383699601602	0.857	0.44	NA	SLFN5	PECAM1	TRUE
10	0.854	0.937300382431743	0.708	0.937300382431743	0.905	0.634	NA	SPTLC2	PECAM1	TRUE
10	0.854	0.910934089535837	0.708	0.910934089535837	0.857	0.228	NA	FMNL3	PECAM1	TRUE
10	0.853	1.18905988464022	0.706	1.18905988464022	0.857	0.351	NA	SDPR	PECAM1	TRUE
10	0.853	0.828238680976297	0.706	0.828238680976297	1	0.997	NA	TMSB4X	PECAM1	FALSE
10	0.852	0.912591426993514	0.704	0.912591426993514	0.714	0.015	NA	ZNF366	PECAM1	TRUE
10	0.85	1.19828819778978	0.7	1.19828819778978	0.81	0.182	NA	APOLD1	PECAM1	FALSE
10	0.85	0.944695805613758	0.7	0.944695805613758	0.81	0.193	NA	ARAP3	PECAM1	TRUE
10	0.85	0.869293027422661	0.7	0.869293027422661	0.857	0.367	NA	RASAL2	PECAM1	TRUE
10	0.85	0.73288924159803	0.7	0.73288924159803	1	0.888	NA	YWHAH	PECAM1	TRUE
10	0.848	1.33831008605222	0.696	1.33831008605222	0.81	0.223	NA	MEOX1	PECAM1	TRUE
10	0.848	0.775564359475161	0.696	0.775564359475161	0.857	0.43	NA	DOCK9	PECAM1	TRUE
10	0.846	0.710817115881598	0.692	0.710817115881598	1	0.929	NA	ANXA2	PECAM1	FALSE
10	0.843	0.837782322868363	0.686	0.837782322868363	1	0.906	NA	EMP1	PECAM1	FALSE
10	0.84	0.903696757549241	0.68	0.903696757549241	0.762	0.134	NA	VAMP5	PECAM1	TRUE
10	0.838	0.832783750017098	0.676	0.832783750017098	1	0.777	NA	TJP1	PECAM1	FALSE
10	0.838	0.778666116928342	0.676	0.778666116928342	0.762	0.101	NA	CCDC69	PECAM1	FALSE
10	0.837	0.779781794837628	0.674	0.779781794837628	0.81	0.198	NA	ENTPD1	PECAM1	FALSE
10	0.834	1.35719712291522	0.668	1.35719712291522	0.952	0.65	NA	BHLHE40	PECAM1	FALSE
10	0.833	1.20310765108046	0.666	1.20310765108046	1	0.821	NA	LUZP1	PECAM1	TRUE
10	0.833	0.749172876711392	0.666	0.749172876711392	1	0.796	NA	VAT1	PECAM1	FALSE
10	0.833	0.745587633477667	0.666	0.745587633477667	0.905	0.563	NA	RALB	PECAM1	TRUE
10	0.831	0.950652701295994	0.662	0.950652701295994	0.857	0.41	NA	PTPRM	PECAM1	TRUE
10	0.831	0.760575791082062	0.662	0.760575791082062	0.81	0.214	NA	CHST15	PECAM1	TRUE
10	0.831	0.694720566011666	0.662	0.694720566011666	0.905	0.358	NA	DGKH	PECAM1	FALSE
10	0.829	1.00624520164254	0.658	1.00624520164254	0.714	0.096	NA	HECW2	PECAM1	TRUE
10	0.829	0.91859532186431	0.658	0.91859532186431	0.714	0.101	NA	ARHGAP18	PECAM1	TRUE
10	0.828	0.961690635868983	0.656	0.961690635868983	1	0.809	NA	UTRN	PECAM1	FALSE
10	0.824	0.978488894977357	0.648	0.978488894977357	0.905	0.35	NA	NUAK1	PECAM1	TRUE
10	0.821	0.72315016464029	0.642	0.72315016464029	0.857	0.553	NA	FLNB	PECAM1	TRUE
10	0.819	0.735828199449527	0.638	0.735828199449527	0.857	0.343	NA	RHOBTB1	PECAM1	FALSE
10	0.818	0.754024442337141	0.636	0.754024442337141	0.714	0.108	NA	TNFAIP8L1	PECAM1	TRUE
10	0.817	0.730376895858089	0.634	0.730376895858089	0.857	0.387	NA	AFDN	PECAM1	FALSE
10	0.816	0.924350616696038	0.632	0.924350616696038	1	0.578	NA	ID3	PECAM1	FALSE
10	0.815	0.832643587594637	0.63	0.832643587594637	0.952	0.664	NA	PEA15	PECAM1	FALSE
10	0.814	0.880501479691233	0.628	0.880501479691233	0.857	0.408	NA	STIM2	PECAM1	TRUE
10	0.814	0.751228220952187	0.628	0.751228220952187	0.952	0.527	NA	SMAD1	PECAM1	FALSE
10	0.814	0.702993263887184	0.628	0.702993263887184	1	0.911	NA	KTN1	PECAM1	FALSE
10	0.813	0.992801217616755	0.626	0.992801217616755	1	0.859	NA	RDX	PECAM1	FALSE
10	0.812	0.826374820449786	0.624	0.826374820449786	1	0.98	NA	SPARCL1	PECAM1	FALSE
10	0.81	1.18243011498366	0.62	1.18243011498366	0.667	0.116	NA	APOL3	PECAM1	TRUE
10	0.808	0.707700098290064	0.616	0.707700098290064	0.619	0.005	NA	C1QTNF9	PECAM1	TRUE
10	0.807	0.952082185039442	0.614	0.952082185039442	0.667	0.086	NA	TNFRSF1B	PECAM1	TRUE
10	0.805	1.15431681635313	0.61	1.15431681635313	0.667	0.104	NA	BDKRB2	PECAM1	TRUE
10	0.804	0.787249315383202	0.608	0.787249315383202	1	0.895	NA	IFI16	PECAM1	FALSE
10	0.798	0.794593848290586	0.596	0.794593848290586	1	0.922	NA	UACA	PECAM1	FALSE
10	0.798	0.696360043566577	0.596	0.696360043566577	0.619	0.04	NA	ENG	PECAM1	TRUE
10	0.796	0.7427358682862	0.592	0.7427358682862	0.619	0.036	NA	RNF125	PECAM1	TRUE
10	0.794	1.13803646467552	0.588	1.13803646467552	0.905	0.697	NA	SH3BP5	PECAM1	FALSE
10	0.784	0.860833878840883	0.568	0.860833878840883	0.762	0.37	NA	FGD4	PECAM1	FALSE
10	0.784	0.854006791063141	0.568	0.854006791063141	1	0.93	NA	WNK1	PECAM1	TRUE
10	0.781	0.837086494096413	0.562	0.837086494096413	0.762	0.313	NA	MGLL	PECAM1	FALSE
10	0.781	0.816817483578508	0.562	0.816817483578508	0.857	0.515	NA	PPP2R5A	PECAM1	FALSE
10	0.777	1.18139772077727	0.554	1.18139772077727	0.714	0.283	NA	TNFRSF10D	PECAM1	TRUE
10	0.774	0.842196604878263	0.548	0.842196604878263	0.571	0.038	NA	IFI27	PECAM1	TRUE
10	0.772	0.696823072171237	0.544	0.696823072171237	0.905	0.549	NA	SNX9	PECAM1	FALSE
10	0.769	1.12673354266164	0.538	1.12673354266164	0.857	0.555	NA	GJA1	PECAM1	FALSE
10	0.765	1.01351472361744	0.53	1.01351472361744	0.905	0.671	NA	SWAP70	PECAM1	FALSE
10	0.765	0.70443702544884	0.53	0.70443702544884	0.714	0.272	NA	NHSL2	PECAM1	FALSE
10	0.764	0.763945666125461	0.528	0.763945666125461	0.905	0.633	NA	EGLN2	PECAM1	FALSE
10	0.761	0.761790227863502	0.522	0.761790227863502	0.905	0.548	NA	COL4A2	PECAM1	FALSE
10	0.759	0.851816218448227	0.518	0.851816218448227	0.762	0.399	NA	PLCB1	PECAM1	FALSE
10	0.759	0.847304448880472	0.518	0.847304448880472	0.762	0.44	NA	SYNPO	PECAM1	FALSE
10	0.759	0.748203826529674	0.518	0.748203826529674	0.905	0.714	NA	PKP4	PECAM1	FALSE
10	0.758	0.792235724557794	0.516	0.792235724557794	0.524	0.016	NA	BTNL9	PECAM1	TRUE
10	0.758	0.755040838388882	0.516	0.755040838388882	0.571	0.071	NA	NOTCH4	PECAM1	TRUE
10	0.756	0.693815055904207	0.512	0.693815055904207	0.667	0.272	NA	COTL1	PECAM1	FALSE
10	0.753	0.834988570356874	0.506	0.834988570356874	0.905	0.891	NA	JMJD1C	PECAM1	FALSE
10	0.752	0.897699875505896	0.504	0.897699875505896	0.714	0.337	NA	TSPAN13	PECAM1	FALSE
10	0.745	0.804436304762891	0.49	0.804436304762891	0.714	0.322	NA	DACH1	PECAM1	FALSE
10	0.745	0.758620658406154	0.49	0.758620658406154	0.714	0.273	NA	C8orf4	PECAM1	FALSE
10	0.742	0.77594609513662	0.484	0.77594609513662	0.762	0.456	NA	BICD1	PECAM1	FALSE
10	0.74	0.71597507578644	0.48	0.71597507578644	0.952	0.731	NA	IFI6	PECAM1	FALSE
10	0.737	1.10073485133679	0.474	1.10073485133679	0.905	0.448	NA	ZNF281	PECAM1	FALSE
10	0.736	0.753215980233902	0.472	0.753215980233902	0.857	0.464	NA	MECOM	PECAM1	FALSE
10	0.73	0.952217492790132	0.46	0.952217492790132	0.571	0.178	NA	RAPGEF5	PECAM1	FALSE
10	0.73	0.808941804058388	0.46	0.808941804058388	0.619	0.217	NA	APOL1	PECAM1	FALSE
10	0.725	1.1125800104652	0.45	1.1125800104652	0.762	0.429	NA	CDH13	PECAM1	FALSE
10	0.714	0.778807600596126	0.428	0.778807600596126	0.667	0.34	NA	ADARB1	PECAM1	FALSE
10	0.712	0.726293592283678	0.424	0.726293592283678	0.857	0.617	NA	PIK3C2A	PECAM1	FALSE
10	0.71	0.807816839906592	0.42	0.807816839906592	0.429	0.012	NA	GIMAP7	PECAM1	TRUE
10	0.709	0.907713085316782	0.418	0.907713085316782	0.762	0.469	NA	CDC42BPB	PECAM1	FALSE
