human	PR10Xmono1cell1	1706473	1067727	8768	65810	564168	17545	1475	16070	23	2615	6.6333
human	PR10Xmono1cell2	1853683	1146594	16720	63836	626533	19899	1395	18504	20	2764	6.9666
human	PR10Xmono1cell3	977171	613094	9762	38564	315751	11797	968	10829	19	2256	5.1333
human	PR10Xmono1cell4	941501	672581	6331	14518	248071	8763	515	8248	17	1818	5.2500
human	PR10Xmono1cell5	983555	468155	8300	44381	462719	15032	1101	13931	18	2343	5.1000
human	PR10Xmono1cell6	2392125	1396673	18317	60855	916280	26412	1452	24960	26	3132	7.9833
human	PR10Xmono1cell7	2940541	1727557	20074	82796	1110114	32243	1774	30469	27	3735	9.3500
human	PR10Xmono1cell8	1192367	698170	9041	46283	438873	15381	1075	14306	25	2451	5.5666
human	PR10Xmono1cell9	1419466	735348	13329	51011	619778	20280	1209	19071	20	2737	6.0666
human	PR10Xmono1cell10	834971	528102	9536	33967	263366	10532	920	9612	17	1972	4.9166
human	PR10Xmono1cell11	2249877	1321146	20166	35362	873203	35797	970	34827	20	4681	7.6833
human	PR10Xmono1cell12	755245	536570	6959	15717	195999	8086	476	7610	18	1791	4.7500
human	PR10Xmono1cell13	1175391	707032	10906	36621	420832	15049	933	14116	20	2412	5.5666
human	PR10Xmono1cell14	606764	307166	2868	43487	253243	11351	1203	10148	21	2093	4.4666
human	PR10Xmono1cell15	2325484	1291345	14109	71951	948079	30156	1729	28427	24	3505	7.7833
human	PR10Xmono1cell16	1560734	978403	9406	34813	538112	20384	1035	19349	21	2857	6.3666
human	PR10Xmono1cell17	1034485	622825	5376	49264	357020	13254	1262	11992	21	2227	5.3500
human	PR10Xmono1cell18	1574692	953864	10584	48205	562039	18153	1194	16959	19	2859	6.3333
human	PR10Xmono1cell19	1094234	702128	6077	47359	338670	14346	1209	13137	23	2803	5.3500
human	PR10Xmono1cell20	965929	650662	5333	23847	286087	11528	750	10778	21	2416	5.1500
human	PR10Xmono1cell21	2025441	1262766	12124	69209	681342	22152	1598	20554	25	3229	7.2500
human	PR10Xmono1cell22	1649415	1012872	6776	55088	574679	20732	1555	19177	23	3088	6.5166
human	PR10Xmono1cell23	2039211	1219981	5390	60205	753635	25650	1702	23948	22	3459	7.2500
human	PR10Xmono1cell24	1705075	1079164	14162	41671	570078	22094	1163	20931	23	3478	6.6000
human	PR10Xmono1cell25	997495	545532	9102	65637	377224	14245	1623	12622	20	2374	5.2833
human	PR10Xmono1cell26	70145	11599	147	48664	9735	3243	1189	2054	20	926	3.3666
human	PR10Xmono1cell27	702932	447171	1772	35839	218150	10337	966	9371	15	2080	4.6500
human	PR10Xmono1cell28	812130	542105	6505	29038	234482	8715	684	8031	16	1877	4.8666
human	PR10Xmono1cell29	1177135	689597	8516	44392	434630	15712	1199	14513	18	2439	5.7166
human	PR10Xmono1cell30	2232691	1428136	10311	82430	711814	23850	1930	21920	20	3072	7.6666
human	PR10Xmono1cell31	2819994	1675550	17738	74951	1051755	30368	1654	28714	23	3504	8.8333
human	PR10Xmono1cell32	1269284	603459	12926	27160	625739	24342	824	23518	22	3547	5.6166
human	PR10Xmono1cell33	94822	48705	330	20226	25561	3621	952	2669	22	1112	3.4833
human	PR10Xmono1cell34	322857	139842	3351	34997	144667	8788	1190	7598	18	1600	3.8666
human	PR10Xmono1cell35	709610	418844	1996	28090	260680	12405	1082	11323	22	1996	4.6000
human	PR10Xmono1cell36	491142	340978	2781	21724	125659	7291	793	6498	18	1546	4.1666
human	PR10Xmono1cell37	1612763	967701	6700	41389	596973	24912	1516	23396	23	2671	6.4166
human	PR10Xmono1cell38	342650	179099	1444	39360	122747	9358	1494	7864	25	1813	3.9000
human	PR10Xmono1cell39	2002028	1177934	24012	74003	726079	30440	2237	28203	21	3168	7.2000
human	PR10Xmono1cell40	1247274	797001	8848	28685	412740	18824	1094	17730	26	2609	5.7000
human	PR10Xmono1cell41	288324	97524	3560	42576	144664	16523	2865	13658	23	1990	3.8166
human	PR10Xmono1cell42	958226	469736	12291	68011	408188	37987	4509	33478	24	2495	5.3000
human	PR10Xmono1cell43	289627	142930	945	31718	114034	12980	2252	10728	18	1708	3.8333
human	PR10Xmono1cell44	1076098	710782	6380	21744	337192	25257	1552	23705	19	2572	5.6666
human	PR10Xmono1cell45	572389	193473	10430	58759	309727	29671	4044	25627	19	2395	4.5333
human	PR10Xmono1cell46	1356611	724342	7936	88533	535800	42322	5094	37228	25	2999	6.2500
human	PR10Xmono1cell47	2127782	1351519	11750	78796	685717	52600	4732	47868	23	3603	7.9166
human	PR10Xmono1cell48	1983861	1307069	11457	55988	609347	49239	3512	45727	25	3404	7.8333
human	PR10Xmono1cell49	331213	190770	1996	13507	124940	9348	719	8629	20	2154	3.9333
human	PR10Xmono1cell50	846799	338676	8305	42652	457166	21863	1450	20413	19	2753	5.0000
human	PR10Xmono1cell51	645653	334037	8600	17913	285103	15755	724	15031	15	2743	4.5000
human	PR10Xmono1cell52	861186	569604	2728	19616	269238	11754	765	10989	14	1877	81.4500
human	PR10Xmono1cell53	1269103	719959	11122	57975	480047	20782	1938	18844	24	2347	5.7500
human	PR10Xmono1cell54	1653279	998637	6957	60056	587629	25643	2018	23625	20	2666	6.5500
human	PR10Xmono1cell55	1982121	1215135	19875	82430	664681	28380	2503	25877	21	2983	7.2500
human	PR10Xmono1cell56	1720884	1107259	11137	47017	555471	25442	1581	23861	20	3037	6.7333
human	PR10Xmono1cell57	1371118	809946	7018	60483	493671	42974	4029	38945	21	2609	6.2666
human	PR10Xmono1cell58	707516	341591	14397	57858	293670	33657	4270	29387	23	2575	4.8333
human	PR10Xmono1cell59	130975	73109	708	16144	41014	9218	1754	7464	23	1897	3.4833
human	PR10Xmono1cell60	404871	252220	2707	12849	137095	14781	1282	13499	19	2052	4.0666
human	PR10Xmono1cell61	1580967	948035	7588	66430	558914	52700	4815	47885	25	2913	6.8666
human	PR10Xmono1cell62	1040145	625956	9766	56107	348316	33566	3953	29613	25	2764	5.4833
human	PR10Xmono1cell63	2048306	1223739	11743	75947	736877	60082	4926	55156	22	3475	8.1000
human	PR10Xmono1cell64	626209	396694	3505	25872	200138	24464	2274	22190	27	2851	4.5666
human	PR10Xmono1cell65	303017	137801	2224	16744	146248	11014	959	10055	22	2469	3.8500
human	PR10Xmono1cell66	34542	19361	162	8493	6526	4329	777	3552	23	1477	3.3333
human	PR10Xmono1cell67	1033269	630550	7621	45344	349754	16458	1408	15050	22	2746	5.2333
human	PR10Xmono1cell68	294714	165215	2244	13905	113350	9163	688	8475	23	2236	3.8333
human	PR10Xmono1cell69	34864	26455	150	789	7470	4612	407	4205	19	1619	3.2666
human	PR10Xmono1cell70	2166328	1310738	11397	62478	781715	30457	2104	28353	26	3430	7.5666
human	PR10Xmono1cell71	2079286	1174149	9321	90689	805127	32170	2539	29631	24	3609	7.5333
human	PR10Xmono1cell72	1784496	1090797	9701	45277	638721	28467	1558	26909	21	3548	7.0166
human	PR10Xmono1cell73	79485	49234	252	8889	21110	3395	615	2780	21	1163	3.4166
human	PR10Xmono1cell74	342728	170133	4621	7446	160528	12713	535	12178	18	2793	3.9500
human	PR10Xmono1cell75	97557	58014	672	2157	36714	6198	391	5807	16	2049	3.4500
human	PR10Xmono1cell76	440865	270802	4539	10698	154826	7314	441	6873	20	1492	4.0666
human	PR10Xmono1cell77	21073	17745	45	280	3003	1924	191	1733	10	850	3.3000
human	PR10Xmono1cell78	52246	38412	87	2357	11390	3471	457	3014	19	1260	3.3833
human	PR10Xmono1cell79	2024684	1195347	15920	58917	754500	30184	1834	28350	20	3336	7.5333
human	PR10Xmono1cell80	1578788	1000391	7446	35657	535294	22636	1229	21407	21	2811	6.4166
human	PR10Xmono1cell81	118065	64248	722	8373	44722	7344	1036	6308	24	1377	3.4833
human	PR10Xmono1cell82	221752	32981	7342	40680	140749	18259	3187	15072	19	1576	3.7166
human	PR10Xmono1cell83	117277	100980	27	12187	4083	2758	1071	1687	20	882	3.5000
human	PR10Xmono1cell84	108035	55045	643	4450	47897	6610	554	6056	15	1387	3.4666
human	PR10Xmono1cell85	718671	394968	6961	20007	296735	33150	1914	31236	22	2757	4.7000
human	PR10Xmono1cell86	1709565	979633	13955	62955	653022	56662	4256	52406	22	3245	7.0333
human	PR10Xmono1cell87	55869	38803	141	8882	8043	5239	1094	4145	21	1505	3.3833
human	PR10Xmono1cell88	1111856	653357	6385	28346	423768	36522	2289	34233	21	2653	5.7166
human	PR10Xmono1cell89	67732	33656	774	10269	23033	3200	649	2551	17	1023	3.3333
human	PR10Xmono1cell90	126317	51044	1798	4511	68964	8293	478	7815	19	2040	3.5333
human	PR10Xmono1cell91	54218	33759	353	1448	18658	3748	298	3450	16	1349	3.3500
human	PR10Xmono1cell92	16609	12861	75	1048	2625	1371	169	1202	10	626	3.3666
human	PR10Xmono1cell93	46920	31451	262	1744	13463	3075	334	2741	15	1167	3.4166
human	PR10Xmono1cell94	893884	400783	10028	13489	469584	31771	811	30960	16	4138	4.9666
human	PR10Xmono1cell95	739642	356502	7513	11321	364306	21711	748	20963	22	3289	4.8166
human	PR10Xmono1cell96	850298	475095	5426	19254	350523	18252	857	17395	23	2620	4.8833
human	PR10Xmono2cell1	156430	92377	192	54278	9583	2119	1075	1044	20	598	3.5500
human	PR10Xmono2cell2	604682	283662	4306	46401	270313	9747	1025	8722	18	1760	4.4000
human	PR10Xmono2cell3	1644921	938246	15078	57323	634274	19662	1238	18424	16	2993	6.5000
human	PR10Xmono2cell4	1091652	750963	9335	16318	315036	11023	488	10535	16	2281	5.4500
human	PR10Xmono2cell5	766653	440196	5432	21073	299952	12791	702	12089	18	2590	4.6833
human	PR10Xmono2cell6	1031199	633218	8992	40324	348665	13738	1069	12669	21	2562	5.2500
human	PR10Xmono2cell7	1477470	752415	15011	59588	650456	21174	1341	19833	22	3132	6.0666
human	PR10Xmono2cell8	1304837	806469	16343	34874	447151	16922	908	16014	20	2851	5.8333
human	PR10Xmono2cell9	204540	99944	1620	9024	93952	6386	443	5943	16	1816	3.6166
human	PR10Xmono2cell10	1749920	1060952	8831	62694	617443	21001	1445	19556	18	2946	6.6000
human	PR10Xmono2cell11	766394	463261	5786	46535	250812	11442	1090	10352	23	2225	4.8166
human	PR10Xmono2cell12	643445	431862	2771	24250	184562	7539	556	6983	14	1648	4.5500
human	PR10Xmono2cell13	1772367	1006783	13020	74820	677744	21782	1493	20289	22	2864	6.7166
human	PR10Xmono2cell14	1814807	1064677	11336	42899	695895	22737	1090	21647	16	3017	6.7666
human	PR10Xmono2cell15	2149128	1261404	17659	70145	799920	25400	1519	23881	20	3263	7.4166
human	PR10Xmono2cell16	1800798	1167527	9314	27568	596389	21543	851	20692	20	3049	6.8166
human	PR10Xmono2cell17	85107	53950	565	3482	27110	3698	425	3273	20	1371	3.4166
human	PR10Xmono2cell18	44971	31543	593	642	12193	8905	367	8538	16	1350	3.4666
human	PR10Xmono2cell19	606092	355466	3471	28080	219075	10164	954	9210	20	2040	4.4666
human	PR10Xmono2cell20	392083	261647	4855	8738	116843	7617	451	7166	18	2123	4.0500
human	PR10Xmono2cell21	1888086	1006095	17383	46847	817761	27030	1335	25695	25	3629	6.8500
human	PR10Xmono2cell22	969667	467850	9386	54927	437504	16199	1421	14778	21	2731	5.1833
human	PR10Xmono2cell23	1827511	1042257	19113	49178	716963	25993	1327	24666	23	3680	6.8333
human	PR10Xmono2cell24	2038619	1293238	10755	28776	705850	24940	943	23997	23	3600	7.2500
human	PR10Xmono2cell25	82692	44200	452	6801	31239	3426	423	3003	19	1181	3.4000
human	PR10Xmono2cell26	1165689	676506	13936	30798	444449	16661	905	15756	16	2838	5.5333
human	PR10Xmono2cell27	1134901	642332	9320	42211	441038	16441	1015	15426	19	2670	5.3833
human	PR10Xmono2cell28	574828	401123	1771	15568	156366	6848	479	6369	17	1710	4.3666
human	PR10Xmono2cell29	1522157	824542	17709	36747	643159	24775	1115	23660	24	3578	6.2166
human	PR10Xmono2cell30	1202456	676734	6613	45634	473475	17074	1272	15802	18	2870	5.6166
human	PR10Xmono2cell31	446432	219057	4827	24047	198501	11994	886	11108	18	2699	4.0666
human	PR10Xmono2cell32	1418007	867764	10086	28738	511419	19770	826	18944	21	3093	6.1666
human	PR10Xmono2cell33	55455	33716	482	7698	13559	1814	513	1301	20	586	3.3166
human	PR10Xmono2cell34	58316	12806	34	42963	2513	2842	1483	1359	16	717	3.3166
human	PR10Xmono2cell35	7293	5152	49	217	1875	1586	161	1425	9	730	3.3500
human	PR10Xmono2cell36	239980	163468	2484	5171	68857	6256	391	5865	15	1713	3.7500
human	PR10Xmono2cell37	686339	310630	6958	49396	319355	15981	1704	14277	26	2236	4.5333
human	PR10Xmono2cell38	853011	573274	5389	15992	258356	14903	832	14071	17	2596	4.9166
human	PR10Xmono2cell39	2067128	1141605	20708	56902	847913	36609	1803	34806	21	3615	7.5833
human	PR10Xmono2cell40	1822460	1210882	10492	31187	569899	28086	1250	26836	22	3272	6.9500
human	PR10Xmono2cell41	121507	44945	1610	8156	66796	9861	1043	8818	22	1816	3.6166
human	PR10Xmono2cell42	984484	623230	3563	59556	298135	29685	3996	25689	21	2071	5.4000
human	PR10Xmono2cell43	877489	511254	8270	45061	312904	28152	2879	25273	19	2545	5.1166
human	PR10Xmono2cell44	975923	621515	11572	21516	321320	24081	1379	22702	18	2443	5.2333
human	PR10Xmono2cell45	1045006	482478	6780	34320	521428	42489	2721	39768	24	2844	5.5166
human	PR10Xmono2cell46	1998790	1226918	9943	52082	709847	51460	3253	48207	18	3195	7.6000
human	PR10Xmono2cell47	1558623	678968	13434	64907	801314	59819	3872	55947	21	3935	6.4833
human	PR10Xmono2cell48	957589	603159	8543	17240	328647	33954	1545	32409	22	3510	5.3333
human	PR10Xmono2cell49	69730	49849	94	9602	10185	1810	574	1236	20	573	3.4000
human	PR10Xmono2cell50	498639	172997	3625	46835	275182	13848	1540	12308	21	1862	4.3000
human	PR10Xmono2cell51	719142	401016	3655	31116	283355	14327	1113	13214	18	2231	4.7333
human	PR10Xmono2cell52	216637	107334	1227	17272	90804	5765	594	5171	15	1415	3.7500
human	PR10Xmono2cell53	1805171	948264	15824	51350	789733	31517	1682	29835	23	2915	6.7500
human	PR10Xmono2cell54	123476	72303	1589	4230	45354	5958	489	5469	16	1815	3.5166
human	PR10Xmono2cell55	2761301	1665138	17704	50775	1027684	38722	1570	37152	21	3554	8.9666
human	PR10Xmono2cell56	981305	610203	8138	20394	342570	21251	880	20371	16	3475	5.1833
human	PR10Xmono2cell57	43089	36140	24	5159	1766	1912	857	1055	18	628	3.3333
human	PR10Xmono2cell58	240038	116589	1312	17850	104287	15514	1868	13646	21	1973	3.7333
human	PR10Xmono2cell59	231671	135447	2425	7613	86186	13466	1054	12412	17	2346	3.7500
human	PR10Xmono2cell60	901632	566541	5280	13578	316233	27543	1253	26290	20	2581	5.0333
human	PR10Xmono2cell61	1966622	1058827	28469	49867	829459	78207	4018	74189	23	3949	7.4666
human	PR10Xmono2cell62	409530	155517	8907	47875	197231	22017	3274	18743	23	2246	4.1166
human	PR10Xmono2cell63	2175887	1295070	12820	67528	800469	65739	4176	61563	20	3963	8.1333
human	PR10Xmono2cell64	1542074	938657	11884	32885	558648	53653	2636	51017	19	3802	6.8000
human	PR10Xmono2cell65	309981	78477	4903	27362	199239	12080	1024	11056	20	2383	3.8166
human	PR10Xmono2cell66	528888	287119	4897	15972	220900	13802	850	12952	21	2733	4.2666
human	PR10Xmono2cell67	516085	245632	4269	40050	226134	13032	1384	11648	18	2452	4.2500
human	PR10Xmono2cell68	322354	194762	1771	16333	109488	8944	778	8166	22	2272	3.9000
human	PR10Xmono2cell69	274107	112832	3938	21297	136040	12551	1173	11378	24	2736	3.7333
human	PR10Xmono2cell70	297212	158274	3699	31727	103512	8552	1310	7242	20	2070	3.8833
human	PR10Xmono2cell71	2390569	1340829	32980	73845	942915	38808	2149	36659	25	4317	8.0166
human	PR10Xmono2cell72	1506543	929170	8445	32009	536919	25018	1211	23807	21	3414	6.3666
human	PR10Xmono2cell73	128934	69205	729	18240	40760	3443	731	2712	19	957	3.4500
human	PR10Xmono2cell74	265050	153548	1136	5896	104470	8855	495	8360	19	2090	3.7666
human	PR10Xmono2cell75	420245	211568	3468	23323	181886	10945	906	10039	18	2182	4.0833
human	PR10Xmono2cell76	230449	134650	1397	9408	84994	5043	431	4612	15	1390	3.7500
human	PR10Xmono2cell77	523555	177805	7325	29544	308881	14082	1134	12948	22	2168	4.3333
human	PR10Xmono2cell78	40257	34223	94	1869	4071	2349	373	1976	16	1033	3.3000
human	PR10Xmono2cell79	850725	421563	7201	39131	382830	17046	1199	15847	22	2433	4.9000
human	PR10Xmono2cell80	1598905	1027017	9663	40347	521878	22629	1345	21284	21	2949	6.4000
human	PR10Xmono2cell81	43784	35123	27	5368	3266	1436	721	715	18	356	3.3333
human	PR10Xmono2cell82	433375	197844	5214	40878	189439	22425	3211	19214	19	1894	4.1333
human	PR10Xmono2cell83	212921	135107	1449	4445	71920	10461	593	9868	17	1864	3.6166
human	PR10Xmono2cell84	389378	261206	5893	11850	110429	11303	906	10397	13	1537	4.1166
human	PR10Xmono2cell85	106834	43805	190	25013	37826	7709	2199	5510	18	1304	3.4666
human	PR10Xmono2cell86	216948	104943	2782	29692	79531	10671	2197	8474	22	1430	3.6500
human	PR10Xmono2cell87	1116812	553065	10090	21873	531784	51939	1903	50036	16	3871	5.6833
human	PR10Xmono2cell88	1449815	807024	11544	26305	604942	53094	2165	50929	21	3151	6.8000
human	PR10Xmono2cell89	25539	21225	289	3094	931	656	328	328	20	241	3.2833
human	PR10Xmono2cell90	31862	16252	114	2943	12553	2456	348	2108	17	965	3.3166
human	PR10Xmono2cell91	282381	178110	3091	3234	97946	8800	375	8425	16	2226	3.7666
human	PR10Xmono2cell92	12996	10615	13	465	1903	1230	141	1089	13	607	3.2500
human	PR10Xmono2cell93	573129	264740	4722	25595	278072	15355	1025	14330	22	2330	4.3666
human	PR10Xmono2cell94	126290	40317	847	23852	61274	4609	1007	3602	21	1118	3.4666
human	PR10Xmono2cell95	1186510	544872	11671	12641	617326	34874	698	34176	20	4201	5.5166
human	PR10Xmono2cell96	36171	20916	164	4706	10385	2488	447	2041	23	915	3.3166
human	PR10Xmono3cell1	409751	195430	1955	54396	157970	7540	1348	6192	21	1467	4.0500
human	PR10Xmono3cell2	1475776	889307	9737	61935	514797	17148	1479	15669	22	2581	6.2000
human	PR10Xmono3cell3	208518	103283	1837	24716	78682	5403	849	4554	17	1353	3.6333
human	PR10Xmono3cell4	567570	366544	3173	16721	181132	7757	572	7185	20	1732	4.4166
human	PR10Xmono3cell5	807942	373908	8279	76241	349514	12176	1620	10556	18	1963	4.7666
human	PR10Xmono3cell6	4465563	2384144	36381	88186	1956852	58038	2119	55919	21	4843	12.1500
human	PR10Xmono3cell7	1831647	1004597	12436	86972	727642	23521	1932	21589	26	2966	6.7666
human	PR10Xmono3cell8	1968175	1197530	9171	46192	715282	24974	1288	23686	19	3412	7.1166
human	PR10Xmono3cell9	1619728	888088	15404	77249	638987	21893	1800	20093	19	2723	6.3666
human	PR10Xmono3cell10	1865990	1073183	14152	83683	694972	24162	1967	22195	17	3051	6.9333
human	PR10Xmono3cell11	399909	164412	4321	24863	206313	10750	819	9931	18	2155	4.0500
human	PR10Xmono3cell12	100950	82720	611	7992	9627	1746	323	1423	15	669	3.4166
human	PR10Xmono3cell13	491516	183727	10668	47435	249686	10496	1356	9140	19	1670	4.2500
human	PR10Xmono3cell14	1228043	650081	12904	76233	488825	19987	1873	18114	27	2893	5.6166
human	PR10Xmono3cell15	2180574	1269875	16093	56528	838078	27704	1438	26266	19	3175	7.4666
human	PR10Xmono3cell16	1946891	1121579	15792	45669	763851	27340	1223	26117	23	3458	7.1333
human	PR10Xmono3cell17	194103	52356	2642	56548	82557	6116	1702	4414	20	1351	3.6166
human	PR10Xmono3cell18	186435	100334	1401	14614	70086	7578	854	6724	24	2098	3.5833
human	PR10Xmono3cell19	1035696	646131	5194	37731	346640	15887	1108	14779	21	3078	5.2833
human	PR10Xmono3cell20	632868	366610	3087	27867	235304	11226	862	10364	21	2445	4.5333
human	PR10Xmono3cell21	1892319	1084793	9862	68916	728748	22369	1614	20755	20	2972	7.0833
human	PR10Xmono3cell22	1739819	943547	16625	82815	696832	27341	2177	25164	26	3768	6.6500
human	PR10Xmono3cell23	2562213	1521028	13389	66514	961282	31569	1946	29623	25	3843	8.2500
human	PR10Xmono3cell24	1732602	1069081	7431	46166	609924	25771	1364	24407	22	3905	6.7000
human	PR10Xmono3cell25	276415	74276	2198	66060	133881	7084	1747	5337	18	1126	3.8666
human	PR10Xmono3cell26	90382	17057	96	69573	3656	3572	1673	1899	21	960	3.4666
human	PR10Xmono3cell27	1186611	646490	9039	54951	476131	19476	1421	18055	16	2860	5.7166
human	PR10Xmono3cell28	1183824	778252	5253	27105	373214	13806	704	13102	19	2491	5.6000
human	PR10Xmono3cell29	1041635	623490	4380	35607	378158	15586	1057	14529	19	2490	5.3333
human	PR10Xmono3cell30	2048056	1238280	15742	69262	724772	26251	1843	24408	24	3319	7.3500
human	PR10Xmono3cell31	1761927	1085046	11308	33133	632440	25345	1146	24199	25	3654	6.7166
human	PR10Xmono3cell32	1565506	915362	10553	34815	604776	24872	1156	23716	22	3576	6.3666
human	PR10Xmono3cell33	1206954	659125	14220	63851	469758	21669	2080	19589	21	2627	5.7333
human	PR10Xmono3cell34	264750	35767	2824	51835	174324	11184	1792	9392	21	1649	3.7666
human	PR10Xmono3cell35	184572	92522	1130	31918	59002	6333	1222	5111	24	1588	3.5833
human	PR10Xmono3cell36	1179570	685515	7552	36235	450268	22542	1089	21453	17	3163	5.7000
human	PR10Xmono3cell37	1644825	902965	13984	47950	679926	29581	1747	27834	22	2936	6.6166
human	PR10Xmono3cell38	2098014	1361812	9588	65020	661594	30981	2322	28659	27	3130	7.4666
human	PR10Xmono3cell39	3137472	1677764	28054	74473	1357181	54478	2706	51772	24	4203	9.6000
human	PR10Xmono3cell40	1711175	1083124	16069	36747	575235	29308	1475	27833	21	3587	6.6666
human	PR10Xmono3cell41	124583	64419	635	21836	37693	8343	2236	6107	22	1502	3.4833
human	PR10Xmono3cell42	234488	33993	1699	79827	118969	17883	5293	12590	20	1891	3.8166
human	PR10Xmono3cell43	749461	423985	3833	36338	285305	28301	2633	25668	19	2564	4.7333
human	PR10Xmono3cell44	306968	154481	3300	9508	139679	17297	1065	16232	22	2639	3.8500
human	PR10Xmono3cell45	85274	50270	256	22188	12560	6940	2307	4633	20	1593	3.4000
human	PR10Xmono3cell46	777169	383711	5196	58244	330018	35099	4198	30901	24	3202	4.9166
human	PR10Xmono3cell47	2736912	1629781	18643	98855	989633	75837	5960	69877	25	3916	9.2333
human	PR10Xmono3cell48	2328450	1242474	17613	54968	1013395	85947	3787	82160	24	4580	8.8833
human	PR10Xmono3cell49	80409	53439	121	14824	12025	2327	783	1544	19	722	3.4000
human	PR10Xmono3cell50	1540679	764036	13693	63321	699629	30401	2103	28298	20	2867	6.3333
human	PR10Xmono3cell51	55178	35383	171	3844	15780	3316	471	2845	14	1185	3.3666
human	PR10Xmono3cell52	1226934	739334	12429	19873	455298	20349	796	19553	20	2759	5.5833
human	PR10Xmono3cell53	1464811	816793	8676	31965	607377	29181	1343	27838	19	3418	6.0666
human	PR10Xmono3cell54	2061846	1278440	10126	76678	696602	32124	2658	29466	18	3212	7.4166
human	PR10Xmono3cell55	1765914	1010811	9730	68788	676585	29509	2272	27237	22	3042	6.8166
human	PR10Xmono3cell56	1916526	1046875	19035	36277	814339	37831	1441	36390	21	3780	6.9833
human	PR10Xmono3cell57	61762	48343	104	9007	4308	3767	1398	2369	20	1052	3.4833
human	PR10Xmono3cell58	439982	285922	1755	15732	136573	21387	2068	19319	19	2552	4.2000
human	PR10Xmono3cell59	685957	407804	5852	28240	244061	28316	2597	25719	22	2748	4.6500
human	PR10Xmono3cell60	134966	95881	756	8896	29433	8505	1097	7408	20	2027	3.5500
human	PR10Xmono3cell61	1021288	519334	9014	57105	435835	45982	4736	41246	17	2750	5.3833
human	PR10Xmono3cell62	1595904	826978	9850	75263	683813	62296	5174	57122	27	3585	6.9500
human	PR10Xmono3cell63	71155	47759	279	5890	17227	10308	1349	8959	24	2567	3.4000
human	PR10Xmono3cell64	2286763	1321623	12890	64471	887779	86346	4805	81541	20	4271	8.4666
human	PR10Xmono3cell65	264510	151683	1975	11453	99399	8930	1000	7930	24	2230	3.7833
human	PR10Xmono3cell66	606113	263865	6191	68622	267435	15452	2182	13270	30	2546	4.5166
human	PR10Xmono3cell67	930531	488785	7056	44830	389860	19037	1526	17511	20	2947	5.0500
human	PR10Xmono3cell68	676789	326006	4660	24586	321537	16476	1067	15409	22	2881	4.6333
human	PR10Xmono3cell69	216834	114748	1978	18759	81349	9418	1124	8294	21	2311	3.6833
human	PR10Xmono3cell70	2889265	1484482	28775	49270	1326738	57504	1983	55521	26	5160	8.9833
human	PR10Xmono3cell71	266201	132297	906	82144	50854	13162	2639	10523	29	2860	3.8166
human	PR10Xmono3cell72	2610306	1342951	30113	44232	1193010	50623	1839	48784	25	4829	8.3666
human	PR10Xmono3cell73	140802	77553	1068	15696	46485	5044	859	4185	21	1403	3.5333
human	PR10Xmono3cell74	1688787	921213	12354	47261	707959	32288	1646	30642	19	3316	6.5500
human	PR10Xmono3cell75	1180278	543040	11830	46522	578886	29429	1588	27841	19	3657	5.6000
human	PR10Xmono3cell76	148761	88777	1105	2431	56448	5168	283	4885	17	1630	3.6833
human	PR10Xmono3cell77	64495	37480	269	4471	22275	3276	439	2837	18	1100	3.4166
human	PR10Xmono3cell78	2282783	1435511	11447	61615	774210	33983	2064	31919	21	3417	7.8500
human	PR10Xmono3cell79	1762950	861695	10503	56895	833857	32951	1920	31031	21	3064	6.7500
human	PR10Xmono3cell80	1721785	1030136	14005	56193	621451	29323	1912	27411	26	3354	6.9333
human	PR10Xmono3cell81	128013	56922	901	20177	50013	8492	2096	6396	23	1152	3.5333
human	PR10Xmono3cell82	203543	58835	3764	24965	115979	18523	2523	16000	20	1757	3.6833
human	PR10Xmono3cell83	258745	153886	1578	9876	93405	13352	1131	12221	18	1860	3.7500
human	PR10Xmono3cell84	172111	151760	457	14423	5471	3095	1194	1901	17	823	3.7000
human	PR10Xmono3cell85	62052	51261	40	7970	2781	2706	1099	1607	20	764	3.3333
human	PR10Xmono3cell86	60413	38064	391	2886	19072	6483	702	5781	18	1708	3.4833
human	PR10Xmono3cell87	2324774	1494023	14554	65200	750997	66139	4895	61244	25	3185	8.8833
human	PR10Xmono3cell88	1631563	973817	17634	41610	598502	58878	3205	55673	22	3406	7.0166
human	PR10Xmono3cell89	49956	37044	113	6902	5897	1612	589	1023	20	544	3.3333
human	PR10Xmono3cell90	19030	12968	45	4519	1498	1457	515	942	18	593	3.3500
human	PR10Xmono3cell91	38019	29672	22	6908	1417	1339	496	843	17	517	3.3333
human	PR10Xmono3cell92	52323	38167	170	1257	12729	2280	212	2068	16	914	3.4000
human	PR10Xmono3cell93	58717	36685	218	2882	18932	3338	390	2948	20	1083	3.3500
human	PR10Xmono3cell94	74135	56289	76	11144	6626	3332	812	2520	24	1159	3.4333
human	PR10Xmono3cell95	67770	43325	95	18627	5723	3309	905	2404	24	1119	3.3500
human	PR10Xmono3cell96	79150	44624	351	3884	30291	4649	460	4189	21	1474	3.4000
human	PR10Xmono4cell1	2509486	1450006	15844	85157	958479	23090	1480	21610	24	3025	7.9833
human	PR10Xmono4cell2	2213150	1358576	12015	93139	749420	18783	1492	17291	18	2618	7.6166
human	PR10Xmono4cell3	1048168	589567	5855	65580	387166	11208	1246	9962	21	1850	5.2333
human	PR10Xmono4cell4	1237381	816200	21495	26831	372855	10132	639	9493	16	1997	5.6833
human	PR10Xmono4cell5	2175012	1086996	14168	78951	994897	23322	1416	21906	18	2810	7.3833
human	PR10Xmono4cell6	687358	337250	3471	78350	268287	9538	1539	7999	22	1795	4.5500
human	PR10Xmono4cell7	3350720	2029404	21261	103619	1196436	29008	1841	27167	24	3627	9.9500
human	PR10Xmono4cell8	2522031	1536418	22710	69922	892981	25843	1366	24477	25	3653	8.2833
human	PR10Xmono4cell9	104787	61108	36	32628	11015	2458	802	1656	21	870	3.4500
human	PR10Xmono4cell10	30804	20697	27	7907	2173	1410	449	961	19	561	3.3000
human	PR10Xmono4cell11	586079	142554	10056	49407	384062	14864	1137	13727	18	2597	4.3166
human	PR10Xmono4cell12	638792	464372	1079	15501	157840	6275	403	5872	20	1665	4.5166
human	PR10Xmono4cell13	1418979	693064	10295	100713	614907	16255	1775	14480	21	2154	5.9500
human	PR10Xmono4cell14	1874022	1013119	15121	81097	764685	20958	1557	19401	24	2557	7.2000
human	PR10Xmono4cell15	2753869	1567591	27168	80783	1078327	26971	1657	25314	23	3320	8.5833
human	PR10Xmono4cell16	2530279	1644373	10774	57172	817960	24095	1140	22955	21	3379	8.2500
human	PR10Xmono4cell17	1441018	556636	21357	80862	782163	22656	1575	21081	26	3256	5.9166
human	PR10Xmono4cell18	121026	57303	1837	28904	32982	3307	803	2504	21	1085	3.4500
human	PR10Xmono4cell19	948697	505433	2238	66278	374748	10735	1401	9334	19	1857	5.1166
human	PR10Xmono4cell20	202565	112295	772	27873	61625	5095	832	4263	19	1620	3.6333
human	PR10Xmono4cell21	1740871	953417	13964	100571	672919	18369	1878	16491	25	2685	6.6500
human	PR10Xmono4cell22	221229	92636	451	70089	58053	6707	1654	5053	22	1734	3.7000
human	PR10Xmono4cell23	3214731	1800482	22244	125557	1266448	34724	2344	32380	26	4313	9.8000
human	PR10Xmono4cell24	2534735	1500210	19594	52549	962382	29048	1341	27707	25	3936	8.4666
human	PR10Xmono4cell25	1301866	479824	18391	86901	716750	20808	1635	19173	20	2809	5.6666
human	PR10Xmono4cell26	51781	22523	102	14296	14860	1595	530	1065	19	580	3.3500
human	PR10Xmono4cell27	1184162	618444	9239	57463	499016	14403	1130	13273	19	2418	5.4833
human	PR10Xmono4cell28	1228911	746475	15920	50704	415812	12308	836	11472	19	2308	5.5833
human	PR10Xmono4cell29	112634	67407	873	6359	37995	3828	460	3368	18	1301	3.5000
human	PR10Xmono4cell30	643118	287335	7955	66188	281640	10590	1391	9199	26	1907	4.5166
human	PR10Xmono4cell31	3378930	1837406	24971	128612	1387941	34712	2138	32574	19	3616	9.7166
human	PR10Xmono4cell32	3641992	2016431	38408	51787	1535366	41994	1228	40766	26	4413	10.1833
human	PR10Xmono4cell33	126541	75040	2114	13845	35542	4670	762	3908	23	1520	3.5500
human	PR10Xmono4cell34	1834487	992739	18628	45284	777836	26924	1322	25602	20	2975	6.7166
human	PR10Xmono4cell35	103399	65004	37	32286	6072	2247	1103	1144	23	619	3.6166
human	PR10Xmono4cell36	34431	28580	114	1594	4143	2442	348	2094	20	1033	3.3166
human	PR10Xmono4cell37	128441	60377	230	31132	36702	4462	1139	3323	18	1204	3.5000
human	PR10Xmono4cell38	130231	78985	152	23852	27242	4537	1055	3482	21	1347	3.4833
human	PR10Xmono4cell39	2831198	1516536	16321	111603	1186738	40082	2697	37385	19	3663	8.7000
human	PR10Xmono4cell40	2455884	1529763	11863	63352	850906	32587	1783	30804	23	3450	8.0666
human	PR10Xmono4cell41	117523	78655	152	31738	6978	5918	2322	3596	22	1527	3.5000
human	PR10Xmono4cell42	97348	26608	77	67439	3224	5458	3792	1666	20	836	3.4666
human	PR10Xmono4cell43	148848	69500	78	75084	4186	5815	3783	2032	21	904	3.6166
human	PR10Xmono4cell44	336388	151289	4065	31442	149592	13470	1805	11665	22	2094	3.9166
human	PR10Xmono4cell45	81996	55074	164	16075	10683	5822	1638	4184	22	1566	3.5000
human	PR10Xmono4cell46	2935457	1331158	32378	72628	1499293	86213	4085	82128	23	3882	9.4333
human	PR10Xmono4cell47	5935427	3256526	45942	108177	2524782	138622	5104	133518	23	5211	15.7166
human	PR10Xmono4cell48	2641315	1583673	12649	66813	978180	64748	3548	61200	27	3934	8.8666
human	PR10Xmono4cell49	114522	83615	35	27070	3802	2406	1010	1396	20	781	3.4666
human	PR10Xmono4cell50	46676	18000	31	25021	3624	1678	878	800	19	502	3.3166
human	PR10Xmono4cell51	202976	129445	1189	23041	49301	4166	840	3326	19	1164	3.6333
human	PR10Xmono4cell52	1464975	878842	8982	30277	546874	17483	901	16582	19	2415	6.0666
human	PR10Xmono4cell53	1017721	88806	29754	89146	810015	27088	2151	24937	19	2313	5.2333
human	PR10Xmono4cell54	2598899	1508665	10338	67674	1012222	35117	1800	33317	17	3346	8.4166
human	PR10Xmono4cell55	1012567	564175	6823	54896	386673	18174	1628	16546	18	2762	5.2500
human	PR10Xmono4cell56	2114641	1126691	19753	65498	902699	32188	1832	30356	22	3193	7.4000
human	PR10Xmono4cell57	161405	104157	700	8804	47744	8657	1176	7481	23	1863	3.6000
human	PR10Xmono4cell58	25630	17736	63	4867	2964	2548	891	1657	21	816	3.3000
human	PR10Xmono4cell59	89123	65689	53	18434	4947	3874	1732	2142	23	953	3.4833
human	PR10Xmono4cell60	111312	87010	173	13991	10138	5226	1270	3956	22	1487	3.4666
human	PR10Xmono4cell61	69576	46047	198	8321	15010	5828	1282	4546	22	1578	3.4166
human	PR10Xmono4cell62	1664199	874177	10887	78024	701111	53434	4550	48884	27	3145	6.9833
human	PR10Xmono4cell63	913334	605054	4465	34465	269350	32288	2774	29514	24	3763	5.2166
human	PR10Xmono4cell64	1209616	636063	13208	46431	513914	43145	2969	40176	21	3359	5.7833
human	PR10Xmono4cell65	2874013	1629755	15567	53337	1175354	34678	1631	33047	25	3707	8.8500
human	PR10Xmono4cell66	84102	26312	79	52923	4788	3266	1367	1899	24	965	3.4333
human	PR10Xmono4cell67	174938	112967	120	50564	11287	3670	1418	2252	20	1088	3.5833
human	PR10Xmono4cell68	194614	158547	213	25571	10283	5249	985	4264	22	1743	3.6833
human	PR10Xmono4cell69	159219	67788	801	45151	45479	6407	1384	5023	20	1738	3.5333
human	PR10Xmono4cell70	1185264	630384	8638	65383	480859	18346	1927	16419	24	2846	5.6000
human	PR10Xmono4cell71	662012	318070	3345	83005	257592	18183	2164	16019	32	3335	4.5000
human	PR10Xmono4cell72	156601	48637	361	76754	30849	10486	1864	8622	27	2615	3.5833
human	PR10Xmono4cell73	100915	70010	88	25391	5426	2094	858	1236	20	696	3.4500
human	PR10Xmono4cell74	25922	16444	30	7222	2226	1139	465	674	16	439	3.3333
human	PR10Xmono4cell75	93874	69181	30	22579	2084	1914	847	1067	18	607	3.4666
human	PR10Xmono4cell76	53869	44174	54	3473	6168	1761	291	1470	14	799	3.3666
human	PR10Xmono4cell77	1256820	301153	24106	51877	879684	33086	1460	31626	18	3496	5.5333
human	PR10Xmono4cell78	177242	109324	111	56395	11412	3832	1449	2383	19	1027	3.6000
human	PR10Xmono4cell79	3656183	2175265	27185	103531	1350202	41041	2127	38914	20	3707	10.8500
human	PR10Xmono4cell80	771433	338481	3590	61837	367525	15288	1462	13826	22	2207	4.7166
human	PR10Xmono4cell81	70410	53760	41	12245	4364	2687	1229	1458	22	712	3.4833
human	PR10Xmono4cell82	57139	22841	39	31998	2261	2969	2294	675	22	338	3.3666
human	PR10Xmono4cell83	99072	75618	12	21005	2437	2258	1530	728	22	433	3.4333
human	PR10Xmono4cell84	104849	74963	183	24409	5294	3551	1477	2074	15	937	3.4833
human	PR10Xmono4cell85	54086	42710	45	8665	2666	2469	1076	1393	24	707	3.3666
human	PR10Xmono4cell86	62929	54132	43	5325	3429	2491	815	1676	19	871	3.4000
human	PR10Xmono4cell87	185323	94544	1138	30694	58947	8786	2094	6692	24	1617	3.6333
human	PR10Xmono4cell88	384132	203738	4204	10352	165838	17769	1035	16734	17	2362	4.0166
human	PR10Xmono4cell89	43851	34104	20	8055	1672	1502	550	952	21	572	3.3000
human	PR10Xmono4cell90	16078	11524	7	3756	791	832	344	488	19	351	3.2500
human	PR10Xmono4cell91	39631	35712	23	2559	1337	886	316	570	19	413	3.3666
human	PR10Xmono4cell92	613334	335381	6006	6590	265357	13415	363	13052	18	2538	4.4000
human	PR10Xmono4cell93	24545	19649	60	3021	1815	1392	364	1028	17	593	3.3500
human	PR10Xmono4cell94	75117	56949	19	15720	2429	1987	799	1188	21	637	3.4166
human	PR10Xmono4cell95	42283	30125	128	8287	3743	2964	572	2392	17	1092	3.4333
human	PR10Xmono4cell96	187848	85179	2129	3768	96772	10117	441	9676	21	2410	3.5833
human	PR10Xmono5cell1	73562	55165	240	13625	4532	1096	615	481	19	340	3.4666
human	PR10Xmono5cell2	570322	290161	3169	70232	206760	6929	1228	5701	22	1432	4.3666
human	PR10Xmono5cell3	1204351	781377	8034	57190	357750	10842	1088	9754	18	2006	5.8166
human	PR10Xmono5cell4	17175	14318	22	1433	1402	964	190	774	12	471	3.3000
human	PR10Xmono5cell5	1108452	323949	17968	78225	688310	17220	1406	15814	20	2580	5.3000
human	PR10Xmono5cell6	1830666	989025	7114	80496	754031	19906	1590	18316	21	2758	6.7833
human	PR10Xmono5cell7	1888162	960842	32143	120011	775166	21164	1950	19214	21	2994	6.9166
human	PR10Xmono5cell8	2625339	1626149	16496	29133	953561	31784	909	30875	20	4374	8.4166
human	PR10Xmono5cell9	52662	41074	234	3674	7680	1168	330	838	19	482	3.3333
human	PR10Xmono5cell10	41181	17901	53	9621	13606	1538	440	1098	20	556	3.3666
human	PR10Xmono5cell11	58993	46927	41	6635	5390	1518	409	1109	19	608	3.3666
human	PR10Xmono5cell12	230943	145315	560	11545	73523	2816	317	2499	14	707	3.7333
human	PR10Xmono5cell13	1101859	204865	21924	75418	799652	20977	1389	19588	17	2657	5.4000
human	PR10Xmono5cell14	2437327	1315565	28259	73567	1019936	27611	1454	26157	22	3174	8.0333
human	PR10Xmono5cell15	2440365	1231791	17590	73543	1117441	27706	1384	26322	21	3177	7.7833
human	PR10Xmono5cell16	112644	46965	39	63174	2466	2584	1171	1413	20	757	3.4833
human	PR10Xmono5cell17	125909	70524	139	35481	19765	2164	1153	1011	20	507	3.4833
human	PR10Xmono5cell18	113992	64560	961	4503	43968	4356	569	3787	16	1451	3.5333
human	PR10Xmono5cell19	150689	92611	517	16713	40848	4423	825	3598	22	1437	3.5166
human	PR10Xmono5cell20	56511	37620	584	2255	16052	3264	409	2855	18	1274	3.4000
human	PR10Xmono5cell21	45632	28000	304	4316	13012	6687	774	5913	23	2274	3.3333
human	PR10Xmono5cell22	3147498	1952443	12847	71852	1110356	32335	1993	30342	25	4002	9.4000
human	PR10Xmono5cell23	3653099	2167170	22132	129912	1333885	39002	2547	36455	25	4376	10.4000
human	PR10Xmono5cell24	135401	46682	228	68839	19652	7364	1692	5672	27	1990	3.5500
human	PR10Xmono5cell25	76431	53458	81	14245	8647	1259	649	610	18	367	3.3833
human	PR10Xmono5cell26	102937	67905	850	3841	30341	3178	407	2771	21	1212	3.5166
human	PR10Xmono5cell27	179649	102793	1479	16637	58740	3996	658	3338	22	1303	3.5833
human	PR10Xmono5cell28	14938	11597	75	463	2803	1139	171	968	13	565	3.2833
human	PR10Xmono5cell29	418751	201701	4526	21573	190951	11104	793	10311	23	2694	4.0166
human	PR10Xmono5cell30	1463713	510210	22026	89285	842192	25003	1900	23103	21	3044	5.9833
human	PR10Xmono5cell31	808165	270902	5773	119235	412255	16016	2106	13910	18	2602	4.8166
human	PR10Xmono5cell32	90539	26007	97	60399	4036	3710	1324	2386	22	1083	3.4500
human	PR10Xmono5cell33	52333	39032	11	9359	3931	1188	730	458	18	299	3.3333
human	PR10Xmono5cell34	15808	11785	34	1767	2222	1314	383	931	18	569	3.3000
human	PR10Xmono5cell35	185807	116217	1040	4837	63713	6277	534	5743	19	1763	3.6166
human	PR10Xmono5cell36	206202	115841	1208	7345	81808	5363	469	4894	12	1427	3.6500
human	PR10Xmono5cell37	720179	396252	4511	17220	302196	15783	974	14809	25	2775	4.6500
human	PR10Xmono5cell38	433191	209799	5375	40176	177841	13072	1694	11378	21	2497	4.1000
human	PR10Xmono5cell39	2772829	1501793	28009	91153	1151874	43976	2742	41234	22	3848	9.0333
human	PR10Xmono5cell40	2314840	1346768	17207	41940	908925	35953	1659	34294	29	3378	8.1000
human	PR10Xmono5cell41	165552	106439	149	54905	4059	3496	2941	555	23	284	3.6333
human	PR10Xmono5cell42	108637	53716	303	35530	19088	5214	2522	2692	21	930	3.4333
human	PR10Xmono5cell43	311483	138845	983	60604	111051	12388	3179	9209	22	1603	3.8500
human	PR10Xmono5cell44	90466	57465	283	2567	30151	5464	476	4988	17	1540	3.4166
human	PR10Xmono5cell45	631458	123030	9555	73441	425432	31718	3918	27800	22	2607	4.4166
human	PR10Xmono5cell46	414193	231310	5837	15940	161106	22156	1815	20341	27	3372	4.1333
human	PR10Xmono5cell47	4530343	2616320	39135	103142	1771746	99293	5195	94098	23	4583	13.0000
human	PR10Xmono5cell48	1083377	492949	16793	62718	510917	36587	3626	32961	26	2926	5.4833
human	PR10Xmono5cell49	173485	56252	159	102779	14295	2904	2371	533	19	177	3.6166
human	PR10Xmono5cell50	512987	285990	4218	22762	200017	9238	773	8465	18	1800	4.2333
human	PR10Xmono5cell51	152458	97914	897	9263	44384	3655	581	3074	16	1130	3.6000
human	PR10Xmono5cell52	70208	39572	409	5932	24295	2318	334	1984	19	807	3.3833
human	PR10Xmono5cell53	192542	88261	2017	9978	92286	7468	619	6849	19	2033	3.6833
human	PR10Xmono5cell54	495379	231013	6276	30024	228066	11718	1193	10525	22	2183	4.2166
human	PR10Xmono5cell55	199674	117508	1232	32579	48355	7018	1261	5757	22	1888	3.6333
human	PR10Xmono5cell56	1125847	538858	12528	59296	515165	20091	1661	18430	25	2424	5.4666
human	PR10Xmono5cell57	68386	52235	1545	8640	5966	2001	1170	831	20	344	3.5000
human	PR10Xmono5cell58	79253	46575	40	29949	2689	3896	2568	1328	21	683	3.3833
human	PR10Xmono5cell59	379777	246569	4614	24578	104016	12144	1929	10215	17	1736	4.0333
human	PR10Xmono5cell60	52495	42536	88	2758	7113	2821	513	2308	18	990	3.4000
human	PR10Xmono5cell61	332857	130184	3359	34926	164388	20613	3010	17603	20	2617	4.0000
human	PR10Xmono5cell62	198668	111739	968	10293	75668	14970	1586	13384	23	2813	3.6500
human	PR10Xmono5cell63	3049244	1758572	31064	101510	1158098	83571	5897	77674	23	4425	9.8833
human	PR10Xmono5cell64	1479169	859204	14354	56153	549458	44023	3907	40116	28	3084	6.3833
human	PR10Xmono5cell65	102836	73434	108	24221	5073	1779	1164	615	23	390	3.4333
human	PR10Xmono5cell66	70057	25911	1036	6111	36999	4235	712	3523	23	1368	3.3500
human	PR10Xmono5cell67	146873	101091	273	22397	23112	4170	1064	3106	21	1321	3.6000
human	PR10Xmono5cell68	34501	24533	146	1520	8302	3137	426	2711	16	1239	3.3000
human	PR10Xmono5cell69	128830	71205	1568	14169	41888	9263	1086	8177	24	2722	3.6000
human	PR10Xmono5cell70	297432	148453	1523	68269	79187	13230	2248	10982	30	2893	3.8500
human	PR10Xmono5cell71	179521	106547	1223	7135	64616	17151	1255	15896	26	3672	3.6000
human	PR10Xmono5cell72	879890	366021	8573	54914	450382	20488	1800	18688	31	3065	4.9500
human	PR10Xmono5cell73	50840	40015	798	4176	5851	1100	420	680	20	430	3.4166
human	PR10Xmono5cell74	67103	40140	672	8960	17331	1923	454	1469	17	721	3.3500
human	PR10Xmono5cell75	148350	92102	1072	3004	52172	5891	339	5552	16	1908	3.5000
human	PR10Xmono5cell76	577478	404681	4406	25484	142907	5922	622	5300	16	1306	4.4000
human	PR10Xmono5cell77	606437	348045	4716	9714	243962	13524	598	12926	21	2895	4.4333
human	PR10Xmono5cell78	216738	97455	1750	51406	66127	6473	1460	5013	25	1615	3.7000
human	PR10Xmono5cell79	114262	52912	856	11126	49368	7043	731	6312	18	2022	3.4500
human	PR10Xmono5cell80	44063	29694	235	4909	9225	2737	511	2226	21	1034	3.3333
human	PR10Xmono5cell81	71815	55498	85	14232	2000	1698	1312	386	19	202	3.4166
human	PR10Xmono5cell82	28636	17800	9	8099	2728	1666	948	718	20	345	3.2500
human	PR10Xmono5cell83	101358	76480	63	20399	4416	2640	1598	1042	20	503	3.4500
human	PR10Xmono5cell84	58446	45188	65	5353	7840	1793	562	1231	17	524	3.3333
human	PR10Xmono5cell85	228937	94007	2596	8732	123602	17500	1118	16382	20	2573	3.7500
human	PR10Xmono5cell86	1049264	526564	11123	46601	464976	40084	3117	36967	22	3070	5.3666
human	PR10Xmono5cell87	659181	354143	8560	22910	273568	27584	1897	25687	20	2962	4.5166
human	PR10Xmono5cell88	135306	68962	276	33916	32152	5911	2276	3635	24	1060	3.5166
human	PR10Xmono5cell89	44583	35732	5	7991	855	701	534	167	20	122	3.3500
human	PR10Xmono5cell90	10503	7594	13	2094	802	647	253	394	14	286	3.2500
human	PR10Xmono5cell91	55622	39476	357	2114	13675	2603	293	2310	16	1039	3.4666
human	PR10Xmono5cell92	29633	22302	49	1689	5593	952	144	808	12	458	3.3333
human	PR10Xmono5cell93	839870	434270	7220	19630	378750	19217	836	18381	17	2833	4.8500
human	PR10Xmono5cell94	1219869	731482	7098	26424	454865	21017	1090	19927	22	2769	5.8500
human	PR10Xmono5cell95	389666	212050	2479	9181	165956	13332	723	12609	23	2776	4.0666
human	PR10Xmono5cell96	57866	28384	474	11279	17729	2786	698	2088	22	881	3.3333
human	PR10Xmono6cell1	166686	88908	2412	8089	67277	4678	629	4049	21	1390	3.5166
human	PR10Xmono6cell2	202157	72424	2920	2208	124605	4364	328	4036	16	1136	3.6166
human	PR10Xmono6cell3	221973	123262	9	91501	7201	1923	1583	340	22	208	3.7000
human	PR10Xmono6cell4	1462192	790627	8549	42358	620658	13836	834	13002	17	2023	6.0333
human	PR10Xmono6cell5	95922	66038	46	26761	3077	1387	811	576	21	384	3.5000
human	PR10Xmono6cell6	3785803	1859379	50326	126694	1749404	37257	2250	35007	23	3083	10.6000
human	PR10Xmono6cell7	2941700	954012	33444	199100	1755144	39463	2838	36625	25	3492	8.6000
human	PR10Xmono6cell8	130724	96940	176	12946	20662	3683	550	3133	19	1356	3.5333
human	PR10Xmono6cell9	75623	62449	18	11943	1213	876	560	316	23	262	3.4166
human	PR10Xmono6cell10	66977	43841	1	21049	2086	878	627	251	20	192	3.3500
human	PR10Xmono6cell11	166142	77591	179	75715	12657	2041	1501	540	19	244	3.5833
human	PR10Xmono6cell12	73111	44676	736	1715	25984	1789	165	1624	14	691	3.5666
human	PR10Xmono6cell13	224122	126448	2199	1771	93704	4209	195	4014	13	1288	3.7333
human	PR10Xmono6cell14	356692	160744	4754	51544	139650	6968	1108	5860	16	1508	3.8666
human	PR10Xmono6cell15	130791	86002	540	23472	20777	3221	776	2445	22	1092	3.5000
human	PR10Xmono6cell16	571902	545215	331	6954	19402	1801	304	1497	15	811	4.4000
human	PR10Xmono6cell17	574000	203140	3396	90933	276531	9014	2059	6955	25	1539	4.3000
human	PR10Xmono6cell18	55527	25799	498	13199	16031	2069	867	1202	21	599	3.3500
human	PR10Xmono6cell19	159815	131278	145	22936	5456	1603	1121	482	20	329	3.6000
human	PR10Xmono6cell20	41212	32707	138	2536	5831	2608	507	2101	17	1011	3.3166
human	PR10Xmono6cell21	63861	52094	92	7779	3896	1570	718	852	23	545	3.4000
human	PR10Xmono6cell22	415931	194625	3247	62347	155712	8330	1716	6614	25	1793	4.0166
human	PR10Xmono6cell23	282657	155076	874	105145	21562	7807	2171	5636	26	2099	3.8000
human	PR10Xmono6cell24	3530394	2080975	27562	41767	1380090	33946	1176	32770	20	3634	10.0833
human	PR10Xmono6cell25	95464	75095	38	18467	1864	1406	838	568	20	431	3.4500
human	PR10Xmono6cell26	91580	33641	12	39805	18122	1648	1059	589	21	273	3.4166
human	PR10Xmono6cell27	221552	128483	13	83091	9965	1961	1653	308	20	170	3.7000
human	PR10Xmono6cell28	196819	163989	55	23472	9303	1699	601	1098	15	619	3.7500
human	PR10Xmono6cell29	153209	78608	33	35376	39192	2268	950	1318	19	525	3.5833
human	PR10Xmono6cell30	703565	435069	1569	61263	205664	7171	1294	5877	22	1295	4.6000
human	PR10Xmono6cell31	192392	101260	2285	10716	78131	6235	719	5516	25	1828	3.6500
human	PR10Xmono6cell32	3915563	2450081	36480	103021	1325981	34764	2023	32741	21	3595	10.7333
human	PR10Xmono6cell33	202471	107872	492	50173	43934	4097	1793	2304	22	787	3.7166
human	PR10Xmono6cell34	38500	23926	62	12327	2185	1204	860	344	17	251	3.3333
human	PR10Xmono6cell35	195308	116386	723	30037	48162	3551	1296	2255	21	713	3.6166
human	PR10Xmono6cell36	51849	37247	82	7497	7023	1965	471	1494	16	786	3.3166
human	PR10Xmono6cell37	99159	57988	180	12515	28476	2669	836	1833	21	725	3.5000
human	PR10Xmono6cell38	372290	237926	73	123177	11114	5453	3391	2062	23	971	4.1500
human	PR10Xmono6cell39	105565	58630	854	8064	38017	6283	871	5412	23	1885	3.5000
human	PR10Xmono6cell40	3220326	1930401	13922	84748	1191255	41457	2419	39038	21	3088	9.7500
human	PR10Xmono6cell41	265774	138507	88	94888	32291	8413	5397	3016	25	760	3.8666
human	PR10Xmono6cell42	122859	34853	1494	83197	3315	5783	5104	679	23	346	3.6000
human	PR10Xmono6cell43	224772	83581	21	118045	23125	7289	5920	1369	19	329	3.8500
human	PR10Xmono6cell44	103156	82574	127	13128	7327	3728	1211	2517	19	1061	3.4666
human	PR10Xmono6cell45	383428	274950	109	101822	6547	6926	5788	1138	21	511	4.1333
human	PR10Xmono6cell46	181729	119186	1075	19070	42398	9018	2090	6928	22	1806	3.6666
human	PR10Xmono6cell47	6850200	2538646	97305	183323	4030926	211740	8519	203221	27	4396	19.1833
human	PR10Xmono6cell48	306916	259679	492	12287	34458	10305	1487	8818	24	2448	3.8666
human	PR10Xmono6cell49	205177	128326	213	68820	7818	2750	2027	723	22	391	3.6500
human	PR10Xmono6cell50	125661	66931	14	50986	7730	2189	1681	508	21	245	3.5333
human	PR10Xmono6cell51	213162	145778	9	62440	4935	2270	1942	328	17	212	3.7666
human	PR10Xmono6cell52	99777	83969	39	9608	6161	1426	475	951	16	524	3.5333
human	PR10Xmono6cell53	306052	96209	4053	41261	164529	7829	1403	6426	21	1075	3.9000
human	PR10Xmono6cell54	182774	158959	54	19939	3822	2218	947	1271	24	747	3.6500
human	PR10Xmono6cell55	247548	173345	668	40913	32622	4772	1529	3243	22	1273	3.7166
human	PR10Xmono6cell56	722435	302624	6920	17149	395742	21655	889	20766	19	2993	4.7000
human	PR10Xmono6cell57	485551	194962	5259	76438	208892	21501	5114	16387	23	1366	4.2166
human	PR10Xmono6cell58	113965	45216	372	55187	13190	5823	4115	1708	21	469	3.5166
human	PR10Xmono6cell59	235025	133285	13	100254	1473	6499	6026	473	20	301	3.8000
human	PR10Xmono6cell60	1126540	644658	6611	21253	454018	31069	1724	29345	21	1915	5.5666
human	PR10Xmono6cell61	104820	76708	194	15705	12213	4058	1984	2074	22	708	3.4833
human	PR10Xmono6cell62	94382	78892	168	7430	7892	4713	1289	3424	26	1438	3.4333
human	PR10Xmono6cell63	145265	111068	548	8414	25235	9318	1456	7862	27	2347	3.5333
human	PR10Xmono6cell64	167671	124224	394	13878	29175	8897	1509	7388	24	2177	3.7166
human	PR10Xmono6cell65	246746	138864	163	90232	17487	4342	2724	1618	27	795	3.7500
human	PR10Xmono6cell66	135334	29288	16	104388	1642	3108	2666	442	21	320	3.5000
human	PR10Xmono6cell67	193617	154845	159	35311	3302	2069	1583	486	19	341	3.6333
human	PR10Xmono6cell68	259144	198944	158	48522	11520	4025	1445	2580	18	1184	3.7333
human	PR10Xmono6cell69	204967	102218	36	100387	2326	3356	2598	758	20	481	3.6666
human	PR10Xmono6cell70	818196	257472	9103	27014	524607	24670	1520	23150	25	3294	4.7166
human	PR10Xmono6cell71	548401	280392	4940	41114	221955	14505	1820	12685	29	2864	4.4166
human	PR10Xmono6cell72	97888	73663	373	5174	18678	7888	769	7119	24	2479	3.4666
human	PR10Xmono6cell73	216552	121117	11	92583	2841	2843	2474	369	21	255	3.6833
human	PR10Xmono6cell74	193111	107945	18	83307	1841	2413	2199	214	20	156	3.6500
human	PR10Xmono6cell75	196006	145347	488	46494	3677	1719	1476	243	22	142	3.7166
human	PR10Xmono6cell76	213025	185119	222	25215	2469	1407	732	675	14	422	3.7000
human	PR10Xmono6cell77	184167	102628	920	57746	22873	2457	1643	814	20	302	3.6000
human	PR10Xmono6cell78	100645	84980	45	7768	7852	2024	569	1455	15	798	3.5666
human	PR10Xmono6cell79	159451	93729	547	39999	25176	4111	1282	2829	21	1144	3.5666
human	PR10Xmono6cell80	99923	68542	59	25361	5961	2862	964	1898	20	923	3.4166
human	PR10Xmono6cell81	157606	110008	38	45607	1953	3932	3388	544	21	330	3.6000
human	PR10Xmono6cell82	84232	37700	6	45535	991	4064	3826	238	23	127	3.5666
human	PR10Xmono6cell83	186524	106642	5	77170	2707	4947	4619	328	21	116	3.6500
human	PR10Xmono6cell84	161166	119331	14	39202	2619	2710	1891	819	17	427	3.5666
human	PR10Xmono6cell85	46734	38951	6	6744	1033	1390	1005	385	17	259	3.3666
human	PR10Xmono6cell86	230824	157679	142	63424	9579	5891	4199	1692	24	618	3.7833
human	PR10Xmono6cell87	180964	136531	65	39560	4808	4885	2916	1969	25	926	3.6666
human	PR10Xmono6cell88	106509	71300	285	17947	16977	7198	1756	5442	21	1754	3.4833
human	PR10Xmono6cell89	83962	31248	7	38299	14408	2068	1434	634	21	223	3.4166
human	PR10Xmono6cell90	51643	4607	9	46611	416	1801	1683	118	20	91	3.3833
human	PR10Xmono6cell91	63747	57391	4	5348	1004	729	500	229	18	182	3.4833
human	PR10Xmono6cell92	104507	80588	20	22968	931	1250	740	510	17	331	3.4833
human	PR10Xmono6cell93	35667	26728	5	7933	1001	819	548	271	19	207	3.3666
human	PR10Xmono6cell94	86298	37588	47	46529	2134	2413	1667	746	20	421	3.4166
human	PR10Xmono6cell95	220054	133550	56	72135	14313	4000	2203	1797	24	811	3.7833
human	PR10Xmono6cell96	2679084	1335969	20816	37615	1284684	56667	1367	55300	19	4060	8.4500
human	PR10Xmono7cell1	154851	110144	381	36598	7728	1550	972	578	23	390	3.5666
human	PR10Xmono7cell2	64820	34902	9	28853	1056	1300	805	495	24	360	3.3166
human	PR10Xmono7cell3	63589	56777	29	4107	2676	1433	543	890	19	580	3.3666
human	PR10Xmono7cell4	181695	111881	1170	4904	63740	3886	373	3513	18	1319	3.5833
human	PR10Xmono7cell5	1977586	909929	14447	156437	896773	16562	2145	14417	22	2061	7.0500
human	PR10Xmono7cell6	2391019	1189787	32611	100978	1067643	24458	1521	22937	23	2990	7.8333
human	PR10Xmono7cell7	1830102	794890	9470	156816	868926	17405	1915	15490	22	2204	6.7500
human	PR10Xmono7cell8	3735388	2435978	53959	84695	1160756	22899	1307	21592	22	2962	10.5666
human	PR10Xmono7cell9	197274	97748	6	98629	891	1786	1549	237	22	190	3.6166
human	PR10Xmono7cell10	204154	72728	824	105552	25050	2488	1641	847	19	418	3.8000
human	PR10Xmono7cell11	3436263	2019907	21863	88163	1306330	27737	1420	26317	16	3040	9.8000
human	PR10Xmono7cell12	82172	73004	364	2510	6294	765	187	578	16	369	3.3833
human	PR10Xmono7cell13	231982	122452	2584	9785	97161	6401	542	5859	19	1924	3.7833
human	PR10Xmono7cell14	1808200	974080	10647	60868	762605	21183	1152	20031	21	3100	6.6333
human	PR10Xmono7cell15	497584	213775	3368	95622	184819	6735	1575	5160	24	1317	4.1833
human	PR10Xmono7cell16	5246345	3189726	32910	73903	1949806	39682	1278	38404	15	3741	13.3833
human	PR10Xmono7cell17	172543	120731	1352	22432	28028	2673	1123	1550	20	797	3.6166
human	PR10Xmono7cell18	995424	95113	18059	95883	786369	16970	1693	15277	24	1979	4.9333
human	PR10Xmono7cell19	212307	140058	48	55939	16262	3094	1399	1695	26	849	3.6500
human	PR10Xmono7cell20	264504	211160	59	48613	4672	2173	980	1193	18	713	3.9166
human	PR10Xmono7cell21	68486	55131	88	9806	3461	2235	927	1308	23	799	3.4000
human	PR10Xmono7cell22	168537	106543	1209	8288	52497	9268	799	8469	25	2655	3.5333
human	PR10Xmono7cell23	871544	440677	6958	137615	286294	9789	2124	7665	24	1994	4.9500
human	PR10Xmono7cell24	89712	66246	343	7536	15587	6596	753	5843	21	2132	3.4000
human	PR10Xmono7cell25	185835	134257	9	49738	1831	1499	1180	319	19	269	3.7333
human	PR10Xmono7cell26	34479	25493	20	7801	1165	1094	610	484	20	362	3.3500
human	PR10Xmono7cell27	135752	100108	392	18727	16525	2378	774	1604	21	804	3.5833
human	PR10Xmono7cell28	903427	519697	8347	30984	344399	8684	657	8027	17	1619	4.9333
human	PR10Xmono7cell29	373079	106545	1054	219900	45580	4009	2805	1204	24	516	4.1166
human	PR10Xmono7cell30	248890	137114	2233	10561	98982	7669	622	7047	22	2141	3.6666
human	PR10Xmono7cell31	685760	364035	6622	90952	224151	7636	1545	6091	21	1662	4.5166
human	PR10Xmono7cell32	262351	106813	1975	50961	102602	5952	1016	4936	22	1696	3.7166
human	PR10Xmono7cell33	186577	112829	167	71582	1999	2118	1898	220	22	170	3.6500
human	PR10Xmono7cell34	61203	39661	68	19976	1498	1499	936	563	22	394	3.3666
human	PR10Xmono7cell35	219374	157124	1107	54343	6800	2887	1665	1222	24	623	3.7000
human	PR10Xmono7cell36	153596	116636	36	33919	3005	2052	1038	1014	17	586	3.5833
human	PR10Xmono7cell37	187211	74027	1088	43745	68351	4066	1493	2573	23	755	3.6000
human	PR10Xmono7cell38	6915769	3390473	63423	155458	3306415	98712	3414	95298	25	4655	16.6833
human	PR10Xmono7cell39	196517	150855	911	22369	22382	4164	1102	3062	23	1284	3.6500
human	PR10Xmono7cell40	1903373	765499	17863	107095	1012916	32913	2534	30379	21	3014	7.0000
human	PR10Xmono7cell41	272338	149626	13	120581	2118	5913	5533	380	23	232	3.9333
human	PR10Xmono7cell42	58419	42356	61	13516	2486	2691	1560	1131	24	627	3.3333
human	PR10Xmono7cell43	227100	153660	90	68169	5181	5374	3560	1814	21	869	3.7000
human	PR10Xmono7cell44	168117	141497	96	21721	4803	2835	1413	1422	19	719	3.6166
human	PR10Xmono7cell45	93848	58622	492	6965	27769	5713	1336	4377	25	1370	3.4333
human	PR10Xmono7cell46	234283	194001	279	24157	15846	8228	1894	6334	23	2204	3.7833
human	PR10Xmono7cell47	4626195	2096001	40798	118278	2371118	112047	5548	106499	23	3528	12.4166
human	PR10Xmono7cell48	158611	92436	787	13576	51812	10971	1430	9541	23	2392	3.6000
human	PR10Xmono7cell49	235997	107017	4	127303	1673	2750	2585	165	21	130	3.7500
human	PR10Xmono7cell50	90636	36380	34	50079	4143	1969	1432	537	20	345	3.4333
human	PR10Xmono7cell51	232187	177014	130	49065	5978	2220	1380	840	20	478	3.7500
human	PR10Xmono7cell52	285564	218899	55	64459	2151	1700	1195	505	17	335	4.0000
human	PR10Xmono7cell53	152801	114367	1226	16341	20867	2348	857	1491	21	692	3.6500
human	PR10Xmono7cell54	246755	179445	878	23371	43061	4784	899	3885	24	1441	3.7500
human	PR10Xmono7cell55	156889	104603	130	27137	25019	3460	1098	2362	23	1087	3.6166
human	PR10Xmono7cell56	270345	102183	4457	77634	86071	6871	1908	4963	17	1383	3.8333
human	PR10Xmono7cell57	220773	125044	366	86044	9319	5782	4854	928	21	318	3.8333
human	PR10Xmono7cell58	121400	45138	101	72317	3844	5629	4501	1128	24	558	3.6166
human	PR10Xmono7cell59	123856	45964	48	73968	3876	5762	4379	1383	23	632	3.5833
human	PR10Xmono7cell60	167894	138764	54	25448	3628	2918	1645	1273	24	626	3.6000
human	PR10Xmono7cell61	297409	179266	6001	14315	97827	12049	1797	10252	23	1636	3.9333
human	PR10Xmono7cell62	303708	252671	535	17689	32813	9193	1884	7309	22	2224	3.8500
human	PR10Xmono7cell63	153842	98282	687	24985	29888	8264	2184	6080	24	1783	3.6333
human	PR10Xmono7cell64	165932	103604	1350	9345	51633	11262	1234	10028	21	2357	3.6833
human	PR10Xmono7cell65	258544	161806	14	94617	2107	2576	2241	335	26	277	3.7833
human	PR10Xmono7cell66	172826	47098	245	120459	5024	3369	2296	1073	20	631	3.6166
human	PR10Xmono7cell67	251095	91562	67	155182	4284	4556	3041	1515	24	748	3.7833
human	PR10Xmono7cell68	241696	199980	85	37159	4472	2416	1097	1319	22	767	3.8000
human	PR10Xmono7cell69	304851	116219	91	180013	8528	4934	3417	1517	26	835	3.8666
human	PR10Xmono7cell70	368431	245358	344	102190	20539	8595	2232	6363	26	2229	4.0333
human	PR10Xmono7cell71	262712	190252	720	20275	51465	6680	1225	5455	25	2028	3.7500
human	PR10Xmono7cell72	5089851	2873596	36764	110444	2069047	51186	2445	48741	23	4137	12.9500
human	PR10Xmono7cell73	133490	102806	0	29231	1453	1249	1034	215	17	173	3.5500
human	PR10Xmono7cell74	125695	46591	14	77601	1489	2076	1681	395	19	299	3.6500
human	PR10Xmono7cell75	192305	124329	77	61974	5925	2608	1432	1176	16	624	3.7333
human	PR10Xmono7cell76	60437	55524	16	3672	1225	708	327	381	14	276	3.3500
human	PR10Xmono7cell77	171524	107502	19	61664	2339	2163	1539	624	19	411	3.6333
human	PR10Xmono7cell78	453316	195184	5869	64297	187966	8559	1518	7041	21	1589	4.1000
human	PR10Xmono7cell79	108511	72080	162	29487	6782	2511	943	1568	22	806	3.4666
human	PR10Xmono7cell80	463481	199519	1818	24907	237237	11424	769	10655	22	2249	4.1333
human	PR10Xmono7cell81	128214	84624	4	42305	1281	3395	3075	320	21	189	3.4833
human	PR10Xmono7cell82	99803	46838	76	51834	1055	3954	3535	419	20	276	3.4500
human	PR10Xmono7cell83	203401	131317	7	70235	1842	4517	3974	543	20	288	3.7166
human	PR10Xmono7cell84	219157	153379	16	64029	1733	3246	2814	432	16	270	3.7000
human	PR10Xmono7cell85	144289	7897	15	135727	650	8036	7619	417	19	267	3.7166
human	PR10Xmono7cell86	149551	131807	59	12705	4980	3392	1295	2097	23	1059	3.5500
human	PR10Xmono7cell87	122448	102325	37	16800	3286	2729	1422	1307	21	665	3.4666
human	PR10Xmono7cell88	44119	35823	55	4614	3627	2787	742	2045	18	970	3.3000
human	PR10Xmono7cell89	83209	48205	1	34721	282	1232	1114	118	21	110	3.4666
human	PR10Xmono7cell90	88641	12287	138	64108	12108	2410	1749	661	20	302	3.4333
human	PR10Xmono7cell91	104792	46036	0	57225	1531	1902	1515	387	18	237	3.4833
human	PR10Xmono7cell92	71373	59365	168	10850	990	785	443	342	16	229	3.3833
human	PR10Xmono7cell93	82048	19405	14	60732	1897	2079	1689	390	20	260	3.5166
human	PR10Xmono7cell94	91160	75336	151	9790	5883	2138	539	1599	20	857	3.4166
human	PR10Xmono7cell95	60990	43489	128	7442	9931	1887	539	1348	17	659	3.4500
human	PR10Xmono7cell96	34340	26822	85	3434	3999	2081	404	1677	20	892	3.3333
human	PR10Xmono8cell1	225301	174945	6	48065	2285	1374	1125	249	19	198	3.7000
human	PR10Xmono8cell2	170682	121360	10	43526	5786	1308	1011	297	17	200	3.6166
human	PR10Xmono8cell3	121220	103850	134	12695	4541	1838	605	1233	17	766	3.4500
human	PR10Xmono8cell4	296656	257727	94	24015	14820	1417	571	846	20	465	3.8333
human	PR10Xmono8cell5	76245	36170	478	12105	27492	1804	583	1221	20	541	3.3833
human	PR10Xmono8cell6	216047	91211	477	122186	2173	1984	1836	148	21	107	3.6666
human	PR10Xmono8cell7	248934	153001	263	69932	25738	3504	1317	2187	24	1002	3.9500
human	PR10Xmono8cell8	2176725	796614	32891	76478	1270742	27115	1309	25806	20	3153	7.2833
human	PR10Xmono8cell9	173196	70045	42	83900	19209	2182	1502	680	21	316	3.6666
human	PR10Xmono8cell10	215279	11085	1	202928	1265	3057	2966	91	16	69	3.6666
human	PR10Xmono8cell11	158505	108026	28	48841	1610	1627	954	673	19	421	3.6166
human	PR10Xmono8cell12	188366	165550	85	18932	3799	821	417	404	20	291	3.6333
human	PR10Xmono8cell13	195586	74832	1168	111989	7597	2066	1814	252	22	125	3.7333
human	PR10Xmono8cell14	217030	191986	373	16661	8010	1421	658	763	21	511	3.6833
human	PR10Xmono8cell15	6002099	2782652	53783	62727	3102937	62032	1357	60675	22	4004	14.3500
human	PR10Xmono8cell16	302053	110439	3220	60378	128016	5784	1199	4585	20	1360	3.8333
human	PR10Xmono8cell17	184533	121136	4	61060	2333	1651	1388	263	22	206	3.6333
human	PR10Xmono8cell18	81816	39271	178	39097	3270	1314	1153	161	24	122	3.5666
human	PR10Xmono8cell19	3455436	1973508	37740	90243	1353945	28998	1695	27303	18	3571	9.7500
human	PR10Xmono8cell20	3043431	1936826	24207	37502	1044896	18654	828	17826	20	2727	9.0500
human	PR10Xmono8cell21	85897	62971	9	21828	1089	1372	1062	310	24	246	3.4500
human	PR10Xmono8cell22	362035	176669	2210	69314	113842	3869	1501	2368	28	598	3.9666
human	PR10Xmono8cell23	398936	120952	3151	63410	211423	8678	1385	7293	25	1926	3.9666
human	PR10Xmono8cell24	3328979	1006893	48834	55775	2217477	49152	1306	47846	21	4666	9.1666
human	PR10Xmono8cell25	176226	49199	959	117389	8679	2480	2061	419	19	227	3.6000
human	PR10Xmono8cell26	159499	36120	4	122906	469	2128	2005	123	21	104	3.5333
human	PR10Xmono8cell27	3097965	1170853	33368	94235	1799509	37352	1749	35603	21	3447	8.9833
human	PR10Xmono8cell28	156296	140697	25	12230	3344	1171	446	725	17	464	3.5666
human	PR10Xmono8cell29	227127	117897	486	66949	41795	2458	1433	1025	23	394	3.7500
human	PR10Xmono8cell30	265053	224764	6666	19253	14370	1814	762	1052	25	668	3.7500
human	PR10Xmono8cell31	82358	68863	108	6662	6725	2819	577	2242	21	1131	3.3833
human	PR10Xmono8cell32	208112	104487	1379	19932	82314	5506	686	4820	19	1682	3.6166
human	PR10Xmono8cell33	184466	90517	19	90376	3554	2548	2300	248	24	147	3.6666
human	PR10Xmono8cell34	118142	26470	6	91414	252	2375	2316	59	21	52	3.5166
human	PR10Xmono8cell35	200205	130289	50	64926	4940	3163	1737	1426	18	798	3.7333
human	PR10Xmono8cell36	172081	152389	36	15566	4090	1580	677	903	21	556	3.6500
human	PR10Xmono8cell37	26281	19843	5	940	5493	583	374	209	20	124	3.2666
human	PR10Xmono8cell38	132180	103085	445	11644	17006	1895	819	1076	23	514	3.4833
human	PR10Xmono8cell39	108333	83291	278	19319	5445	2613	890	1723	20	914	3.4666
human	PR10Xmono8cell40	7154146	3924929	60615	82213	3086389	90016	2122	87894	22	4688	17.6666
human	PR10Xmono8cell41	212800	111157	103	99286	2254	5621	5296	325	23	185	3.7666
human	PR10Xmono8cell42	167340	25774	196	140744	626	6998	6838	160	26	103	3.7000
human	PR10Xmono8cell43	236110	114101	100	114453	7456	7993	5286	2707	23	1158	3.9333
human	PR10Xmono8cell44	208887	183518	85	19502	5782	3175	1425	1750	20	908	3.7000
human	PR10Xmono8cell45	246608	105415	392	138549	2252	7467	7058	409	26	234	3.9166
human	PR10Xmono8cell46	285294	201836	55	74538	8865	4768	3999	769	25	320	3.8500
human	PR10Xmono8cell47	86000	64604	112	10449	10835	4885	1375	3510	22	1410	3.4166
human	PR10Xmono8cell48	279825	177936	1350	8690	91849	13405	1074	12331	18	2576	3.8333
human	PR10Xmono8cell49	206068	116006	62	85474	4526	2300	2045	255	21	138	3.7000
human	PR10Xmono8cell50	115354	43962	60	53474	17858	2020	1648	372	24	116	3.6000
human	PR10Xmono8cell51	246800	150389	37	90138	6236	3425	2259	1166	20	659	3.8000
human	PR10Xmono8cell52	245986	219936	25	22400	3625	1456	762	694	13	443	3.7833
human	PR10Xmono8cell53	179889	31315	1	147877	696	3664	3526	138	25	104	3.7666
human	PR10Xmono8cell54	193717	168634	21	21389	3673	1370	932	438	21	313	3.6666
human	PR10Xmono8cell55	304231	210050	174	87833	6174	3477	2060	1417	22	767	3.9166
human	PR10Xmono8cell56	166042	113530	574	36709	15229	3755	1091	2664	20	1227	3.7333
human	PR10Xmono8cell57	154217	122158	16	30560	1483	2939	2631	308	22	193	3.7333
human	PR10Xmono8cell58	106173	26955	18	77389	1811	5098	4778	320	27	140	3.5333
human	PR10Xmono8cell59	243251	157575	99	74854	10723	6994	4261	2733	24	1149	3.8000
human	PR10Xmono8cell60	223940	194824	127	21042	7947	3166	1420	1746	25	769	3.7500
human	PR10Xmono8cell61	223664	122502	91	79198	21873	6849	5165	1684	26	380	3.7500
human	PR10Xmono8cell62	264730	176231	16	85233	3250	5353	4876	477	25	242	3.8166
human	PR10Xmono8cell63	386863	164797	884	138259	82923	13433	6273	7160	27	1407	4.1333
human	PR10Xmono8cell64	181843	94845	840	45803	40355	10373	2984	7389	20	2100	3.6333
human	PR10Xmono8cell65	334986	268726	122	59729	6409	2239	1882	357	24	245	3.9000
human	PR10Xmono8cell66	220323	59179	10	156500	4634	3306	3038	268	24	184	3.7333
human	PR10Xmono8cell67	265563	152142	143	105591	7687	5225	2297	2928	24	1320	3.7833
human	PR10Xmono8cell68	455205	342780	110	102361	9954	3790	2046	1744	18	964	4.2000
human	PR10Xmono8cell69	113264	65286	503	39825	7650	1817	1392	425	26	242	3.4833
human	PR10Xmono8cell70	297125	223719	81	60984	12341	2511	1783	728	24	344	3.8666
human	PR10Xmono8cell71	1085810	271528	13190	118596	682496	19991	2532	17459	28	2502	5.1666
human	PR10Xmono8cell72	187763	96186	305	75906	15366	8156	1890	6266	24	2271	3.6333
human	PR10Xmono8cell73	132028	14866	1	117042	119	2699	2625	74	21	72	3.5333
human	PR10Xmono8cell74	171517	35456	16	135688	357	2978	2905	73	20	59	3.5833
human	PR10Xmono8cell75	173107	115194	23	52455	5435	2410	1398	1012	18	589	3.6333
human	PR10Xmono8cell76	336071	265260	32	67986	2793	1842	1328	514	16	357	3.9166
human	PR10Xmono8cell77	235041	63143	3	169215	2680	3729	3505	224	20	141	3.7666
human	PR10Xmono8cell78	291913	171187	49	117855	2822	2710	2478	232	22	142	3.8500
human	PR10Xmono8cell79	175249	115209	83	52138	7819	3573	1375	2198	24	1026	3.6166
human	PR10Xmono8cell80	143102	75365	720	30236	36781	3619	998	2621	17	1053	3.4666
human	PR10Xmono8cell81	164815	72265	2	92142	406	5568	5441	127	19	90	3.7166
human	PR10Xmono8cell82	77857	32782	0	44419	656	3485	3344	141	19	88	3.4833
human	PR10Xmono8cell83	180276	103155	479	71895	4747	5580	4444	1136	20	547	3.8000
human	PR10Xmono8cell84	222666	171171	16	49268	2211	3088	2431	657	18	360	3.7333
human	PR10Xmono8cell85	174856	99385	7	66336	9128	5398	4395	1003	19	198	3.6333
human	PR10Xmono8cell86	173543	84378	5	89005	155	4810	4719	91	21	76	3.6000
human	PR10Xmono8cell87	193984	91995	39	96707	5243	6151	4964	1187	20	558	3.7333
human	PR10Xmono8cell88	87022	64291	56	18737	3938	3320	1543	1777	17	889	3.4166
human	PR10Xmono8cell89	74451	47480	2	25968	1001	1127	1020	107	21	74	3.3833
human	PR10Xmono8cell90	47277	25506	1	21418	352	999	932	67	18	60	3.5166
human	PR10Xmono8cell91	94879	52202	17	41471	1189	1985	1386	599	18	376	3.4333
human	PR10Xmono8cell92	108579	92969	11	14208	1391	972	558	414	14	284	3.5000
human	PR10Xmono8cell93	75918	10905	0	64014	999	2024	1946	78	21	54	3.4833
human	PR10Xmono8cell94	124099	53799	3	70140	157	2149	2074	75	21	62	3.4833
human	PR10Xmono8cell95	75739	61914	21	11472	2332	1540	652	888	20	514	3.3666
human	PR10Xmono8cell96	56370	45199	99	8177	2895	1914	507	1407	17	839	3.5000
human	PR10Xmono9cell1	210490	128546	602	58164	23178	2103	1164	939	22	465	3.8333
human	PR10Xmono9cell2	51213	33218	107	11542	6346	1075	611	464	21	304	3.3333
human	PR10Xmono9cell3	122207	100653	147	14291	7116	1055	601	454	16	279	3.5166
human	PR10Xmono9cell4	182522	162914	1	14410	5197	633	424	209	14	155	3.6000
human	PR10Xmono9cell5	86303	41007	970	34648	9678	1248	855	393	18	244	3.4166
human	PR10Xmono9cell6	118080	103905	3	10646	3526	1081	679	402	18	327	3.4833
human	PR10Xmono9cell7	182674	142689	50	33623	6312	1322	923	399	23	265	3.6000
human	PR10Xmono9cell8	5349800	2392313	54565	112232	2790690	49964	1685	48279	17	3730	13.0166
human	PR10Xmono9cell9	140599	97837	1	41470	1291	1061	895	166	19	134	3.5000
human	PR10Xmono9cell10	98496	43249	2	48478	6767	1072	901	171	17	95	3.4666
human	PR10Xmono9cell11	162176	108964	1	50771	2440	1134	999	135	17	106	3.5833
human	PR10Xmono9cell12	52936	48024	0	4085	827	354	240	114	14	104	3.3500
human	PR10Xmono9cell13	177471	118214	18	49099	10140	1306	951	355	16	189	3.5500
human	PR10Xmono9cell14	167985	144056	71	14889	8969	1195	573	622	21	415	3.5833
human	PR10Xmono9cell15	68436	54871	83	6059	7423	954	390	564	19	324	3.4000
human	PR10Xmono9cell16	309318	115978	1920	70722	120698	5383	1317	4066	22	1206	3.8333
human	PR10Xmono9cell17	163459	96130	0	65365	1964	1639	1464	175	19	141	3.6166
human	PR10Xmono9cell18	82592	27981	5	53996	610	1275	1174	101	24	89	3.4666
human	PR10Xmono9cell19	183383	117464	70	64202	1647	1383	1240	143	22	122	3.6666
human	PR10Xmono9cell20	262737	225317	4	31195	6221	950	746	204	23	122	3.7666
human	PR10Xmono9cell21	224426	85583	1746	56975	80122	2652	1324	1328	23	324	3.6666
human	PR10Xmono9cell22	253712	178681	97	65866	9068	1865	1402	463	25	321	3.7666
human	PR10Xmono9cell23	292522	122972	30	142977	26543	2954	2073	881	23	346	3.8333
human	PR10Xmono9cell24	92270	66723	67	20495	4985	2441	746	1695	18	939	3.4333
human	PR10Xmono9cell25	184602	82816	1	100140	1645	1912	1787	125	19	91	3.6166
human	PR10Xmono9cell26	187320	13348	3	173098	871	2582	2513	69	21	54	3.6000
human	PR10Xmono9cell27	175844	115574	3	57576	2691	1290	1107	183	20	137	3.5666
human	PR10Xmono9cell28	102868	91618	4	9611	1635	485	367	118	16	85	3.5000
human	PR10Xmono9cell29	124631	89515	33	31719	3364	1088	895	193	22	131	3.5166
human	PR10Xmono9cell30	476658	262860	3685	28996	181117	6228	973	5255	21	1495	4.1500
human	PR10Xmono9cell31	450635	176649	1370	90229	182387	4848	1505	3343	18	687	4.0666
human	PR10Xmono9cell32	270206	129550	1865	26781	112010	5594	789	4805	21	1440	3.9166
human	PR10Xmono9cell33	173571	60053	1	112952	565	2762	2699	63	22	57	3.6000
human	PR10Xmono9cell34	91506	25772	1	63460	2273	1904	1730	174	21	107	3.4333
human	PR10Xmono9cell35	192046	107751	6	79636	4653	2099	1942	157	19	85	3.6000
human	PR10Xmono9cell36	156555	131011	0	24120	1424	874	766	108	17	83	3.5666
human	PR10Xmono9cell37	91373	53184	0	36266	1923	1352	1174	178	22	119	3.4500
human	PR10Xmono9cell38	258205	186955	6	68472	2772	2152	1883	269	23	204	3.7666
human	PR10Xmono9cell39	133993	96108	7	36449	1429	1535	1220	315	22	237	3.6500
human	PR10Xmono9cell40	111942	67125	28	42257	2532	2244	1197	1047	20	651	3.5000
human	PR10Xmono9cell41	189358	120854	2	66822	1680	4205	3987	218	25	141	3.6833
human	PR10Xmono9cell42	111268	47868	16	61538	1846	3938	3648	290	20	145	3.4833
human	PR10Xmono9cell43	232924	132988	12	99190	734	4989	4844	145	23	101	3.8000
human	PR10Xmono9cell44	169535	145206	1	17567	6761	1718	1296	422	24	151	3.7500
human	PR10Xmono9cell45	191985	111730	12	78928	1315	5025	4728	297	23	171	3.7166
human	PR10Xmono9cell46	346286	169399	71	153670	23146	8335	6946	1389	22	312	4.1000
human	PR10Xmono9cell47	170326	122032	33	44678	3583	3692	2903	789	22	465	3.7500
human	PR10Xmono9cell48	109895	74859	93	24825	10118	4210	1851	2359	21	1033	3.4833
human	PR10Xmono9cell49	147092	69124	17	77125	826	2083	1967	116	21	95	3.5333
human	PR10Xmono9cell50	134524	37037	10	94033	3444	2330	2149	181	20	107	3.7166
human	PR10Xmono9cell51	220767	116818	0	100553	3396	2405	2221	184	21	106	3.6666
human	PR10Xmono9cell52	177248	153359	1	18233	5655	786	626	160	16	98	3.5833
human	PR10Xmono9cell53	180813	110242	2	69189	1380	2095	1910	185	16	147	3.6000
human	PR10Xmono9cell54	260097	167379	36	89345	3337	2485	2244	241	21	182	3.7833
human	PR10Xmono9cell55	130517	95490	29	30957	4041	1543	1140	403	17	237	3.4833
human	PR10Xmono9cell56	108649	73427	107	27312	7803	1778	915	863	20	510	3.5000
human	PR10Xmono9cell57	223543	38277	4	184190	1072	8758	8597	161	21	99	3.9833
human	PR10Xmono9cell58	152364	26003	338	121445	4578	7203	6630	573	23	173	3.7000
human	PR10Xmono9cell59	207816	150220	154	55832	1610	3884	3626	258	22	151	3.6833
human	PR10Xmono9cell60	236066	211025	0	23559	1482	1721	1495	226	20	113	3.7833
human	PR10Xmono9cell61	201820	114060	6	85942	1812	5890	5551	339	24	176	3.8166
human	PR10Xmono9cell62	243020	138505	15	102037	2463	6187	5751	436	24	250	3.7833
human	PR10Xmono9cell63	455433	231239	3458	19585	201151	17156	1889	15267	21	1614	4.1166
human	PR10Xmono9cell64	135766	97440	136	33794	4396	4472	2514	1958	19	930	3.5500
human	PR10Xmono9cell65	208896	132810	4	74926	1156	2186	2013	173	23	139	3.6666
human	PR10Xmono9cell66	153822	44143	2	108200	1477	2648	2473	175	18	142	3.5333
human	PR10Xmono9cell67	210053	94018	49	95540	20446	2632	2067	565	24	186	3.6500
human	PR10Xmono9cell68	339867	238068	2	98780	3017	1815	1659	156	22	132	3.9833
human	PR10Xmono9cell69	232513	102244	12	128464	1793	3038	2802	236	28	169	3.7666
human	PR10Xmono9cell70	307408	167071	7	123864	16466	3247	2664	583	22	268	3.8333
human	PR10Xmono9cell71	294437	143518	19	147756	3144	3466	2858	608	26	399	3.8333
human	PR10Xmono9cell72	220894	117045	109	84692	19048	4463	2076	2387	22	1114	3.6666
human	PR10Xmono9cell73	137053	43982	1	91081	1989	2205	2082	123	18	89	3.5000
human	PR10Xmono9cell74	118787	30341	0	86337	2109	2324	2174	150	18	82	3.4500
human	PR10Xmono9cell75	147165	67730	0	78011	1424	1824	1743	81	19	54	3.5500
human	PR10Xmono9cell76	277450	217992	0	45066	14392	1226	979	247	18	75	3.8166
human	PR10Xmono9cell77	242662	125273	30	114904	2455	2750	2554	196	18	132	3.7000
human	PR10Xmono9cell78	238866	93720	5	144481	660	2978	2855	123	19	95	3.7333
human	PR10Xmono9cell79	198563	117125	8	78216	3214	2038	1767	271	22	166	3.6333
human	PR10Xmono9cell80	78161	59031	35	15246	3849	1510	674	836	21	519	3.5333
human	PR10Xmono9cell81	175194	47820	2	124941	2431	6389	6194	195	21	52	3.7000
human	PR10Xmono9cell82	70819	29290	3	41052	474	3407	3312	95	19	56	3.4000
human	PR10Xmono9cell83	175857	135333	11	39367	1146	2877	2686	191	21	95	3.6500
human	PR10Xmono9cell84	201966	171844	2	15815	14305	1664	1177	487	17	97	3.7833
human	PR10Xmono9cell85	176011	90971	3	83493	1544	5517	5232	285	21	134	3.7000
human	PR10Xmono9cell86	186211	102352	5	82342	1512	5194	4961	233	24	135	3.7166
human	PR10Xmono9cell87	206231	103610	8	101472	1141	5637	5361	276	22	166	3.7000
human	PR10Xmono9cell88	54207	47550	21	4182	2454	1532	650	882	16	522	3.3833
human	PR10Xmono9cell89	103049	72266	0	30192	591	1260	1165	95	17	72	3.4500
human	PR10Xmono9cell90	34476	21583	0	12553	340	728	669	59	19	51	3.4000
human	PR10Xmono9cell91	63975	44420	1	17645	1909	796	685	111	15	79	3.4166
human	PR10Xmono9cell92	80520	74626	39	4014	1841	424	297	127	11	78	3.4666
human	PR10Xmono9cell93	58178	28077	8	29788	305	1239	1178	61	21	52	3.5333
human	PR10Xmono9cell94	110383	71527	11	37727	1118	1310	1180	130	22	94	3.4833
human	PR10Xmono9cell95	103379	74093	98	25218	3970	1296	980	316	22	176	3.5500
human	PR10Xmono9cell96	76623	58640	29	16750	1204	1212	700	512	21	356	3.3666
human	PR10Xmono10cell1	177089	133797	45	40897	2350	1144	937	207	25	174	3.6166
human	PR10Xmono10cell2	50308	29347	9	20285	667	750	643	107	20	96	3.3666
human	PR10Xmono10cell3	200115	107160	2	89416	3537	1514	1380	134	19	99	3.6500
human	PR10Xmono10cell4	173474	152472	1	16544	4457	672	499	173	18	120	3.5833
human	PR10Xmono10cell5	71450	68506	35	720	2189	1321	314	1007	18	579	3.4000
human	PR10Xmono10cell6	257389	215464	7	39706	2212	1252	971	281	20	233	3.7333
human	PR10Xmono10cell7	2316455	655567	35605	164214	1461069	26597	2382	24215	24	2381	7.5666
human	PR10Xmono10cell8	968419	337478	7744	79611	543586	13779	1590	12189	18	2117	4.9833
human	PR10Xmono10cell9	174013	97652	2	75096	1263	1488	1357	131	19	113	3.6166
human	PR10Xmono10cell10	81102	30341	26	48668	2067	1367	998	369	16	236	3.4333
human	PR10Xmono10cell11	126285	67050	55	57189	1991	1333	1168	165	17	108	3.5666
human	PR10Xmono10cell12	229364	186744	3	40666	1951	863	703	160	14	128	3.7000
human	PR10Xmono10cell13	7270189	3981420	70595	126998	3091176	60842	2185	58657	17	3887	17.0333
human	PR10Xmono10cell14	242668	166051	58	73443	3116	1608	1419	189	23	124	3.7833
human	PR10Xmono10cell15	182373	125674	54	38375	18270	2441	1062	1379	25	656	3.5833
human	PR10Xmono10cell16	196812	100346	73	82324	14069	2986	1452	1534	23	760	3.6166
human	PR10Xmono10cell17	185170	118899	112	61973	4186	1560	1321	239	27	169	3.6000
human	PR10Xmono10cell18	102839	31854	69	68354	2562	1420	1273	147	18	114	3.4166
human	PR10Xmono10cell19	176336	107421	0	66250	2665	1463	1330	133	19	83	3.6000
human	PR10Xmono10cell20	197069	171105	0	22751	3213	820	681	139	21	105	3.6833
human	PR10Xmono10cell21	166789	101351	85	60035	5318	3175	1378	1797	20	904	3.5833
human	PR10Xmono10cell22	244304	98180	2	141183	4939	2526	2349	177	21	96	3.7500
human	PR10Xmono10cell23	166090	110446	76	46516	9052	2212	1254	958	24	544	3.5500
human	PR10Xmono10cell24	190565	95472	98	88657	6338	3807	1535	2272	21	1155	3.6166
human	PR10Xmono10cell25	121225	78189	21	41221	1794	1195	1056	139	23	109	3.5000
human	PR10Xmono10cell26	135419	28221	39	104526	2633	1824	1685	139	21	91	3.5000
human	PR10Xmono10cell27	159977	107020	15	51036	1906	1213	1046	167	23	144	3.6000
human	PR10Xmono10cell28	218622	176945	37	37790	3850	915	735	180	15	139	3.6833
human	PR10Xmono10cell29	825599	342708	8728	45906	428257	12260	1260	11000	22	1996	4.9000
human	PR10Xmono10cell30	177717	136390	1	38746	2580	1360	1164	196	23	156	3.6000
human	PR10Xmono10cell31	249995	121575	54	125996	2370	2526	2019	507	25	300	3.7666
human	PR10Xmono10cell32	147116	88211	74	51010	7821	2456	1189	1267	20	709	3.5500
human	PR10Xmono10cell33	231029	139257	45	88521	3206	2414	2220	194	22	128	3.7166
human	PR10Xmono10cell34	113815	32110	6	80434	1265	1980	1871	109	20	74	3.5166
human	PR10Xmono10cell35	154049	104669	1	48435	944	1376	1263	113	18	89	3.6500
human	PR10Xmono10cell36	107868	89157	0	17068	1643	811	669	142	14	94	3.5833
human	PR10Xmono10cell37	284811	174153	75	104247	6336	3692	2619	1073	19	569	3.8166
human	PR10Xmono10cell38	106101	70271	756	9400	25674	2264	735	1529	21	653	3.5833
human	PR10Xmono10cell39	220731	104793	1353	109363	5222	3125	2594	531	23	303	3.7000
human	PR10Xmono10cell40	67990	54611	35	10662	2682	1960	632	1328	20	801	3.4166
human	PR10Xmono10cell41	187311	72479	6	114359	467	5765	5630	135	23	102	3.6666
human	PR10Xmono10cell42	161154	44329	1	103308	13516	6190	5466	724	19	125	3.6666
human	PR10Xmono10cell43	210564	146668	38	62520	1338	3734	3498	236	19	145	3.8166
human	PR10Xmono10cell44	236625	198243	43	34059	4280	2156	1882	274	20	138	3.8000
human	PR10Xmono10cell45	192169	68038	95	119558	4478	8295	6072	2223	25	986	3.7166
human	PR10Xmono10cell46	215878	94758	0	120751	369	6139	6028	111	21	84	3.8500
human	PR10Xmono10cell47	444566	329307	409	107061	7789	5851	4569	1282	25	564	4.1666
human	PR10Xmono10cell48	194963	102064	439	83462	8998	7079	4088	2991	22	1238	3.7833
human	PR10Xmono10cell49	137438	53133	23	83533	749	2229	2136	93	23	80	3.5666
human	PR10Xmono10cell50	123663	49004	96	70781	3782	2134	1910	224	20	123	3.5333
human	PR10Xmono10cell51	225918	151144	54	73257	1463	1918	1774	144	19	114	3.7000
human	PR10Xmono10cell52	217670	163247	20	19739	34664	1417	678	739	14	145	3.6833
human	PR10Xmono10cell53	189108	29947	30	153610	5521	4479	3536	943	19	498	3.6666
human	PR10Xmono10cell54	201984	164449	21	34578	2936	1511	1270	241	19	184	3.6500
human	PR10Xmono10cell55	290126	136118	9	142731	11268	3860	3204	656	26	308	3.8666
human	PR10Xmono10cell56	863763	121507	18875	80386	642995	21298	2096	19202	23	1919	4.8666
human	PR10Xmono10cell57	309469	196337	74	101906	11152	6770	5800	970	25	213	3.9833
human	PR10Xmono10cell58	93159	31187	4	61252	716	4336	4151	185	20	121	3.4833
human	PR10Xmono10cell59	166722	96763	40	68034	1885	4104	3861	243	23	120	3.6166
human	PR10Xmono10cell60	224940	181278	71	42173	1418	2520	2323	197	20	129	3.7666
human	PR10Xmono10cell61	180673	46008	130	130334	4201	9285	7248	2037	23	904	3.7333
human	PR10Xmono10cell62	250643	112343	9	131599	6692	7553	7160	393	26	113	3.9666
human	PR10Xmono10cell63	283605	136694	53	141392	5466	7883	6766	1117	26	534	3.9500
human	PR10Xmono10cell64	141801	83686	114	52528	5473	5623	3147	2476	25	1153	3.5500
human	PR10Xmono10cell65	145383	99763	6	44448	1166	1661	1462	199	26	178	3.5500
human	PR10Xmono10cell66	124358	65031	1	58671	655	1811	1670	141	24	124	3.5166
human	PR10Xmono10cell67	214466	140962	2	69914	3588	1907	1727	180	18	117	3.6500
human	PR10Xmono10cell68	92064	81091	2	9305	1666	779	631	148	22	123	3.4166
human	PR10Xmono10cell69	304825	175026	403	119321	10075	5339	2852	2487	27	1103	3.8833
human	PR10Xmono10cell70	283322	189944	94	89235	4049	2653	2361	292	24	209	3.8000
human	PR10Xmono10cell71	378797	159489	664	115432	103212	5170	2421	2749	26	711	3.9166
human	PR10Xmono10cell72	191428	113622	127	69309	8370	4871	1910	2961	22	1381	3.6333
human	PR10Xmono10cell73	162588	115026	3	45025	2534	1685	1459	226	21	159	3.5666
human	PR10Xmono10cell74	90159	24472	0	65306	381	1789	1692	97	18	85	3.4833
human	PR10Xmono10cell75	180413	109739	8	67775	2891	1987	1649	338	22	228	3.6000
human	PR10Xmono10cell76	165446	139765	13	23788	1880	815	680	135	16	87	3.5666
human	PR10Xmono10cell77	129477	71536	149	50270	7522	3746	1517	2229	23	1018	3.5000
human	PR10Xmono10cell78	199236	88806	0	106399	4031	2483	2345	138	21	66	3.6000
human	PR10Xmono10cell79	223641	75677	19	147074	871	3525	3161	364	22	242	3.7000
human	PR10Xmono10cell80	5959794	2621634	72372	97797	3167991	85961	2542	83419	21	4407	14.4333
human	PR10Xmono10cell81	181009	134200	4	42509	4296	3412	2935	477	20	155	3.6666
human	PR10Xmono10cell82	65958	16479	0	49182	297	3598	3516	82	21	56	3.4166
human	PR10Xmono10cell83	174599	119069	7	53501	2022	3447	3189	258	22	130	3.7333
human	PR10Xmono10cell84	155365	117867	9	35496	1993	2057	1858	199	13	81	3.6666
human	PR10Xmono10cell85	147154	18345	26	127373	1410	7340	6552	788	19	445	3.6666
human	PR10Xmono10cell86	232704	89227	1	141343	2133	7559	7377	182	20	54	3.8666
human	PR10Xmono10cell87	273647	85186	13	187022	1426	8731	8286	445	23	251	4.0666
human	PR10Xmono10cell88	138586	87402	34	48714	2436	4349	3220	1129	20	630	3.5500
human	PR10Xmono10cell89	75411	58650	6	16128	627	964	834	130	25	109	3.5333
human	PR10Xmono10cell90	38781	14705	1	23644	431	1021	949	72	19	63	3.3166
human	PR10Xmono10cell91	87396	71350	9	14861	1176	865	729	136	15	99	3.4333
human	PR10Xmono10cell92	49827	47431	0	1781	615	346	258	88	11	66	3.4666
human	PR10Xmono10cell93	70538	42724	24	26267	1523	1834	1138	696	20	420	3.4000
human	PR10Xmono10cell94	131136	56110	1	71097	3928	2213	2034	179	19	85	3.4833
human	PR10Xmono10cell95	96360	70399	12	24657	1292	1437	1085	352	23	238	3.5500
human	PR10Xmono10cell96	70818	46603	29	22557	1629	1797	964	833	17	535	3.4000
human	PR10Xmono11cell1	4156268	4019741	420	59372	76735	6352	1695	4657	21	2380	11.7166
human	PR10Xmono11cell2	100750	36945	7	61835	1963	1230	1092	138	17	115	3.4333
human	PR10Xmono11cell3	231934	172034	5	56020	3875	1261	1068	193	19	138	34.0000
human	PR10Xmono11cell4	310990	283718	0	25251	2021	735	578	157	19	131	3.9333
human	PR10Xmono11cell5	223209	173471	31	42468	7239	1401	1088	313	22	218	3.6666
human	PR10Xmono11cell6	246308	188517	17	53907	3867	1423	1207	216	21	185	3.7333
human	PR10Xmono11cell7	207520	149339	88	55517	2576	1324	1110	214	20	158	3.6500
human	PR10Xmono11cell8	399279	144219	5882	25605	223573	7144	727	6417	19	1650	3.9500
human	PR10Xmono11cell9	221020	168996	1917	38874	11233	1439	949	490	21	332	3.6833
human	PR10Xmono11cell10	73168	32966	4	33565	6633	941	742	199	18	103	3.4166
human	PR10Xmono11cell11	190481	130939	0	55317	4225	1254	1080	174	20	106	3.6166
human	PR10Xmono11cell12	319139	258099	3	53260	7777	992	841	151	19	78	3.9000
human	PR10Xmono11cell13	143941	69936	0	73044	961	1430	1341	89	21	68	3.5333
human	PR10Xmono11cell14	209552	169188	2	38672	1690	1087	931	156	18	134	3.6833
human	PR10Xmono11cell15	255445	134466	0	120322	657	1974	1877	97	20	75	3.8166
human	PR10Xmono11cell16	209080	110654	128	79048	19250	2105	1352	753	19	394	3.6833
human	PR10Xmono11cell17	239900	148927	3	88667	2303	1904	1616	288	21	243	3.7166
human	PR10Xmono11cell18	95720	40862	3	54414	441	1192	1094	98	20	94	3.4666
human	PR10Xmono11cell19	245562	147041	32	94796	3693	1796	1649	147	21	107	3.7833
human	PR10Xmono11cell20	214800	197792	6	15447	1555	782	592	190	22	159	3.6666
human	PR10Xmono11cell21	220226	39138	29	180226	833	2869	2774	95	22	83	3.7166
human	PR10Xmono11cell22	391416	259771	211	128156	3278	2269	2086	183	25	130	4.0333
human	PR10Xmono11cell23	106093	82252	34	21336	2471	1308	1000	308	24	224	3.4666
human	PR10Xmono11cell24	62346	45733	188	11385	5040	1268	694	574	25	395	3.3500
human	PR10Xmono11cell25	242880	156874	2	82891	3113	1786	1538	248	21	201	3.8333
human	PR10Xmono11cell26	72636	34995	1	36637	1003	988	889	99	17	83	3.3333
human	PR10Xmono11cell27	217376	164627	1	47492	5256	1235	1040	195	24	131	3.6333
human	PR10Xmono11cell28	273663	216988	14	51667	4994	916	736	180	16	116	3.7666
human	PR10Xmono11cell29	200829	43741	639	155776	673	2517	2448	69	19	62	3.7166
human	PR10Xmono11cell30	252830	170664	45	79394	2727	1645	1459	186	19	140	3.8000
human	PR10Xmono11cell31	296334	186725	588	35887	73134	2880	1056	1824	22	682	3.7833
human	PR10Xmono11cell32	72877	54596	114	7917	10250	1194	509	685	21	452	3.3500
human	PR10Xmono11cell33	198364	129145	36	58507	10676	2178	1668	510	19	269	3.6166
human	PR10Xmono11cell34	111173	48181	0	62097	895	1748	1643	105	23	79	3.6000
human	PR10Xmono11cell35	314903	253790	0	57438	3675	1738	1505	233	21	125	4.0333
human	PR10Xmono11cell36	206291	155191	1	49152	1947	1311	1170	141	17	95	3.6666
human	PR10Xmono11cell37	408372	270753	43	124622	12954	3286	2887	399	19	147	4.1333
human	PR10Xmono11cell38	186720	104615	2	81369	734	2310	2232	78	18	66	3.6500
human	PR10Xmono11cell39	433452	215004	468	178629	39351	4747	3597	1150	19	288	4.1000
human	PR10Xmono11cell40	108414	81149	17	24516	2732	1354	924	430	20	304	3.5166
human	PR10Xmono11cell41	312710	152594	7	154953	5156	7057	6429	628	23	310	4.1333
human	PR10Xmono11cell42	207884	110938	7	96024	915	4733	4539	194	22	126	3.7333
human	PR10Xmono11cell43	284506	197671	18	80625	6192	4664	4157	507	23	170	3.8833
human	PR10Xmono11cell44	309442	286919	1	17152	5370	1820	1305	515	19	219	4.0000
human	PR10Xmono11cell45	253712	104046	5	147890	1771	7454	7240	214	24	104	3.8500
human	PR10Xmono11cell46	912627	772388	16	130654	9569	7131	6250	881	20	328	5.3500
human	PR10Xmono11cell47	263624	120409	61	136989	6165	6379	5844	535	19	180	3.8666
human	PR10Xmono11cell48	175195	116638	53	49900	8604	3713	2755	958	21	369	3.5500
human	PR10Xmono11cell49	270972	174232	1	94444	2295	2257	2038	219	20	169	3.8000
human	PR10Xmono11cell50	131085	55202	7	75094	782	1974	1864	110	23	101	3.4833
human	PR10Xmono11cell51	273422	197287	5	74928	1202	1802	1690	112	19	93	3.7833
human	PR10Xmono11cell52	346355	279059	2	64796	2498	1458	1301	157	15	104	3.9166
human	PR10Xmono11cell53	211012	65178	4	142524	3306	3356	3210	146	23	71	3.7333
human	PR10Xmono11cell54	369899	215500	0	150767	3632	3536	3366	170	19	110	4.0833
human	PR10Xmono11cell55	290636	162913	32	125600	2091	3024	2847	177	23	138	3.9166
human	PR10Xmono11cell56	193309	133662	6	55758	3883	1822	1495	327	19	225	3.6333
human	PR10Xmono11cell57	255926	162561	36	79456	13873	6350	4826	1524	26	403	3.8500
human	PR10Xmono11cell58	121799	48775	8	69962	3054	4937	4621	316	20	99	3.5166
human	PR10Xmono11cell59	237571	148624	18	81971	6958	5035	4556	479	25	121	3.7833
human	PR10Xmono11cell60	177346	155658	164	18640	2884	1644	1381	263	21	142	3.6166
human	PR10Xmono11cell61	231867	84790	0	144325	2752	7958	7728	230	24	86	3.9000
human	PR10Xmono11cell62	274432	190069	262	73774	10327	5121	4371	750	21	221	3.8333
human	PR10Xmono11cell63	256687	173580	210	73279	9618	5098	4386	712	22	230	3.8000
human	PR10Xmono11cell64	232871	114365	489	70365	47652	6948	4150	2798	22	389	3.7000
human	PR10Xmono11cell65	295059	205786	118	76419	12736	2388	1749	639	20	409	3.8833
human	PR10Xmono11cell66	120073	52616	0	66231	1226	1856	1697	159	22	142	3.4500
human	PR10Xmono11cell67	299205	210630	66	84803	3706	2170	1941	229	22	162	3.8333
human	PR10Xmono11cell68	367172	338574	24	26781	1793	1092	912	180	22	151	4.0000
human	PR10Xmono11cell69	367254	242233	3	117223	7795	2960	2681	279	22	178	4.0166
human	PR10Xmono11cell70	390585	227378	34	156808	6365	3531	3271	260	21	167	4.0666
human	PR10Xmono11cell71	258125	184565	5	71181	2374	2181	1869	312	23	230	3.7333
human	PR10Xmono11cell72	177103	42325	21	132957	1800	3090	2529	561	19	374	3.6833
human	PR10Xmono11cell73	270161	133209	1179	104012	31761	3263	2201	1062	20	381	3.7833
human	PR10Xmono11cell74	111782	31529	105	70809	9339	1918	1603	315	22	140	3.5333
human	PR10Xmono11cell75	215652	150795	5	63789	1063	1605	1494	111	17	89	3.7166
human	PR10Xmono11cell76	184030	165504	4	17505	1017	671	569	102	19	86	3.6166
human	PR10Xmono11cell77	156381	32864	3	122720	794	2544	2474	70	20	52	3.5833
human	PR10Xmono11cell78	246788	181989	114	58887	5798	1869	1658	211	24	132	3.8166
human	PR10Xmono11cell79	259465	161544	6	80282	17633	2500	1951	549	19	188	3.9166
human	PR10Xmono11cell80	190175	94203	87	74758	21127	2231	1689	542	18	199	11.0833
human	PR10Xmono11cell81	187884	116543	7	69359	1975	4731	4376	355	20	200	3.7000
human	PR10Xmono11cell82	103495	50791	1	51280	1423	3759	3550	209	18	97	10.5833
human	PR10Xmono11cell83	189651	147962	4	37477	4208	2757	2409	348	19	129	3.6666
human	PR10Xmono11cell84	152842	132086	0	18446	2310	1378	1139	239	16	101	3.6333
human	PR10Xmono11cell85	149069	91265	1	56380	1423	4197	3991	206	17	106	3.7500
human	PR10Xmono11cell86	248652	209122	405	28550	10575	3126	2183	943	21	283	3.7333
human	PR10Xmono11cell87	240336	128313	18	108802	3203	5932	5593	339	18	133	3.8833
human	PR10Xmono11cell88	152280	91723	908	31975	27674	4401	2348	2053	21	458	3.5333
human	PR10Xmono11cell89	701104	680266	62	8474	12302	2048	564	1484	23	976	4.6500
human	PR10Xmono11cell90	26427	16799	1	9066	561	642	577	65	16	53	3.3666
human	PR10Xmono11cell91	118337	98078	100	18307	1852	874	721	153	19	111	3.6000
human	PR10Xmono11cell92	159444	153275	6	4693	1470	540	331	209	19	186	3.6833
human	PR10Xmono11cell93	83130	64334	0	17918	878	1036	917	119	19	97	3.4000
human	PR10Xmono11cell94	126934	101102	2	23872	1958	1156	1008	148	16	90	3.5000
human	PR10Xmono11cell95	97262	66697	1	30062	502	1242	1124	118	23	95	3.4333
human	PR10Xmono11cell96	124420	70462	1308	2391	50259	6231	351	5880	19	1875	3.5000
human	PR10Xmono12cell1	226978	181439	12	40086	5441	1169	897	272	18	204	3.7333
human	PR10Xmono12cell2	85177	39808	5	43803	1561	1164	1011	153	23	128	3.4333
human	PR10Xmono12cell3	233125	184231	215	38931	9748	1345	860	485	22	299	3.6833
human	PR10Xmono12cell4	196027	181114	7	11722	3184	746	487	259	19	197	3.7000
human	PR10Xmono12cell5	328863	253726	4	70645	4488	1633	1429	204	24	143	3.9166
human	PR10Xmono12cell6	302872	222252	17	76881	3722	1797	1538	259	22	200	3.9500
human	PR10Xmono12cell7	411352	235046	306	157837	18163	2704	2351	353	24	157	4.1000
human	PR10Xmono12cell8	370496	174306	145	152032	44013	2486	1732	754	22	295	4.0000
human	PR10Xmono12cell9	204715	113094	3	89066	2552	1692	1536	156	22	118	3.6500
human	PR10Xmono12cell10	82989	40161	2	42278	548	1002	905	97	21	84	3.4166
human	PR10Xmono12cell11	211397	164478	5	45098	1816	1108	946	162	21	137	3.6666
human	PR10Xmono12cell12	163542	154014	9	8070	1449	484	337	147	15	124	3.6000
human	PR10Xmono12cell13	171668	101725	6	68478	1459	1482	1357	125	19	103	3.5500
human	PR10Xmono12cell14	285982	211783	47	70622	3530	1744	1497	247	22	179	3.8000
human	PR10Xmono12cell15	461161	232730	63	206762	21606	3751	3242	509	22	150	4.2166
human	PR10Xmono12cell16	56142	42788	363	5473	7518	924	367	557	20	354	3.3500
human	PR10Xmono12cell17	239854	202676	10	33749	3419	1321	1061	260	22	223	3.7500
human	PR10Xmono12cell18	73724	40440	6	31156	2122	1117	975	142	19	107	3.3833
human	PR10Xmono12cell19	222023	167860	1	52607	1555	1406	1211	195	23	167	3.7166
human	PR10Xmono12cell20	243443	219940	26	20044	3433	994	643	351	22	289	3.8500
human	PR10Xmono12cell21	278379	143444	8	132103	2824	2511	2325	186	26	126	3.8166
human	PR10Xmono12cell22	417674	226883	4	186551	4236	3663	3374	289	26	208	4.1166
human	PR10Xmono12cell23	348866	161215	1	186642	1008	3051	2873	178	25	135	3.9500
human	PR10Xmono12cell24	170067	118953	280	36390	14444	1422	1073	349	21	183	3.5833
human	PR10Xmono12cell25	210069	152984	21	52644	4420	1356	1149	207	23	158	3.7000
human	PR10Xmono12cell26	131339	45762	38	83926	1613	1640	1524	116	24	85	3.4833
human	PR10Xmono12cell27	291045	234811	8	48650	7576	1446	1155	291	19	203	3.8000
human	PR10Xmono12cell28	227379	180010	12	39781	7576	1103	814	289	18	207	3.6666
human	PR10Xmono12cell29	204629	23599	2	180476	552	3014	2940	74	21	71	3.7000
human	PR10Xmono12cell30	486288	405512	372	21964	58440	2733	918	1815	20	826	4.2333
human	PR10Xmono12cell31	244777	170696	408	60504	13169	1941	1504	437	27	181	3.8333
human	PR10Xmono12cell32	69812	57620	0	10148	2044	806	592	214	19	176	3.4000
human	PR10Xmono12cell33	182120	141900	7	36588	3625	1660	1427	233	23	157	3.6333
human	PR10Xmono12cell34	103103	36927	0	64840	1336	2043	1927	116	22	89	3.5333
human	PR10Xmono12cell35	280370	197997	218	80324	1831	2206	2041	165	21	120	3.8000
human	PR10Xmono12cell36	208872	175311	6	31065	2490	1272	1025	247	17	180	3.6833
human	PR10Xmono12cell37	248278	142999	0	92321	12958	3014	2637	377	20	104	3.7500
human	PR10Xmono12cell38	264205	198740	37	61607	3821	2245	1940	305	23	187	3.7500
human	PR10Xmono12cell39	195220	140797	781	48338	5304	1942	1670	272	25	164	3.6333
human	PR10Xmono12cell40	121500	95634	5	24960	901	1234	1071	163	27	138	3.6166
human	PR10Xmono12cell41	197141	149438	30	43152	4521	3323	2852	471	19	197	3.6500
human	PR10Xmono12cell42	94524	46578	1	44181	3764	3472	3199	273	20	132	3.4833
human	PR10Xmono12cell43	301605	195886	0	104248	1471	5076	4855	221	19	136	4.0333
human	PR10Xmono12cell44	226068	206083	78	17694	2213	1777	1291	486	22	319	3.7333
human	PR10Xmono12cell45	214814	113341	6	99363	2104	5927	5681	246	27	124	3.8000
human	PR10Xmono12cell46	243175	188135	6	46169	8865	4051	3296	755	23	285	3.7833
human	PR10Xmono12cell47	175825	122426	19	42278	11102	3872	3109	763	27	220	3.6333
human	PR10Xmono12cell48	113851	89657	24	21974	2196	2239	1845	394	22	239	3.4666
human	PR10Xmono12cell49	215370	182658	230	24657	7825	1486	1027	459	18	248	3.6500
human	PR10Xmono12cell50	116033	42635	2	70984	2412	2107	1940	167	19	98	3.4666
human	PR10Xmono12cell51	315803	287200	31	24965	3607	1243	944	299	14	222	3.8500
human	PR10Xmono12cell52	324062	260477	9	58219	5357	1504	1223	281	18	177	3.9166
human	PR10Xmono12cell53	310477	144920	31	163531	1995	3962	3860	102	19	65	3.8833
human	PR10Xmono12cell54	374509	164406	6	208036	2061	4651	4489	162	24	112	4.1000
human	PR10Xmono12cell55	413309	200171	1079	185178	26881	4837	4076	761	21	196	4.1333
human	PR10Xmono12cell56	209676	134947	16	72060	2653	2259	2031	228	21	156	3.6833
human	PR10Xmono12cell57	187866	148373	1	36046	3446	3494	3043	451	20	204	3.7000
human	PR10Xmono12cell58	99450	67169	2	29165	3114	3015	2693	322	21	115	3.4500
human	PR10Xmono12cell59	246989	196732	5	46162	4090	3684	3215	469	20	194	3.7833
human	PR10Xmono12cell60	360085	295444	17	59207	5417	3558	3000	558	22	252	4.1500
human	PR10Xmono12cell61	245831	116817	816	126033	2165	8018	7709	309	25	116	3.9000
human	PR10Xmono12cell62	285378	215561	23	62101	7693	5060	4276	784	22	279	3.8833
human	PR10Xmono12cell63	296298	236950	2608	26809	29931	4649	2603	2046	22	411	3.8666
human	PR10Xmono12cell64	136260	106196	3	27941	2120	2603	2310	293	23	177	3.4833
human	PR10Xmono12cell65	305468	197192	1	105824	2451	2788	2509	279	24	218	3.8333
human	PR10Xmono12cell66	126351	57436	9	66964	1942	2006	1816	190	24	131	3.4833
human	PR10Xmono12cell67	267846	202735	3	60171	4937	1895	1609	286	23	189	3.8166
human	PR10Xmono12cell68	823653	579182	1851	102598	140022	4943	1909	3034	21	693	4.8500
human	PR10Xmono12cell69	437759	278732	63	154865	4099	3932	3697	235	25	152	4.1666
human	PR10Xmono12cell70	435347	324805	395	95809	14338	2910	2393	517	24	284	4.1833
human	PR10Xmono12cell71	441448	154544	71	267235	19598	5426	4861	565	25	175	4.2500
human	PR10Xmono12cell72	280988	158448	338	96250	25952	3024	2151	873	23	316	3.7500
human	PR10Xmono12cell73	157740	113814	1	42751	1174	1589	1399	190	24	160	3.5500
human	PR10Xmono12cell74	231983	116727	17	97594	17645	2750	2271	479	19	136	3.7500
human	PR10Xmono12cell75	268117	206615	6	57114	4382	1681	1444	237	17	128	3.7500
human	PR10Xmono12cell76	227388	205294	2	20228	1864	765	588	177	13	133	3.7166
human	PR10Xmono12cell77	241315	128945	12	109236	3122	2919	2743	176	22	116	3.7166
human	PR10Xmono12cell78	235391	183448	9	47354	4580	1736	1479	257	19	161	3.7166
human	PR10Xmono12cell79	196977	139890	144	54648	2295	1918	1672	246	21	178	3.6000
human	PR10Xmono12cell80	156906	49864	0	106780	262	2421	2319	102	23	91	3.6833
human	PR10Xmono12cell81	143781	116786	32	24514	2449	2450	2076	374	20	207	3.5833
human	PR10Xmono12cell82	133784	23677	6	103738	6363	7051	6308	743	14	137	3.5500
human	PR10Xmono12cell83	247975	191584	2	53323	3066	3536	3201	335	20	135	3.7166
human	PR10Xmono12cell84	349939	279979	684	25983	43293	4896	1694	3202	16	453	3.9500
human	PR10Xmono12cell85	162435	95867	3	64846	1719	5028	4786	242	21	91	3.5500
human	PR10Xmono12cell86	254559	175660	1307	52193	25399	5594	3620	1974	22	269	3.7500
human	PR10Xmono12cell87	147973	105914	4	36827	5228	3504	2882	622	25	185	3.4833
human	PR10Xmono12cell88	134206	51113	1	78923	4169	5256	4992	264	18	76	3.6833
human	PR10Xmono12cell89	148095	119268	13	26179	2635	1239	1047	192	21	129	3.4833
human	PR10Xmono12cell90	48060	31046	1	15807	1206	867	777	90	17	61	3.3166
human	PR10Xmono12cell91	162134	129213	143	26452	6326	1333	1007	326	20	157	3.6166
human	PR10Xmono12cell92	86726	79654	10	4941	2121	533	365	168	15	113	3.3333
human	PR10Xmono12cell93	69059	50674	0	17824	561	1025	944	81	20	71	3.2666
human	PR10Xmono12cell94	158414	143159	0	13097	2158	924	699	225	19	182	3.4666
human	PR10Xmono12cell95	104390	79532	34	21267	3557	1253	984	269	22	114	3.3333
human	PR10Xmono12cell96	64041	45062	0	17799	1180	974	846	128	21	96	3.2333
