cluster	gene	size	boundary	avgExpr	cvExpr	avgCor	cvCor	protein_coding	lncRNA	sncRNA	pseudogene	Ig/TcR	tf
M29	RPS7	12	8665:8676	262.273682516144	1.39768852634364	0.155244947237964	0.888800123238681	0.25	0	0	0.75	0	0
M29	RPL23AP42	12	8665:8676	262.273682516144	1.39768852634364	0.155244947237964	0.888800123238681	0.25	0	0	0.75	0	0
M29	RPS7P1	12	8665:8676	262.273682516144	1.39768852634364	0.155244947237964	0.888800123238681	0.25	0	0	0.75	0	0
M29	RPS7P3	12	8665:8676	262.273682516144	1.39768852634364	0.155244947237964	0.888800123238681	0.25	0	0	0.75	0	0
M29	RPL7	12	8665:8676	262.273682516144	1.39768852634364	0.155244947237964	0.888800123238681	0.25	0	0	0.75	0	0
M29	RPL7P1	12	8665:8676	262.273682516144	1.39768852634364	0.155244947237964	0.888800123238681	0.25	0	0	0.75	0	0
M29	RPL23A	12	8665:8676	262.273682516144	1.39768852634364	0.155244947237964	0.888800123238681	0.25	0	0	0.75	0	0
M29	RPL7P9	12	8665:8676	262.273682516144	1.39768852634364	0.155244947237964	0.888800123238681	0.25	0	0	0.75	0	0
M29	RPL7P32	12	8665:8676	262.273682516144	1.39768852634364	0.155244947237964	0.888800123238681	0.25	0	0	0.75	0	0
M29	RPS7P11	12	8665:8676	262.273682516144	1.39768852634364	0.155244947237964	0.888800123238681	0.25	0	0	0.75	0	0
M29	RPL7P23	12	8665:8676	262.273682516144	1.39768852634364	0.155244947237964	0.888800123238681	0.25	0	0	0.75	0	0
M29	RPL23AP2	12	8665:8676	262.273682516144	1.39768852634364	0.155244947237964	0.888800123238681	0.25	0	0	0.75	0	0
M24	RPS12	13	8677:8689	1407.02015074883	0.661883570725036	0.221668688742384	0.434759036108961	0.923076923076923	0	0	0.0769230769230769	0	0
M24	RPS3	13	8677:8689	1407.02015074883	0.661883570725036	0.221668688742384	0.434759036108961	0.923076923076923	0	0	0.0769230769230769	0	0
M24	RPS17	13	8677:8689	1407.02015074883	0.661883570725036	0.221668688742384	0.434759036108961	0.923076923076923	0	0	0.0769230769230769	0	0
M24	RPLP1	13	8677:8689	1407.02015074883	0.661883570725036	0.221668688742384	0.434759036108961	0.923076923076923	0	0	0.0769230769230769	0	0
M24	RPL14	13	8677:8689	1407.02015074883	0.661883570725036	0.221668688742384	0.434759036108961	0.923076923076923	0	0	0.0769230769230769	0	0
M24	RPS21	13	8677:8689	1407.02015074883	0.661883570725036	0.221668688742384	0.434759036108961	0.923076923076923	0	0	0.0769230769230769	0	0
M24	RPL11	13	8677:8689	1407.02015074883	0.661883570725036	0.221668688742384	0.434759036108961	0.923076923076923	0	0	0.0769230769230769	0	0
M24	RPL36	13	8677:8689	1407.02015074883	0.661883570725036	0.221668688742384	0.434759036108961	0.923076923076923	0	0	0.0769230769230769	0	0
M24	UQCRB	13	8677:8689	1407.02015074883	0.661883570725036	0.221668688742384	0.434759036108961	0.923076923076923	0	0	0.0769230769230769	0	0
M24	RPL34	13	8677:8689	1407.02015074883	0.661883570725036	0.221668688742384	0.434759036108961	0.923076923076923	0	0	0.0769230769230769	0	0
M24	RPL14P1	13	8677:8689	1407.02015074883	0.661883570725036	0.221668688742384	0.434759036108961	0.923076923076923	0	0	0.0769230769230769	0	0
M24	RPL27	13	8677:8689	1407.02015074883	0.661883570725036	0.221668688742384	0.434759036108961	0.923076923076923	0	0	0.0769230769230769	0	0
M24	RPS8	13	8677:8689	1407.02015074883	0.661883570725036	0.221668688742384	0.434759036108961	0.923076923076923	0	0	0.0769230769230769	0	0
M25	RPS20	13	8690:8702	703.70331459121	0.677123301908306	0.185423189484894	0.556190254755004	1	0	0	0	0	0
M25	RPL27A	13	8690:8702	703.70331459121	0.677123301908306	0.185423189484894	0.556190254755004	1	0	0	0	0	0
M25	RPLP2	13	8690:8702	703.70331459121	0.677123301908306	0.185423189484894	0.556190254755004	1	0	0	0	0	0
M25	RPS24	13	8690:8702	703.70331459121	0.677123301908306	0.185423189484894	0.556190254755004	1	0	0	0	0	0
M25	RPL23	13	8690:8702	703.70331459121	0.677123301908306	0.185423189484894	0.556190254755004	1	0	0	0	0	0
M25	RPL38	13	8690:8702	703.70331459121	0.677123301908306	0.185423189484894	0.556190254755004	1	0	0	0	0	0
M25	SRP14	13	8690:8702	703.70331459121	0.677123301908306	0.185423189484894	0.556190254755004	1	0	0	0	0	0
M25	RPS27A	13	8690:8702	703.70331459121	0.677123301908306	0.185423189484894	0.556190254755004	1	0	0	0	0	0
M25	RPL31	13	8690:8702	703.70331459121	0.677123301908306	0.185423189484894	0.556190254755004	1	0	0	0	0	0
M25	NDUFS5	13	8690:8702	703.70331459121	0.677123301908306	0.185423189484894	0.556190254755004	1	0	0	0	0	0
M25	RPL8	13	8690:8702	703.70331459121	0.677123301908306	0.185423189484894	0.556190254755004	1	0	0	0	0	0
M25	RPL37A	13	8690:8702	703.70331459121	0.677123301908306	0.185423189484894	0.556190254755004	1	0	0	0	0	0
M25	ATP5L	13	8690:8702	703.70331459121	0.677123301908306	0.185423189484894	0.556190254755004	1	0	0	0	0	0
M11	MYL6	15	8703:8717	899.02401002585	1.17244559133867	0.145904169863973	0.383295399776608	1	0	0	0	0	0
M11	CKAP4	15	8703:8717	899.02401002585	1.17244559133867	0.145904169863973	0.383295399776608	1	0	0	0	0	0
M11	PSMA4	15	8703:8717	899.02401002585	1.17244559133867	0.145904169863973	0.383295399776608	1	0	0	0	0	0
M11	RANBP1	15	8703:8717	899.02401002585	1.17244559133867	0.145904169863973	0.383295399776608	1	0	0	0	0	0
M11	CD63	15	8703:8717	899.02401002585	1.17244559133867	0.145904169863973	0.383295399776608	1	0	0	0	0	0
M11	MAP4	15	8703:8717	899.02401002585	1.17244559133867	0.145904169863973	0.383295399776608	1	0	0	0	0	0
M11	SF3B2	15	8703:8717	899.02401002585	1.17244559133867	0.145904169863973	0.383295399776608	1	0	0	0	0	0
M11	NEDD8	15	8703:8717	899.02401002585	1.17244559133867	0.145904169863973	0.383295399776608	1	0	0	0	0	0
M11	ILF2	15	8703:8717	899.02401002585	1.17244559133867	0.145904169863973	0.383295399776608	1	0	0	0	0	0
M11	YIPF3	15	8703:8717	899.02401002585	1.17244559133867	0.145904169863973	0.383295399776608	1	0	0	0	0	0
M11	CNPPD1	15	8703:8717	899.02401002585	1.17244559133867	0.145904169863973	0.383295399776608	1	0	0	0	0	0
M11	TSPAN3	15	8703:8717	899.02401002585	1.17244559133867	0.145904169863973	0.383295399776608	1	0	0	0	0	0
M11	UBA1	15	8703:8717	899.02401002585	1.17244559133867	0.145904169863973	0.383295399776608	1	0	0	0	0	0
M11	TMSB10	15	8703:8717	899.02401002585	1.17244559133867	0.145904169863973	0.383295399776608	1	0	0	0	0	0
M11	RGS16	15	8703:8717	899.02401002585	1.17244559133867	0.145904169863973	0.383295399776608	1	0	0	0	0	0
M19	CDC7	14	8718:8731	109.391605886344	2.8408757991431	0.178424365544732	0.274990533760983	1	0	0	0	0	0
M19	MCM2	14	8718:8731	109.391605886344	2.8408757991431	0.178424365544732	0.274990533760983	1	0	0	0	0	0
M19	CDCA7	14	8718:8731	109.391605886344	2.8408757991431	0.178424365544732	0.274990533760983	1	0	0	0	0	0
M19	CHEK1	14	8718:8731	109.391605886344	2.8408757991431	0.178424365544732	0.274990533760983	1	0	0	0	0	0
M19	MCM3	14	8718:8731	109.391605886344	2.8408757991431	0.178424365544732	0.274990533760983	1	0	0	0	0	0
M19	MCM4	14	8718:8731	109.391605886344	2.8408757991431	0.178424365544732	0.274990533760983	1	0	0	0	0	0
M19	TUBA1B	14	8718:8731	109.391605886344	2.8408757991431	0.178424365544732	0.274990533760983	1	0	0	0	0	0
M19	GINS2	14	8718:8731	109.391605886344	2.8408757991431	0.178424365544732	0.274990533760983	1	0	0	0	0	0
M19	KNTC1	14	8718:8731	109.391605886344	2.8408757991431	0.178424365544732	0.274990533760983	1	0	0	0	0	0
M19	MCM5	14	8718:8731	109.391605886344	2.8408757991431	0.178424365544732	0.274990533760983	1	0	0	0	0	0
M19	TIMELESS	14	8718:8731	109.391605886344	2.8408757991431	0.178424365544732	0.274990533760983	1	0	0	0	0	0
M19	DSN1	14	8718:8731	109.391605886344	2.8408757991431	0.178424365544732	0.274990533760983	1	0	0	0	0	0
M19	TYMS	14	8718:8731	109.391605886344	2.8408757991431	0.178424365544732	0.274990533760983	1	0	0	0	0	0
M19	MCM6	14	8718:8731	109.391605886344	2.8408757991431	0.178424365544732	0.274990533760983	1	0	0	0	0	0
M39	FTH1P2	10	8732:8741	278.769755180058	1.55570370159656	0.251689628167184	0.37323614507587	0.1	0	0	0.9	0	0
M39	FTH1P16	10	8732:8741	278.769755180058	1.55570370159656	0.251689628167184	0.37323614507587	0.1	0	0	0.9	0	0
M39	FTH1P11	10	8732:8741	278.769755180058	1.55570370159656	0.251689628167184	0.37323614507587	0.1	0	0	0.9	0	0
M39	FTH1P7	10	8732:8741	278.769755180058	1.55570370159656	0.251689628167184	0.37323614507587	0.1	0	0	0.9	0	0
M39	FTH1	10	8732:8741	278.769755180058	1.55570370159656	0.251689628167184	0.37323614507587	0.1	0	0	0.9	0	0
M39	FTH1P8	10	8732:8741	278.769755180058	1.55570370159656	0.251689628167184	0.37323614507587	0.1	0	0	0.9	0	0
M39	FTH1P5	10	8732:8741	278.769755180058	1.55570370159656	0.251689628167184	0.37323614507587	0.1	0	0	0.9	0	0
M39	FTH1P10	10	8732:8741	278.769755180058	1.55570370159656	0.251689628167184	0.37323614507587	0.1	0	0	0.9	0	0
M39	FTH1P20	10	8732:8741	278.769755180058	1.55570370159656	0.251689628167184	0.37323614507587	0.1	0	0	0.9	0	0
M39	FTH1P12	10	8732:8741	278.769755180058	1.55570370159656	0.251689628167184	0.37323614507587	0.1	0	0	0.9	0	0
M4	FILIP1L	17	8742:8758	260.654844404099	2.39174618930396	0.142018434732697	0.370411337411338	1	0	0	0	0	0
M4	CSF1	17	8742:8758	260.654844404099	2.39174618930396	0.142018434732697	0.370411337411338	1	0	0	0	0	0
M4	COL9A1	17	8742:8758	260.654844404099	2.39174618930396	0.142018434732697	0.370411337411338	1	0	0	0	0	0
M4	IFI6	17	8742:8758	260.654844404099	2.39174618930396	0.142018434732697	0.370411337411338	1	0	0	0	0	0
M4	HLA-B	17	8742:8758	260.654844404099	2.39174618930396	0.142018434732697	0.370411337411338	1	0	0	0	0	0
M4	C1R	17	8742:8758	260.654844404099	2.39174618930396	0.142018434732697	0.370411337411338	1	0	0	0	0	0
M4	C1S	17	8742:8758	260.654844404099	2.39174618930396	0.142018434732697	0.370411337411338	1	0	0	0	0	0
M4	PTGS1	17	8742:8758	260.654844404099	2.39174618930396	0.142018434732697	0.370411337411338	1	0	0	0	0	0
M4	HLA-C	17	8742:8758	260.654844404099	2.39174618930396	0.142018434732697	0.370411337411338	1	0	0	0	0	0
M4	HS3ST3B1	17	8742:8758	260.654844404099	2.39174618930396	0.142018434732697	0.370411337411338	1	0	0	0	0	0
M4	HACD4	17	8742:8758	260.654844404099	2.39174618930396	0.142018434732697	0.370411337411338	1	0	0	0	0	0
M4	HLA-A	17	8742:8758	260.654844404099	2.39174618930396	0.142018434732697	0.370411337411338	1	0	0	0	0	0
M4	PLAU	17	8742:8758	260.654844404099	2.39174618930396	0.142018434732697	0.370411337411338	1	0	0	0	0	0
M4	AK5	17	8742:8758	260.654844404099	2.39174618930396	0.142018434732697	0.370411337411338	1	0	0	0	0	0
M4	WARS	17	8742:8758	260.654844404099	2.39174618930396	0.142018434732697	0.370411337411338	1	0	0	0	0	0
M4	B2M	17	8742:8758	260.654844404099	2.39174618930396	0.142018434732697	0.370411337411338	1	0	0	0	0	0
M4	EFEMP1	17	8742:8758	260.654844404099	2.39174618930396	0.142018434732697	0.370411337411338	1	0	0	0	0	0
M30	ATP6V0B	12	8759:8770	191.826072199269	2.6467073417518	0.117840968147847	0.663384257034666	0.833333333333333	0	0	0	0.166666666666667	0
M30	CARS	12	8759:8770	191.826072199269	2.6467073417518	0.117840968147847	0.663384257034666	0.833333333333333	0	0	0	0.166666666666667	0
M30	CALM3	12	8759:8770	191.826072199269	2.6467073417518	0.117840968147847	0.663384257034666	0.833333333333333	0	0	0	0.166666666666667	0
M30	BIRC5	12	8759:8770	191.826072199269	2.6467073417518	0.117840968147847	0.663384257034666	0.833333333333333	0	0	0	0.166666666666667	0
M30	LRRC27	12	8759:8770	191.826072199269	2.6467073417518	0.117840968147847	0.663384257034666	0.833333333333333	0	0	0	0.166666666666667	0
M30	HLA-DPB1	12	8759:8770	191.826072199269	2.6467073417518	0.117840968147847	0.663384257034666	0.833333333333333	0	0	0	0.166666666666667	0
M30	NCF2	12	8759:8770	191.826072199269	2.6467073417518	0.117840968147847	0.663384257034666	0.833333333333333	0	0	0	0.166666666666667	0
M30	KPNB1	12	8759:8770	191.826072199269	2.6467073417518	0.117840968147847	0.663384257034666	0.833333333333333	0	0	0	0.166666666666667	0
M30	ATIC	12	8759:8770	191.826072199269	2.6467073417518	0.117840968147847	0.663384257034666	0.833333333333333	0	0	0	0.166666666666667	0
M30	ITGAL	12	8759:8770	191.826072199269	2.6467073417518	0.117840968147847	0.663384257034666	0.833333333333333	0	0	0	0.166666666666667	0
M30	IGLC2	12	8759:8770	191.826072199269	2.6467073417518	0.117840968147847	0.663384257034666	0.833333333333333	0	0	0	0.166666666666667	0
M30	IGHM	12	8759:8770	191.826072199269	2.6467073417518	0.117840968147847	0.663384257034666	0.833333333333333	0	0	0	0.166666666666667	0
M40	RPL21	10	8771:8780	55.8596436932744	2.3115097937298	0.155984794166904	0.436389154477655	0.1	0	0	0.9	0	0
M40	RP11-613M5.2	10	8771:8780	55.8596436932744	2.3115097937298	0.155984794166904	0.436389154477655	0.1	0	0	0.9	0	0
M40	RPL21P28	10	8771:8780	55.8596436932744	2.3115097937298	0.155984794166904	0.436389154477655	0.1	0	0	0.9	0	0
M40	RP11-366M4.1	10	8771:8780	55.8596436932744	2.3115097937298	0.155984794166904	0.436389154477655	0.1	0	0	0.9	0	0
M40	RPL21P1	10	8771:8780	55.8596436932744	2.3115097937298	0.155984794166904	0.436389154477655	0.1	0	0	0.9	0	0
M40	RPL21P119	10	8771:8780	55.8596436932744	2.3115097937298	0.155984794166904	0.436389154477655	0.1	0	0	0.9	0	0
M40	RP11-151F5.2	10	8771:8780	55.8596436932744	2.3115097937298	0.155984794166904	0.436389154477655	0.1	0	0	0.9	0	0
M40	RP11-734J24.1	10	8771:8780	55.8596436932744	2.3115097937298	0.155984794166904	0.436389154477655	0.1	0	0	0.9	0	0
M40	RPL21P16	10	8771:8780	55.8596436932744	2.3115097937298	0.155984794166904	0.436389154477655	0.1	0	0	0.9	0	0
M40	RPL21P75	10	8771:8780	55.8596436932744	2.3115097937298	0.155984794166904	0.436389154477655	0.1	0	0	0.9	0	0
M41	SCAMP3	10	8781:8790	26.5511454759754	3.16738611590622	0.0629859505560146	0.576498217448911	0.6	0.2	0	0.2	0	0
M41	BCAS1	10	8781:8790	26.5511454759754	3.16738611590622	0.0629859505560146	0.576498217448911	0.6	0.2	0	0.2	0	0
M41	TLE2	10	8781:8790	26.5511454759754	3.16738611590622	0.0629859505560146	0.576498217448911	0.6	0.2	0	0.2	0	0
M41	METTL12	10	8781:8790	26.5511454759754	3.16738611590622	0.0629859505560146	0.576498217448911	0.6	0.2	0	0.2	0	0
M41	C21orf62	10	8781:8790	26.5511454759754	3.16738611590622	0.0629859505560146	0.576498217448911	0.6	0.2	0	0.2	0	0
M41	RP11-6N17.6	10	8781:8790	26.5511454759754	3.16738611590622	0.0629859505560146	0.576498217448911	0.6	0.2	0	0.2	0	0
M41	HMGB1P8	10	8781:8790	26.5511454759754	3.16738611590622	0.0629859505560146	0.576498217448911	0.6	0.2	0	0.2	0	0
M41	ADAMTS4	10	8781:8790	26.5511454759754	3.16738611590622	0.0629859505560146	0.576498217448911	0.6	0.2	0	0.2	0	0
M41	RP4-671O14.6	10	8781:8790	26.5511454759754	3.16738611590622	0.0629859505560146	0.576498217448911	0.6	0.2	0	0.2	0	0
M41	EEF1DP6	10	8781:8790	26.5511454759754	3.16738611590622	0.0629859505560146	0.576498217448911	0.6	0.2	0	0.2	0	0
M42	RHOH	10	8791:8800	17.7608748291598	3.15214188665568	0.0814390268211553	0.437508151904836	0.3	0.5	0	0.2	0	0
M42	ITGA10	10	8791:8800	17.7608748291598	3.15214188665568	0.0814390268211553	0.437508151904836	0.3	0.5	0	0.2	0	0
M42	RPS12P31	10	8791:8800	17.7608748291598	3.15214188665568	0.0814390268211553	0.437508151904836	0.3	0.5	0	0.2	0	0
M42	RP11-360N9.2	10	8791:8800	17.7608748291598	3.15214188665568	0.0814390268211553	0.437508151904836	0.3	0.5	0	0.2	0	0
M42	CTC-529P8.1	10	8791:8800	17.7608748291598	3.15214188665568	0.0814390268211553	0.437508151904836	0.3	0.5	0	0.2	0	0
M42	RP11-640L9.2	10	8791:8800	17.7608748291598	3.15214188665568	0.0814390268211553	0.437508151904836	0.3	0.5	0	0.2	0	0
M42	RP11-692C24.1	10	8791:8800	17.7608748291598	3.15214188665568	0.0814390268211553	0.437508151904836	0.3	0.5	0	0.2	0	0
M42	RP11-277I20.3	10	8791:8800	17.7608748291598	3.15214188665568	0.0814390268211553	0.437508151904836	0.3	0.5	0	0.2	0	0
M42	RP11-626G3.1	10	8791:8800	17.7608748291598	3.15214188665568	0.0814390268211553	0.437508151904836	0.3	0.5	0	0.2	0	0
M42	LAMA1	10	8791:8800	17.7608748291598	3.15214188665568	0.0814390268211553	0.437508151904836	0.3	0.5	0	0.2	0	0
M5	CTA-212A2.3	17	8801:8817	24.5579482355541	3.13234980802125	0.0704082321293616	0.45775852212351	0.411764705882353	0.411764705882353	0	0.176470588235294	0	0
M5	RP11-318C2.1	17	8801:8817	24.5579482355541	3.13234980802125	0.0704082321293616	0.45775852212351	0.411764705882353	0.411764705882353	0	0.176470588235294	0	0
M5	RP11-34P1.1	17	8801:8817	24.5579482355541	3.13234980802125	0.0704082321293616	0.45775852212351	0.411764705882353	0.411764705882353	0	0.176470588235294	0	0
M5	CTA-414D7.1	17	8801:8817	24.5579482355541	3.13234980802125	0.0704082321293616	0.45775852212351	0.411764705882353	0.411764705882353	0	0.176470588235294	0	0
M5	ABCC13	17	8801:8817	24.5579482355541	3.13234980802125	0.0704082321293616	0.45775852212351	0.411764705882353	0.411764705882353	0	0.176470588235294	0	0
M5	CD40LG	17	8801:8817	24.5579482355541	3.13234980802125	0.0704082321293616	0.45775852212351	0.411764705882353	0.411764705882353	0	0.176470588235294	0	0
M5	CTD-2047H16.4	17	8801:8817	24.5579482355541	3.13234980802125	0.0704082321293616	0.45775852212351	0.411764705882353	0.411764705882353	0	0.176470588235294	0	0
M5	NAP1L6	17	8801:8817	24.5579482355541	3.13234980802125	0.0704082321293616	0.45775852212351	0.411764705882353	0.411764705882353	0	0.176470588235294	0	0
M5	ANKS4B	17	8801:8817	24.5579482355541	3.13234980802125	0.0704082321293616	0.45775852212351	0.411764705882353	0.411764705882353	0	0.176470588235294	0	0
M5	CCDC30	17	8801:8817	24.5579482355541	3.13234980802125	0.0704082321293616	0.45775852212351	0.411764705882353	0.411764705882353	0	0.176470588235294	0	0
M5	RP3-333H23.8	17	8801:8817	24.5579482355541	3.13234980802125	0.0704082321293616	0.45775852212351	0.411764705882353	0.411764705882353	0	0.176470588235294	0	0
M5	NFASC	17	8801:8817	24.5579482355541	3.13234980802125	0.0704082321293616	0.45775852212351	0.411764705882353	0.411764705882353	0	0.176470588235294	0	0
M5	SRGAP3	17	8801:8817	24.5579482355541	3.13234980802125	0.0704082321293616	0.45775852212351	0.411764705882353	0.411764705882353	0	0.176470588235294	0	0
M5	FLVCR1-AS1	17	8801:8817	24.5579482355541	3.13234980802125	0.0704082321293616	0.45775852212351	0.411764705882353	0.411764705882353	0	0.176470588235294	0	0
M5	GDA	17	8801:8817	24.5579482355541	3.13234980802125	0.0704082321293616	0.45775852212351	0.411764705882353	0.411764705882353	0	0.176470588235294	0	0
M5	LINC01550	17	8801:8817	24.5579482355541	3.13234980802125	0.0704082321293616	0.45775852212351	0.411764705882353	0.411764705882353	0	0.176470588235294	0	0
M5	RP13-228J13.8	17	8801:8817	24.5579482355541	3.13234980802125	0.0704082321293616	0.45775852212351	0.411764705882353	0.411764705882353	0	0.176470588235294	0	0
M31	ZNF556	12	8818:8829	29.7498621227187	3.66495421188653	0.0707921709471197	0.50102840938291	0.5	0.416666666666667	0	0.0833333333333333	0	0.166666666666667
M31	TMEM254-AS1	12	8818:8829	29.7498621227187	3.66495421188653	0.0707921709471197	0.50102840938291	0.5	0.416666666666667	0	0.0833333333333333	0	0.166666666666667
M31	TGM4	12	8818:8829	29.7498621227187	3.66495421188653	0.0707921709471197	0.50102840938291	0.5	0.416666666666667	0	0.0833333333333333	0	0.166666666666667
M31	TCP11L2	12	8818:8829	29.7498621227187	3.66495421188653	0.0707921709471197	0.50102840938291	0.5	0.416666666666667	0	0.0833333333333333	0	0.166666666666667
M31	PCSK7	12	8818:8829	29.7498621227187	3.66495421188653	0.0707921709471197	0.50102840938291	0.5	0.416666666666667	0	0.0833333333333333	0	0.166666666666667
M31	RP11-83M16.5	12	8818:8829	29.7498621227187	3.66495421188653	0.0707921709471197	0.50102840938291	0.5	0.416666666666667	0	0.0833333333333333	0	0.166666666666667
M31	TSPAN16	12	8818:8829	29.7498621227187	3.66495421188653	0.0707921709471197	0.50102840938291	0.5	0.416666666666667	0	0.0833333333333333	0	0.166666666666667
M31	RP11-420A23.1	12	8818:8829	29.7498621227187	3.66495421188653	0.0707921709471197	0.50102840938291	0.5	0.416666666666667	0	0.0833333333333333	0	0.166666666666667
M31	ELF3	12	8818:8829	29.7498621227187	3.66495421188653	0.0707921709471197	0.50102840938291	0.5	0.416666666666667	0	0.0833333333333333	0	0.166666666666667
M31	RP3-394A18.1	12	8818:8829	29.7498621227187	3.66495421188653	0.0707921709471197	0.50102840938291	0.5	0.416666666666667	0	0.0833333333333333	0	0.166666666666667
M31	LINC01655	12	8818:8829	29.7498621227187	3.66495421188653	0.0707921709471197	0.50102840938291	0.5	0.416666666666667	0	0.0833333333333333	0	0.166666666666667
M31	USP32P2	12	8818:8829	29.7498621227187	3.66495421188653	0.0707921709471197	0.50102840938291	0.5	0.416666666666667	0	0.0833333333333333	0	0.166666666666667
M26	SFXN5	13	8830:8842	15.8650621465526	3.33530007040105	0.0723725716477454	0.430110634040896	0.461538461538462	0.384615384615385	0	0.153846153846154	0	0.153846153846154
M26	AC008155.1	13	8830:8842	15.8650621465526	3.33530007040105	0.0723725716477454	0.430110634040896	0.461538461538462	0.384615384615385	0	0.153846153846154	0	0.153846153846154
M26	RP11-18H21.1	13	8830:8842	15.8650621465526	3.33530007040105	0.0723725716477454	0.430110634040896	0.461538461538462	0.384615384615385	0	0.153846153846154	0	0.153846153846154
M26	RP11-166O4.6	13	8830:8842	15.8650621465526	3.33530007040105	0.0723725716477454	0.430110634040896	0.461538461538462	0.384615384615385	0	0.153846153846154	0	0.153846153846154
M26	LINC02043	13	8830:8842	15.8650621465526	3.33530007040105	0.0723725716477454	0.430110634040896	0.461538461538462	0.384615384615385	0	0.153846153846154	0	0.153846153846154
M26	CLNK	13	8830:8842	15.8650621465526	3.33530007040105	0.0723725716477454	0.430110634040896	0.461538461538462	0.384615384615385	0	0.153846153846154	0	0.153846153846154
M26	ZNF773	13	8830:8842	15.8650621465526	3.33530007040105	0.0723725716477454	0.430110634040896	0.461538461538462	0.384615384615385	0	0.153846153846154	0	0.153846153846154
M26	RP11-84A19.4	13	8830:8842	15.8650621465526	3.33530007040105	0.0723725716477454	0.430110634040896	0.461538461538462	0.384615384615385	0	0.153846153846154	0	0.153846153846154
M26	POU2F2	13	8830:8842	15.8650621465526	3.33530007040105	0.0723725716477454	0.430110634040896	0.461538461538462	0.384615384615385	0	0.153846153846154	0	0.153846153846154
M26	MARK4	13	8830:8842	15.8650621465526	3.33530007040105	0.0723725716477454	0.430110634040896	0.461538461538462	0.384615384615385	0	0.153846153846154	0	0.153846153846154
M26	SERBP1P1	13	8830:8842	15.8650621465526	3.33530007040105	0.0723725716477454	0.430110634040896	0.461538461538462	0.384615384615385	0	0.153846153846154	0	0.153846153846154
M26	DOCK6	13	8830:8842	15.8650621465526	3.33530007040105	0.0723725716477454	0.430110634040896	0.461538461538462	0.384615384615385	0	0.153846153846154	0	0.153846153846154
M26	LINC00958	13	8830:8842	15.8650621465526	3.33530007040105	0.0723725716477454	0.430110634040896	0.461538461538462	0.384615384615385	0	0.153846153846154	0	0.153846153846154
M36	KCNC1	11	8843:8853	22.2614428508493	3.17104535777583	0.0646728374369193	0.530203765885013	0.636363636363636	0.181818181818182	0	0.181818181818182	0	0.0909090909090909
M36	NDE1	11	8843:8853	22.2614428508493	3.17104535777583	0.0646728374369193	0.530203765885013	0.636363636363636	0.181818181818182	0	0.181818181818182	0	0.0909090909090909
M36	MYH11	11	8843:8853	22.2614428508493	3.17104535777583	0.0646728374369193	0.530203765885013	0.636363636363636	0.181818181818182	0	0.181818181818182	0	0.0909090909090909
M36	LINC00520	11	8843:8853	22.2614428508493	3.17104535777583	0.0646728374369193	0.530203765885013	0.636363636363636	0.181818181818182	0	0.181818181818182	0	0.0909090909090909
M36	C2orf48	11	8843:8853	22.2614428508493	3.17104535777583	0.0646728374369193	0.530203765885013	0.636363636363636	0.181818181818182	0	0.181818181818182	0	0.0909090909090909
M36	PCNX2	11	8843:8853	22.2614428508493	3.17104535777583	0.0646728374369193	0.530203765885013	0.636363636363636	0.181818181818182	0	0.181818181818182	0	0.0909090909090909
M36	AIG1	11	8843:8853	22.2614428508493	3.17104535777583	0.0646728374369193	0.530203765885013	0.636363636363636	0.181818181818182	0	0.181818181818182	0	0.0909090909090909
M36	PYROXD2	11	8843:8853	22.2614428508493	3.17104535777583	0.0646728374369193	0.530203765885013	0.636363636363636	0.181818181818182	0	0.181818181818182	0	0.0909090909090909
M36	GOLGA2P5	11	8843:8853	22.2614428508493	3.17104535777583	0.0646728374369193	0.530203765885013	0.636363636363636	0.181818181818182	0	0.181818181818182	0	0.0909090909090909
M36	RPL23AP11	11	8843:8853	22.2614428508493	3.17104535777583	0.0646728374369193	0.530203765885013	0.636363636363636	0.181818181818182	0	0.181818181818182	0	0.0909090909090909
M36	EBF2	11	8843:8853	22.2614428508493	3.17104535777583	0.0646728374369193	0.530203765885013	0.636363636363636	0.181818181818182	0	0.181818181818182	0	0.0909090909090909
M27	RAF1	13	8854:8866	25.1703653838019	3.07452689832899	0.0770675314251807	0.439397703613107	0.692307692307692	0.230769230769231	0	0.0769230769230769	0	0
M27	GRAP2	13	8854:8866	25.1703653838019	3.07452689832899	0.0770675314251807	0.439397703613107	0.692307692307692	0.230769230769231	0	0.0769230769230769	0	0
M27	LEP	13	8854:8866	25.1703653838019	3.07452689832899	0.0770675314251807	0.439397703613107	0.692307692307692	0.230769230769231	0	0.0769230769230769	0	0
M27	GJA8	13	8854:8866	25.1703653838019	3.07452689832899	0.0770675314251807	0.439397703613107	0.692307692307692	0.230769230769231	0	0.0769230769230769	0	0
M27	RP3-412A9.17	13	8854:8866	25.1703653838019	3.07452689832899	0.0770675314251807	0.439397703613107	0.692307692307692	0.230769230769231	0	0.0769230769230769	0	0
M27	CAMK1D	13	8854:8866	25.1703653838019	3.07452689832899	0.0770675314251807	0.439397703613107	0.692307692307692	0.230769230769231	0	0.0769230769230769	0	0
M27	AC104667.3	13	8854:8866	25.1703653838019	3.07452689832899	0.0770675314251807	0.439397703613107	0.692307692307692	0.230769230769231	0	0.0769230769230769	0	0
M27	ASAP2	13	8854:8866	25.1703653838019	3.07452689832899	0.0770675314251807	0.439397703613107	0.692307692307692	0.230769230769231	0	0.0769230769230769	0	0
M27	PTRH1	13	8854:8866	25.1703653838019	3.07452689832899	0.0770675314251807	0.439397703613107	0.692307692307692	0.230769230769231	0	0.0769230769230769	0	0
M27	FAM32BP	13	8854:8866	25.1703653838019	3.07452689832899	0.0770675314251807	0.439397703613107	0.692307692307692	0.230769230769231	0	0.0769230769230769	0	0
M27	RP11-106D4.2	13	8854:8866	25.1703653838019	3.07452689832899	0.0770675314251807	0.439397703613107	0.692307692307692	0.230769230769231	0	0.0769230769230769	0	0
M27	MYH14	13	8854:8866	25.1703653838019	3.07452689832899	0.0770675314251807	0.439397703613107	0.692307692307692	0.230769230769231	0	0.0769230769230769	0	0
M27	EHD4	13	8854:8866	25.1703653838019	3.07452689832899	0.0770675314251807	0.439397703613107	0.692307692307692	0.230769230769231	0	0.0769230769230769	0	0
M43	CTD-2199O4.1	10	8867:8876	14.2692296635556	3.55078042209305	0.078253871217508	0.479145834260076	0.4	0.5	0	0.1	0	0
M43	RPL21P18	10	8867:8876	14.2692296635556	3.55078042209305	0.078253871217508	0.479145834260076	0.4	0.5	0	0.1	0	0
M43	LRRC74B	10	8867:8876	14.2692296635556	3.55078042209305	0.078253871217508	0.479145834260076	0.4	0.5	0	0.1	0	0
M43	PTPRE	10	8867:8876	14.2692296635556	3.55078042209305	0.078253871217508	0.479145834260076	0.4	0.5	0	0.1	0	0
M43	CDH3	10	8867:8876	14.2692296635556	3.55078042209305	0.078253871217508	0.479145834260076	0.4	0.5	0	0.1	0	0
M43	RP4-671O14.7	10	8867:8876	14.2692296635556	3.55078042209305	0.078253871217508	0.479145834260076	0.4	0.5	0	0.1	0	0
M43	EFCAB6-AS1	10	8867:8876	14.2692296635556	3.55078042209305	0.078253871217508	0.479145834260076	0.4	0.5	0	0.1	0	0
M43	CTD-2013N17.4	10	8867:8876	14.2692296635556	3.55078042209305	0.078253871217508	0.479145834260076	0.4	0.5	0	0.1	0	0
M43	TAF5L	10	8867:8876	14.2692296635556	3.55078042209305	0.078253871217508	0.479145834260076	0.4	0.5	0	0.1	0	0
M43	LINC00824	10	8867:8876	14.2692296635556	3.55078042209305	0.078253871217508	0.479145834260076	0.4	0.5	0	0.1	0	0
M6	LRP4	17	8877:8893	174.119403994534	1.70193517541614	0.106278371867984	0.371599317302163	1	0	0	0	0	0
M6	RND3	17	8877:8893	174.119403994534	1.70193517541614	0.106278371867984	0.371599317302163	1	0	0	0	0	0
M6	MGLL	17	8877:8893	174.119403994534	1.70193517541614	0.106278371867984	0.371599317302163	1	0	0	0	0	0
M6	SPRY2	17	8877:8893	174.119403994534	1.70193517541614	0.106278371867984	0.371599317302163	1	0	0	0	0	0
M6	PDGFRA	17	8877:8893	174.119403994534	1.70193517541614	0.106278371867984	0.371599317302163	1	0	0	0	0	0
M6	ECE1	17	8877:8893	174.119403994534	1.70193517541614	0.106278371867984	0.371599317302163	1	0	0	0	0	0
M6	VSTM2A	17	8877:8893	174.119403994534	1.70193517541614	0.106278371867984	0.371599317302163	1	0	0	0	0	0
M6	PDGFD	17	8877:8893	174.119403994534	1.70193517541614	0.106278371867984	0.371599317302163	1	0	0	0	0	0
M6	PALD1	17	8877:8893	174.119403994534	1.70193517541614	0.106278371867984	0.371599317302163	1	0	0	0	0	0
M6	CCDC102B	17	8877:8893	174.119403994534	1.70193517541614	0.106278371867984	0.371599317302163	1	0	0	0	0	0
M6	SRPX2	17	8877:8893	174.119403994534	1.70193517541614	0.106278371867984	0.371599317302163	1	0	0	0	0	0
M6	PAG1	17	8877:8893	174.119403994534	1.70193517541614	0.106278371867984	0.371599317302163	1	0	0	0	0	0
M6	SCUBE2	17	8877:8893	174.119403994534	1.70193517541614	0.106278371867984	0.371599317302163	1	0	0	0	0	0
M6	TNFRSF19	17	8877:8893	174.119403994534	1.70193517541614	0.106278371867984	0.371599317302163	1	0	0	0	0	0
M6	S1PR3	17	8877:8893	174.119403994534	1.70193517541614	0.106278371867984	0.371599317302163	1	0	0	0	0	0
M6	NDNF	17	8877:8893	174.119403994534	1.70193517541614	0.106278371867984	0.371599317302163	1	0	0	0	0	0
M6	KREMEN1	17	8877:8893	174.119403994534	1.70193517541614	0.106278371867984	0.371599317302163	1	0	0	0	0	0
M12	MATN2	15	8894:8908	248.744446316266	1.70875689844681	0.114361507280693	0.368836374098523	1	0	0	0	0	0
M12	COL5A1	15	8894:8908	248.744446316266	1.70875689844681	0.114361507280693	0.368836374098523	1	0	0	0	0	0
M12	LTBP2	15	8894:8908	248.744446316266	1.70875689844681	0.114361507280693	0.368836374098523	1	0	0	0	0	0
M12	ISLR	15	8894:8908	248.744446316266	1.70875689844681	0.114361507280693	0.368836374098523	1	0	0	0	0	0
M12	COL15A1	15	8894:8908	248.744446316266	1.70875689844681	0.114361507280693	0.368836374098523	1	0	0	0	0	0
M12	ITPR1	15	8894:8908	248.744446316266	1.70875689844681	0.114361507280693	0.368836374098523	1	0	0	0	0	0
M12	SYK	15	8894:8908	248.744446316266	1.70875689844681	0.114361507280693	0.368836374098523	1	0	0	0	0	0
M12	EMP2	15	8894:8908	248.744446316266	1.70875689844681	0.114361507280693	0.368836374098523	1	0	0	0	0	0
M12	OLFML2A	15	8894:8908	248.744446316266	1.70875689844681	0.114361507280693	0.368836374098523	1	0	0	0	0	0
M12	NRG1	15	8894:8908	248.744446316266	1.70875689844681	0.114361507280693	0.368836374098523	1	0	0	0	0	0
M12	HTRA1	15	8894:8908	248.744446316266	1.70875689844681	0.114361507280693	0.368836374098523	1	0	0	0	0	0
M12	SCN7A	15	8894:8908	248.744446316266	1.70875689844681	0.114361507280693	0.368836374098523	1	0	0	0	0	0
M12	ENPP6	15	8894:8908	248.744446316266	1.70875689844681	0.114361507280693	0.368836374098523	1	0	0	0	0	0
M12	SCARA5	15	8894:8908	248.744446316266	1.70875689844681	0.114361507280693	0.368836374098523	1	0	0	0	0	0
M12	PLAT	15	8894:8908	248.744446316266	1.70875689844681	0.114361507280693	0.368836374098523	1	0	0	0	0	0
M37	FAT4	11	8909:8919	859.432905431936	0.951807101547845	0.132837811745472	0.580403535609716	1	0	0	0	0	0
M37	WNT5A	11	8909:8919	859.432905431936	0.951807101547845	0.132837811745472	0.580403535609716	1	0	0	0	0	0
M37	PLPP3	11	8909:8919	859.432905431936	0.951807101547845	0.132837811745472	0.580403535609716	1	0	0	0	0	0
M37	BMP4	11	8909:8919	859.432905431936	0.951807101547845	0.132837811745472	0.580403535609716	1	0	0	0	0	0
M37	POSTN	11	8909:8919	859.432905431936	0.951807101547845	0.132837811745472	0.580403535609716	1	0	0	0	0	0
M37	ADGRL3	11	8909:8919	859.432905431936	0.951807101547845	0.132837811745472	0.580403535609716	1	0	0	0	0	0
M37	LEPROT	11	8909:8919	859.432905431936	0.951807101547845	0.132837811745472	0.580403535609716	1	0	0	0	0	0
M37	EDIL3	11	8909:8919	859.432905431936	0.951807101547845	0.132837811745472	0.580403535609716	1	0	0	0	0	0
M37	SLITRK6	11	8909:8919	859.432905431936	0.951807101547845	0.132837811745472	0.580403535609716	1	0	0	0	0	0
M37	FZD1	11	8909:8919	859.432905431936	0.951807101547845	0.132837811745472	0.580403535609716	1	0	0	0	0	0
M37	ITGB1	11	8909:8919	859.432905431936	0.951807101547845	0.132837811745472	0.580403535609716	1	0	0	0	0	0
M7	RAB37	17	8920:8936	534.801560462907	1.55918659330987	0.140007170422117	0.378639848937868	0.882352941176471	0.117647058823529	0	0	0	0.0588235294117647
M7	AC002511.2	17	8920:8936	534.801560462907	1.55918659330987	0.140007170422117	0.378639848937868	0.882352941176471	0.117647058823529	0	0	0	0.0588235294117647
M7	SHANK2	17	8920:8936	534.801560462907	1.55918659330987	0.140007170422117	0.378639848937868	0.882352941176471	0.117647058823529	0	0	0	0.0588235294117647
M7	PTCH1	17	8920:8936	534.801560462907	1.55918659330987	0.140007170422117	0.378639848937868	0.882352941176471	0.117647058823529	0	0	0	0.0588235294117647
M7	FENDRR	17	8920:8936	534.801560462907	1.55918659330987	0.140007170422117	0.378639848937868	0.882352941176471	0.117647058823529	0	0	0	0.0588235294117647
M7	PXDN	17	8920:8936	534.801560462907	1.55918659330987	0.140007170422117	0.378639848937868	0.882352941176471	0.117647058823529	0	0	0	0.0588235294117647
M7	SLC26A2	17	8920:8936	534.801560462907	1.55918659330987	0.140007170422117	0.378639848937868	0.882352941176471	0.117647058823529	0	0	0	0.0588235294117647
M7	FOXL1	17	8920:8936	534.801560462907	1.55918659330987	0.140007170422117	0.378639848937868	0.882352941176471	0.117647058823529	0	0	0	0.0588235294117647
M7	TSPAN33	17	8920:8936	534.801560462907	1.55918659330987	0.140007170422117	0.378639848937868	0.882352941176471	0.117647058823529	0	0	0	0.0588235294117647
M7	VNN2	17	8920:8936	534.801560462907	1.55918659330987	0.140007170422117	0.378639848937868	0.882352941176471	0.117647058823529	0	0	0	0.0588235294117647
M7	LAMB1	17	8920:8936	534.801560462907	1.55918659330987	0.140007170422117	0.378639848937868	0.882352941176471	0.117647058823529	0	0	0	0.0588235294117647
M7	VCAN	17	8920:8936	534.801560462907	1.55918659330987	0.140007170422117	0.378639848937868	0.882352941176471	0.117647058823529	0	0	0	0.0588235294117647
M7	LTBP1	17	8920:8936	534.801560462907	1.55918659330987	0.140007170422117	0.378639848937868	0.882352941176471	0.117647058823529	0	0	0	0.0588235294117647
M7	WNT4	17	8920:8936	534.801560462907	1.55918659330987	0.140007170422117	0.378639848937868	0.882352941176471	0.117647058823529	0	0	0	0.0588235294117647
M7	SYNPO2	17	8920:8936	534.801560462907	1.55918659330987	0.140007170422117	0.378639848937868	0.882352941176471	0.117647058823529	0	0	0	0.0588235294117647
M7	MAMDC2	17	8920:8936	534.801560462907	1.55918659330987	0.140007170422117	0.378639848937868	0.882352941176471	0.117647058823529	0	0	0	0.0588235294117647
M7	PPARGC1B	17	8920:8936	534.801560462907	1.55918659330987	0.140007170422117	0.378639848937868	0.882352941176471	0.117647058823529	0	0	0	0.0588235294117647
M13	A2M	15	8937:8951	186.177334974476	1.70875417121818	0.142465100962132	0.474779519033761	1	0	0	0	0	0
M13	NELL1	15	8937:8951	186.177334974476	1.70875417121818	0.142465100962132	0.474779519033761	1	0	0	0	0	0
M13	DLL1	15	8937:8951	186.177334974476	1.70875417121818	0.142465100962132	0.474779519033761	1	0	0	0	0	0
M13	SEMA4D	15	8937:8951	186.177334974476	1.70875417121818	0.142465100962132	0.474779519033761	1	0	0	0	0	0
M13	HSD17B2	15	8937:8951	186.177334974476	1.70875417121818	0.142465100962132	0.474779519033761	1	0	0	0	0	0
M13	KCNS3	15	8937:8951	186.177334974476	1.70875417121818	0.142465100962132	0.474779519033761	1	0	0	0	0	0
M13	F2R	15	8937:8951	186.177334974476	1.70875417121818	0.142465100962132	0.474779519033761	1	0	0	0	0	0
M13	CXCR4	15	8937:8951	186.177334974476	1.70875417121818	0.142465100962132	0.474779519033761	1	0	0	0	0	0
M13	ALS2CL	15	8937:8951	186.177334974476	1.70875417121818	0.142465100962132	0.474779519033761	1	0	0	0	0	0
M13	CIB2	15	8937:8951	186.177334974476	1.70875417121818	0.142465100962132	0.474779519033761	1	0	0	0	0	0
M13	SIPA1L1	15	8937:8951	186.177334974476	1.70875417121818	0.142465100962132	0.474779519033761	1	0	0	0	0	0
M13	THSD4	15	8937:8951	186.177334974476	1.70875417121818	0.142465100962132	0.474779519033761	1	0	0	0	0	0
M13	CXCL14	15	8937:8951	186.177334974476	1.70875417121818	0.142465100962132	0.474779519033761	1	0	0	0	0	0
M13	GFRA1	15	8937:8951	186.177334974476	1.70875417121818	0.142465100962132	0.474779519033761	1	0	0	0	0	0
M13	HHIP	15	8937:8951	186.177334974476	1.70875417121818	0.142465100962132	0.474779519033761	1	0	0	0	0	0
M14	RHOBTB3	15	8952:8966	297.488729607329	1.19275677088721	0.155932596009002	0.456193156308673	1	0	0	0	0	0
M14	CPED1	15	8952:8966	297.488729607329	1.19275677088721	0.155932596009002	0.456193156308673	1	0	0	0	0	0
M14	SEMA5A	15	8952:8966	297.488729607329	1.19275677088721	0.155932596009002	0.456193156308673	1	0	0	0	0	0
M14	NCAM1	15	8952:8966	297.488729607329	1.19275677088721	0.155932596009002	0.456193156308673	1	0	0	0	0	0
M14	PMEPA1	15	8952:8966	297.488729607329	1.19275677088721	0.155932596009002	0.456193156308673	1	0	0	0	0	0
M14	COL4A5	15	8952:8966	297.488729607329	1.19275677088721	0.155932596009002	0.456193156308673	1	0	0	0	0	0
M14	BMP5	15	8952:8966	297.488729607329	1.19275677088721	0.155932596009002	0.456193156308673	1	0	0	0	0	0
M14	PROM1	15	8952:8966	297.488729607329	1.19275677088721	0.155932596009002	0.456193156308673	1	0	0	0	0	0
M14	TMEM100	15	8952:8966	297.488729607329	1.19275677088721	0.155932596009002	0.456193156308673	1	0	0	0	0	0
M14	NTRK3	15	8952:8966	297.488729607329	1.19275677088721	0.155932596009002	0.456193156308673	1	0	0	0	0	0
M14	C1orf21	15	8952:8966	297.488729607329	1.19275677088721	0.155932596009002	0.456193156308673	1	0	0	0	0	0
M14	COLEC12	15	8952:8966	297.488729607329	1.19275677088721	0.155932596009002	0.456193156308673	1	0	0	0	0	0
M14	COL4A6	15	8952:8966	297.488729607329	1.19275677088721	0.155932596009002	0.456193156308673	1	0	0	0	0	0
M14	SERTAD4	15	8952:8966	297.488729607329	1.19275677088721	0.155932596009002	0.456193156308673	1	0	0	0	0	0
M14	VEGFA	15	8952:8966	297.488729607329	1.19275677088721	0.155932596009002	0.456193156308673	1	0	0	0	0	0
M1	JUND	53	8967:9019	360.781859143382	2.03057749671152	0.222122107504236	0.450661276405143	0.981132075471698	0.0188679245283019	0	0	0	0.245283018867925
M1	JUNB	53	8967:9019	360.781859143382	2.03057749671152	0.222122107504236	0.450661276405143	0.981132075471698	0.0188679245283019	0	0	0	0.245283018867925
M1	SNAI1	53	8967:9019	360.781859143382	2.03057749671152	0.222122107504236	0.450661276405143	0.981132075471698	0.0188679245283019	0	0	0	0.245283018867925
M1	RASD1	53	8967:9019	360.781859143382	2.03057749671152	0.222122107504236	0.450661276405143	0.981132075471698	0.0188679245283019	0	0	0	0.245283018867925
M1	IER3	53	8967:9019	360.781859143382	2.03057749671152	0.222122107504236	0.450661276405143	0.981132075471698	0.0188679245283019	0	0	0	0.245283018867925
M1	KLF10	53	8967:9019	360.781859143382	2.03057749671152	0.222122107504236	0.450661276405143	0.981132075471698	0.0188679245283019	0	0	0	0.245283018867925
M1	POLG2	53	8967:9019	360.781859143382	2.03057749671152	0.222122107504236	0.450661276405143	0.981132075471698	0.0188679245283019	0	0	0	0.245283018867925
M1	CYR61	53	8967:9019	360.781859143382	2.03057749671152	0.222122107504236	0.450661276405143	0.981132075471698	0.0188679245283019	0	0	0	0.245283018867925
M1	H2AFZ	53	8967:9019	360.781859143382	2.03057749671152	0.222122107504236	0.450661276405143	0.981132075471698	0.0188679245283019	0	0	0	0.245283018867925
M1	ADM	53	8967:9019	360.781859143382	2.03057749671152	0.222122107504236	0.450661276405143	0.981132075471698	0.0188679245283019	0	0	0	0.245283018867925
M1	ID3	53	8967:9019	360.781859143382	2.03057749671152	0.222122107504236	0.450661276405143	0.981132075471698	0.0188679245283019	0	0	0	0.245283018867925
M1	FOSB	53	8967:9019	360.781859143382	2.03057749671152	0.222122107504236	0.450661276405143	0.981132075471698	0.0188679245283019	0	0	0	0.245283018867925
M1	DUSP1	53	8967:9019	360.781859143382	2.03057749671152	0.222122107504236	0.450661276405143	0.981132075471698	0.0188679245283019	0	0	0	0.245283018867925
M1	DNAJB1	53	8967:9019	360.781859143382	2.03057749671152	0.222122107504236	0.450661276405143	0.981132075471698	0.0188679245283019	0	0	0	0.245283018867925
M1	CTD-3252C9.4	53	8967:9019	360.781859143382	2.03057749671152	0.222122107504236	0.450661276405143	0.981132075471698	0.0188679245283019	0	0	0	0.245283018867925
M1	DNAJA1	53	8967:9019	360.781859143382	2.03057749671152	0.222122107504236	0.450661276405143	0.981132075471698	0.0188679245283019	0	0	0	0.245283018867925
M1	NFKBIA	53	8967:9019	360.781859143382	2.03057749671152	0.222122107504236	0.450661276405143	0.981132075471698	0.0188679245283019	0	0	0	0.245283018867925
M1	SERTAD1	53	8967:9019	360.781859143382	2.03057749671152	0.222122107504236	0.450661276405143	0.981132075471698	0.0188679245283019	0	0	0	0.245283018867925
M1	ING1	53	8967:9019	360.781859143382	2.03057749671152	0.222122107504236	0.450661276405143	0.981132075471698	0.0188679245283019	0	0	0	0.245283018867925
M1	MCL1	53	8967:9019	360.781859143382	2.03057749671152	0.222122107504236	0.450661276405143	0.981132075471698	0.0188679245283019	0	0	0	0.245283018867925
M1	IER2	53	8967:9019	360.781859143382	2.03057749671152	0.222122107504236	0.450661276405143	0.981132075471698	0.0188679245283019	0	0	0	0.245283018867925
M1	EGR3	53	8967:9019	360.781859143382	2.03057749671152	0.222122107504236	0.450661276405143	0.981132075471698	0.0188679245283019	0	0	0	0.245283018867925
M1	KLF4	53	8967:9019	360.781859143382	2.03057749671152	0.222122107504236	0.450661276405143	0.981132075471698	0.0188679245283019	0	0	0	0.245283018867925
M1	TIPARP	53	8967:9019	360.781859143382	2.03057749671152	0.222122107504236	0.450661276405143	0.981132075471698	0.0188679245283019	0	0	0	0.245283018867925
M1	HERPUD1	53	8967:9019	360.781859143382	2.03057749671152	0.222122107504236	0.450661276405143	0.981132075471698	0.0188679245283019	0	0	0	0.245283018867925
M1	HSPA1A	53	8967:9019	360.781859143382	2.03057749671152	0.222122107504236	0.450661276405143	0.981132075471698	0.0188679245283019	0	0	0	0.245283018867925
M1	EGR1	53	8967:9019	360.781859143382	2.03057749671152	0.222122107504236	0.450661276405143	0.981132075471698	0.0188679245283019	0	0	0	0.245283018867925
M1	HSPA1B	53	8967:9019	360.781859143382	2.03057749671152	0.222122107504236	0.450661276405143	0.981132075471698	0.0188679245283019	0	0	0	0.245283018867925
M1	RHOB	53	8967:9019	360.781859143382	2.03057749671152	0.222122107504236	0.450661276405143	0.981132075471698	0.0188679245283019	0	0	0	0.245283018867925
M1	CSRNP1	53	8967:9019	360.781859143382	2.03057749671152	0.222122107504236	0.450661276405143	0.981132075471698	0.0188679245283019	0	0	0	0.245283018867925
M1	TOB1	53	8967:9019	360.781859143382	2.03057749671152	0.222122107504236	0.450661276405143	0.981132075471698	0.0188679245283019	0	0	0	0.245283018867925
M1	SPTY2D1	53	8967:9019	360.781859143382	2.03057749671152	0.222122107504236	0.450661276405143	0.981132075471698	0.0188679245283019	0	0	0	0.245283018867925
M1	BRD2	53	8967:9019	360.781859143382	2.03057749671152	0.222122107504236	0.450661276405143	0.981132075471698	0.0188679245283019	0	0	0	0.245283018867925
M1	BAG3	53	8967:9019	360.781859143382	2.03057749671152	0.222122107504236	0.450661276405143	0.981132075471698	0.0188679245283019	0	0	0	0.245283018867925
M1	FOS	53	8967:9019	360.781859143382	2.03057749671152	0.222122107504236	0.450661276405143	0.981132075471698	0.0188679245283019	0	0	0	0.245283018867925
M1	SRSF7	53	8967:9019	360.781859143382	2.03057749671152	0.222122107504236	0.450661276405143	0.981132075471698	0.0188679245283019	0	0	0	0.245283018867925
M1	UBC	53	8967:9019	360.781859143382	2.03057749671152	0.222122107504236	0.450661276405143	0.981132075471698	0.0188679245283019	0	0	0	0.245283018867925
M1	CHORDC1	53	8967:9019	360.781859143382	2.03057749671152	0.222122107504236	0.450661276405143	0.981132075471698	0.0188679245283019	0	0	0	0.245283018867925
M1	GADD45A	53	8967:9019	360.781859143382	2.03057749671152	0.222122107504236	0.450661276405143	0.981132075471698	0.0188679245283019	0	0	0	0.245283018867925
M1	DUSP5	53	8967:9019	360.781859143382	2.03057749671152	0.222122107504236	0.450661276405143	0.981132075471698	0.0188679245283019	0	0	0	0.245283018867925
M1	TUBB4B	53	8967:9019	360.781859143382	2.03057749671152	0.222122107504236	0.450661276405143	0.981132075471698	0.0188679245283019	0	0	0	0.245283018867925
M1	ATF3	53	8967:9019	360.781859143382	2.03057749671152	0.222122107504236	0.450661276405143	0.981132075471698	0.0188679245283019	0	0	0	0.245283018867925
M1	EIF1	53	8967:9019	360.781859143382	2.03057749671152	0.222122107504236	0.450661276405143	0.981132075471698	0.0188679245283019	0	0	0	0.245283018867925
M1	KLHL15	53	8967:9019	360.781859143382	2.03057749671152	0.222122107504236	0.450661276405143	0.981132075471698	0.0188679245283019	0	0	0	0.245283018867925
M1	MYADM	53	8967:9019	360.781859143382	2.03057749671152	0.222122107504236	0.450661276405143	0.981132075471698	0.0188679245283019	0	0	0	0.245283018867925
M1	CDKN1A	53	8967:9019	360.781859143382	2.03057749671152	0.222122107504236	0.450661276405143	0.981132075471698	0.0188679245283019	0	0	0	0.245283018867925
M1	GADD45B	53	8967:9019	360.781859143382	2.03057749671152	0.222122107504236	0.450661276405143	0.981132075471698	0.0188679245283019	0	0	0	0.245283018867925
M1	JUN	53	8967:9019	360.781859143382	2.03057749671152	0.222122107504236	0.450661276405143	0.981132075471698	0.0188679245283019	0	0	0	0.245283018867925
M1	PLK2	53	8967:9019	360.781859143382	2.03057749671152	0.222122107504236	0.450661276405143	0.981132075471698	0.0188679245283019	0	0	0	0.245283018867925
M1	SOCS3	53	8967:9019	360.781859143382	2.03057749671152	0.222122107504236	0.450661276405143	0.981132075471698	0.0188679245283019	0	0	0	0.245283018867925
M1	ZFP36	53	8967:9019	360.781859143382	2.03057749671152	0.222122107504236	0.450661276405143	0.981132075471698	0.0188679245283019	0	0	0	0.245283018867925
M1	IER5	53	8967:9019	360.781859143382	2.03057749671152	0.222122107504236	0.450661276405143	0.981132075471698	0.0188679245283019	0	0	0	0.245283018867925
M1	DDX5	53	8967:9019	360.781859143382	2.03057749671152	0.222122107504236	0.450661276405143	0.981132075471698	0.0188679245283019	0	0	0	0.245283018867925
M3	NFKBIZ	21	9020:9040	624.16304646945	1.41754146936285	0.176241992925303	0.406660418926259	0.952380952380952	0	0	0.0476190476190476	0	0.0476190476190476
M3	IVNS1ABP	21	9020:9040	624.16304646945	1.41754146936285	0.176241992925303	0.406660418926259	0.952380952380952	0	0	0.0476190476190476	0	0.0476190476190476
M3	HSP90AA1	21	9020:9040	624.16304646945	1.41754146936285	0.176241992925303	0.406660418926259	0.952380952380952	0	0	0.0476190476190476	0	0.0476190476190476
M3	MAFF	21	9020:9040	624.16304646945	1.41754146936285	0.176241992925303	0.406660418926259	0.952380952380952	0	0	0.0476190476190476	0	0.0476190476190476
M3	PTP4A1	21	9020:9040	624.16304646945	1.41754146936285	0.176241992925303	0.406660418926259	0.952380952380952	0	0	0.0476190476190476	0	0.0476190476190476
M3	HSP90AA2P	21	9020:9040	624.16304646945	1.41754146936285	0.176241992925303	0.406660418926259	0.952380952380952	0	0	0.0476190476190476	0	0.0476190476190476
M3	CCNL1	21	9020:9040	624.16304646945	1.41754146936285	0.176241992925303	0.406660418926259	0.952380952380952	0	0	0.0476190476190476	0	0.0476190476190476
M3	BTG2	21	9020:9040	624.16304646945	1.41754146936285	0.176241992925303	0.406660418926259	0.952380952380952	0	0	0.0476190476190476	0	0.0476190476190476
M3	HSP90AB1	21	9020:9040	624.16304646945	1.41754146936285	0.176241992925303	0.406660418926259	0.952380952380952	0	0	0.0476190476190476	0	0.0476190476190476
M3	HSPD1	21	9020:9040	624.16304646945	1.41754146936285	0.176241992925303	0.406660418926259	0.952380952380952	0	0	0.0476190476190476	0	0.0476190476190476
M3	PPP1R15A	21	9020:9040	624.16304646945	1.41754146936285	0.176241992925303	0.406660418926259	0.952380952380952	0	0	0.0476190476190476	0	0.0476190476190476
M3	PHLDA1	21	9020:9040	624.16304646945	1.41754146936285	0.176241992925303	0.406660418926259	0.952380952380952	0	0	0.0476190476190476	0	0.0476190476190476
M3	SLC38A2	21	9020:9040	624.16304646945	1.41754146936285	0.176241992925303	0.406660418926259	0.952380952380952	0	0	0.0476190476190476	0	0.0476190476190476
M3	MORF4L2	21	9020:9040	624.16304646945	1.41754146936285	0.176241992925303	0.406660418926259	0.952380952380952	0	0	0.0476190476190476	0	0.0476190476190476
M3	HSPE1	21	9020:9040	624.16304646945	1.41754146936285	0.176241992925303	0.406660418926259	0.952380952380952	0	0	0.0476190476190476	0	0.0476190476190476
M3	SRSF3	21	9020:9040	624.16304646945	1.41754146936285	0.176241992925303	0.406660418926259	0.952380952380952	0	0	0.0476190476190476	0	0.0476190476190476
M3	EIF4A2	21	9020:9040	624.16304646945	1.41754146936285	0.176241992925303	0.406660418926259	0.952380952380952	0	0	0.0476190476190476	0	0.0476190476190476
M3	DDX3X	21	9020:9040	624.16304646945	1.41754146936285	0.176241992925303	0.406660418926259	0.952380952380952	0	0	0.0476190476190476	0	0.0476190476190476
M3	DNAJB4	21	9020:9040	624.16304646945	1.41754146936285	0.176241992925303	0.406660418926259	0.952380952380952	0	0	0.0476190476190476	0	0.0476190476190476
M3	DNAJB6	21	9020:9040	624.16304646945	1.41754146936285	0.176241992925303	0.406660418926259	0.952380952380952	0	0	0.0476190476190476	0	0.0476190476190476
M3	HSPH1	21	9020:9040	624.16304646945	1.41754146936285	0.176241992925303	0.406660418926259	0.952380952380952	0	0	0.0476190476190476	0	0.0476190476190476
M20	NABP1	14	9041:9054	157.666517400839	1.81376558279521	0.0850440915397903	0.503981543241241	0.928571428571429	0.0714285714285714	0	0	0	0.142857142857143
M20	THUMPD3-AS1	14	9041:9054	157.666517400839	1.81376558279521	0.0850440915397903	0.503981543241241	0.928571428571429	0.0714285714285714	0	0	0	0.142857142857143
M20	MEX3C	14	9041:9054	157.666517400839	1.81376558279521	0.0850440915397903	0.503981543241241	0.928571428571429	0.0714285714285714	0	0	0	0.142857142857143
M20	HNRNPU	14	9041:9054	157.666517400839	1.81376558279521	0.0850440915397903	0.503981543241241	0.928571428571429	0.0714285714285714	0	0	0	0.142857142857143
M20	RSRP1	14	9041:9054	157.666517400839	1.81376558279521	0.0850440915397903	0.503981543241241	0.928571428571429	0.0714285714285714	0	0	0	0.142857142857143
M20	IDI1	14	9041:9054	157.666517400839	1.81376558279521	0.0850440915397903	0.503981543241241	0.928571428571429	0.0714285714285714	0	0	0	0.142857142857143
M20	SOX11	14	9041:9054	157.666517400839	1.81376558279521	0.0850440915397903	0.503981543241241	0.928571428571429	0.0714285714285714	0	0	0	0.142857142857143
M20	ZFAND5	14	9041:9054	157.666517400839	1.81376558279521	0.0850440915397903	0.503981543241241	0.928571428571429	0.0714285714285714	0	0	0	0.142857142857143
M20	RANBP9	14	9041:9054	157.666517400839	1.81376558279521	0.0850440915397903	0.503981543241241	0.928571428571429	0.0714285714285714	0	0	0	0.142857142857143
M20	ADAMTS1	14	9041:9054	157.666517400839	1.81376558279521	0.0850440915397903	0.503981543241241	0.928571428571429	0.0714285714285714	0	0	0	0.142857142857143
M20	ID2	14	9041:9054	157.666517400839	1.81376558279521	0.0850440915397903	0.503981543241241	0.928571428571429	0.0714285714285714	0	0	0	0.142857142857143
M20	BZW1	14	9041:9054	157.666517400839	1.81376558279521	0.0850440915397903	0.503981543241241	0.928571428571429	0.0714285714285714	0	0	0	0.142857142857143
M20	INTS6	14	9041:9054	157.666517400839	1.81376558279521	0.0850440915397903	0.503981543241241	0.928571428571429	0.0714285714285714	0	0	0	0.142857142857143
M20	NOL10	14	9041:9054	157.666517400839	1.81376558279521	0.0850440915397903	0.503981543241241	0.928571428571429	0.0714285714285714	0	0	0	0.142857142857143
M32	MZF1-AS1	12	9055:9066	80.9951062856749	2.50082968293881	0.0981913872150012	0.416510905981772	0.916666666666667	0.0833333333333333	0	0	0	0.333333333333333
M32	NFIL3	12	9055:9066	80.9951062856749	2.50082968293881	0.0981913872150012	0.416510905981772	0.916666666666667	0.0833333333333333	0	0	0	0.333333333333333
M32	ZBTB11	12	9055:9066	80.9951062856749	2.50082968293881	0.0981913872150012	0.416510905981772	0.916666666666667	0.0833333333333333	0	0	0	0.333333333333333
M32	YWHAZ	12	9055:9066	80.9951062856749	2.50082968293881	0.0981913872150012	0.416510905981772	0.916666666666667	0.0833333333333333	0	0	0	0.333333333333333
M32	TRA2B	12	9055:9066	80.9951062856749	2.50082968293881	0.0981913872150012	0.416510905981772	0.916666666666667	0.0833333333333333	0	0	0	0.333333333333333
M32	CKS2	12	9055:9066	80.9951062856749	2.50082968293881	0.0981913872150012	0.416510905981772	0.916666666666667	0.0833333333333333	0	0	0	0.333333333333333
M32	ZNF844	12	9055:9066	80.9951062856749	2.50082968293881	0.0981913872150012	0.416510905981772	0.916666666666667	0.0833333333333333	0	0	0	0.333333333333333
M32	SERTAD3	12	9055:9066	80.9951062856749	2.50082968293881	0.0981913872150012	0.416510905981772	0.916666666666667	0.0833333333333333	0	0	0	0.333333333333333
M32	EIF4A3	12	9055:9066	80.9951062856749	2.50082968293881	0.0981913872150012	0.416510905981772	0.916666666666667	0.0833333333333333	0	0	0	0.333333333333333
M32	ARL4D	12	9055:9066	80.9951062856749	2.50082968293881	0.0981913872150012	0.416510905981772	0.916666666666667	0.0833333333333333	0	0	0	0.333333333333333
M32	EGR2	12	9055:9066	80.9951062856749	2.50082968293881	0.0981913872150012	0.416510905981772	0.916666666666667	0.0833333333333333	0	0	0	0.333333333333333
M32	IFRD1	12	9055:9066	80.9951062856749	2.50082968293881	0.0981913872150012	0.416510905981772	0.916666666666667	0.0833333333333333	0	0	0	0.333333333333333
M15	SRSF5	15	9067:9081	190.596188201625	1.48441289531113	0.126057054896014	0.420866538796221	0.933333333333333	0.0666666666666667	0	0	0	0.2
M15	ZFP36L1	15	9067:9081	190.596188201625	1.48441289531113	0.126057054896014	0.420866538796221	0.933333333333333	0.0666666666666667	0	0	0	0.2
M15	NXF1	15	9067:9081	190.596188201625	1.48441289531113	0.126057054896014	0.420866538796221	0.933333333333333	0.0666666666666667	0	0	0	0.2
M15	MYLIP	15	9067:9081	190.596188201625	1.48441289531113	0.126057054896014	0.420866538796221	0.933333333333333	0.0666666666666667	0	0	0	0.2
M15	PNRC1	15	9067:9081	190.596188201625	1.48441289531113	0.126057054896014	0.420866538796221	0.933333333333333	0.0666666666666667	0	0	0	0.2
M15	IRF1	15	9067:9081	190.596188201625	1.48441289531113	0.126057054896014	0.420866538796221	0.933333333333333	0.0666666666666667	0	0	0	0.2
M15	EIF5	15	9067:9081	190.596188201625	1.48441289531113	0.126057054896014	0.420866538796221	0.933333333333333	0.0666666666666667	0	0	0	0.2
M15	PCF11	15	9067:9081	190.596188201625	1.48441289531113	0.126057054896014	0.420866538796221	0.933333333333333	0.0666666666666667	0	0	0	0.2
M15	MAFB	15	9067:9081	190.596188201625	1.48441289531113	0.126057054896014	0.420866538796221	0.933333333333333	0.0666666666666667	0	0	0	0.2
M15	BTG1	15	9067:9081	190.596188201625	1.48441289531113	0.126057054896014	0.420866538796221	0.933333333333333	0.0666666666666667	0	0	0	0.2
M15	FAM53C	15	9067:9081	190.596188201625	1.48441289531113	0.126057054896014	0.420866538796221	0.933333333333333	0.0666666666666667	0	0	0	0.2
M15	HNRNPH1	15	9067:9081	190.596188201625	1.48441289531113	0.126057054896014	0.420866538796221	0.933333333333333	0.0666666666666667	0	0	0	0.2
M15	AC116366.6	15	9067:9081	190.596188201625	1.48441289531113	0.126057054896014	0.420866538796221	0.933333333333333	0.0666666666666667	0	0	0	0.2
M15	ARRDC3	15	9067:9081	190.596188201625	1.48441289531113	0.126057054896014	0.420866538796221	0.933333333333333	0.0666666666666667	0	0	0	0.2
M15	HEXIM1	15	9067:9081	190.596188201625	1.48441289531113	0.126057054896014	0.420866538796221	0.933333333333333	0.0666666666666667	0	0	0	0.2
M44	KITLG	10	9082:9091	103.470923772605	1.84797688015491	0.0629353670380512	0.474805148928495	1	0	0	0	0	0.2
M44	PRKAR1A	10	9082:9091	103.470923772605	1.84797688015491	0.0629353670380512	0.474805148928495	1	0	0	0	0	0.2
M44	VMP1	10	9082:9091	103.470923772605	1.84797688015491	0.0629353670380512	0.474805148928495	1	0	0	0	0	0.2
M44	DUSP6	10	9082:9091	103.470923772605	1.84797688015491	0.0629353670380512	0.474805148928495	1	0	0	0	0	0.2
M44	CEP350	10	9082:9091	103.470923772605	1.84797688015491	0.0629353670380512	0.474805148928495	1	0	0	0	0	0.2
M44	PPP2CA	10	9082:9091	103.470923772605	1.84797688015491	0.0629353670380512	0.474805148928495	1	0	0	0	0	0.2
M44	ZNF184	10	9082:9091	103.470923772605	1.84797688015491	0.0629353670380512	0.474805148928495	1	0	0	0	0	0.2
M44	CFAP97	10	9082:9091	103.470923772605	1.84797688015491	0.0629353670380512	0.474805148928495	1	0	0	0	0	0.2
M44	ARF4	10	9082:9091	103.470923772605	1.84797688015491	0.0629353670380512	0.474805148928495	1	0	0	0	0	0.2
M44	MLLT10	10	9082:9091	103.470923772605	1.84797688015491	0.0629353670380512	0.474805148928495	1	0	0	0	0	0.2
M28	ACTA2	13	9092:9104	173.622546405046	1.98326385047511	0.165956532778477	0.396573187761443	1	0	0	0	0	0
M28	VCL	13	9092:9104	173.622546405046	1.98326385047511	0.165956532778477	0.396573187761443	1	0	0	0	0	0
M28	TPM1	13	9092:9104	173.622546405046	1.98326385047511	0.165956532778477	0.396573187761443	1	0	0	0	0	0
M28	PDLIM3	13	9092:9104	173.622546405046	1.98326385047511	0.165956532778477	0.396573187761443	1	0	0	0	0	0
M28	PLS3	13	9092:9104	173.622546405046	1.98326385047511	0.165956532778477	0.396573187761443	1	0	0	0	0	0
M28	CD9	13	9092:9104	173.622546405046	1.98326385047511	0.165956532778477	0.396573187761443	1	0	0	0	0	0
M28	TPM4	13	9092:9104	173.622546405046	1.98326385047511	0.165956532778477	0.396573187761443	1	0	0	0	0	0
M28	RALGPS2	13	9092:9104	173.622546405046	1.98326385047511	0.165956532778477	0.396573187761443	1	0	0	0	0	0
M28	CAV1	13	9092:9104	173.622546405046	1.98326385047511	0.165956532778477	0.396573187761443	1	0	0	0	0	0
M28	CORO1C	13	9092:9104	173.622546405046	1.98326385047511	0.165956532778477	0.396573187761443	1	0	0	0	0	0
M28	MYOCD	13	9092:9104	173.622546405046	1.98326385047511	0.165956532778477	0.396573187761443	1	0	0	0	0	0
M28	LMOD1	13	9092:9104	173.622546405046	1.98326385047511	0.165956532778477	0.396573187761443	1	0	0	0	0	0
M28	GAS1	13	9092:9104	173.622546405046	1.98326385047511	0.165956532778477	0.396573187761443	1	0	0	0	0	0
M45	NDFIP1	10	9105:9114	676.440889876527	1.68332331071478	0.0907621743913717	0.452835290641298	1	0	0	0	0	0.2
M45	CSDE1	10	9105:9114	676.440889876527	1.68332331071478	0.0907621743913717	0.452835290641298	1	0	0	0	0	0.2
M45	IFI35	10	9105:9114	676.440889876527	1.68332331071478	0.0907621743913717	0.452835290641298	1	0	0	0	0	0.2
M45	ERGIC3	10	9105:9114	676.440889876527	1.68332331071478	0.0907621743913717	0.452835290641298	1	0	0	0	0	0.2
M45	TRIM11	10	9105:9114	676.440889876527	1.68332331071478	0.0907621743913717	0.452835290641298	1	0	0	0	0	0.2
M45	GHITM	10	9105:9114	676.440889876527	1.68332331071478	0.0907621743913717	0.452835290641298	1	0	0	0	0	0.2
M45	IWS1	10	9105:9114	676.440889876527	1.68332331071478	0.0907621743913717	0.452835290641298	1	0	0	0	0	0.2
M45	PTP4A2	10	9105:9114	676.440889876527	1.68332331071478	0.0907621743913717	0.452835290641298	1	0	0	0	0	0.2
M45	SSRP1	10	9105:9114	676.440889876527	1.68332331071478	0.0907621743913717	0.452835290641298	1	0	0	0	0	0.2
M45	POFUT2	10	9105:9114	676.440889876527	1.68332331071478	0.0907621743913717	0.452835290641298	1	0	0	0	0	0.2
M46	USP54	10	9115:9124	56.648132613543	2.57842132303573	0.110338312298177	1.51345882685647	0.5	0.5	0	0	0	0.1
M46	ZNF454	10	9115:9124	56.648132613543	2.57842132303573	0.110338312298177	1.51345882685647	0.5	0.5	0	0	0	0.1
M46	PANK2	10	9115:9124	56.648132613543	2.57842132303573	0.110338312298177	1.51345882685647	0.5	0.5	0	0	0	0.1
M46	USP12	10	9115:9124	56.648132613543	2.57842132303573	0.110338312298177	1.51345882685647	0.5	0.5	0	0	0	0.1
M46	RP11-211N8.2	10	9115:9124	56.648132613543	2.57842132303573	0.110338312298177	1.51345882685647	0.5	0.5	0	0	0	0.1
M46	DAPK2	10	9115:9124	56.648132613543	2.57842132303573	0.110338312298177	1.51345882685647	0.5	0.5	0	0	0	0.1
M46	RP11-475I24.3	10	9115:9124	56.648132613543	2.57842132303573	0.110338312298177	1.51345882685647	0.5	0.5	0	0	0	0.1
M46	RP11-262H14.4	10	9115:9124	56.648132613543	2.57842132303573	0.110338312298177	1.51345882685647	0.5	0.5	0	0	0	0.1
M46	GLIDR	10	9115:9124	56.648132613543	2.57842132303573	0.110338312298177	1.51345882685647	0.5	0.5	0	0	0	0.1
M46	RP11-111F5.4	10	9115:9124	56.648132613543	2.57842132303573	0.110338312298177	1.51345882685647	0.5	0.5	0	0	0	0.1
M47	TAPBP	10	9125:9134	232.66076102681	2.0268081566401	0.105207469742611	0.683116269996992	1	0	0	0	0	0
M47	NSG1	10	9125:9134	232.66076102681	2.0268081566401	0.105207469742611	0.683116269996992	1	0	0	0	0	0
M47	ACKR3	10	9125:9134	232.66076102681	2.0268081566401	0.105207469742611	0.683116269996992	1	0	0	0	0	0
M47	TMEM176B	10	9125:9134	232.66076102681	2.0268081566401	0.105207469742611	0.683116269996992	1	0	0	0	0	0
M47	PDPN	10	9125:9134	232.66076102681	2.0268081566401	0.105207469742611	0.683116269996992	1	0	0	0	0	0
M47	MMP10	10	9125:9134	232.66076102681	2.0268081566401	0.105207469742611	0.683116269996992	1	0	0	0	0	0
M47	CDH13	10	9125:9134	232.66076102681	2.0268081566401	0.105207469742611	0.683116269996992	1	0	0	0	0	0
M47	OLFM1	10	9125:9134	232.66076102681	2.0268081566401	0.105207469742611	0.683116269996992	1	0	0	0	0	0
M47	TMEM176A	10	9125:9134	232.66076102681	2.0268081566401	0.105207469742611	0.683116269996992	1	0	0	0	0	0
M47	PAWR	10	9125:9134	232.66076102681	2.0268081566401	0.105207469742611	0.683116269996992	1	0	0	0	0	0
M38	VPS13B	11	9135:9145	248.085651253138	1.20714780421638	0.0785925693057276	0.420851449650077	1	0	0	0	0	0.181818181818182
M38	BBX	11	9135:9145	248.085651253138	1.20714780421638	0.0785925693057276	0.420851449650077	1	0	0	0	0	0.181818181818182
M38	SETD5	11	9135:9145	248.085651253138	1.20714780421638	0.0785925693057276	0.420851449650077	1	0	0	0	0	0.181818181818182
M38	DYNC1LI2	11	9135:9145	248.085651253138	1.20714780421638	0.0785925693057276	0.420851449650077	1	0	0	0	0	0.181818181818182
M38	PLAGL1	11	9135:9145	248.085651253138	1.20714780421638	0.0785925693057276	0.420851449650077	1	0	0	0	0	0.181818181818182
M38	PLEKHH2	11	9135:9145	248.085651253138	1.20714780421638	0.0785925693057276	0.420851449650077	1	0	0	0	0	0.181818181818182
M38	ZNF638	11	9135:9145	248.085651253138	1.20714780421638	0.0785925693057276	0.420851449650077	1	0	0	0	0	0.181818181818182
M38	CHD9	11	9135:9145	248.085651253138	1.20714780421638	0.0785925693057276	0.420851449650077	1	0	0	0	0	0.181818181818182
M38	ATXN2	11	9135:9145	248.085651253138	1.20714780421638	0.0785925693057276	0.420851449650077	1	0	0	0	0	0.181818181818182
M38	MAPK10	11	9135:9145	248.085651253138	1.20714780421638	0.0785925693057276	0.420851449650077	1	0	0	0	0	0.181818181818182
M38	TTC28	11	9135:9145	248.085651253138	1.20714780421638	0.0785925693057276	0.420851449650077	1	0	0	0	0	0.181818181818182
M21	ASH1L	14	9146:9159	352.311669407055	1.02275247261271	0.107083294649889	0.718574978507803	1	0	0	0	0	0.214285714285714
M21	KMT2A	14	9146:9159	352.311669407055	1.02275247261271	0.107083294649889	0.718574978507803	1	0	0	0	0	0.214285714285714
M21	NCOA1	14	9146:9159	352.311669407055	1.02275247261271	0.107083294649889	0.718574978507803	1	0	0	0	0	0.214285714285714
M21	ANKRD36	14	9146:9159	352.311669407055	1.02275247261271	0.107083294649889	0.718574978507803	1	0	0	0	0	0.214285714285714
M21	TCF4	14	9146:9159	352.311669407055	1.02275247261271	0.107083294649889	0.718574978507803	1	0	0	0	0	0.214285714285714
M21	SRSF11	14	9146:9159	352.311669407055	1.02275247261271	0.107083294649889	0.718574978507803	1	0	0	0	0	0.214285714285714
M21	ANKRD36C	14	9146:9159	352.311669407055	1.02275247261271	0.107083294649889	0.718574978507803	1	0	0	0	0	0.214285714285714
M21	ANKRD36B	14	9146:9159	352.311669407055	1.02275247261271	0.107083294649889	0.718574978507803	1	0	0	0	0	0.214285714285714
M21	TTC3	14	9146:9159	352.311669407055	1.02275247261271	0.107083294649889	0.718574978507803	1	0	0	0	0	0.214285714285714
M21	CTNND1	14	9146:9159	352.311669407055	1.02275247261271	0.107083294649889	0.718574978507803	1	0	0	0	0	0.214285714285714
M21	HOXA5	14	9146:9159	352.311669407055	1.02275247261271	0.107083294649889	0.718574978507803	1	0	0	0	0	0.214285714285714
M21	NIPBL	14	9146:9159	352.311669407055	1.02275247261271	0.107083294649889	0.718574978507803	1	0	0	0	0	0.214285714285714
M21	PHACTR2	14	9146:9159	352.311669407055	1.02275247261271	0.107083294649889	0.718574978507803	1	0	0	0	0	0.214285714285714
M21	SEC31A	14	9146:9159	352.311669407055	1.02275247261271	0.107083294649889	0.718574978507803	1	0	0	0	0	0.214285714285714
M48	FMNL2	10	9160:9169	231.919081948483	1.16479557914405	0.0775793712608306	0.494822188879283	1	0	0	0	0	0.1
M48	ADGRA2	10	9160:9169	231.919081948483	1.16479557914405	0.0775793712608306	0.494822188879283	1	0	0	0	0	0.1
M48	MKLN1	10	9160:9169	231.919081948483	1.16479557914405	0.0775793712608306	0.494822188879283	1	0	0	0	0	0.1
M48	SENP6	10	9160:9169	231.919081948483	1.16479557914405	0.0775793712608306	0.494822188879283	1	0	0	0	0	0.1
M48	LYST	10	9160:9169	231.919081948483	1.16479557914405	0.0775793712608306	0.494822188879283	1	0	0	0	0	0.1
M48	TROVE2	10	9160:9169	231.919081948483	1.16479557914405	0.0775793712608306	0.494822188879283	1	0	0	0	0	0.1
M48	SREK1	10	9160:9169	231.919081948483	1.16479557914405	0.0775793712608306	0.494822188879283	1	0	0	0	0	0.1
M48	SRRM2	10	9160:9169	231.919081948483	1.16479557914405	0.0775793712608306	0.494822188879283	1	0	0	0	0	0.1
M48	NFAT5	10	9160:9169	231.919081948483	1.16479557914405	0.0775793712608306	0.494822188879283	1	0	0	0	0	0.1
M48	BRWD1	10	9160:9169	231.919081948483	1.16479557914405	0.0775793712608306	0.494822188879283	1	0	0	0	0	0.1
M33	RBMS1	12	9170:9181	390.838157454383	1.05254932308143	0.144784307148855	0.792503513866053	0.75	0	0	0.25	0	0.166666666666667
M33	CYBRD1	12	9170:9181	390.838157454383	1.05254932308143	0.144784307148855	0.792503513866053	0.75	0	0	0.25	0	0.166666666666667
M33	NFIX	12	9170:9181	390.838157454383	1.05254932308143	0.144784307148855	0.792503513866053	0.75	0	0	0.25	0	0.166666666666667
M33	EIF4BP7	12	9170:9181	390.838157454383	1.05254932308143	0.144784307148855	0.792503513866053	0.75	0	0	0.25	0	0.166666666666667
M33	EIF4BP6	12	9170:9181	390.838157454383	1.05254932308143	0.144784307148855	0.792503513866053	0.75	0	0	0.25	0	0.166666666666667
M33	EIF4B	12	9170:9181	390.838157454383	1.05254932308143	0.144784307148855	0.792503513866053	0.75	0	0	0.25	0	0.166666666666667
M33	EIF4BP3	12	9170:9181	390.838157454383	1.05254932308143	0.144784307148855	0.792503513866053	0.75	0	0	0.25	0	0.166666666666667
M33	ZEB2	12	9170:9181	390.838157454383	1.05254932308143	0.144784307148855	0.792503513866053	0.75	0	0	0.25	0	0.166666666666667
M33	GNAS	12	9170:9181	390.838157454383	1.05254932308143	0.144784307148855	0.792503513866053	0.75	0	0	0.25	0	0.166666666666667
M33	SEMA6D	12	9170:9181	390.838157454383	1.05254932308143	0.144784307148855	0.792503513866053	0.75	0	0	0.25	0	0.166666666666667
M33	CDH11	12	9170:9181	390.838157454383	1.05254932308143	0.144784307148855	0.792503513866053	0.75	0	0	0.25	0	0.166666666666667
M33	COL14A1	12	9170:9181	390.838157454383	1.05254932308143	0.144784307148855	0.792503513866053	0.75	0	0	0.25	0	0.166666666666667
M16	NBPF19	15	9182:9196	144.736497980378	1.3038186091144	0.196703290083986	0.890843415271903	0.866666666666667	0	0	0.133333333333333	0	0.0666666666666667
M16	NBPF25P	15	9182:9196	144.736497980378	1.3038186091144	0.196703290083986	0.890843415271903	0.866666666666667	0	0	0.133333333333333	0	0.0666666666666667
M16	NBPF9	15	9182:9196	144.736497980378	1.3038186091144	0.196703290083986	0.890843415271903	0.866666666666667	0	0	0.133333333333333	0	0.0666666666666667
M16	RYBP	15	9182:9196	144.736497980378	1.3038186091144	0.196703290083986	0.890843415271903	0.866666666666667	0	0	0.133333333333333	0	0.0666666666666667
M16	NBPF26	15	9182:9196	144.736497980378	1.3038186091144	0.196703290083986	0.890843415271903	0.866666666666667	0	0	0.133333333333333	0	0.0666666666666667
M16	NBPF20	15	9182:9196	144.736497980378	1.3038186091144	0.196703290083986	0.890843415271903	0.866666666666667	0	0	0.133333333333333	0	0.0666666666666667
M16	NBPF8	15	9182:9196	144.736497980378	1.3038186091144	0.196703290083986	0.890843415271903	0.866666666666667	0	0	0.133333333333333	0	0.0666666666666667
M16	NBPF10	15	9182:9196	144.736497980378	1.3038186091144	0.196703290083986	0.890843415271903	0.866666666666667	0	0	0.133333333333333	0	0.0666666666666667
M16	NBPF15	15	9182:9196	144.736497980378	1.3038186091144	0.196703290083986	0.890843415271903	0.866666666666667	0	0	0.133333333333333	0	0.0666666666666667
M16	TBX3	15	9182:9196	144.736497980378	1.3038186091144	0.196703290083986	0.890843415271903	0.866666666666667	0	0	0.133333333333333	0	0.0666666666666667
M16	NBPF14	15	9182:9196	144.736497980378	1.3038186091144	0.196703290083986	0.890843415271903	0.866666666666667	0	0	0.133333333333333	0	0.0666666666666667
M16	NBPF11	15	9182:9196	144.736497980378	1.3038186091144	0.196703290083986	0.890843415271903	0.866666666666667	0	0	0.133333333333333	0	0.0666666666666667
M16	LPP	15	9182:9196	144.736497980378	1.3038186091144	0.196703290083986	0.890843415271903	0.866666666666667	0	0	0.133333333333333	0	0.0666666666666667
M16	NBPF12	15	9182:9196	144.736497980378	1.3038186091144	0.196703290083986	0.890843415271903	0.866666666666667	0	0	0.133333333333333	0	0.0666666666666667
M16	GCC2	15	9182:9196	144.736497980378	1.3038186091144	0.196703290083986	0.890843415271903	0.866666666666667	0	0	0.133333333333333	0	0.0666666666666667
M8	ETS2	17	9197:9213	73.7700853756272	2.54839504102995	0.0904074022876239	0.407659168404369	1	0	0	0	0	0.176470588235294
M8	TM4SF1	17	9197:9213	73.7700853756272	2.54839504102995	0.0904074022876239	0.407659168404369	1	0	0	0	0	0.176470588235294
M8	SEMA3C	17	9197:9213	73.7700853756272	2.54839504102995	0.0904074022876239	0.407659168404369	1	0	0	0	0	0.176470588235294
M8	RGS10	17	9197:9213	73.7700853756272	2.54839504102995	0.0904074022876239	0.407659168404369	1	0	0	0	0	0.176470588235294
M8	P2RY1	17	9197:9213	73.7700853756272	2.54839504102995	0.0904074022876239	0.407659168404369	1	0	0	0	0	0.176470588235294
M8	GMFG	17	9197:9213	73.7700853756272	2.54839504102995	0.0904074022876239	0.407659168404369	1	0	0	0	0	0.176470588235294
M8	TRIB1	17	9197:9213	73.7700853756272	2.54839504102995	0.0904074022876239	0.407659168404369	1	0	0	0	0	0.176470588235294
M8	PCDH17	17	9197:9213	73.7700853756272	2.54839504102995	0.0904074022876239	0.407659168404369	1	0	0	0	0	0.176470588235294
M8	ITGA1	17	9197:9213	73.7700853756272	2.54839504102995	0.0904074022876239	0.407659168404369	1	0	0	0	0	0.176470588235294
M8	KRT18	17	9197:9213	73.7700853756272	2.54839504102995	0.0904074022876239	0.407659168404369	1	0	0	0	0	0.176470588235294
M8	ENPP2	17	9197:9213	73.7700853756272	2.54839504102995	0.0904074022876239	0.407659168404369	1	0	0	0	0	0.176470588235294
M8	PAPLN	17	9197:9213	73.7700853756272	2.54839504102995	0.0904074022876239	0.407659168404369	1	0	0	0	0	0.176470588235294
M8	SOX9	17	9197:9213	73.7700853756272	2.54839504102995	0.0904074022876239	0.407659168404369	1	0	0	0	0	0.176470588235294
M8	DACH1	17	9197:9213	73.7700853756272	2.54839504102995	0.0904074022876239	0.407659168404369	1	0	0	0	0	0.176470588235294
M8	FRZB	17	9197:9213	73.7700853756272	2.54839504102995	0.0904074022876239	0.407659168404369	1	0	0	0	0	0.176470588235294
M8	CHST2	17	9197:9213	73.7700853756272	2.54839504102995	0.0904074022876239	0.407659168404369	1	0	0	0	0	0.176470588235294
M8	SEMA3A	17	9197:9213	73.7700853756272	2.54839504102995	0.0904074022876239	0.407659168404369	1	0	0	0	0	0.176470588235294
M49	NAGK	10	9214:9223	71.8307966741646	2.53719706667013	0.0606734869812433	0.631743633015887	0.8	0.2	0	0	0	0
M49	EXO5	10	9214:9223	71.8307966741646	2.53719706667013	0.0606734869812433	0.631743633015887	0.8	0.2	0	0	0	0
M49	UBE2W	10	9214:9223	71.8307966741646	2.53719706667013	0.0606734869812433	0.631743633015887	0.8	0.2	0	0	0	0
M49	DCAF6	10	9214:9223	71.8307966741646	2.53719706667013	0.0606734869812433	0.631743633015887	0.8	0.2	0	0	0	0
M49	HDAC7	10	9214:9223	71.8307966741646	2.53719706667013	0.0606734869812433	0.631743633015887	0.8	0.2	0	0	0	0
M49	DHODH	10	9214:9223	71.8307966741646	2.53719706667013	0.0606734869812433	0.631743633015887	0.8	0.2	0	0	0	0
M49	CTD-3193K9.11	10	9214:9223	71.8307966741646	2.53719706667013	0.0606734869812433	0.631743633015887	0.8	0.2	0	0	0	0
M49	LYPD6	10	9214:9223	71.8307966741646	2.53719706667013	0.0606734869812433	0.631743633015887	0.8	0.2	0	0	0	0
M49	RAMP2-AS1	10	9214:9223	71.8307966741646	2.53719706667013	0.0606734869812433	0.631743633015887	0.8	0.2	0	0	0	0
M49	MLLT11	10	9214:9223	71.8307966741646	2.53719706667013	0.0606734869812433	0.631743633015887	0.8	0.2	0	0	0	0
M50	FAM161A	10	9224:9233	109.717143515962	1.65364984607013	0.0539225611216221	0.545730779358069	1	0	0	0	0	0
M50	RAB1A	10	9224:9233	109.717143515962	1.65364984607013	0.0539225611216221	0.545730779358069	1	0	0	0	0	0
M50	ERGIC2	10	9224:9233	109.717143515962	1.65364984607013	0.0539225611216221	0.545730779358069	1	0	0	0	0	0
M50	AZI2	10	9224:9233	109.717143515962	1.65364984607013	0.0539225611216221	0.545730779358069	1	0	0	0	0	0
M50	RAB22A	10	9224:9233	109.717143515962	1.65364984607013	0.0539225611216221	0.545730779358069	1	0	0	0	0	0
M50	COPB1	10	9224:9233	109.717143515962	1.65364984607013	0.0539225611216221	0.545730779358069	1	0	0	0	0	0
M50	RSBN1L	10	9224:9233	109.717143515962	1.65364984607013	0.0539225611216221	0.545730779358069	1	0	0	0	0	0
M50	PRPF4	10	9224:9233	109.717143515962	1.65364984607013	0.0539225611216221	0.545730779358069	1	0	0	0	0	0
M50	NAA15	10	9224:9233	109.717143515962	1.65364984607013	0.0539225611216221	0.545730779358069	1	0	0	0	0	0
M50	SMC5	10	9224:9233	109.717143515962	1.65364984607013	0.0539225611216221	0.545730779358069	1	0	0	0	0	0
M9	MT-CO2	16	9234:9249	2033.00174691766	0.957195924384309	0.252960535936446	0.560250560928554	0.6875	0	0.125	0.1875	0	0
M9	MT-ATP6	16	9234:9249	2033.00174691766	0.957195924384309	0.252960535936446	0.560250560928554	0.6875	0	0.125	0.1875	0	0
M9	MT-RNR1	16	9234:9249	2033.00174691766	0.957195924384309	0.252960535936446	0.560250560928554	0.6875	0	0.125	0.1875	0	0
M9	MTND1P23	16	9234:9249	2033.00174691766	0.957195924384309	0.252960535936446	0.560250560928554	0.6875	0	0.125	0.1875	0	0
M9	MT-ND1	16	9234:9249	2033.00174691766	0.957195924384309	0.252960535936446	0.560250560928554	0.6875	0	0.125	0.1875	0	0
M9	MT-RNR2	16	9234:9249	2033.00174691766	0.957195924384309	0.252960535936446	0.560250560928554	0.6875	0	0.125	0.1875	0	0
M9	MT-CO1	16	9234:9249	2033.00174691766	0.957195924384309	0.252960535936446	0.560250560928554	0.6875	0	0.125	0.1875	0	0
M9	MTCO1P12	16	9234:9249	2033.00174691766	0.957195924384309	0.252960535936446	0.560250560928554	0.6875	0	0.125	0.1875	0	0
M9	MTND2P28	16	9234:9249	2033.00174691766	0.957195924384309	0.252960535936446	0.560250560928554	0.6875	0	0.125	0.1875	0	0
M9	MT-ND4	16	9234:9249	2033.00174691766	0.957195924384309	0.252960535936446	0.560250560928554	0.6875	0	0.125	0.1875	0	0
M9	MT-CO3	16	9234:9249	2033.00174691766	0.957195924384309	0.252960535936446	0.560250560928554	0.6875	0	0.125	0.1875	0	0
M9	MT-CYB	16	9234:9249	2033.00174691766	0.957195924384309	0.252960535936446	0.560250560928554	0.6875	0	0.125	0.1875	0	0
M9	MTRNR2L12	16	9234:9249	2033.00174691766	0.957195924384309	0.252960535936446	0.560250560928554	0.6875	0	0.125	0.1875	0	0
M9	MT-ND5	16	9234:9249	2033.00174691766	0.957195924384309	0.252960535936446	0.560250560928554	0.6875	0	0.125	0.1875	0	0
M9	MT-ND3	16	9234:9249	2033.00174691766	0.957195924384309	0.252960535936446	0.560250560928554	0.6875	0	0.125	0.1875	0	0
M9	MT-ND2	16	9234:9249	2033.00174691766	0.957195924384309	0.252960535936446	0.560250560928554	0.6875	0	0.125	0.1875	0	0
M10	COL1A1	16	9250:9265	1206.13375228506	1.20637655354419	0.151699756114299	0.52676708113042	1	0	0	0	0	0
M10	COL5A2	16	9250:9265	1206.13375228506	1.20637655354419	0.151699756114299	0.52676708113042	1	0	0	0	0	0
M10	SPARC	16	9250:9265	1206.13375228506	1.20637655354419	0.151699756114299	0.52676708113042	1	0	0	0	0	0
M10	AHNAK	16	9250:9265	1206.13375228506	1.20637655354419	0.151699756114299	0.52676708113042	1	0	0	0	0	0
M10	COL1A2	16	9250:9265	1206.13375228506	1.20637655354419	0.151699756114299	0.52676708113042	1	0	0	0	0	0
M10	FAT1	16	9250:9265	1206.13375228506	1.20637655354419	0.151699756114299	0.52676708113042	1	0	0	0	0	0
M10	NCKAP5	16	9250:9265	1206.13375228506	1.20637655354419	0.151699756114299	0.52676708113042	1	0	0	0	0	0
M10	COL3A1	16	9250:9265	1206.13375228506	1.20637655354419	0.151699756114299	0.52676708113042	1	0	0	0	0	0
M10	LOX	16	9250:9265	1206.13375228506	1.20637655354419	0.151699756114299	0.52676708113042	1	0	0	0	0	0
M10	PTRF	16	9250:9265	1206.13375228506	1.20637655354419	0.151699756114299	0.52676708113042	1	0	0	0	0	0
M10	FBN1	16	9250:9265	1206.13375228506	1.20637655354419	0.151699756114299	0.52676708113042	1	0	0	0	0	0
M10	SVEP1	16	9250:9265	1206.13375228506	1.20637655354419	0.151699756114299	0.52676708113042	1	0	0	0	0	0
M10	COL4A1	16	9250:9265	1206.13375228506	1.20637655354419	0.151699756114299	0.52676708113042	1	0	0	0	0	0
M10	COL12A1	16	9250:9265	1206.13375228506	1.20637655354419	0.151699756114299	0.52676708113042	1	0	0	0	0	0
M10	FHL1	16	9250:9265	1206.13375228506	1.20637655354419	0.151699756114299	0.52676708113042	1	0	0	0	0	0
M10	COL6A3	16	9250:9265	1206.13375228506	1.20637655354419	0.151699756114299	0.52676708113042	1	0	0	0	0	0
M17	OLFML3	15	9266:9280	270.787485266229	1.80510490725896	0.148592096472833	0.413983622160814	1	0	0	0	0	0
M17	GPC4	15	9266:9280	270.787485266229	1.80510490725896	0.148592096472833	0.413983622160814	1	0	0	0	0	0
M17	DCN	15	9266:9280	270.787485266229	1.80510490725896	0.148592096472833	0.413983622160814	1	0	0	0	0	0
M17	GUCY1A3	15	9266:9280	270.787485266229	1.80510490725896	0.148592096472833	0.413983622160814	1	0	0	0	0	0
M17	TGFBI	15	9266:9280	270.787485266229	1.80510490725896	0.148592096472833	0.413983622160814	1	0	0	0	0	0
M17	IGFBP7	15	9266:9280	270.787485266229	1.80510490725896	0.148592096472833	0.413983622160814	1	0	0	0	0	0
M17	PDE1C	15	9266:9280	270.787485266229	1.80510490725896	0.148592096472833	0.413983622160814	1	0	0	0	0	0
M17	PIEZO2	15	9266:9280	270.787485266229	1.80510490725896	0.148592096472833	0.413983622160814	1	0	0	0	0	0
M17	FSTL1	15	9266:9280	270.787485266229	1.80510490725896	0.148592096472833	0.413983622160814	1	0	0	0	0	0
M17	LUM	15	9266:9280	270.787485266229	1.80510490725896	0.148592096472833	0.413983622160814	1	0	0	0	0	0
M17	FBLN5	15	9266:9280	270.787485266229	1.80510490725896	0.148592096472833	0.413983622160814	1	0	0	0	0	0
M17	GUCY1B3	15	9266:9280	270.787485266229	1.80510490725896	0.148592096472833	0.413983622160814	1	0	0	0	0	0
M17	ERRFI1	15	9266:9280	270.787485266229	1.80510490725896	0.148592096472833	0.413983622160814	1	0	0	0	0	0
M17	DPP4	15	9266:9280	270.787485266229	1.80510490725896	0.148592096472833	0.413983622160814	1	0	0	0	0	0
M17	ARHGAP24	15	9266:9280	270.787485266229	1.80510490725896	0.148592096472833	0.413983622160814	1	0	0	0	0	0
M22	WNT2B	14	9281:9294	195.873534835973	2.53409647655627	0.203417952626422	0.43972675134811	1	0	0	0	0	0.142857142857143
M22	ASPA	14	9281:9294	195.873534835973	2.53409647655627	0.203417952626422	0.43972675134811	1	0	0	0	0	0.142857142857143
M22	VCAM1	14	9281:9294	195.873534835973	2.53409647655627	0.203417952626422	0.43972675134811	1	0	0	0	0	0.142857142857143
M22	PID1	14	9281:9294	195.873534835973	2.53409647655627	0.203417952626422	0.43972675134811	1	0	0	0	0	0.142857142857143
M22	IGF1	14	9281:9294	195.873534835973	2.53409647655627	0.203417952626422	0.43972675134811	1	0	0	0	0	0.142857142857143
M22	C1QTNF3	14	9281:9294	195.873534835973	2.53409647655627	0.203417952626422	0.43972675134811	1	0	0	0	0	0.142857142857143
M22	SRPX	14	9281:9294	195.873534835973	2.53409647655627	0.203417952626422	0.43972675134811	1	0	0	0	0	0.142857142857143
M22	ADAMTSL3	14	9281:9294	195.873534835973	2.53409647655627	0.203417952626422	0.43972675134811	1	0	0	0	0	0.142857142857143
M22	NR2F1	14	9281:9294	195.873534835973	2.53409647655627	0.203417952626422	0.43972675134811	1	0	0	0	0	0.142857142857143
M22	FOXP2	14	9281:9294	195.873534835973	2.53409647655627	0.203417952626422	0.43972675134811	1	0	0	0	0	0.142857142857143
M22	SH3BP4	14	9281:9294	195.873534835973	2.53409647655627	0.203417952626422	0.43972675134811	1	0	0	0	0	0.142857142857143
M22	TNC	14	9281:9294	195.873534835973	2.53409647655627	0.203417952626422	0.43972675134811	1	0	0	0	0	0.142857142857143
M22	TMCC3	14	9281:9294	195.873534835973	2.53409647655627	0.203417952626422	0.43972675134811	1	0	0	0	0	0.142857142857143
M22	COL21A1	14	9281:9294	195.873534835973	2.53409647655627	0.203417952626422	0.43972675134811	1	0	0	0	0	0.142857142857143
M18	PLCB1	15	9295:9309	147.101965931668	2.13267811416342	0.0951377735874469	0.427012793333142	0.933333333333333	0.0666666666666667	0	0	0	0.2
M18	GALNT10	15	9295:9309	147.101965931668	2.13267811416342	0.0951377735874469	0.427012793333142	0.933333333333333	0.0666666666666667	0	0	0	0.2
M18	PLEKHA6	15	9295:9309	147.101965931668	2.13267811416342	0.0951377735874469	0.427012793333142	0.933333333333333	0.0666666666666667	0	0	0	0.2
M18	VIPR2	15	9295:9309	147.101965931668	2.13267811416342	0.0951377735874469	0.427012793333142	0.933333333333333	0.0666666666666667	0	0	0	0.2
M18	RP11-715J22.6	15	9295:9309	147.101965931668	2.13267811416342	0.0951377735874469	0.427012793333142	0.933333333333333	0.0666666666666667	0	0	0	0.2
M18	MAF	15	9295:9309	147.101965931668	2.13267811416342	0.0951377735874469	0.427012793333142	0.933333333333333	0.0666666666666667	0	0	0	0.2
M18	NR2F2	15	9295:9309	147.101965931668	2.13267811416342	0.0951377735874469	0.427012793333142	0.933333333333333	0.0666666666666667	0	0	0	0.2
M18	MARCKS	15	9295:9309	147.101965931668	2.13267811416342	0.0951377735874469	0.427012793333142	0.933333333333333	0.0666666666666667	0	0	0	0.2
M18	AHR	15	9295:9309	147.101965931668	2.13267811416342	0.0951377735874469	0.427012793333142	0.933333333333333	0.0666666666666667	0	0	0	0.2
M18	LAMA2	15	9295:9309	147.101965931668	2.13267811416342	0.0951377735874469	0.427012793333142	0.933333333333333	0.0666666666666667	0	0	0	0.2
M18	BDNF	15	9295:9309	147.101965931668	2.13267811416342	0.0951377735874469	0.427012793333142	0.933333333333333	0.0666666666666667	0	0	0	0.2
M18	PRSS12	15	9295:9309	147.101965931668	2.13267811416342	0.0951377735874469	0.427012793333142	0.933333333333333	0.0666666666666667	0	0	0	0.2
M18	CHD3	15	9295:9309	147.101965931668	2.13267811416342	0.0951377735874469	0.427012793333142	0.933333333333333	0.0666666666666667	0	0	0	0.2
M18	SEPT7	15	9295:9309	147.101965931668	2.13267811416342	0.0951377735874469	0.427012793333142	0.933333333333333	0.0666666666666667	0	0	0	0.2
M18	PTPRK	15	9295:9309	147.101965931668	2.13267811416342	0.0951377735874469	0.427012793333142	0.933333333333333	0.0666666666666667	0	0	0	0.2
M51	COL11A1	10	9310:9319	188.562618526082	2.3639454047759	0.0749971225069111	0.534098643836104	1	0	0	0	0	0.1
M51	NREP	10	9310:9319	188.562618526082	2.3639454047759	0.0749971225069111	0.534098643836104	1	0	0	0	0	0.1
M51	SESN3	10	9310:9319	188.562618526082	2.3639454047759	0.0749971225069111	0.534098643836104	1	0	0	0	0	0.1
M51	SELENOP	10	9310:9319	188.562618526082	2.3639454047759	0.0749971225069111	0.534098643836104	1	0	0	0	0	0.1
M51	MEIS1	10	9310:9319	188.562618526082	2.3639454047759	0.0749971225069111	0.534098643836104	1	0	0	0	0	0.1
M51	ABCA8	10	9310:9319	188.562618526082	2.3639454047759	0.0749971225069111	0.534098643836104	1	0	0	0	0	0.1
M51	EGFLAM	10	9310:9319	188.562618526082	2.3639454047759	0.0749971225069111	0.534098643836104	1	0	0	0	0	0.1
M51	CAPN6	10	9310:9319	188.562618526082	2.3639454047759	0.0749971225069111	0.534098643836104	1	0	0	0	0	0.1
M51	LRRC7	10	9310:9319	188.562618526082	2.3639454047759	0.0749971225069111	0.534098643836104	1	0	0	0	0	0.1
M51	CPE	10	9310:9319	188.562618526082	2.3639454047759	0.0749971225069111	0.534098643836104	1	0	0	0	0	0.1
M34	LRRC17	12	9320:9331	702.583902349468	1.55770242260396	0.128315409665714	0.539392518880135	1	0	0	0	0	0.0833333333333333
M34	SYNE1	12	9320:9331	702.583902349468	1.55770242260396	0.128315409665714	0.539392518880135	1	0	0	0	0	0.0833333333333333
M34	SLIT3	12	9320:9331	702.583902349468	1.55770242260396	0.128315409665714	0.539392518880135	1	0	0	0	0	0.0833333333333333
M34	SYNE2	12	9320:9331	702.583902349468	1.55770242260396	0.128315409665714	0.539392518880135	1	0	0	0	0	0.0833333333333333
M34	MEIS2	12	9320:9331	702.583902349468	1.55770242260396	0.128315409665714	0.539392518880135	1	0	0	0	0	0.0833333333333333
M34	ROBO2	12	9320:9331	702.583902349468	1.55770242260396	0.128315409665714	0.539392518880135	1	0	0	0	0	0.0833333333333333
M34	FGF7	12	9320:9331	702.583902349468	1.55770242260396	0.128315409665714	0.539392518880135	1	0	0	0	0	0.0833333333333333
M34	ABI3BP	12	9320:9331	702.583902349468	1.55770242260396	0.128315409665714	0.539392518880135	1	0	0	0	0	0.0833333333333333
M34	FN1	12	9320:9331	702.583902349468	1.55770242260396	0.128315409665714	0.539392518880135	1	0	0	0	0	0.0833333333333333
M34	FBLN1	12	9320:9331	702.583902349468	1.55770242260396	0.128315409665714	0.539392518880135	1	0	0	0	0	0.0833333333333333
M34	PCDH7	12	9320:9331	702.583902349468	1.55770242260396	0.128315409665714	0.539392518880135	1	0	0	0	0	0.0833333333333333
M34	DIAPH3	12	9320:9331	702.583902349468	1.55770242260396	0.128315409665714	0.539392518880135	1	0	0	0	0	0.0833333333333333
M2	RPL9	25	9332:9356	974.046886369582	0.632596131217293	0.158902581114783	0.539087042425836	0.84	0	0	0.16	0	0
M2	RPL9P9	25	9332:9356	974.046886369582	0.632596131217293	0.158902581114783	0.539087042425836	0.84	0	0	0.16	0	0
M2	EEF2	25	9332:9356	974.046886369582	0.632596131217293	0.158902581114783	0.539087042425836	0.84	0	0	0.16	0	0
M2	RPL4	25	9332:9356	974.046886369582	0.632596131217293	0.158902581114783	0.539087042425836	0.84	0	0	0.16	0	0
M2	RPL3P4	25	9332:9356	974.046886369582	0.632596131217293	0.158902581114783	0.539087042425836	0.84	0	0	0.16	0	0
M2	RPL3	25	9332:9356	974.046886369582	0.632596131217293	0.158902581114783	0.539087042425836	0.84	0	0	0.16	0	0
M2	RPS6	25	9332:9356	974.046886369582	0.632596131217293	0.158902581114783	0.539087042425836	0.84	0	0	0.16	0	0
M2	TPT1	25	9332:9356	974.046886369582	0.632596131217293	0.158902581114783	0.539087042425836	0.84	0	0	0.16	0	0
M2	NAP1L1	25	9332:9356	974.046886369582	0.632596131217293	0.158902581114783	0.539087042425836	0.84	0	0	0.16	0	0
M2	RPS11	25	9332:9356	974.046886369582	0.632596131217293	0.158902581114783	0.539087042425836	0.84	0	0	0.16	0	0
M2	RPL22	25	9332:9356	974.046886369582	0.632596131217293	0.158902581114783	0.539087042425836	0.84	0	0	0.16	0	0
M2	NACA	25	9332:9356	974.046886369582	0.632596131217293	0.158902581114783	0.539087042425836	0.84	0	0	0.16	0	0
M2	RPL30	25	9332:9356	974.046886369582	0.632596131217293	0.158902581114783	0.539087042425836	0.84	0	0	0.16	0	0
M2	RPL19	25	9332:9356	974.046886369582	0.632596131217293	0.158902581114783	0.539087042425836	0.84	0	0	0.16	0	0
M2	GLTSCR2	25	9332:9356	974.046886369582	0.632596131217293	0.158902581114783	0.539087042425836	0.84	0	0	0.16	0	0
M2	TOMM7	25	9332:9356	974.046886369582	0.632596131217293	0.158902581114783	0.539087042425836	0.84	0	0	0.16	0	0
M2	RP11-234A1.1	25	9332:9356	974.046886369582	0.632596131217293	0.158902581114783	0.539087042425836	0.84	0	0	0.16	0	0
M2	RPS18	25	9332:9356	974.046886369582	0.632596131217293	0.158902581114783	0.539087042425836	0.84	0	0	0.16	0	0
M2	RPS23P8	25	9332:9356	974.046886369582	0.632596131217293	0.158902581114783	0.539087042425836	0.84	0	0	0.16	0	0
M2	FAU	25	9332:9356	974.046886369582	0.632596131217293	0.158902581114783	0.539087042425836	0.84	0	0	0.16	0	0
M2	RPL26	25	9332:9356	974.046886369582	0.632596131217293	0.158902581114783	0.539087042425836	0.84	0	0	0.16	0	0
M2	RPS29	25	9332:9356	974.046886369582	0.632596131217293	0.158902581114783	0.539087042425836	0.84	0	0	0.16	0	0
M2	RPS23	25	9332:9356	974.046886369582	0.632596131217293	0.158902581114783	0.539087042425836	0.84	0	0	0.16	0	0
M2	RPS16	25	9332:9356	974.046886369582	0.632596131217293	0.158902581114783	0.539087042425836	0.84	0	0	0.16	0	0
M2	RPL35A	25	9332:9356	974.046886369582	0.632596131217293	0.158902581114783	0.539087042425836	0.84	0	0	0.16	0	0
M52	HNRNPA1	10	9357:9366	491.909432489978	1.27668106509072	0.178692073790586	0.654240805674331	0.3	0.1	0.2	0.4	0	0
M52	HNRNPA1P48	10	9357:9366	491.909432489978	1.27668106509072	0.178692073790586	0.654240805674331	0.3	0.1	0.2	0.4	0	0
M52	HMGN2	10	9357:9366	491.909432489978	1.27668106509072	0.178692073790586	0.654240805674331	0.3	0.1	0.2	0.4	0	0
M52	MIR1244-2	10	9357:9366	491.909432489978	1.27668106509072	0.178692073790586	0.654240805674331	0.3	0.1	0.2	0.4	0	0
M52	MIR1244-3	10	9357:9366	491.909432489978	1.27668106509072	0.178692073790586	0.654240805674331	0.3	0.1	0.2	0.4	0	0
M52	RP11-778D9.4	10	9357:9366	491.909432489978	1.27668106509072	0.178692073790586	0.654240805674331	0.3	0.1	0.2	0.4	0	0
M52	HNRNPA1P10	10	9357:9366	491.909432489978	1.27668106509072	0.178692073790586	0.654240805674331	0.3	0.1	0.2	0.4	0	0
M52	AC004069.2	10	9357:9366	491.909432489978	1.27668106509072	0.178692073790586	0.654240805674331	0.3	0.1	0.2	0.4	0	0
M52	HNRNPA1L2	10	9357:9366	491.909432489978	1.27668106509072	0.178692073790586	0.654240805674331	0.3	0.1	0.2	0.4	0	0
M52	RP11-69L16.5	10	9357:9366	491.909432489978	1.27668106509072	0.178692073790586	0.654240805674331	0.3	0.1	0.2	0.4	0	0
M35	RPS3AP6	12	9367:9378	386.447815981831	1.16238867174215	0.177595151662719	0.696225382710077	0.25	0	0	0.75	0	0
M35	RPS3AP47	12	9367:9378	386.447815981831	1.16238867174215	0.177595151662719	0.696225382710077	0.25	0	0	0.75	0	0
M35	RPS3A	12	9367:9378	386.447815981831	1.16238867174215	0.177595151662719	0.696225382710077	0.25	0	0	0.75	0	0
M35	RP11-165H4.2	12	9367:9378	386.447815981831	1.16238867174215	0.177595151662719	0.696225382710077	0.25	0	0	0.75	0	0
M35	FKBP1A	12	9367:9378	386.447815981831	1.16238867174215	0.177595151662719	0.696225382710077	0.25	0	0	0.75	0	0
M35	RPL6	12	9367:9378	386.447815981831	1.16238867174215	0.177595151662719	0.696225382710077	0.25	0	0	0.75	0	0
M35	RPS3AP26	12	9367:9378	386.447815981831	1.16238867174215	0.177595151662719	0.696225382710077	0.25	0	0	0.75	0	0
M35	AC009245.3	12	9367:9378	386.447815981831	1.16238867174215	0.177595151662719	0.696225382710077	0.25	0	0	0.75	0	0
M35	RP11-408P14.1	12	9367:9378	386.447815981831	1.16238867174215	0.177595151662719	0.696225382710077	0.25	0	0	0.75	0	0
M35	RPL6P27	12	9367:9378	386.447815981831	1.16238867174215	0.177595151662719	0.696225382710077	0.25	0	0	0.75	0	0
M35	RPS3AP49	12	9367:9378	386.447815981831	1.16238867174215	0.177595151662719	0.696225382710077	0.25	0	0	0.75	0	0
M35	AC010468.1	12	9367:9378	386.447815981831	1.16238867174215	0.177595151662719	0.696225382710077	0.25	0	0	0.75	0	0
M23	SRP9	14	9379:9392	377.838202524669	0.989342610742531	0.0939071620303713	0.698788469948824	1	0	0	0	0	0
M23	CCNG1	14	9379:9392	377.838202524669	0.989342610742531	0.0939071620303713	0.698788469948824	1	0	0	0	0	0
M23	RACK1	14	9379:9392	377.838202524669	0.989342610742531	0.0939071620303713	0.698788469948824	1	0	0	0	0	0
M23	NONO	14	9379:9392	377.838202524669	0.989342610742531	0.0939071620303713	0.698788469948824	1	0	0	0	0	0
M23	RHOA	14	9379:9392	377.838202524669	0.989342610742531	0.0939071620303713	0.698788469948824	1	0	0	0	0	0
M23	PABPC1	14	9379:9392	377.838202524669	0.989342610742531	0.0939071620303713	0.698788469948824	1	0	0	0	0	0
M23	VIM	14	9379:9392	377.838202524669	0.989342610742531	0.0939071620303713	0.698788469948824	1	0	0	0	0	0
M23	SMIM15	14	9379:9392	377.838202524669	0.989342610742531	0.0939071620303713	0.698788469948824	1	0	0	0	0	0
M23	BTF3	14	9379:9392	377.838202524669	0.989342610742531	0.0939071620303713	0.698788469948824	1	0	0	0	0	0
M23	RBBP7	14	9379:9392	377.838202524669	0.989342610742531	0.0939071620303713	0.698788469948824	1	0	0	0	0	0
M23	EIF3M	14	9379:9392	377.838202524669	0.989342610742531	0.0939071620303713	0.698788469948824	1	0	0	0	0	0
M23	CNN2	14	9379:9392	377.838202524669	0.989342610742531	0.0939071620303713	0.698788469948824	1	0	0	0	0	0
M23	ACTB	14	9379:9392	377.838202524669	0.989342610742531	0.0939071620303713	0.698788469948824	1	0	0	0	0	0
M23	ACTG1	14	9379:9392	377.838202524669	0.989342610742531	0.0939071620303713	0.698788469948824	1	0	0	0	0	0
