cluster	gene	size	boundary	avgExpr	cvExpr	avgCor	cvCor	protein_coding	lncRNA	sncRNA	pseudogene	Ig/TcR	tf
M5	MTND2P28	16	1:16	2032.29120449248	0.953152345528683	0.253995781601515	0.493797723498677	0.625	0	0.125	0.25	0	0
M5	MT-ND2	16	1:16	2032.29120449248	0.953152345528683	0.253995781601515	0.493797723498677	0.625	0	0.125	0.25	0	0
M5	MT-CYB	16	1:16	2032.29120449248	0.953152345528683	0.253995781601515	0.493797723498677	0.625	0	0.125	0.25	0	0
M5	MT-ND5	16	1:16	2032.29120449248	0.953152345528683	0.253995781601515	0.493797723498677	0.625	0	0.125	0.25	0	0
M5	MT-ND4	16	1:16	2032.29120449248	0.953152345528683	0.253995781601515	0.493797723498677	0.625	0	0.125	0.25	0	0
M5	MT-RNR1	16	1:16	2032.29120449248	0.953152345528683	0.253995781601515	0.493797723498677	0.625	0	0.125	0.25	0	0
M5	MT-RNR2	16	1:16	2032.29120449248	0.953152345528683	0.253995781601515	0.493797723498677	0.625	0	0.125	0.25	0	0
M5	MTRNR2L12	16	1:16	2032.29120449248	0.953152345528683	0.253995781601515	0.493797723498677	0.625	0	0.125	0.25	0	0
M5	MT-CO3	16	1:16	2032.29120449248	0.953152345528683	0.253995781601515	0.493797723498677	0.625	0	0.125	0.25	0	0
M5	MTCO1P12	16	1:16	2032.29120449248	0.953152345528683	0.253995781601515	0.493797723498677	0.625	0	0.125	0.25	0	0
M5	MT-CO1	16	1:16	2032.29120449248	0.953152345528683	0.253995781601515	0.493797723498677	0.625	0	0.125	0.25	0	0
M5	MTATP6P1	16	1:16	2032.29120449248	0.953152345528683	0.253995781601515	0.493797723498677	0.625	0	0.125	0.25	0	0
M5	MT-ATP6	16	1:16	2032.29120449248	0.953152345528683	0.253995781601515	0.493797723498677	0.625	0	0.125	0.25	0	0
M5	MT-CO2	16	1:16	2032.29120449248	0.953152345528683	0.253995781601515	0.493797723498677	0.625	0	0.125	0.25	0	0
M5	MTND1P23	16	1:16	2032.29120449248	0.953152345528683	0.253995781601515	0.493797723498677	0.625	0	0.125	0.25	0	0
M5	MT-ND1	16	1:16	2032.29120449248	0.953152345528683	0.253995781601515	0.493797723498677	0.625	0	0.125	0.25	0	0
M3	PTPRK	19	17:35	873.132421857024	1.38141567702852	0.16216551826471	0.461207050792857	1	0	0	0	0	0
M3	PRSS12	19	17:35	873.132421857024	1.38141567702852	0.16216551826471	0.461207050792857	1	0	0	0	0	0
M3	GALNT10	19	17:35	873.132421857024	1.38141567702852	0.16216551826471	0.461207050792857	1	0	0	0	0	0
M3	NCKAP5	19	17:35	873.132421857024	1.38141567702852	0.16216551826471	0.461207050792857	1	0	0	0	0	0
M3	SVEP1	19	17:35	873.132421857024	1.38141567702852	0.16216551826471	0.461207050792857	1	0	0	0	0	0
M3	THBS1	19	17:35	873.132421857024	1.38141567702852	0.16216551826471	0.461207050792857	1	0	0	0	0	0
M3	ADAMTSL3	19	17:35	873.132421857024	1.38141567702852	0.16216551826471	0.461207050792857	1	0	0	0	0	0
M3	SRPX	19	17:35	873.132421857024	1.38141567702852	0.16216551826471	0.461207050792857	1	0	0	0	0	0
M3	COL6A3	19	17:35	873.132421857024	1.38141567702852	0.16216551826471	0.461207050792857	1	0	0	0	0	0
M3	PDE1C	19	17:35	873.132421857024	1.38141567702852	0.16216551826471	0.461207050792857	1	0	0	0	0	0
M3	COL5A2	19	17:35	873.132421857024	1.38141567702852	0.16216551826471	0.461207050792857	1	0	0	0	0	0
M3	DCN	19	17:35	873.132421857024	1.38141567702852	0.16216551826471	0.461207050792857	1	0	0	0	0	0
M3	COL1A1	19	17:35	873.132421857024	1.38141567702852	0.16216551826471	0.461207050792857	1	0	0	0	0	0
M3	COL3A1	19	17:35	873.132421857024	1.38141567702852	0.16216551826471	0.461207050792857	1	0	0	0	0	0
M3	COL1A2	19	17:35	873.132421857024	1.38141567702852	0.16216551826471	0.461207050792857	1	0	0	0	0	0
M3	FBLN5	19	17:35	873.132421857024	1.38141567702852	0.16216551826471	0.461207050792857	1	0	0	0	0	0
M3	PMP22	19	17:35	873.132421857024	1.38141567702852	0.16216551826471	0.461207050792857	1	0	0	0	0	0
M3	FSTL1	19	17:35	873.132421857024	1.38141567702852	0.16216551826471	0.461207050792857	1	0	0	0	0	0
M3	IGFBP7	19	17:35	873.132421857024	1.38141567702852	0.16216551826471	0.461207050792857	1	0	0	0	0	0
M16	RPS3AP47	11	9012:9022	536.323291881527	0.828689979600037	0.207478171882958	0.594684550384582	0.363636363636364	0	0	0.636363636363636	0	0
M16	AC010468.1	11	9012:9022	536.323291881527	0.828689979600037	0.207478171882958	0.594684550384582	0.363636363636364	0	0	0.636363636363636	0	0
M16	RPS3A	11	9012:9022	536.323291881527	0.828689979600037	0.207478171882958	0.594684550384582	0.363636363636364	0	0	0.636363636363636	0	0
M16	RPL6	11	9012:9022	536.323291881527	0.828689979600037	0.207478171882958	0.594684550384582	0.363636363636364	0	0	0.636363636363636	0	0
M16	RPS3AP6	11	9012:9022	536.323291881527	0.828689979600037	0.207478171882958	0.594684550384582	0.363636363636364	0	0	0.636363636363636	0	0
M16	RP11-408P14.1	11	9012:9022	536.323291881527	0.828689979600037	0.207478171882958	0.594684550384582	0.363636363636364	0	0	0.636363636363636	0	0
M16	RPS3AP26	11	9012:9022	536.323291881527	0.828689979600037	0.207478171882958	0.594684550384582	0.363636363636364	0	0	0.636363636363636	0	0
M16	RPS18	11	9012:9022	536.323291881527	0.828689979600037	0.207478171882958	0.594684550384582	0.363636363636364	0	0	0.636363636363636	0	0
M16	RP11-234A1.1	11	9012:9022	536.323291881527	0.828689979600037	0.207478171882958	0.594684550384582	0.363636363636364	0	0	0.636363636363636	0	0
M16	RPL41	11	9012:9022	536.323291881527	0.828689979600037	0.207478171882958	0.594684550384582	0.363636363636364	0	0	0.636363636363636	0	0
M16	RPL6P27	11	9012:9022	536.323291881527	0.828689979600037	0.207478171882958	0.594684550384582	0.363636363636364	0	0	0.636363636363636	0	0
M9	SLIT3	13	9023:9035	342.344398473816	1.96609723728662	0.220069685599799	0.43775481936966	1	0	0	0	0	0.153846153846154
M9	SYNPO	13	9023:9035	342.344398473816	1.96609723728662	0.220069685599799	0.43775481936966	1	0	0	0	0	0.153846153846154
M9	FBLN1	13	9023:9035	342.344398473816	1.96609723728662	0.220069685599799	0.43775481936966	1	0	0	0	0	0.153846153846154
M9	WNT2B	13	9023:9035	342.344398473816	1.96609723728662	0.220069685599799	0.43775481936966	1	0	0	0	0	0.153846153846154
M9	NR2F1	13	9023:9035	342.344398473816	1.96609723728662	0.220069685599799	0.43775481936966	1	0	0	0	0	0.153846153846154
M9	ABI3BP	13	9023:9035	342.344398473816	1.96609723728662	0.220069685599799	0.43775481936966	1	0	0	0	0	0.153846153846154
M9	ROBO2	13	9023:9035	342.344398473816	1.96609723728662	0.220069685599799	0.43775481936966	1	0	0	0	0	0.153846153846154
M9	C1QTNF3	13	9023:9035	342.344398473816	1.96609723728662	0.220069685599799	0.43775481936966	1	0	0	0	0	0.153846153846154
M9	COL24A1	13	9023:9035	342.344398473816	1.96609723728662	0.220069685599799	0.43775481936966	1	0	0	0	0	0.153846153846154
M9	TNC	13	9023:9035	342.344398473816	1.96609723728662	0.220069685599799	0.43775481936966	1	0	0	0	0	0.153846153846154
M9	COL21A1	13	9023:9035	342.344398473816	1.96609723728662	0.220069685599799	0.43775481936966	1	0	0	0	0	0.153846153846154
M9	MEIS2	13	9023:9035	342.344398473816	1.96609723728662	0.220069685599799	0.43775481936966	1	0	0	0	0	0.153846153846154
M9	LRRC7	13	9023:9035	342.344398473816	1.96609723728662	0.220069685599799	0.43775481936966	1	0	0	0	0	0.153846153846154
M8	RPL27A	15	9036:9050	1456.98395378213	0.564042865081765	0.229733194461683	0.534428567896983	0.933333333333333	0	0	0.0666666666666667	0	0
M8	RPS12	15	9036:9050	1456.98395378213	0.564042865081765	0.229733194461683	0.534428567896983	0.933333333333333	0	0	0.0666666666666667	0	0
M8	RPS15A	15	9036:9050	1456.98395378213	0.564042865081765	0.229733194461683	0.534428567896983	0.933333333333333	0	0	0.0666666666666667	0	0
M8	RPL9	15	9036:9050	1456.98395378213	0.564042865081765	0.229733194461683	0.534428567896983	0.933333333333333	0	0	0.0666666666666667	0	0
M8	RPL23	15	9036:9050	1456.98395378213	0.564042865081765	0.229733194461683	0.534428567896983	0.933333333333333	0	0	0.0666666666666667	0	0
M8	LDHB	15	9036:9050	1456.98395378213	0.564042865081765	0.229733194461683	0.534428567896983	0.933333333333333	0	0	0.0666666666666667	0	0
M8	RPL11	15	9036:9050	1456.98395378213	0.564042865081765	0.229733194461683	0.534428567896983	0.933333333333333	0	0	0.0666666666666667	0	0
M8	RPL30	15	9036:9050	1456.98395378213	0.564042865081765	0.229733194461683	0.534428567896983	0.933333333333333	0	0	0.0666666666666667	0	0
M8	RPLP2	15	9036:9050	1456.98395378213	0.564042865081765	0.229733194461683	0.534428567896983	0.933333333333333	0	0	0.0666666666666667	0	0
M8	RPL9P9	15	9036:9050	1456.98395378213	0.564042865081765	0.229733194461683	0.534428567896983	0.933333333333333	0	0	0.0666666666666667	0	0
M8	RPS13	15	9036:9050	1456.98395378213	0.564042865081765	0.229733194461683	0.534428567896983	0.933333333333333	0	0	0.0666666666666667	0	0
M8	RPL5	15	9036:9050	1456.98395378213	0.564042865081765	0.229733194461683	0.534428567896983	0.933333333333333	0	0	0.0666666666666667	0	0
M8	RPL34	15	9036:9050	1456.98395378213	0.564042865081765	0.229733194461683	0.534428567896983	0.933333333333333	0	0	0.0666666666666667	0	0
M8	RPS17	15	9036:9050	1456.98395378213	0.564042865081765	0.229733194461683	0.534428567896983	0.933333333333333	0	0	0.0666666666666667	0	0
M8	RPS3	15	9036:9050	1456.98395378213	0.564042865081765	0.229733194461683	0.534428567896983	0.933333333333333	0	0	0.0666666666666667	0	0
M6	RPS4X	16	9051:9066	782.856494470479	0.710204945685655	0.176098787060599	0.470675656700701	0.8125	0.0625	0	0.125	0	0
M6	RPS24	16	9051:9066	782.856494470479	0.710204945685655	0.176098787060599	0.470675656700701	0.8125	0.0625	0	0.125	0	0
M6	RPL37A	16	9051:9066	782.856494470479	0.710204945685655	0.176098787060599	0.470675656700701	0.8125	0.0625	0	0.125	0	0
M6	RPS20	16	9051:9066	782.856494470479	0.710204945685655	0.176098787060599	0.470675656700701	0.8125	0.0625	0	0.125	0	0
M6	RPS23P8	16	9051:9066	782.856494470479	0.710204945685655	0.176098787060599	0.470675656700701	0.8125	0.0625	0	0.125	0	0
M6	RPL31	16	9051:9066	782.856494470479	0.710204945685655	0.176098787060599	0.470675656700701	0.8125	0.0625	0	0.125	0	0
M6	RPL19	16	9051:9066	782.856494470479	0.710204945685655	0.176098787060599	0.470675656700701	0.8125	0.0625	0	0.125	0	0
M6	RPS23	16	9051:9066	782.856494470479	0.710204945685655	0.176098787060599	0.470675656700701	0.8125	0.0625	0	0.125	0	0
M6	RP11-864N7.2	16	9051:9066	782.856494470479	0.710204945685655	0.176098787060599	0.470675656700701	0.8125	0.0625	0	0.125	0	0
M6	ZFAS1	16	9051:9066	782.856494470479	0.710204945685655	0.176098787060599	0.470675656700701	0.8125	0.0625	0	0.125	0	0
M6	RPL8	16	9051:9066	782.856494470479	0.710204945685655	0.176098787060599	0.470675656700701	0.8125	0.0625	0	0.125	0	0
M6	RPS16	16	9051:9066	782.856494470479	0.710204945685655	0.176098787060599	0.470675656700701	0.8125	0.0625	0	0.125	0	0
M6	RPL27	16	9051:9066	782.856494470479	0.710204945685655	0.176098787060599	0.470675656700701	0.8125	0.0625	0	0.125	0	0
M6	RPL22	16	9051:9066	782.856494470479	0.710204945685655	0.176098787060599	0.470675656700701	0.8125	0.0625	0	0.125	0	0
M6	RPL36	16	9051:9066	782.856494470479	0.710204945685655	0.176098787060599	0.470675656700701	0.8125	0.0625	0	0.125	0	0
M6	UQCRB	16	9051:9066	782.856494470479	0.710204945685655	0.176098787060599	0.470675656700701	0.8125	0.0625	0	0.125	0	0
M4	RPL13P12	19	9067:9085	1118.60163880839	0.796363317666602	0.177507167930229	0.535701884563385	0.578947368421053	0	0	0.421052631578947	0	0
M4	RP11-20O24.4	19	9067:9085	1118.60163880839	0.796363317666602	0.177507167930229	0.535701884563385	0.578947368421053	0	0	0.421052631578947	0	0
M4	TMSB4X	19	9067:9085	1118.60163880839	0.796363317666602	0.177507167930229	0.535701884563385	0.578947368421053	0	0	0.421052631578947	0	0
M4	RPL38	19	9067:9085	1118.60163880839	0.796363317666602	0.177507167930229	0.535701884563385	0.578947368421053	0	0	0.421052631578947	0	0
M4	RPL14P1	19	9067:9085	1118.60163880839	0.796363317666602	0.177507167930229	0.535701884563385	0.578947368421053	0	0	0.421052631578947	0	0
M4	RPLP1	19	9067:9085	1118.60163880839	0.796363317666602	0.177507167930229	0.535701884563385	0.578947368421053	0	0	0.421052631578947	0	0
M4	RP11-592N21.1	19	9067:9085	1118.60163880839	0.796363317666602	0.177507167930229	0.535701884563385	0.578947368421053	0	0	0.421052631578947	0	0
M4	RPS6	19	9067:9085	1118.60163880839	0.796363317666602	0.177507167930229	0.535701884563385	0.578947368421053	0	0	0.421052631578947	0	0
M4	RPL13	19	9067:9085	1118.60163880839	0.796363317666602	0.177507167930229	0.535701884563385	0.578947368421053	0	0	0.421052631578947	0	0
M4	RP4-706A16.3	19	9067:9085	1118.60163880839	0.796363317666602	0.177507167930229	0.535701884563385	0.578947368421053	0	0	0.421052631578947	0	0
M4	HNRNPA1	19	9067:9085	1118.60163880839	0.796363317666602	0.177507167930229	0.535701884563385	0.578947368421053	0	0	0.421052631578947	0	0
M4	RPL14	19	9067:9085	1118.60163880839	0.796363317666602	0.177507167930229	0.535701884563385	0.578947368421053	0	0	0.421052631578947	0	0
M4	RPL3	19	9067:9085	1118.60163880839	0.796363317666602	0.177507167930229	0.535701884563385	0.578947368421053	0	0	0.421052631578947	0	0
M4	NAP1L1	19	9067:9085	1118.60163880839	0.796363317666602	0.177507167930229	0.535701884563385	0.578947368421053	0	0	0.421052631578947	0	0
M4	HNRNPA1P48	19	9067:9085	1118.60163880839	0.796363317666602	0.177507167930229	0.535701884563385	0.578947368421053	0	0	0.421052631578947	0	0
M4	AC144530.1	19	9067:9085	1118.60163880839	0.796363317666602	0.177507167930229	0.535701884563385	0.578947368421053	0	0	0.421052631578947	0	0
M4	RPL26	19	9067:9085	1118.60163880839	0.796363317666602	0.177507167930229	0.535701884563385	0.578947368421053	0	0	0.421052631578947	0	0
M4	TPT1	19	9067:9085	1118.60163880839	0.796363317666602	0.177507167930229	0.535701884563385	0.578947368421053	0	0	0.421052631578947	0	0
M4	RPL3P4	19	9067:9085	1118.60163880839	0.796363317666602	0.177507167930229	0.535701884563385	0.578947368421053	0	0	0.421052631578947	0	0
M10	LUM	13	9086:9098	549.071022362094	1.750431850061	0.182690774524378	0.427890991500927	1	0	0	0	0	0
M10	SPARC	13	9086:9098	549.071022362094	1.750431850061	0.182690774524378	0.427890991500927	1	0	0	0	0	0
M10	DPP4	13	9086:9098	549.071022362094	1.750431850061	0.182690774524378	0.427890991500927	1	0	0	0	0	0
M10	OLFML3	13	9086:9098	549.071022362094	1.750431850061	0.182690774524378	0.427890991500927	1	0	0	0	0	0
M10	TGFBI	13	9086:9098	549.071022362094	1.750431850061	0.182690774524378	0.427890991500927	1	0	0	0	0	0
M10	C1S	13	9086:9098	549.071022362094	1.750431850061	0.182690774524378	0.427890991500927	1	0	0	0	0	0
M10	GPC4	13	9086:9098	549.071022362094	1.750431850061	0.182690774524378	0.427890991500927	1	0	0	0	0	0
M10	IGFBP3	13	9086:9098	549.071022362094	1.750431850061	0.182690774524378	0.427890991500927	1	0	0	0	0	0
M10	CTSC	13	9086:9098	549.071022362094	1.750431850061	0.182690774524378	0.427890991500927	1	0	0	0	0	0
M10	C1R	13	9086:9098	549.071022362094	1.750431850061	0.182690774524378	0.427890991500927	1	0	0	0	0	0
M10	PLAU	13	9086:9098	549.071022362094	1.750431850061	0.182690774524378	0.427890991500927	1	0	0	0	0	0
M10	GUCY1A3	13	9086:9098	549.071022362094	1.750431850061	0.182690774524378	0.427890991500927	1	0	0	0	0	0
M10	GUCY1B3	13	9086:9098	549.071022362094	1.750431850061	0.182690774524378	0.427890991500927	1	0	0	0	0	0
M17	TUBA1A	11	9099:9109	444.956604748894	1.72185535696063	0.116434021869984	0.691905436540726	1	0	0	0	0	0.0909090909090909
M17	NDUFB2	11	9099:9109	444.956604748894	1.72185535696063	0.116434021869984	0.691905436540726	1	0	0	0	0	0.0909090909090909
M17	PHC2	11	9099:9109	444.956604748894	1.72185535696063	0.116434021869984	0.691905436540726	1	0	0	0	0	0.0909090909090909
M17	ELOC	11	9099:9109	444.956604748894	1.72185535696063	0.116434021869984	0.691905436540726	1	0	0	0	0	0.0909090909090909
M17	YWHAH	11	9099:9109	444.956604748894	1.72185535696063	0.116434021869984	0.691905436540726	1	0	0	0	0	0.0909090909090909
M17	KHDRBS3	11	9099:9109	444.956604748894	1.72185535696063	0.116434021869984	0.691905436540726	1	0	0	0	0	0.0909090909090909
M17	TUBA1B	11	9099:9109	444.956604748894	1.72185535696063	0.116434021869984	0.691905436540726	1	0	0	0	0	0.0909090909090909
M17	TYMS	11	9099:9109	444.956604748894	1.72185535696063	0.116434021869984	0.691905436540726	1	0	0	0	0	0.0909090909090909
M17	KLF6	11	9099:9109	444.956604748894	1.72185535696063	0.116434021869984	0.691905436540726	1	0	0	0	0	0.0909090909090909
M17	ESYT2	11	9099:9109	444.956604748894	1.72185535696063	0.116434021869984	0.691905436540726	1	0	0	0	0	0.0909090909090909
M17	MTCH2	11	9099:9109	444.956604748894	1.72185535696063	0.116434021869984	0.691905436540726	1	0	0	0	0	0.0909090909090909
M25	RPL21P28	10	9110:9119	118.481913241037	1.84935328088412	0.139589416809337	0.578259372319188	0.3	0	0	0.7	0	0
M25	RP11-734J24.1	10	9110:9119	118.481913241037	1.84935328088412	0.139589416809337	0.578259372319188	0.3	0	0	0.7	0	0
M25	RPL35	10	9110:9119	118.481913241037	1.84935328088412	0.139589416809337	0.578259372319188	0.3	0	0	0.7	0	0
M25	RPL21	10	9110:9119	118.481913241037	1.84935328088412	0.139589416809337	0.578259372319188	0.3	0	0	0.7	0	0
M25	RP11-151F5.2	10	9110:9119	118.481913241037	1.84935328088412	0.139589416809337	0.578259372319188	0.3	0	0	0.7	0	0
M25	RPS27AP16	10	9110:9119	118.481913241037	1.84935328088412	0.139589416809337	0.578259372319188	0.3	0	0	0.7	0	0
M25	RPS27A	10	9110:9119	118.481913241037	1.84935328088412	0.139589416809337	0.578259372319188	0.3	0	0	0.7	0	0
M25	RPL21P16	10	9110:9119	118.481913241037	1.84935328088412	0.139589416809337	0.578259372319188	0.3	0	0	0.7	0	0
M25	RPS20P14	10	9110:9119	118.481913241037	1.84935328088412	0.139589416809337	0.578259372319188	0.3	0	0	0.7	0	0
M25	RPL21P1	10	9110:9119	118.481913241037	1.84935328088412	0.139589416809337	0.578259372319188	0.3	0	0	0.7	0	0
M2	PLK2	20	9120:9139	182.566406099218	1.90105293258058	0.205067832574736	0.313381279374399	1	0	0	0	0	0.15
M2	ING1	20	9120:9139	182.566406099218	1.90105293258058	0.205067832574736	0.313381279374399	1	0	0	0	0	0.15
M2	NFKBIA	20	9120:9139	182.566406099218	1.90105293258058	0.205067832574736	0.313381279374399	1	0	0	0	0	0.15
M2	UBE2S	20	9120:9139	182.566406099218	1.90105293258058	0.205067832574736	0.313381279374399	1	0	0	0	0	0.15
M2	TOB1	20	9120:9139	182.566406099218	1.90105293258058	0.205067832574736	0.313381279374399	1	0	0	0	0	0.15
M2	ZFP36	20	9120:9139	182.566406099218	1.90105293258058	0.205067832574736	0.313381279374399	1	0	0	0	0	0.15
M2	INTS6	20	9120:9139	182.566406099218	1.90105293258058	0.205067832574736	0.313381279374399	1	0	0	0	0	0.15
M2	TRA2B	20	9120:9139	182.566406099218	1.90105293258058	0.205067832574736	0.313381279374399	1	0	0	0	0	0.15
M2	GADD45B	20	9120:9139	182.566406099218	1.90105293258058	0.205067832574736	0.313381279374399	1	0	0	0	0	0.15
M2	IER3	20	9120:9139	182.566406099218	1.90105293258058	0.205067832574736	0.313381279374399	1	0	0	0	0	0.15
M2	RHOB	20	9120:9139	182.566406099218	1.90105293258058	0.205067832574736	0.313381279374399	1	0	0	0	0	0.15
M2	BRD2	20	9120:9139	182.566406099218	1.90105293258058	0.205067832574736	0.313381279374399	1	0	0	0	0	0.15
M2	SLC38A2	20	9120:9139	182.566406099218	1.90105293258058	0.205067832574736	0.313381279374399	1	0	0	0	0	0.15
M2	JUNB	20	9120:9139	182.566406099218	1.90105293258058	0.205067832574736	0.313381279374399	1	0	0	0	0	0.15
M2	SOCS3	20	9120:9139	182.566406099218	1.90105293258058	0.205067832574736	0.313381279374399	1	0	0	0	0	0.15
M2	ZBTB11	20	9120:9139	182.566406099218	1.90105293258058	0.205067832574736	0.313381279374399	1	0	0	0	0	0.15
M2	SRSF7	20	9120:9139	182.566406099218	1.90105293258058	0.205067832574736	0.313381279374399	1	0	0	0	0	0.15
M2	TUBB4B	20	9120:9139	182.566406099218	1.90105293258058	0.205067832574736	0.313381279374399	1	0	0	0	0	0.15
M2	CCNL1	20	9120:9139	182.566406099218	1.90105293258058	0.205067832574736	0.313381279374399	1	0	0	0	0	0.15
M2	IRF1	20	9120:9139	182.566406099218	1.90105293258058	0.205067832574736	0.313381279374399	1	0	0	0	0	0.15
M1	HSPA5	29	9140:9168	658.137583738135	1.44471702963039	0.240998518622963	0.531876895803006	0.896551724137931	0.0689655172413793	0	0.0344827586206897	0	0.241379310344828
M1	CTD-3252C9.4	29	9140:9168	658.137583738135	1.44471702963039	0.240998518622963	0.531876895803006	0.896551724137931	0.0689655172413793	0	0.0344827586206897	0	0.241379310344828
M1	DUSP1	29	9140:9168	658.137583738135	1.44471702963039	0.240998518622963	0.531876895803006	0.896551724137931	0.0689655172413793	0	0.0344827586206897	0	0.241379310344828
M1	HSP90AA1	29	9140:9168	658.137583738135	1.44471702963039	0.240998518622963	0.531876895803006	0.896551724137931	0.0689655172413793	0	0.0344827586206897	0	0.241379310344828
M1	DDX5	29	9140:9168	658.137583738135	1.44471702963039	0.240998518622963	0.531876895803006	0.896551724137931	0.0689655172413793	0	0.0344827586206897	0	0.241379310344828
M1	XBP1	29	9140:9168	658.137583738135	1.44471702963039	0.240998518622963	0.531876895803006	0.896551724137931	0.0689655172413793	0	0.0344827586206897	0	0.241379310344828
M1	EGR1	29	9140:9168	658.137583738135	1.44471702963039	0.240998518622963	0.531876895803006	0.896551724137931	0.0689655172413793	0	0.0344827586206897	0	0.241379310344828
M1	KLHL15	29	9140:9168	658.137583738135	1.44471702963039	0.240998518622963	0.531876895803006	0.896551724137931	0.0689655172413793	0	0.0344827586206897	0	0.241379310344828
M1	NFKBIZ	29	9140:9168	658.137583738135	1.44471702963039	0.240998518622963	0.531876895803006	0.896551724137931	0.0689655172413793	0	0.0344827586206897	0	0.241379310344828
M1	ADAMTS1	29	9140:9168	658.137583738135	1.44471702963039	0.240998518622963	0.531876895803006	0.896551724137931	0.0689655172413793	0	0.0344827586206897	0	0.241379310344828
M1	RASD1	29	9140:9168	658.137583738135	1.44471702963039	0.240998518622963	0.531876895803006	0.896551724137931	0.0689655172413793	0	0.0344827586206897	0	0.241379310344828
M1	DDX3X	29	9140:9168	658.137583738135	1.44471702963039	0.240998518622963	0.531876895803006	0.896551724137931	0.0689655172413793	0	0.0344827586206897	0	0.241379310344828
M1	DNAJA1	29	9140:9168	658.137583738135	1.44471702963039	0.240998518622963	0.531876895803006	0.896551724137931	0.0689655172413793	0	0.0344827586206897	0	0.241379310344828
M1	SAP18	29	9140:9168	658.137583738135	1.44471702963039	0.240998518622963	0.531876895803006	0.896551724137931	0.0689655172413793	0	0.0344827586206897	0	0.241379310344828
M1	EIF1	29	9140:9168	658.137583738135	1.44471702963039	0.240998518622963	0.531876895803006	0.896551724137931	0.0689655172413793	0	0.0344827586206897	0	0.241379310344828
M1	DDIT3	29	9140:9168	658.137583738135	1.44471702963039	0.240998518622963	0.531876895803006	0.896551724137931	0.0689655172413793	0	0.0344827586206897	0	0.241379310344828
M1	FOS	29	9140:9168	658.137583738135	1.44471702963039	0.240998518622963	0.531876895803006	0.896551724137931	0.0689655172413793	0	0.0344827586206897	0	0.241379310344828
M1	THUMPD3-AS1	29	9140:9168	658.137583738135	1.44471702963039	0.240998518622963	0.531876895803006	0.896551724137931	0.0689655172413793	0	0.0344827586206897	0	0.241379310344828
M1	RGS2	29	9140:9168	658.137583738135	1.44471702963039	0.240998518622963	0.531876895803006	0.896551724137931	0.0689655172413793	0	0.0344827586206897	0	0.241379310344828
M1	EIF5	29	9140:9168	658.137583738135	1.44471702963039	0.240998518622963	0.531876895803006	0.896551724137931	0.0689655172413793	0	0.0344827586206897	0	0.241379310344828
M1	HEXIM1	29	9140:9168	658.137583738135	1.44471702963039	0.240998518622963	0.531876895803006	0.896551724137931	0.0689655172413793	0	0.0344827586206897	0	0.241379310344828
M1	KLF4	29	9140:9168	658.137583738135	1.44471702963039	0.240998518622963	0.531876895803006	0.896551724137931	0.0689655172413793	0	0.0344827586206897	0	0.241379310344828
M1	HSP90AA2P	29	9140:9168	658.137583738135	1.44471702963039	0.240998518622963	0.531876895803006	0.896551724137931	0.0689655172413793	0	0.0344827586206897	0	0.241379310344828
M1	FOSB	29	9140:9168	658.137583738135	1.44471702963039	0.240998518622963	0.531876895803006	0.896551724137931	0.0689655172413793	0	0.0344827586206897	0	0.241379310344828
M1	JUN	29	9140:9168	658.137583738135	1.44471702963039	0.240998518622963	0.531876895803006	0.896551724137931	0.0689655172413793	0	0.0344827586206897	0	0.241379310344828
M1	IER2	29	9140:9168	658.137583738135	1.44471702963039	0.240998518622963	0.531876895803006	0.896551724137931	0.0689655172413793	0	0.0344827586206897	0	0.241379310344828
M1	CCNG2	29	9140:9168	658.137583738135	1.44471702963039	0.240998518622963	0.531876895803006	0.896551724137931	0.0689655172413793	0	0.0344827586206897	0	0.241379310344828
M1	MYLIP	29	9140:9168	658.137583738135	1.44471702963039	0.240998518622963	0.531876895803006	0.896551724137931	0.0689655172413793	0	0.0344827586206897	0	0.241379310344828
M1	MORF4L2	29	9140:9168	658.137583738135	1.44471702963039	0.240998518622963	0.531876895803006	0.896551724137931	0.0689655172413793	0	0.0344827586206897	0	0.241379310344828
M12	ARL4D	12	9169:9180	107.646253275388	2.14246935688892	0.122495485750381	0.459099153918827	1	0	0	0	0	0.25
M12	NR4A1	12	9169:9180	107.646253275388	2.14246935688892	0.122495485750381	0.459099153918827	1	0	0	0	0	0.25
M12	RNF139	12	9169:9180	107.646253275388	2.14246935688892	0.122495485750381	0.459099153918827	1	0	0	0	0	0.25
M12	BAG3	12	9169:9180	107.646253275388	2.14246935688892	0.122495485750381	0.459099153918827	1	0	0	0	0	0.25
M12	ZFP36L1	12	9169:9180	107.646253275388	2.14246935688892	0.122495485750381	0.459099153918827	1	0	0	0	0	0.25
M12	DUSP5	12	9169:9180	107.646253275388	2.14246935688892	0.122495485750381	0.459099153918827	1	0	0	0	0	0.25
M12	IVNS1ABP	12	9169:9180	107.646253275388	2.14246935688892	0.122495485750381	0.459099153918827	1	0	0	0	0	0.25
M12	PTP4A1	12	9169:9180	107.646253275388	2.14246935688892	0.122495485750381	0.459099153918827	1	0	0	0	0	0.25
M12	BTG2	12	9169:9180	107.646253275388	2.14246935688892	0.122495485750381	0.459099153918827	1	0	0	0	0	0.25
M12	ID3	12	9169:9180	107.646253275388	2.14246935688892	0.122495485750381	0.459099153918827	1	0	0	0	0	0.25
M12	DNAJB6	12	9169:9180	107.646253275388	2.14246935688892	0.122495485750381	0.459099153918827	1	0	0	0	0	0.25
M12	SIRT1	12	9169:9180	107.646253275388	2.14246935688892	0.122495485750381	0.459099153918827	1	0	0	0	0	0.25
M18	JUND	11	9181:9191	188.022258858164	1.9002750871722	0.203283347253955	0.342154759088005	1	0	0	0	0	0.181818181818182
M18	DNAJB1	11	9181:9191	188.022258858164	1.9002750871722	0.203283347253955	0.342154759088005	1	0	0	0	0	0.181818181818182
M18	MCL1	11	9181:9191	188.022258858164	1.9002750871722	0.203283347253955	0.342154759088005	1	0	0	0	0	0.181818181818182
M18	IER5	11	9181:9191	188.022258858164	1.9002750871722	0.203283347253955	0.342154759088005	1	0	0	0	0	0.181818181818182
M18	SLC2A3	11	9181:9191	188.022258858164	1.9002750871722	0.203283347253955	0.342154759088005	1	0	0	0	0	0.181818181818182
M18	PPP1R15A	11	9181:9191	188.022258858164	1.9002750871722	0.203283347253955	0.342154759088005	1	0	0	0	0	0.181818181818182
M18	DNAJB4	11	9181:9191	188.022258858164	1.9002750871722	0.203283347253955	0.342154759088005	1	0	0	0	0	0.181818181818182
M18	H2AFZ	11	9181:9191	188.022258858164	1.9002750871722	0.203283347253955	0.342154759088005	1	0	0	0	0	0.181818181818182
M18	ZNF844	11	9181:9191	188.022258858164	1.9002750871722	0.203283347253955	0.342154759088005	1	0	0	0	0	0.181818181818182
M18	HLA-E	11	9181:9191	188.022258858164	1.9002750871722	0.203283347253955	0.342154759088005	1	0	0	0	0	0.181818181818182
M18	SAT1	11	9181:9191	188.022258858164	1.9002750871722	0.203283347253955	0.342154759088005	1	0	0	0	0	0.181818181818182
M7	EIF4A2	16	9192:9207	852.198142247282	1.93244645636094	0.134590518551031	0.478494726571598	0.875	0.125	0	0	0	0.25
M7	MYADM	16	9192:9207	852.198142247282	1.93244645636094	0.134590518551031	0.478494726571598	0.875	0.125	0	0	0	0.25
M7	ARL5B	16	9192:9207	852.198142247282	1.93244645636094	0.134590518551031	0.478494726571598	0.875	0.125	0	0	0	0.25
M7	HSP90AB1	16	9192:9207	852.198142247282	1.93244645636094	0.134590518551031	0.478494726571598	0.875	0.125	0	0	0	0.25
M7	TIPARP	16	9192:9207	852.198142247282	1.93244645636094	0.134590518551031	0.478494726571598	0.875	0.125	0	0	0	0.25
M7	SNHG12	16	9192:9207	852.198142247282	1.93244645636094	0.134590518551031	0.478494726571598	0.875	0.125	0	0	0	0.25
M7	ATF4	16	9192:9207	852.198142247282	1.93244645636094	0.134590518551031	0.478494726571598	0.875	0.125	0	0	0	0.25
M7	MLF1	16	9192:9207	852.198142247282	1.93244645636094	0.134590518551031	0.478494726571598	0.875	0.125	0	0	0	0.25
M7	ARL6IP1	16	9192:9207	852.198142247282	1.93244645636094	0.134590518551031	0.478494726571598	0.875	0.125	0	0	0	0.25
M7	MAFF	16	9192:9207	852.198142247282	1.93244645636094	0.134590518551031	0.478494726571598	0.875	0.125	0	0	0	0.25
M7	UBB	16	9192:9207	852.198142247282	1.93244645636094	0.134590518551031	0.478494726571598	0.875	0.125	0	0	0	0.25
M7	SERTAD1	16	9192:9207	852.198142247282	1.93244645636094	0.134590518551031	0.478494726571598	0.875	0.125	0	0	0	0.25
M7	CLK1	16	9192:9207	852.198142247282	1.93244645636094	0.134590518551031	0.478494726571598	0.875	0.125	0	0	0	0.25
M7	EGR2	16	9192:9207	852.198142247282	1.93244645636094	0.134590518551031	0.478494726571598	0.875	0.125	0	0	0	0.25
M7	SNHG1	16	9192:9207	852.198142247282	1.93244645636094	0.134590518551031	0.478494726571598	0.875	0.125	0	0	0	0.25
M7	NFIL3	16	9192:9207	852.198142247282	1.93244645636094	0.134590518551031	0.478494726571598	0.875	0.125	0	0	0	0.25
M26	RP11-462G12.1	10	9208:9217	27.7140025964421	3.12214501886479	0.119085428406971	0.532130405315662	0.6	0.2	0	0.2	0	0.1
M26	GLB1L	10	9208:9217	27.7140025964421	3.12214501886479	0.119085428406971	0.532130405315662	0.6	0.2	0	0.2	0	0.1
M26	CAD	10	9208:9217	27.7140025964421	3.12214501886479	0.119085428406971	0.532130405315662	0.6	0.2	0	0.2	0	0.1
M26	EMX2OS	10	9208:9217	27.7140025964421	3.12214501886479	0.119085428406971	0.532130405315662	0.6	0.2	0	0.2	0	0.1
M26	RPS26	10	9208:9217	27.7140025964421	3.12214501886479	0.119085428406971	0.532130405315662	0.6	0.2	0	0.2	0	0.1
M26	RPS26P15	10	9208:9217	27.7140025964421	3.12214501886479	0.119085428406971	0.532130405315662	0.6	0.2	0	0.2	0	0.1
M26	CTA-351J1.1	10	9208:9217	27.7140025964421	3.12214501886479	0.119085428406971	0.532130405315662	0.6	0.2	0	0.2	0	0.1
M26	CENPT	10	9208:9217	27.7140025964421	3.12214501886479	0.119085428406971	0.532130405315662	0.6	0.2	0	0.2	0	0.1
M26	ANKRD29	10	9208:9217	27.7140025964421	3.12214501886479	0.119085428406971	0.532130405315662	0.6	0.2	0	0.2	0	0.1
M26	KIAA0930	10	9208:9217	27.7140025964421	3.12214501886479	0.119085428406971	0.532130405315662	0.6	0.2	0	0.2	0	0.1
M19	INGX	11	9218:9228	57.6746752360336	2.95313216198013	0.123389146929942	0.45937130177972	0.545454545454545	0.363636363636364	0	0.0909090909090909	0	0.0909090909090909
M19	AC108142.1	11	9218:9228	57.6746752360336	2.95313216198013	0.123389146929942	0.45937130177972	0.545454545454545	0.363636363636364	0	0.0909090909090909	0	0.0909090909090909
M19	PEAK1	11	9218:9228	57.6746752360336	2.95313216198013	0.123389146929942	0.45937130177972	0.545454545454545	0.363636363636364	0	0.0909090909090909	0	0.0909090909090909
M19	RP11-83A24.2	11	9218:9228	57.6746752360336	2.95313216198013	0.123389146929942	0.45937130177972	0.545454545454545	0.363636363636364	0	0.0909090909090909	0	0.0909090909090909
M19	RNF43	11	9218:9228	57.6746752360336	2.95313216198013	0.123389146929942	0.45937130177972	0.545454545454545	0.363636363636364	0	0.0909090909090909	0	0.0909090909090909
M19	CARD14	11	9218:9228	57.6746752360336	2.95313216198013	0.123389146929942	0.45937130177972	0.545454545454545	0.363636363636364	0	0.0909090909090909	0	0.0909090909090909
M19	RP5-1039K5.19	11	9218:9228	57.6746752360336	2.95313216198013	0.123389146929942	0.45937130177972	0.545454545454545	0.363636363636364	0	0.0909090909090909	0	0.0909090909090909
M19	KANK1	11	9218:9228	57.6746752360336	2.95313216198013	0.123389146929942	0.45937130177972	0.545454545454545	0.363636363636364	0	0.0909090909090909	0	0.0909090909090909
M19	CACNA1A	11	9218:9228	57.6746752360336	2.95313216198013	0.123389146929942	0.45937130177972	0.545454545454545	0.363636363636364	0	0.0909090909090909	0	0.0909090909090909
M19	KCTD21-AS1	11	9218:9228	57.6746752360336	2.95313216198013	0.123389146929942	0.45937130177972	0.545454545454545	0.363636363636364	0	0.0909090909090909	0	0.0909090909090909
M19	ZNF440	11	9218:9228	57.6746752360336	2.95313216198013	0.123389146929942	0.45937130177972	0.545454545454545	0.363636363636364	0	0.0909090909090909	0	0.0909090909090909
M27	POLR3A	10	9229:9238	48.6464098539738	2.58423204491016	0.0867546235242726	0.48968879699681	1	0	0	0	0	0.1
M27	LGALS4	10	9229:9238	48.6464098539738	2.58423204491016	0.0867546235242726	0.48968879699681	1	0	0	0	0	0.1
M27	ZNF189	10	9229:9238	48.6464098539738	2.58423204491016	0.0867546235242726	0.48968879699681	1	0	0	0	0	0.1
M27	RARRES3	10	9229:9238	48.6464098539738	2.58423204491016	0.0867546235242726	0.48968879699681	1	0	0	0	0	0.1
M27	LAYN	10	9229:9238	48.6464098539738	2.58423204491016	0.0867546235242726	0.48968879699681	1	0	0	0	0	0.1
M27	MLLT3	10	9229:9238	48.6464098539738	2.58423204491016	0.0867546235242726	0.48968879699681	1	0	0	0	0	0.1
M27	PRKAA1	10	9229:9238	48.6464098539738	2.58423204491016	0.0867546235242726	0.48968879699681	1	0	0	0	0	0.1
M27	HERPUD2	10	9229:9238	48.6464098539738	2.58423204491016	0.0867546235242726	0.48968879699681	1	0	0	0	0	0.1
M27	SRGAP2	10	9229:9238	48.6464098539738	2.58423204491016	0.0867546235242726	0.48968879699681	1	0	0	0	0	0.1
M27	RFTN1	10	9229:9238	48.6464098539738	2.58423204491016	0.0867546235242726	0.48968879699681	1	0	0	0	0	0.1
M28	OMA1	10	9239:9248	33.3771753622879	2.76623986706798	0.090380855195299	0.541648366912456	1	0	0	0	0	0
M28	EIF2AK3	10	9239:9248	33.3771753622879	2.76623986706798	0.090380855195299	0.541648366912456	1	0	0	0	0	0
M28	RNF149	10	9239:9248	33.3771753622879	2.76623986706798	0.090380855195299	0.541648366912456	1	0	0	0	0	0
M28	MCCC2	10	9239:9248	33.3771753622879	2.76623986706798	0.090380855195299	0.541648366912456	1	0	0	0	0	0
M28	OCRL	10	9239:9248	33.3771753622879	2.76623986706798	0.090380855195299	0.541648366912456	1	0	0	0	0	0
M28	MCMBP	10	9239:9248	33.3771753622879	2.76623986706798	0.090380855195299	0.541648366912456	1	0	0	0	0	0
M28	EIF1AD	10	9239:9248	33.3771753622879	2.76623986706798	0.090380855195299	0.541648366912456	1	0	0	0	0	0
M28	MRPS36	10	9239:9248	33.3771753622879	2.76623986706798	0.090380855195299	0.541648366912456	1	0	0	0	0	0
M28	INTS6L	10	9239:9248	33.3771753622879	2.76623986706798	0.090380855195299	0.541648366912456	1	0	0	0	0	0
M28	TSTD2	10	9239:9248	33.3771753622879	2.76623986706798	0.090380855195299	0.541648366912456	1	0	0	0	0	0
M29	ARID1B	10	9249:9258	446.343847389595	1.51036578350322	0.099862871402242	0.63639711939245	0.7	0.3	0	0	0	0.2
M29	STARD9	10	9249:9258	446.343847389595	1.51036578350322	0.099862871402242	0.63639711939245	0.7	0.3	0	0	0	0.2
M29	SRSF5	10	9249:9258	446.343847389595	1.51036578350322	0.099862871402242	0.63639711939245	0.7	0.3	0	0	0	0.2
M29	MEG3	10	9249:9258	446.343847389595	1.51036578350322	0.099862871402242	0.63639711939245	0.7	0.3	0	0	0	0.2
M29	PNN	10	9249:9258	446.343847389595	1.51036578350322	0.099862871402242	0.63639711939245	0.7	0.3	0	0	0	0.2
M29	KCNQ1OT1	10	9249:9258	446.343847389595	1.51036578350322	0.099862871402242	0.63639711939245	0.7	0.3	0	0	0	0.2
M29	CCDC18-AS1	10	9249:9258	446.343847389595	1.51036578350322	0.099862871402242	0.63639711939245	0.7	0.3	0	0	0	0.2
M29	METTL3	10	9249:9258	446.343847389595	1.51036578350322	0.099862871402242	0.63639711939245	0.7	0.3	0	0	0	0.2
M29	COG7	10	9249:9258	446.343847389595	1.51036578350322	0.099862871402242	0.63639711939245	0.7	0.3	0	0	0	0.2
M29	ZNF549	10	9249:9258	446.343847389595	1.51036578350322	0.099862871402242	0.63639711939245	0.7	0.3	0	0	0	0.2
M11	NBPF26	13	9259:9271	169.896315374078	1.37706635159958	0.193975263929287	0.971524324999353	0.769230769230769	0.0769230769230769	0	0.153846153846154	0	0.0769230769230769
M11	PABPC1	13	9259:9271	169.896315374078	1.37706635159958	0.193975263929287	0.971524324999353	0.769230769230769	0.0769230769230769	0	0.153846153846154	0	0.0769230769230769
M11	NBPF14	13	9259:9271	169.896315374078	1.37706635159958	0.193975263929287	0.971524324999353	0.769230769230769	0.0769230769230769	0	0.153846153846154	0	0.0769230769230769
M11	GHR	13	9259:9271	169.896315374078	1.37706635159958	0.193975263929287	0.971524324999353	0.769230769230769	0.0769230769230769	0	0.153846153846154	0	0.0769230769230769
M11	CDR1-AS	13	9259:9271	169.896315374078	1.37706635159958	0.193975263929287	0.971524324999353	0.769230769230769	0.0769230769230769	0	0.153846153846154	0	0.0769230769230769
M11	NBPF19	13	9259:9271	169.896315374078	1.37706635159958	0.193975263929287	0.971524324999353	0.769230769230769	0.0769230769230769	0	0.153846153846154	0	0.0769230769230769
M11	NBPF15	13	9259:9271	169.896315374078	1.37706635159958	0.193975263929287	0.971524324999353	0.769230769230769	0.0769230769230769	0	0.153846153846154	0	0.0769230769230769
M11	NBPF10	13	9259:9271	169.896315374078	1.37706635159958	0.193975263929287	0.971524324999353	0.769230769230769	0.0769230769230769	0	0.153846153846154	0	0.0769230769230769
M11	NBPF25P	13	9259:9271	169.896315374078	1.37706635159958	0.193975263929287	0.971524324999353	0.769230769230769	0.0769230769230769	0	0.153846153846154	0	0.0769230769230769
M11	NBPF8	13	9259:9271	169.896315374078	1.37706635159958	0.193975263929287	0.971524324999353	0.769230769230769	0.0769230769230769	0	0.153846153846154	0	0.0769230769230769
M11	CDR1	13	9259:9271	169.896315374078	1.37706635159958	0.193975263929287	0.971524324999353	0.769230769230769	0.0769230769230769	0	0.153846153846154	0	0.0769230769230769
M11	TRPC1	13	9259:9271	169.896315374078	1.37706635159958	0.193975263929287	0.971524324999353	0.769230769230769	0.0769230769230769	0	0.153846153846154	0	0.0769230769230769
M11	ZNF532	13	9259:9271	169.896315374078	1.37706635159958	0.193975263929287	0.971524324999353	0.769230769230769	0.0769230769230769	0	0.153846153846154	0	0.0769230769230769
M20	DCC	11	9272:9282	69.695309000314	2.56408567102431	0.0906596568427377	0.615165418091531	0.909090909090909	0.0909090909090909	0	0	0	0.0909090909090909
M20	TPP2	11	9272:9282	69.695309000314	2.56408567102431	0.0906596568427377	0.615165418091531	0.909090909090909	0.0909090909090909	0	0	0	0.0909090909090909
M20	RP11-229O3.1	11	9272:9282	69.695309000314	2.56408567102431	0.0906596568427377	0.615165418091531	0.909090909090909	0.0909090909090909	0	0	0	0.0909090909090909
M20	SKP2	11	9272:9282	69.695309000314	2.56408567102431	0.0906596568427377	0.615165418091531	0.909090909090909	0.0909090909090909	0	0	0	0.0909090909090909
M20	CCNT1	11	9272:9282	69.695309000314	2.56408567102431	0.0906596568427377	0.615165418091531	0.909090909090909	0.0909090909090909	0	0	0	0.0909090909090909
M20	TIMELESS	11	9272:9282	69.695309000314	2.56408567102431	0.0906596568427377	0.615165418091531	0.909090909090909	0.0909090909090909	0	0	0	0.0909090909090909
M20	EIF2B5	11	9272:9282	69.695309000314	2.56408567102431	0.0906596568427377	0.615165418091531	0.909090909090909	0.0909090909090909	0	0	0	0.0909090909090909
M20	PRDM5	11	9272:9282	69.695309000314	2.56408567102431	0.0906596568427377	0.615165418091531	0.909090909090909	0.0909090909090909	0	0	0	0.0909090909090909
M20	PEX11A	11	9272:9282	69.695309000314	2.56408567102431	0.0906596568427377	0.615165418091531	0.909090909090909	0.0909090909090909	0	0	0	0.0909090909090909
M20	DCTN1	11	9272:9282	69.695309000314	2.56408567102431	0.0906596568427377	0.615165418091531	0.909090909090909	0.0909090909090909	0	0	0	0.0909090909090909
M20	ARHGAP23	11	9272:9282	69.695309000314	2.56408567102431	0.0906596568427377	0.615165418091531	0.909090909090909	0.0909090909090909	0	0	0	0.0909090909090909
M21	TPM2	11	9283:9293	277.927905661531	1.48392617235864	0.177432209385229	0.319997121253766	1	0	0	0	0	0
M21	TPM4	11	9283:9293	277.927905661531	1.48392617235864	0.177432209385229	0.319997121253766	1	0	0	0	0	0
M21	MYLK	11	9283:9293	277.927905661531	1.48392617235864	0.177432209385229	0.319997121253766	1	0	0	0	0	0
M21	PDLIM3	11	9283:9293	277.927905661531	1.48392617235864	0.177432209385229	0.319997121253766	1	0	0	0	0	0
M21	CORO1C	11	9283:9293	277.927905661531	1.48392617235864	0.177432209385229	0.319997121253766	1	0	0	0	0	0
M21	MYOCD	11	9283:9293	277.927905661531	1.48392617235864	0.177432209385229	0.319997121253766	1	0	0	0	0	0
M21	FHL1	11	9283:9293	277.927905661531	1.48392617235864	0.177432209385229	0.319997121253766	1	0	0	0	0	0
M21	VCL	11	9283:9293	277.927905661531	1.48392617235864	0.177432209385229	0.319997121253766	1	0	0	0	0	0
M21	TAGLN	11	9283:9293	277.927905661531	1.48392617235864	0.177432209385229	0.319997121253766	1	0	0	0	0	0
M21	ACTA2	11	9283:9293	277.927905661531	1.48392617235864	0.177432209385229	0.319997121253766	1	0	0	0	0	0
M21	TPM1	11	9283:9293	277.927905661531	1.48392617235864	0.177432209385229	0.319997121253766	1	0	0	0	0	0
M22	TPRG1L	11	9294:9304	31.3759473587663	3.09421299328283	0.0849413231570146	0.611094529991791	1	0	0	0	0	0.0909090909090909
M22	HACD4	11	9294:9304	31.3759473587663	3.09421299328283	0.0849413231570146	0.611094529991791	1	0	0	0	0	0.0909090909090909
M22	DDRGK1	11	9294:9304	31.3759473587663	3.09421299328283	0.0849413231570146	0.611094529991791	1	0	0	0	0	0.0909090909090909
M22	TRIAP1	11	9294:9304	31.3759473587663	3.09421299328283	0.0849413231570146	0.611094529991791	1	0	0	0	0	0.0909090909090909
M22	CYB5R1	11	9294:9304	31.3759473587663	3.09421299328283	0.0849413231570146	0.611094529991791	1	0	0	0	0	0.0909090909090909
M22	MARC1	11	9294:9304	31.3759473587663	3.09421299328283	0.0849413231570146	0.611094529991791	1	0	0	0	0	0.0909090909090909
M22	SYDE1	11	9294:9304	31.3759473587663	3.09421299328283	0.0849413231570146	0.611094529991791	1	0	0	0	0	0.0909090909090909
M22	PARD6G	11	9294:9304	31.3759473587663	3.09421299328283	0.0849413231570146	0.611094529991791	1	0	0	0	0	0.0909090909090909
M22	MYC	11	9294:9304	31.3759473587663	3.09421299328283	0.0849413231570146	0.611094529991791	1	0	0	0	0	0.0909090909090909
M22	NUDT9	11	9294:9304	31.3759473587663	3.09421299328283	0.0849413231570146	0.611094529991791	1	0	0	0	0	0.0909090909090909
M22	SFRP2	11	9294:9304	31.3759473587663	3.09421299328283	0.0849413231570146	0.611094529991791	1	0	0	0	0	0.0909090909090909
M23	ADGRL2	11	9305:9315	345.772322781926	1.13941481371306	0.130738013054602	0.351797091351792	0.909090909090909	0	0	0.0909090909090909	0	0.454545454545455
M23	PLEKHH2	11	9305:9315	345.772322781926	1.13941481371306	0.130738013054602	0.351797091351792	0.909090909090909	0	0	0.0909090909090909	0	0.454545454545455
M23	PGM5P2	11	9305:9315	345.772322781926	1.13941481371306	0.130738013054602	0.351797091351792	0.909090909090909	0	0	0.0909090909090909	0	0.454545454545455
M23	BAZ2B	11	9305:9315	345.772322781926	1.13941481371306	0.130738013054602	0.351797091351792	0.909090909090909	0	0	0.0909090909090909	0	0.454545454545455
M23	TTC3	11	9305:9315	345.772322781926	1.13941481371306	0.130738013054602	0.351797091351792	0.909090909090909	0	0	0.0909090909090909	0	0.454545454545455
M23	SETD5	11	9305:9315	345.772322781926	1.13941481371306	0.130738013054602	0.351797091351792	0.909090909090909	0	0	0.0909090909090909	0	0.454545454545455
M23	ZNF518A	11	9305:9315	345.772322781926	1.13941481371306	0.130738013054602	0.351797091351792	0.909090909090909	0	0	0.0909090909090909	0	0.454545454545455
M23	TMF1	11	9305:9315	345.772322781926	1.13941481371306	0.130738013054602	0.351797091351792	0.909090909090909	0	0	0.0909090909090909	0	0.454545454545455
M23	PLAGL1	11	9305:9315	345.772322781926	1.13941481371306	0.130738013054602	0.351797091351792	0.909090909090909	0	0	0.0909090909090909	0	0.454545454545455
M23	HIF3A	11	9305:9315	345.772322781926	1.13941481371306	0.130738013054602	0.351797091351792	0.909090909090909	0	0	0.0909090909090909	0	0.454545454545455
M23	NKTR	11	9305:9315	345.772322781926	1.13941481371306	0.130738013054602	0.351797091351792	0.909090909090909	0	0	0.0909090909090909	0	0.454545454545455
M30	CACNB2	10	9316:9325	21.4635180193605	3.25206934888215	0.0844681266406072	0.617960795975819	0.6	0.3	0	0.1	0	0
M30	HELLPAR	10	9316:9325	21.4635180193605	3.25206934888215	0.0844681266406072	0.617960795975819	0.6	0.3	0	0.1	0	0
M30	CHRNA7	10	9316:9325	21.4635180193605	3.25206934888215	0.0844681266406072	0.617960795975819	0.6	0.3	0	0.1	0	0
M30	SMG9	10	9316:9325	21.4635180193605	3.25206934888215	0.0844681266406072	0.617960795975819	0.6	0.3	0	0.1	0	0
M30	FAM66C	10	9316:9325	21.4635180193605	3.25206934888215	0.0844681266406072	0.617960795975819	0.6	0.3	0	0.1	0	0
M30	PRRC2A	10	9316:9325	21.4635180193605	3.25206934888215	0.0844681266406072	0.617960795975819	0.6	0.3	0	0.1	0	0
M30	FUBP3	10	9316:9325	21.4635180193605	3.25206934888215	0.0844681266406072	0.617960795975819	0.6	0.3	0	0.1	0	0
M30	RP11-109N23.5	10	9316:9325	21.4635180193605	3.25206934888215	0.0844681266406072	0.617960795975819	0.6	0.3	0	0.1	0	0
M30	KIAA2012	10	9316:9325	21.4635180193605	3.25206934888215	0.0844681266406072	0.617960795975819	0.6	0.3	0	0.1	0	0
M30	RP11-1114A5.4	10	9316:9325	21.4635180193605	3.25206934888215	0.0844681266406072	0.617960795975819	0.6	0.3	0	0.1	0	0
M24	ZNF114	11	9326:9336	44.9129002822742	2.76816812582445	0.0933576130547987	0.59298954882243	1	0	0	0	0	0.181818181818182
M24	REPIN1	11	9326:9336	44.9129002822742	2.76816812582445	0.0933576130547987	0.59298954882243	1	0	0	0	0	0.181818181818182
M24	RANGRF	11	9326:9336	44.9129002822742	2.76816812582445	0.0933576130547987	0.59298954882243	1	0	0	0	0	0.181818181818182
M24	LSM5	11	9326:9336	44.9129002822742	2.76816812582445	0.0933576130547987	0.59298954882243	1	0	0	0	0	0.181818181818182
M24	AHCYL2	11	9326:9336	44.9129002822742	2.76816812582445	0.0933576130547987	0.59298954882243	1	0	0	0	0	0.181818181818182
M24	GPSM2	11	9326:9336	44.9129002822742	2.76816812582445	0.0933576130547987	0.59298954882243	1	0	0	0	0	0.181818181818182
M24	APOPT1	11	9326:9336	44.9129002822742	2.76816812582445	0.0933576130547987	0.59298954882243	1	0	0	0	0	0.181818181818182
M24	ADGRL1	11	9326:9336	44.9129002822742	2.76816812582445	0.0933576130547987	0.59298954882243	1	0	0	0	0	0.181818181818182
M24	FAM111A	11	9326:9336	44.9129002822742	2.76816812582445	0.0933576130547987	0.59298954882243	1	0	0	0	0	0.181818181818182
M24	BCS1L	11	9326:9336	44.9129002822742	2.76816812582445	0.0933576130547987	0.59298954882243	1	0	0	0	0	0.181818181818182
M24	LRRC42	11	9326:9336	44.9129002822742	2.76816812582445	0.0933576130547987	0.59298954882243	1	0	0	0	0	0.181818181818182
M13	AGAP9	12	9337:9348	39.029314616021	2.72256112349066	0.144308456306094	0.851961653634596	0.666666666666667	0	0	0.333333333333333	0	0.0833333333333333
M13	AGAP14	12	9337:9348	39.029314616021	2.72256112349066	0.144308456306094	0.851961653634596	0.666666666666667	0	0	0.333333333333333	0	0.0833333333333333
M13	AGAP7P	12	9337:9348	39.029314616021	2.72256112349066	0.144308456306094	0.851961653634596	0.666666666666667	0	0	0.333333333333333	0	0.0833333333333333
M13	PI4KA	12	9337:9348	39.029314616021	2.72256112349066	0.144308456306094	0.851961653634596	0.666666666666667	0	0	0.333333333333333	0	0.0833333333333333
M13	SF1	12	9337:9348	39.029314616021	2.72256112349066	0.144308456306094	0.851961653634596	0.666666666666667	0	0	0.333333333333333	0	0.0833333333333333
M13	AGAP6	12	9337:9348	39.029314616021	2.72256112349066	0.144308456306094	0.851961653634596	0.666666666666667	0	0	0.333333333333333	0	0.0833333333333333
M13	COPS7A	12	9337:9348	39.029314616021	2.72256112349066	0.144308456306094	0.851961653634596	0.666666666666667	0	0	0.333333333333333	0	0.0833333333333333
M13	AGAP12P	12	9337:9348	39.029314616021	2.72256112349066	0.144308456306094	0.851961653634596	0.666666666666667	0	0	0.333333333333333	0	0.0833333333333333
M13	AGAP10P	12	9337:9348	39.029314616021	2.72256112349066	0.144308456306094	0.851961653634596	0.666666666666667	0	0	0.333333333333333	0	0.0833333333333333
M13	ZKSCAN8	12	9337:9348	39.029314616021	2.72256112349066	0.144308456306094	0.851961653634596	0.666666666666667	0	0	0.333333333333333	0	0.0833333333333333
M13	WBP11	12	9337:9348	39.029314616021	2.72256112349066	0.144308456306094	0.851961653634596	0.666666666666667	0	0	0.333333333333333	0	0.0833333333333333
M13	AGAP4	12	9337:9348	39.029314616021	2.72256112349066	0.144308456306094	0.851961653634596	0.666666666666667	0	0	0.333333333333333	0	0.0833333333333333
M14	EDIL3	12	9349:9360	786.347642426968	1.56315163431306	0.099060627162177	0.712786132914031	1	0	0	0	0	0
M14	SEMA3A	12	9349:9360	786.347642426968	1.56315163431306	0.099060627162177	0.712786132914031	1	0	0	0	0	0
M14	PLPP3	12	9349:9360	786.347642426968	1.56315163431306	0.099060627162177	0.712786132914031	1	0	0	0	0	0
M14	AKAP12	12	9349:9360	786.347642426968	1.56315163431306	0.099060627162177	0.712786132914031	1	0	0	0	0	0
M14	CRISPLD2	12	9349:9360	786.347642426968	1.56315163431306	0.099060627162177	0.712786132914031	1	0	0	0	0	0
M14	EIF4G2	12	9349:9360	786.347642426968	1.56315163431306	0.099060627162177	0.712786132914031	1	0	0	0	0	0
M14	LRRTM2	12	9349:9360	786.347642426968	1.56315163431306	0.099060627162177	0.712786132914031	1	0	0	0	0	0
M14	SPTBN1	12	9349:9360	786.347642426968	1.56315163431306	0.099060627162177	0.712786132914031	1	0	0	0	0	0
M14	DST	12	9349:9360	786.347642426968	1.56315163431306	0.099060627162177	0.712786132914031	1	0	0	0	0	0
M14	DNAJC25	12	9349:9360	786.347642426968	1.56315163431306	0.099060627162177	0.712786132914031	1	0	0	0	0	0
M14	TPCN1	12	9349:9360	786.347642426968	1.56315163431306	0.099060627162177	0.712786132914031	1	0	0	0	0	0
M14	POSTN	12	9349:9360	786.347642426968	1.56315163431306	0.099060627162177	0.712786132914031	1	0	0	0	0	0
M31	YME1L1	10	9361:9370	226.277676706757	1.1765339289028	0.113290669053775	0.443150317022367	1	0	0	0	0	0.3
M31	SEC31A	10	9361:9370	226.277676706757	1.1765339289028	0.113290669053775	0.443150317022367	1	0	0	0	0	0.3
M31	KMT2A	10	9361:9370	226.277676706757	1.1765339289028	0.113290669053775	0.443150317022367	1	0	0	0	0	0.3
M31	ZNF280D	10	9361:9370	226.277676706757	1.1765339289028	0.113290669053775	0.443150317022367	1	0	0	0	0	0.3
M31	CUX1	10	9361:9370	226.277676706757	1.1765339289028	0.113290669053775	0.443150317022367	1	0	0	0	0	0.3
M31	LAMA2	10	9361:9370	226.277676706757	1.1765339289028	0.113290669053775	0.443150317022367	1	0	0	0	0	0.3
M31	HOXA5	10	9361:9370	226.277676706757	1.1765339289028	0.113290669053775	0.443150317022367	1	0	0	0	0	0.3
M31	USP47	10	9361:9370	226.277676706757	1.1765339289028	0.113290669053775	0.443150317022367	1	0	0	0	0	0.3
M31	TMED10	10	9361:9370	226.277676706757	1.1765339289028	0.113290669053775	0.443150317022367	1	0	0	0	0	0.3
M31	KDM5B	10	9361:9370	226.277676706757	1.1765339289028	0.113290669053775	0.443150317022367	1	0	0	0	0	0.3
M32	COLEC12	10	9371:9380	407.904889844211	0.999375135070476	0.147501178907291	0.423549849838883	1	0	0	0	0	0
M32	MMP2	10	9371:9380	407.904889844211	0.999375135070476	0.147501178907291	0.423549849838883	1	0	0	0	0	0
M32	NTRK3	10	9371:9380	407.904889844211	0.999375135070476	0.147501178907291	0.423549849838883	1	0	0	0	0	0
M32	SYK	10	9371:9380	407.904889844211	0.999375135070476	0.147501178907291	0.423549849838883	1	0	0	0	0	0
M32	EPS8	10	9371:9380	407.904889844211	0.999375135070476	0.147501178907291	0.423549849838883	1	0	0	0	0	0
M32	MFAP4	10	9371:9380	407.904889844211	0.999375135070476	0.147501178907291	0.423549849838883	1	0	0	0	0	0
M32	COL15A1	10	9371:9380	407.904889844211	0.999375135070476	0.147501178907291	0.423549849838883	1	0	0	0	0	0
M32	PLXDC2	10	9371:9380	407.904889844211	0.999375135070476	0.147501178907291	0.423549849838883	1	0	0	0	0	0
M32	GPC6	10	9371:9380	407.904889844211	0.999375135070476	0.147501178907291	0.423549849838883	1	0	0	0	0	0
M32	SOBP	10	9371:9380	407.904889844211	0.999375135070476	0.147501178907291	0.423549849838883	1	0	0	0	0	0
M15	KCNH1	12	9381:9392	290.265875435102	1.74074461245645	0.158633598841025	0.413648178297802	1	0	0	0	0	0
M15	VEGFA	12	9381:9392	290.265875435102	1.74074461245645	0.158633598841025	0.413648178297802	1	0	0	0	0	0
M15	PTCH1	12	9381:9392	290.265875435102	1.74074461245645	0.158633598841025	0.413648178297802	1	0	0	0	0	0
M15	OLFM1	12	9381:9392	290.265875435102	1.74074461245645	0.158633598841025	0.413648178297802	1	0	0	0	0	0
M15	HSD17B2	12	9381:9392	290.265875435102	1.74074461245645	0.158633598841025	0.413648178297802	1	0	0	0	0	0
M15	CXCR4	12	9381:9392	290.265875435102	1.74074461245645	0.158633598841025	0.413648178297802	1	0	0	0	0	0
M15	NSG1	12	9381:9392	290.265875435102	1.74074461245645	0.158633598841025	0.413648178297802	1	0	0	0	0	0
M15	DLL1	12	9381:9392	290.265875435102	1.74074461245645	0.158633598841025	0.413648178297802	1	0	0	0	0	0
M15	TMEM100	12	9381:9392	290.265875435102	1.74074461245645	0.158633598841025	0.413648178297802	1	0	0	0	0	0
M15	MATN2	12	9381:9392	290.265875435102	1.74074461245645	0.158633598841025	0.413648178297802	1	0	0	0	0	0
M15	NRG1	12	9381:9392	290.265875435102	1.74074461245645	0.158633598841025	0.413648178297802	1	0	0	0	0	0
M15	OLFML2A	12	9381:9392	290.265875435102	1.74074461245645	0.158633598841025	0.413648178297802	1	0	0	0	0	0
M33	BTAF1	10	9393:9402	91.0672257686864	1.89217054257183	0.0968732392672436	0.65398395911798	0.9	0.1	0	0	0	0.1
M33	STX6	10	9393:9402	91.0672257686864	1.89217054257183	0.0968732392672436	0.65398395911798	0.9	0.1	0	0	0	0.1
M33	RAB11FIP2	10	9393:9402	91.0672257686864	1.89217054257183	0.0968732392672436	0.65398395911798	0.9	0.1	0	0	0	0.1
M33	ZFHX4	10	9393:9402	91.0672257686864	1.89217054257183	0.0968732392672436	0.65398395911798	0.9	0.1	0	0	0	0.1
M33	SH3BP5-AS1	10	9393:9402	91.0672257686864	1.89217054257183	0.0968732392672436	0.65398395911798	0.9	0.1	0	0	0	0.1
M33	XRRA1	10	9393:9402	91.0672257686864	1.89217054257183	0.0968732392672436	0.65398395911798	0.9	0.1	0	0	0	0.1
M33	NBPF9	10	9393:9402	91.0672257686864	1.89217054257183	0.0968732392672436	0.65398395911798	0.9	0.1	0	0	0	0.1
M33	NBPF12	10	9393:9402	91.0672257686864	1.89217054257183	0.0968732392672436	0.65398395911798	0.9	0.1	0	0	0	0.1
M33	NBPF11	10	9393:9402	91.0672257686864	1.89217054257183	0.0968732392672436	0.65398395911798	0.9	0.1	0	0	0	0.1
M33	AK2	10	9393:9402	91.0672257686864	1.89217054257183	0.0968732392672436	0.65398395911798	0.9	0.1	0	0	0	0.1
