100	1	average	250	9400
100	1	complete	92	1007
100	2	average	258	9492
100	2	complete	107	1156
100	3	average	269	9482
100	3	complete	94	1019
300	1	average	249	9410
300	1	complete	24	307
300	2	average	257	9409
300	2	complete	25	317
300	3	average	259	9310
300	3	complete	27	326
500	1	average	227	9287
500	1	complete	37	478
500	2	average	205	9314
500	2	complete	28	372
500	3	average	192	9258
500	3	complete	33	426
700	1	average	178	9330
700	1	complete	37	506
700	2	average	187	9278
700	2	complete	33	455
700	3	average	203	9363
700	3	complete	41	545
900	1	average	160	9346
900	1	complete	41	585
900	2	average	179	9276
900	2	complete	45	577
900	3	average	162	9386
900	3	complete	50	646
1100	1	average	158	9340
1100	1	complete	51	686
1100	2	average	148	9308
1100	2	complete	55	699
1100	3	average	155	9386
1100	3	complete	55	724
1300	1	average	139	9318
1300	1	complete	52	728
1300	2	average	136	9344
1300	2	complete	45	647
1300	3	average	151	9363
1300	3	complete	50	645
1500	1	average	114	9369
1500	1	complete	62	840
1500	2	average	131	9336
1500	2	complete	65	878
1500	3	average	116	9337
1500	3	complete	56	744
1700	1	average	120	9338
1700	1	complete	70	951
1700	2	average	111	9300
1700	2	complete	67	900
1700	3	average	127	9350
1700	3	complete	60	831
