human	PR10_XXL_501_S26_L004	255968673	236.3667	501_S26_L004_cell1	2221763	2940638	1462526	280132	2046094	1650455	1650448
human	PR10_XXL_501_S26_L004	255968673	236.3667	501_S26_L004_cell2	2020175	2586590	1424297	191105	1896585	1603921	1603915
human	PR10_XXL_501_S26_L004	255968673	236.3667	501_S26_L004_cell3	72825	104662	48032	4748	64230	55160	55158
human	PR10_XXL_501_S26_L004	255968673	236.3667	501_S26_L004_cell4	1728624	2269817	1187567	43979	1447115	1340283	1340277
human	PR10_XXL_501_S26_L004	255968673	236.3667	501_S26_L004_cell5	1546551	2033878	1109319	108540	1429796	1258223	1258223
human	PR10_XXL_501_S26_L004	255968673	236.3667	501_S26_L004_cell6	1515579	2139589	1021917	126975	1345744	1159825	1159820
human	PR10_XXL_501_S26_L004	255968673	236.3667	501_S26_L004_cell7	130967	170254	61651	7226	80216	69555	69555
human	PR10_XXL_501_S26_L004	255968673	236.3667	501_S26_L004_cell8	1017802	1381206	662307	111348	900527	748387	748383
human	PR10_XXL_501_S26_L004	255968673	236.3667	501_S26_L004_cell9	2370984	3057345	1684611	297879	2346164	1914159	1914152
human	PR10_XXL_501_S26_L004	255968673	236.3667	501_S26_L004_cell10	3495159	4525022	2727233	354465	3617356	3077141	3077120
human	PR10_XXL_501_S26_L004	255968673	236.3667	501_S26_L004_cell11	111605	156571	65638	7005	88989	75440	75440
human	PR10_XXL_501_S26_L004	255968673	236.3667	501_S26_L004_cell12	2398032	3189317	1881049	59353	2262703	2109981	2109971
human	PR10_XXL_501_S26_L004	255968673	236.3667	501_S26_L004_cell13	2346703	3103262	1830845	211075	2380702	2062055	2062042
human	PR10_XXL_501_S26_L004	255968673	236.3667	501_S26_L004_cell14	2198930	2938945	1584635	207169	2078979	1785209	1785204
human	PR10_XXL_501_S26_L004	255968673	236.3667	501_S26_L004_cell15	2237986	2806185	1723626	157467	2170443	1935119	1935115
human	PR10_XXL_501_S26_L004	255968673	236.3667	501_S26_L004_cell16	1252623	1764904	1015066	136968	1333070	1142422	1142417
human	PR10_XXL_501_S26_L004	255968673	236.3667	501_S26_L004_cell17	2225803	3141625	985295	185775	1391488	1121446	1121443
human	PR10_XXL_501_S26_L004	255968673	236.3667	501_S26_L004_cell18	135911	178947	36145	12458	58328	41648	41648
human	PR10_XXL_501_S26_L004	255968673	236.3667	501_S26_L004_cell19	891678	1286923	465281	49785	606922	528237	528234
human	PR10_XXL_501_S26_L004	255968673	236.3667	501_S26_L004_cell20	1525820	2202365	654442	29897	813355	745088	745086
human	PR10_XXL_501_S26_L004	255968673	236.3667	501_S26_L004_cell21	1802896	2504048	835196	116539	1124609	952298	952293
human	PR10_XXL_501_S26_L004	255968673	236.3667	501_S26_L004_cell22	1155407	1784175	496418	90216	690677	566749	566747
human	PR10_XXL_501_S26_L004	255968673	236.3667	501_S26_L004_cell23	1956088	2852599	932094	139009	1249668	1057354	1057351
human	PR10_XXL_501_S26_L004	255968673	236.3667	501_S26_L004_cell24	74804	106113	16814	3675	24553	19336	19336
human	PR10_XXL_501_S26_L004	255968673	236.3667	501_S26_L004_cell25	1992477	2500352	1503675	261717	2081039	1703691	1703685
human	PR10_XXL_501_S26_L004	255968673	236.3667	501_S26_L004_cell26	153029	208690	89022	23426	132517	100792	100791
human	PR10_XXL_501_S26_L004	255968673	236.3667	501_S26_L004_cell27	1453793	1859845	1247876	114312	1598065	1412636	1412635
human	PR10_XXL_501_S26_L004	255968673	236.3667	501_S26_L004_cell28	2002714	2677783	1745299	63703	2106568	1957334	1957327
human	PR10_XXL_501_S26_L004	255968673	236.3667	501_S26_L004_cell29	140211	193204	90130	11495	118926	101742	101740
human	PR10_XXL_501_S26_L004	255968673	236.3667	501_S26_L004_cell30	1706715	2274600	1371765	205796	1833487	1548360	1548357
human	PR10_XXL_501_S26_L004	255968673	236.3667	501_S26_L004_cell31	2282856	2854447	1860358	210735	2394651	2093430	2093422
human	PR10_XXL_501_S26_L004	255968673	236.3667	501_S26_L004_cell32	1219966	1636411	989573	187058	1362540	1114737	1114729
human	PR10_XXL_501_S26_L004	255968673	236.3667	501_S26_L004_cell33	1768040	2666066	759100	150670	1085581	867315	867313
human	PR10_XXL_501_S26_L004	255968673	236.3667	501_S26_L004_cell34	1815672	2614692	830301	132948	1154737	952591	952588
human	PR10_XXL_501_S26_L004	255968673	236.3667	501_S26_L004_cell35	1217795	1867767	633717	57527	817774	720946	720944
human	PR10_XXL_501_S26_L004	255968673	236.3667	501_S26_L004_cell36	1335252	2063829	523780	9528	634775	594191	594190
human	PR10_XXL_501_S26_L004	255968673	236.3667	501_S26_L004_cell37	1969937	2933987	893650	113823	1191688	1016626	1016622
human	PR10_XXL_501_S26_L004	255968673	236.3667	501_S26_L004_cell38	1103728	1836449	475372	66654	642070	545031	545030
human	PR10_XXL_501_S26_L004	255968673	236.3667	501_S26_L004_cell39	1353461	2102632	641108	73247	834036	726117	726116
human	PR10_XXL_501_S26_L004	255968673	236.3667	501_S26_L004_cell40	854483	1383125	356314	62427	494995	408565	408564
human	PR10_XXL_501_S26_L004	255968673	236.3667	501_S26_L004_cell41	2977408	3942107	1951519	374899	2739515	2208289	2208276
human	PR10_XXL_501_S26_L004	255968673	236.3667	501_S26_L004_cell42	190939	246816	94491	22202	137117	106703	106702
human	PR10_XXL_501_S26_L004	255968673	236.3667	501_S26_L004_cell43	125383	176513	73522	7891	97324	83267	83267
human	PR10_XXL_501_S26_L004	255968673	236.3667	501_S26_L004_cell44	2622411	3444090	1797939	73853	2188994	2027849	2027839
human	PR10_XXL_501_S26_L004	255968673	236.3667	501_S26_L004_cell45	1448495	1910433	1002197	136633	1342343	1140011	1140007
human	PR10_XXL_501_S26_L004	255968673	236.3667	501_S26_L004_cell46	1524625	2152570	1036680	134721	1368051	1174494	1174486
human	PR10_XXL_501_S26_L004	255968673	236.3667	501_S26_L004_cell47	192737	249302	100112	12025	129899	112922	112921
human	PR10_XXL_501_S26_L004	255968673	236.3667	501_S26_L004_cell48	116537	156355	46940	8312	65087	53528	53527
human	PR10_XXL_501_S26_L004	255968673	236.3667	501_S26_L004_cell49	139144	200447	106358	16678	155374	119870	119870
human	PR10_XXL_501_S26_L004	255968673	236.3667	501_S26_L004_cell50	160260	208990	84314	20618	124117	95704	95704
human	PR10_XXL_501_S26_L004	255968673	236.3667	501_S26_L004_cell51	3709627	4738458	3232689	248936	4062598	3651279	3651262
human	PR10_XXL_501_S26_L004	255968673	236.3667	501_S26_L004_cell52	2087723	2792348	1845671	54186	2199150	2063614	2063608
human	PR10_XXL_501_S26_L004	255968673	236.3667	501_S26_L004_cell53	1936738	2549810	1656411	168495	2137946	1874207	1874201
human	PR10_XXL_501_S26_L004	255968673	236.3667	501_S26_L004_cell54	2063368	2743417	1680517	218770	2211675	1897996	1897993
human	PR10_XXL_501_S26_L004	255968673	236.3667	501_S26_L004_cell55	3792902	4708091	3186807	287007	3986213	3558083	3558072
human	PR10_XXL_501_S26_L004	255968673	236.3667	501_S26_L004_cell56	1465958	1970478	1253622	149234	1628579	1411834	1411830
human	PR10_XXL_501_S26_L004	255968673	236.3667	501_S26_L004_cell57	1781835	2283208	1275796	212554	1753478	1444565	1444555
human	PR10_XXL_501_S26_L004	255968673	236.3667	501_S26_L004_cell58	3363104	4301255	2568244	393571	3474988	2899936	2899918
human	PR10_XXL_501_S26_L004	255968673	236.3667	501_S26_L004_cell59	333602	444499	172095	41535	252750	196088	196087
human	PR10_XXL_501_S26_L004	255968673	236.3667	501_S26_L004_cell60	2189001	2875921	1712947	62235	2072560	1927973	1927962
human	PR10_XXL_501_S26_L004	255968673	236.3667	501_S26_L004_cell61	441596	601956	192642	55599	286680	216049	216048
human	PR10_XXL_501_S26_L004	255968673	236.3667	501_S26_L004_cell62	143633	205113	74364	11617	100438	84179	84179
human	PR10_XXL_501_S26_L004	255968673	236.3667	501_S26_L004_cell63	2554599	3181868	1937661	195416	2464152	2177779	2177770
human	PR10_XXL_501_S26_L004	255968673	236.3667	501_S26_L004_cell64	108489	149936	53009	8887	71689	59526	59525
human	PR10_XXL_501_S26_L004	255968673	236.3667	501_S26_L004_cell65	1937254	2539181	1001276	192725	1424646	1144403	1144398
human	PR10_XXL_501_S26_L004	255968673	236.3667	501_S26_L004_cell66	2287230	2855742	1222728	227155	1728094	1396291	1396288
human	PR10_XXL_501_S26_L004	255968673	236.3667	501_S26_L004_cell67	2062385	2744540	1250508	125996	1630989	1431003	1430999
human	PR10_XXL_501_S26_L004	255968673	236.3667	501_S26_L004_cell68	1722183	2293871	910729	39868	1125936	1033561	1033556
human	PR10_XXL_501_S26_L004	255968673	236.3667	501_S26_L004_cell69	2216212	2836760	1229262	164768	1642400	1398555	1398554
human	PR10_XXL_501_S26_L004	255968673	236.3667	501_S26_L004_cell70	1441489	2366499	768397	115340	1041110	876450	876450
human	PR10_XXL_501_S26_L004	255968673	236.3667	501_S26_L004_cell71	2160047	2883346	1235964	144659	1613946	1403365	1403359
human	PR10_XXL_501_S26_L004	255968673	236.3667	501_S26_L004_cell72	1372758	1896273	693366	121513	961700	794107	794106
human	PR10_XXL_501_S26_L004	255968673	236.3667	501_S26_L004_cell73	2308466	2892858	1684487	303092	2335401	1898202	1898194
human	PR10_XXL_501_S26_L004	255968673	236.3667	501_S26_L004_cell74	2783480	3533923	2234054	375263	3062044	2519767	2519759
human	PR10_XXL_501_S26_L004	255968673	236.3667	501_S26_L004_cell75	1918795	2462900	1564079	169497	2018039	1761153	1761146
human	PR10_XXL_501_S26_L004	255968673	236.3667	501_S26_L004_cell76	199304	275738	113204	3928	137629	126689	126689
human	PR10_XXL_501_S26_L004	255968673	236.3667	501_S26_L004_cell77	1592952	2082359	1284839	182448	1714159	1449914	1449912
human	PR10_XXL_501_S26_L004	255968673	236.3667	501_S26_L004_cell78	906190	1214805	687732	116624	934057	775730	775726
human	PR10_XXL_501_S26_L004	255968673	236.3667	501_S26_L004_cell79	3177711	3920210	2508511	326663	3254144	2802675	2802666
human	PR10_XXL_501_S26_L004	255968673	236.3667	501_S26_L004_cell80	1623353	2177792	1288401	250500	1774866	1444471	1444470
human	PR10_XXL_501_S26_L004	255968673	236.3667	501_S26_L004_cell81	2712724	3475193	1954964	339012	2702932	2206603	2206590
human	PR10_XXL_501_S26_L004	255968673	236.3667	501_S26_L004_cell82	173975	225708	78110	22985	119968	88505	88505
human	PR10_XXL_501_S26_L004	255968673	236.3667	501_S26_L004_cell83	2784188	3605806	2234495	208840	2862820	2531257	2531243
human	PR10_XXL_501_S26_L004	255968673	236.3667	501_S26_L004_cell84	2142687	2827791	1679701	59586	2028888	1884458	1884453
human	PR10_XXL_501_S26_L004	255968673	236.3667	501_S26_L004_cell85	2515659	3284621	1968525	245102	2589951	2226709	2226696
human	PR10_XXL_501_S26_L004	255968673	236.3667	501_S26_L004_cell86	1267397	1686098	904670	121839	1196338	1023699	1023692
human	PR10_XXL_501_S26_L004	255968673	236.3667	501_S26_L004_cell87	3351000	4174211	2549827	270875	3246060	2859834	2859828
human	PR10_XXL_501_S26_L004	255968673	236.3667	501_S26_L004_cell88	1443174	2027107	1125532	194480	1529409	1267477	1267467
human	PR10_XXL_501_S26_L004	255968673	236.3667	501_S26_L004_cell89	2736233	3704235	1809216	337969	2527153	2041271	2041260
human	PR10_XXL_501_S26_L004	255968673	236.3667	501_S26_L004_cell90	2335683	3041724	1629201	251059	2211391	1839918	1839909
human	PR10_XXL_501_S26_L004	255968673	236.3667	501_S26_L004_cell91	2677572	3671214	2000528	239898	2619401	2263994	2263980
human	PR10_XXL_501_S26_L004	255968673	236.3667	501_S26_L004_cell92	152293	210632	75204	2693	92192	84349	84349
human	PR10_XXL_501_S26_L004	255968673	236.3667	501_S26_L004_cell93	2117011	2853938	1470004	219444	1971305	1661956	1661949
human	PR10_XXL_501_S26_L004	255968673	236.3667	501_S26_L004_cell94	1119426	1606613	722712	146571	1014051	818919	818916
human	PR10_XXL_501_S26_L004	255968673	236.3667	501_S26_L004_cell95	1717039	2240734	1103899	221384	1532894	1244413	1244411
human	PR10_XXL_501_S26_L004	255968673	236.3667	501_S26_L004_cell96	116235	157325	38972	9302	56798	44426	44426
human	PR10_XXL_502_S27_L005	248225551	240.0833	502_S27_L005_cell1	2053855	2756091	1606425	238043	2171314	1811200	1811191
human	PR10_XXL_502_S27_L005	248225551	240.0833	502_S27_L005_cell2	2344025	3062744	1947048	248698	2562948	2187114	2187100
human	PR10_XXL_502_S27_L005	248225551	240.0833	502_S27_L005_cell3	2008496	2747272	1805121	144212	2271761	2034001	2033989
human	PR10_XXL_502_S27_L005	248225551	240.0833	502_S27_L005_cell4	1642281	2184268	1322845	50009	1600749	1484088	1484084
human	PR10_XXL_502_S27_L005	248225551	240.0833	502_S27_L005_cell5	1776749	2400693	1482947	150471	1908631	1671369	1671363
human	PR10_XXL_502_S27_L005	248225551	240.0833	502_S27_L005_cell6	1162656	1702009	942215	105748	1220097	1064191	1064188
human	PR10_XXL_502_S27_L005	248225551	240.0833	502_S27_L005_cell7	1591592	2124283	1327459	116936	1664448	1487408	1487395
human	PR10_XXL_502_S27_L005	248225551	240.0833	502_S27_L005_cell8	884326	1214859	721363	93056	943231	811955	811949
human	PR10_XXL_502_S27_L005	248225551	240.0833	502_S27_L005_cell9	2870836	3644079	2237540	328478	3006651	2514778	2514765
human	PR10_XXL_502_S27_L005	248225551	240.0833	502_S27_L005_cell10	2317669	3048879	2009746	254198	2640962	2252818	2252810
human	PR10_XXL_502_S27_L005	248225551	240.0833	502_S27_L005_cell11	2362810	3065404	2090921	170033	2639281	2356705	2356692
human	PR10_XXL_502_S27_L005	248225551	240.0833	502_S27_L005_cell12	2331828	3069281	1983297	67777	2381006	2216825	2216812
human	PR10_XXL_502_S27_L005	248225551	240.0833	502_S27_L005_cell13	1416519	1922813	1249347	122420	1596121	1403620	1403614
human	PR10_XXL_502_S27_L005	248225551	240.0833	502_S27_L005_cell14	1512835	2018749	1181229	144260	1540826	1332120	1332118
human	PR10_XXL_502_S27_L005	248225551	240.0833	502_S27_L005_cell15	2235418	2808571	1872038	158323	2329239	2089350	2089334
human	PR10_XXL_502_S27_L005	248225551	240.0833	502_S27_L005_cell16	1223622	1783580	1139246	125129	1455992	1274911	1274904
human	PR10_XXL_502_S27_L005	248225551	240.0833	502_S27_L005_cell17	2054829	2869542	1184139	200617	1637905	1340179	1340168
human	PR10_XXL_502_S27_L005	248225551	240.0833	502_S27_L005_cell18	1896960	2486199	1192173	151174	1581317	1348594	1348579
human	PR10_XXL_502_S27_L005	248225551	240.0833	502_S27_L005_cell19	2232613	3186838	1554663	130931	1975835	1759089	1759075
human	PR10_XXL_502_S27_L005	248225551	240.0833	502_S27_L005_cell20	2027860	2885436	1205081	43889	1463206	1354622	1354612
human	PR10_XXL_502_S27_L005	248225551	240.0833	502_S27_L005_cell21	1535195	2085626	920001	104281	1206179	1044614	1044606
human	PR10_XXL_502_S27_L005	248225551	240.0833	502_S27_L005_cell22	1025298	1607494	617105	79563	817192	699280	699277
human	PR10_XXL_502_S27_L005	248225551	240.0833	502_S27_L005_cell23	1352292	1996444	913576	75437	1147840	1028705	1028698
human	PR10_XXL_502_S27_L005	248225551	240.0833	502_S27_L005_cell24	820295	1238159	477966	74078	643955	541167	541165
human	PR10_XXL_502_S27_L005	248225551	240.0833	502_S27_L005_cell25	2073257	2587548	1634756	255419	2221015	1839197	1839187
human	PR10_XXL_502_S27_L005	248225551	240.0833	502_S27_L005_cell26	122920	178178	74530	21548	114279	84888	84888
human	PR10_XXL_502_S27_L005	248225551	240.0833	502_S27_L005_cell27	2847612	3566983	2524337	213409	3182600	2837863	2837846
human	PR10_XXL_502_S27_L005	248225551	240.0833	502_S27_L005_cell28	1987765	2666489	1831055	57061	2198727	2050723	2050715
human	PR10_XXL_502_S27_L005	248225551	240.0833	502_S27_L005_cell29	1791833	2417551	1672489	160898	2142240	1889006	1888998
human	PR10_XXL_502_S27_L005	248225551	240.0833	502_S27_L005_cell30	1549996	2049648	1297606	165431	1701790	1463988	1463981
human	PR10_XXL_502_S27_L005	248225551	240.0833	502_S27_L005_cell31	170792	223549	112148	12252	143907	125959	125959
human	PR10_XXL_502_S27_L005	248225551	240.0833	502_S27_L005_cell32	1112361	1492919	994965	124556	1292321	1117168	1117164
human	PR10_XXL_502_S27_L005	248225551	240.0833	502_S27_L005_cell33	1587558	2344547	890205	147507	1242096	1015931	1015930
human	PR10_XXL_502_S27_L005	248225551	240.0833	502_S27_L005_cell34	1730096	2419328	1044802	160130	1427780	1184250	1184240
human	PR10_XXL_502_S27_L005	248225551	240.0833	502_S27_L005_cell35	1018403	1535759	651468	69268	841755	733711	733708
human	PR10_XXL_502_S27_L005	248225551	240.0833	502_S27_L005_cell36	1694233	2586938	965154	35917	1183263	1092080	1092076
human	PR10_XXL_502_S27_L005	248225551	240.0833	502_S27_L005_cell37	1638031	2382302	967769	121196	1278925	1097039	1097035
human	PR10_XXL_502_S27_L005	248225551	240.0833	502_S27_L005_cell38	830763	1386854	477316	62972	633602	541187	541184
human	PR10_XXL_502_S27_L005	248225551	240.0833	502_S27_L005_cell39	1343234	2095726	875583	92265	1123644	989445	989438
human	PR10_XXL_502_S27_L005	248225551	240.0833	502_S27_L005_cell40	690380	1099420	377231	60160	511858	429610	429606
human	PR10_XXL_502_S27_L005	248225551	240.0833	502_S27_L005_cell41	2576630	3511415	1795217	535917	2728687	2030189	2030176
human	PR10_XXL_502_S27_L005	248225551	240.0833	502_S27_L005_cell42	2359633	3138528	1843624	354738	2579099	2078720	2078712
human	PR10_XXL_502_S27_L005	248225551	240.0833	502_S27_L005_cell43	182299	285819	103473	10115	134935	116929	116929
human	PR10_XXL_502_S27_L005	248225551	240.0833	502_S27_L005_cell44	138212	194772	99878	3735	122366	112432	112432
human	PR10_XXL_502_S27_L005	248225551	240.0833	502_S27_L005_cell45	173223	263241	94829	12614	125989	106991	106991
human	PR10_XXL_502_S27_L005	248225551	240.0833	502_S27_L005_cell46	1170185	1753498	915407	129135	1214494	1033146	1033141
human	PR10_XXL_502_S27_L005	248225551	240.0833	502_S27_L005_cell47	128517	192904	63991	6632	82544	72052	72052
human	PR10_XXL_502_S27_L005	248225551	240.0833	502_S27_L005_cell48	1103354	1562483	841786	152034	1156648	953709	953702
human	PR10_XXL_502_S27_L005	248225551	240.0833	502_S27_L005_cell49	2467684	3070311	1947968	321664	2669957	2196017	2196009
human	PR10_XXL_502_S27_L005	248225551	240.0833	502_S27_L005_cell50	1600708	2091679	1423477	182764	1884602	1604660	1604649
human	PR10_XXL_502_S27_L005	248225551	240.0833	502_S27_L005_cell51	3132540	3906954	2756722	237334	3465533	3083212	3083199
human	PR10_XXL_502_S27_L005	248225551	240.0833	502_S27_L005_cell52	96450	140617	84233	2984	104868	94140	94140
human	PR10_XXL_502_S27_L005	248225551	240.0833	502_S27_L005_cell53	1652876	2227368	1531361	138534	1944730	1722506	1722500
human	PR10_XXL_502_S27_L005	248225551	240.0833	502_S27_L005_cell54	2841999	3722109	2423351	265143	3122524	2725926	2725916
human	PR10_XXL_502_S27_L005	248225551	240.0833	502_S27_L005_cell55	2263014	2749078	1947285	162474	2421825	2174459	2174441
human	PR10_XXL_502_S27_L005	248225551	240.0833	502_S27_L005_cell56	1482974	1990676	1318787	166114	1713949	1479120	1479116
human	PR10_XXL_502_S27_L005	248225551	240.0833	502_S27_L005_cell57	234995	332784	102244	23391	152227	115681	115680
human	PR10_XXL_502_S27_L005	248225551	240.0833	502_S27_L005_cell58	238839	324683	138581	29791	198435	156357	156357
human	PR10_XXL_502_S27_L005	248225551	240.0833	502_S27_L005_cell59	2084632	2699884	1703788	184907	2204230	1922372	1922360
human	PR10_XXL_502_S27_L005	248225551	240.0833	502_S27_L005_cell60	111996	156140	85576	3087	104490	96190	96188
human	PR10_XXL_502_S27_L005	248225551	240.0833	502_S27_L005_cell61	1193891	1598650	955705	126017	1262801	1077581	1077577
human	PR10_XXL_502_S27_L005	248225551	240.0833	502_S27_L005_cell62	517843	713997	262960	80010	392203	292868	292865
human	PR10_XXL_502_S27_L005	248225551	240.0833	502_S27_L005_cell63	1124481	1407567	849268	92090	1081006	949759	949754
human	PR10_XXL_502_S27_L005	248225551	240.0833	502_S27_L005_cell64	693186	981682	547867	87501	736385	616375	616373
human	PR10_XXL_502_S27_L005	248225551	240.0833	502_S27_L005_cell65	230898	330947	82227	22713	130293	94198	94198
human	PR10_XXL_502_S27_L005	248225551	240.0833	502_S27_L005_cell66	2745160	3374494	1860019	253436	2486702	2099894	2099882
human	PR10_XXL_502_S27_L005	248225551	240.0833	502_S27_L005_cell67	2206991	2921191	1633953	141379	2094069	1856630	1856620
human	PR10_XXL_502_S27_L005	248225551	240.0833	502_S27_L005_cell68	100337	142696	58545	2250	74393	66284	66284
human	PR10_XXL_502_S27_L005	248225551	240.0833	502_S27_L005_cell69	2146258	2721885	1438169	140729	1854338	1631088	1631078
human	PR10_XXL_502_S27_L005	248225551	240.0833	502_S27_L005_cell70	1092795	1598208	715292	110006	965117	812534	812524
human	PR10_XXL_502_S27_L005	248225551	240.0833	502_S27_L005_cell71	2426888	3309072	1746531	185309	2233876	1962086	1962076
human	PR10_XXL_502_S27_L005	248225551	240.0833	502_S27_L005_cell72	1101591	1527311	699298	107072	940552	791865	791862
human	PR10_XXL_502_S27_L005	248225551	240.0833	502_S27_L005_cell73	235245	331469	121965	29274	188255	138147	138147
human	PR10_XXL_502_S27_L005	248225551	240.0833	502_S27_L005_cell74	1875917	2457580	1687896	212771	2226674	1900556	1900546
human	PR10_XXL_502_S27_L005	248225551	240.0833	502_S27_L005_cell75	3362880	4221424	3001336	240377	3772234	3371845	3371820
human	PR10_XXL_502_S27_L005	248225551	240.0833	502_S27_L005_cell76	64850	101708	59287	2170	74418	66301	66301
human	PR10_XXL_502_S27_L005	248225551	240.0833	502_S27_L005_cell77	2649540	3589085	2508234	227842	3168530	2807618	2807609
human	PR10_XXL_502_S27_L005	248225551	240.0833	502_S27_L005_cell78	1857510	2466093	1596125	166252	2044162	1793959	1793950
human	PR10_XXL_502_S27_L005	248225551	240.0833	502_S27_L005_cell79	2117037	2591654	1798235	152708	2243114	2011767	2011757
human	PR10_XXL_502_S27_L005	248225551	240.0833	502_S27_L005_cell80	884577	1201953	777435	110821	1026913	873953	873947
human	PR10_XXL_502_S27_L005	248225551	240.0833	502_S27_L005_cell81	3227523	4028461	2418354	452526	3363325	2719819	2719802
human	PR10_XXL_502_S27_L005	248225551	240.0833	502_S27_L005_cell82	2574635	3327388	2132687	358704	2903665	2392190	2392174
human	PR10_XXL_502_S27_L005	248225551	240.0833	502_S27_L005_cell83	2751944	3519312	2386084	189748	3012198	2691856	2691840
human	PR10_XXL_502_S27_L005	248225551	240.0833	502_S27_L005_cell84	103276	145030	80406	3027	99751	90276	90276
human	PR10_XXL_502_S27_L005	248225551	240.0833	502_S27_L005_cell85	2404601	3188020	2079763	232159	2682411	2329172	2329160
human	PR10_XXL_502_S27_L005	248225551	240.0833	502_S27_L005_cell86	1426115	1868946	1084400	134217	1419878	1225381	1225374
human	PR10_XXL_502_S27_L005	248225551	240.0833	502_S27_L005_cell87	2336345	2884770	1928712	158472	2397772	2152775	2152765
human	PR10_XXL_502_S27_L005	248225551	240.0833	502_S27_L005_cell88	111165	165745	58307	12441	82334	65650	65650
human	PR10_XXL_502_S27_L005	248225551	240.0833	502_S27_L005_cell89	1829110	2541692	1404500	272410	1980358	1587981	1587973
human	PR10_XXL_502_S27_L005	248225551	240.0833	502_S27_L005_cell90	2190959	2951540	1757811	324585	2437809	1980119	1980108
human	PR10_XXL_502_S27_L005	248225551	240.0833	502_S27_L005_cell91	3174781	4477759	2869693	253347	3625439	3223442	3223424
human	PR10_XXL_502_S27_L005	248225551	240.0833	502_S27_L005_cell92	1596058	2197685	1299579	42362	1561775	1456902	1456900
human	PR10_XXL_502_S27_L005	248225551	240.0833	502_S27_L005_cell93	1340301	1878251	1147119	101974	1455385	1291592	1291584
human	PR10_XXL_502_S27_L005	248225551	240.0833	502_S27_L005_cell94	1063818	1606271	836879	130540	1127706	948157	948154
human	PR10_XXL_502_S27_L005	248225551	240.0833	502_S27_L005_cell95	137464	196834	78090	11411	103648	87978	87976
human	PR10_XXL_502_S27_L005	248225551	240.0833	502_S27_L005_cell96	83898	126718	33961	6279	47389	38557	38557
human	PR10_XXL_503_S28_L006	246222753	235.9333	503_S28_L006_cell1	155517	241381	72020	18533	112144	81935	81935
human	PR10_XXL_503_S28_L006	246222753	235.9333	503_S28_L006_cell2	1977417	2605976	1481959	276306	2059577	1673958	1673946
human	PR10_XXL_503_S28_L006	246222753	235.9333	503_S28_L006_cell3	1770751	2474503	1526103	126521	1932501	1727683	1727675
human	PR10_XXL_503_S28_L006	246222753	235.9333	503_S28_L006_cell4	2178826	2940205	1671778	58103	2018721	1877337	1877327
human	PR10_XXL_503_S28_L006	246222753	235.9333	503_S28_L006_cell5	1530069	2090960	1142203	175408	1543072	1293979	1293973
human	PR10_XXL_503_S28_L006	246222753	235.9333	503_S28_L006_cell6	81035	137763	44093	8871	62978	50306	50305
human	PR10_XXL_503_S28_L006	246222753	235.9333	503_S28_L006_cell7	779843	1049524	592122	61373	756840	666231	666227
human	PR10_XXL_503_S28_L006	246222753	235.9333	503_S28_L006_cell8	659013	925661	471340	76498	636841	532138	532136
human	PR10_XXL_503_S28_L006	246222753	235.9333	503_S28_L006_cell9	201773	295827	88756	27237	144765	102312	102311
human	PR10_XXL_503_S28_L006	246222753	235.9333	503_S28_L006_cell10	2378039	3121951	1894839	354738	2630346	2134214	2134208
human	PR10_XXL_503_S28_L006	246222753	235.9333	503_S28_L006_cell11	2143187	2810878	1814310	177774	2327491	2048514	2048503
human	PR10_XXL_503_S28_L006	246222753	235.9333	503_S28_L006_cell12	2520411	3403240	2149154	70990	2583393	2408054	2408038
human	PR10_XXL_503_S28_L006	246222753	235.9333	503_S28_L006_cell13	1600328	2188587	1259737	226710	1730482	1420308	1420300
human	PR10_XXL_503_S28_L006	246222753	235.9333	503_S28_L006_cell14	1464274	1984468	1070638	204012	1480892	1209344	1209339
human	PR10_XXL_503_S28_L006	246222753	235.9333	503_S28_L006_cell15	1990777	2492760	1491861	267173	2025651	1674497	1674482
human	PR10_XXL_503_S28_L006	246222753	235.9333	503_S28_L006_cell16	1225353	1750228	957880	256242	1400351	1079578	1079562
human	PR10_XXL_503_S28_L006	246222753	235.9333	503_S28_L006_cell17	125623	200599	43201	11832	70810	49654	49654
human	PR10_XXL_503_S28_L006	246222753	235.9333	503_S28_L006_cell18	1701930	2293605	919606	189460	1312593	1045437	1045432
human	PR10_XXL_503_S28_L006	246222753	235.9333	503_S28_L006_cell19	1811391	2690076	1153868	127316	1510111	1313400	1313394
human	PR10_XXL_503_S28_L006	246222753	235.9333	503_S28_L006_cell20	1520624	2223843	770687	25720	944249	873854	873847
human	PR10_XXL_503_S28_L006	246222753	235.9333	503_S28_L006_cell21	1328163	1841775	619045	177015	939884	709317	709313
human	PR10_XXL_503_S28_L006	246222753	235.9333	503_S28_L006_cell22	1086405	1708687	475481	205851	796795	545013	545009
human	PR10_XXL_503_S28_L006	246222753	235.9333	503_S28_L006_cell23	321036	508741	100313	35580	157422	113286	113285
human	PR10_XXL_503_S28_L006	246222753	235.9333	503_S28_L006_cell24	587265	907694	302538	48933	412970	344981	344979
human	PR10_XXL_503_S28_L006	246222753	235.9333	503_S28_L006_cell25	4221660	5394997	3338679	746097	4771898	3764895	3764865
human	PR10_XXL_503_S28_L006	246222753	235.9333	503_S28_L006_cell26	2315858	3060392	1831143	518666	2757805	2071549	2071535
human	PR10_XXL_503_S28_L006	246222753	235.9333	503_S28_L006_cell27	185837	269451	135932	14272	182653	155292	155292
human	PR10_XXL_503_S28_L006	246222753	235.9333	503_S28_L006_cell28	2231989	3150840	2183652	64138	2592394	2426681	2426663
human	PR10_XXL_503_S28_L006	246222753	235.9333	503_S28_L006_cell29	1800884	2483366	1455408	380520	2143027	1649557	1649547
human	PR10_XXL_503_S28_L006	246222753	235.9333	503_S28_L006_cell30	1481660	1983851	892125	552712	1667473	1016312	1016303
human	PR10_XXL_503_S28_L006	246222753	235.9333	503_S28_L006_cell31	1925136	2411543	1513332	301642	2091246	1701982	1701972
human	PR10_XXL_503_S28_L006	246222753	235.9333	503_S28_L006_cell32	92786	139445	65494	10656	89126	73689	73689
human	PR10_XXL_503_S28_L006	246222753	235.9333	503_S28_L006_cell33	1316525	2037551	690511	146676	1003083	790430	790427
human	PR10_XXL_503_S28_L006	246222753	235.9333	503_S28_L006_cell34	1674322	2409545	921032	163198	1287875	1047372	1047363
human	PR10_XXL_503_S28_L006	246222753	235.9333	503_S28_L006_cell35	1550822	2447796	985397	103448	1287222	1122902	1122896
human	PR10_XXL_503_S28_L006	246222753	235.9333	503_S28_L006_cell36	165352	279709	56492	2573	71291	64206	64205
human	PR10_XXL_503_S28_L006	246222753	235.9333	503_S28_L006_cell37	151092	258521	28813	14101	51098	33105	33104
human	PR10_XXL_503_S28_L006	246222753	235.9333	503_S28_L006_cell38	691058	1189069	358120	57570	491499	410309	410307
human	PR10_XXL_503_S28_L006	246222753	235.9333	503_S28_L006_cell39	1449873	2307180	840366	100793	1101737	952732	952730
human	PR10_XXL_503_S28_L006	246222753	235.9333	503_S28_L006_cell40	840435	1376876	423630	70473	580503	483658	483655
human	PR10_XXL_503_S28_L006	246222753	235.9333	503_S28_L006_cell41	1659116	2290514	1202196	230018	1697978	1365916	1365900
human	PR10_XXL_503_S28_L006	246222753	235.9333	503_S28_L006_cell42	2731042	3629997	2020444	401400	2844885	2283012	2282992
human	PR10_XXL_503_S28_L006	246222753	235.9333	503_S28_L006_cell43	2387867	3366386	2034016	196938	2615004	2304098	2304079
human	PR10_XXL_503_S28_L006	246222753	235.9333	503_S28_L006_cell44	2529235	3440639	1902731	68320	2304936	2140604	2140590
human	PR10_XXL_503_S28_L006	246222753	235.9333	503_S28_L006_cell45	1431597	2006046	951217	233495	1382421	1075920	1075912
human	PR10_XXL_503_S28_L006	246222753	235.9333	503_S28_L006_cell46	1070944	1630153	815705	122873	1095050	925344	925341
human	PR10_XXL_503_S28_L006	246222753	235.9333	503_S28_L006_cell47	1276669	1726196	977016	109363	1258436	1100838	1100831
human	PR10_XXL_503_S28_L006	246222753	235.9333	503_S28_L006_cell48	899468	1267963	646544	115086	886847	731827	731820
human	PR10_XXL_503_S28_L006	246222753	235.9333	503_S28_L006_cell49	1896530	2427615	1518981	282854	2122381	1718537	1718529
human	PR10_XXL_503_S28_L006	246222753	235.9333	503_S28_L006_cell50	201129	282222	150115	33659	216681	170113	170110
human	PR10_XXL_503_S28_L006	246222753	235.9333	503_S28_L006_cell51	2344004	2968899	2041344	201074	2629957	2309305	2309293
human	PR10_XXL_503_S28_L006	246222753	235.9333	503_S28_L006_cell52	180519	273019	139275	5114	169792	155971	155968
human	PR10_XXL_503_S28_L006	246222753	235.9333	503_S28_L006_cell53	1467069	2019163	1271651	184251	1703708	1437915	1437904
human	PR10_XXL_503_S28_L006	246222753	235.9333	503_S28_L006_cell54	1167361	1568507	975854	129819	1285982	1101214	1101205
human	PR10_XXL_503_S28_L006	246222753	235.9333	503_S28_L006_cell55	2211159	2736003	1867801	204928	2391590	2095548	2095536
human	PR10_XXL_503_S28_L006	246222753	235.9333	503_S28_L006_cell56	1674489	2281813	1486156	214861	1965616	1668443	1668431
human	PR10_XXL_503_S28_L006	246222753	235.9333	503_S28_L006_cell57	1503521	1925864	1052225	214451	1500851	1195844	1195842
human	PR10_XXL_503_S28_L006	246222753	235.9333	503_S28_L006_cell58	207413	285933	128256	31601	188616	145490	145490
human	PR10_XXL_503_S28_L006	246222753	235.9333	503_S28_L006_cell59	2660863	3467797	2183169	215679	2802125	2465685	2465662
human	PR10_XXL_503_S28_L006	246222753	235.9333	503_S28_L006_cell60	2710395	3632361	2193054	83396	2660925	2468165	2468145
human	PR10_XXL_503_S28_L006	246222753	235.9333	503_S28_L006_cell61	1559292	2110645	1217107	157073	1608257	1378015	1378003
human	PR10_XXL_503_S28_L006	246222753	235.9333	503_S28_L006_cell62	83742	137292	34152	8157	50695	39075	39075
human	PR10_XXL_503_S28_L006	246222753	235.9333	503_S28_L006_cell63	1852592	2308518	1390584	188026	1826363	1567871	1567860
human	PR10_XXL_503_S28_L006	246222753	235.9333	503_S28_L006_cell64	944682	1335759	745865	128100	1014182	841705	841700
human	PR10_XXL_503_S28_L006	246222753	235.9333	503_S28_L006_cell65	2345507	3158273	1403752	288648	2015778	1603282	1603278
human	PR10_XXL_503_S28_L006	246222753	235.9333	503_S28_L006_cell66	2083341	2630413	1263192	261983	1805718	1437797	1437788
human	PR10_XXL_503_S28_L006	246222753	235.9333	503_S28_L006_cell67	175664	262425	98750	11675	132608	112692	112692
human	PR10_XXL_503_S28_L006	246222753	235.9333	503_S28_L006_cell68	195247	293162	93864	4206	117316	106620	106619
human	PR10_XXL_503_S28_L006	246222753	235.9333	503_S28_L006_cell69	284661	425520	84875	38616	145511	96868	96867
human	PR10_XXL_503_S28_L006	246222753	235.9333	503_S28_L006_cell70	849446	1252887	515464	86121	708997	587964	587963
human	PR10_XXL_503_S28_L006	246222753	235.9333	503_S28_L006_cell71	917711	1283245	586048	74759	771227	664312	664310
human	PR10_XXL_503_S28_L006	246222753	235.9333	503_S28_L006_cell72	1224330	1727967	716950	127021	989237	816312	816308
human	PR10_XXL_503_S28_L006	246222753	235.9333	503_S28_L006_cell73	3006467	3839122	2454064	400567	3345120	2758504	2758490
human	PR10_XXL_503_S28_L006	246222753	235.9333	503_S28_L006_cell74	2248267	2950636	1949427	308617	2653907	2197956	2197938
human	PR10_XXL_503_S28_L006	246222753	235.9333	503_S28_L006_cell75	2805498	3536575	2477152	229785	3162586	2798214	2798194
human	PR10_XXL_503_S28_L006	246222753	235.9333	503_S28_L006_cell76	3204105	4470083	3063357	113821	3685734	3422285	3422260
human	PR10_XXL_503_S28_L006	246222753	235.9333	503_S28_L006_cell77	1818590	2492223	1578209	225679	2109172	1780979	1780967
human	PR10_XXL_503_S28_L006	246222753	235.9333	503_S28_L006_cell78	1528234	2045941	1293716	168066	1705589	1464705	1464697
human	PR10_XXL_503_S28_L006	246222753	235.9333	503_S28_L006_cell79	2344388	2880377	1954563	219073	2511038	2193499	2193478
human	PR10_XXL_503_S28_L006	246222753	235.9333	503_S28_L006_cell80	1384048	1872906	1212867	196994	1632754	1366223	1366215
human	PR10_XXL_503_S28_L006	246222753	235.9333	503_S28_L006_cell81	1771927	2244647	1289941	255911	1823327	1458186	1458178
human	PR10_XXL_503_S28_L006	246222753	235.9333	503_S28_L006_cell82	2915647	3783562	2290152	458369	3217159	2585034	2585019
human	PR10_XXL_503_S28_L006	246222753	235.9333	503_S28_L006_cell83	2204823	2850823	1870642	179973	2394679	2113010	2112995
human	PR10_XXL_503_S28_L006	246222753	235.9333	503_S28_L006_cell84	2328932	3120399	1938525	74502	2350580	2175630	2175616
human	PR10_XXL_503_S28_L006	246222753	235.9333	503_S28_L006_cell85	1239322	1675466	962373	164849	1317981	1087599	1087594
human	PR10_XXL_503_S28_L006	246222753	235.9333	503_S28_L006_cell86	828904	1114919	617996	91665	825539	699491	699486
human	PR10_XXL_503_S28_L006	246222753	235.9333	503_S28_L006_cell87	2283940	2827282	1791377	210286	2306576	2007198	2007186
human	PR10_XXL_503_S28_L006	246222753	235.9333	503_S28_L006_cell88	1009328	1433592	795847	181472	1131580	897746	897737
human	PR10_XXL_503_S28_L006	246222753	235.9333	503_S28_L006_cell89	1498311	2103250	1090564	240114	1564691	1230937	1230926
human	PR10_XXL_503_S28_L006	246222753	235.9333	503_S28_L006_cell90	2034588	2764792	1579716	267534	2165433	1784001	1783994
human	PR10_XXL_503_S28_L006	246222753	235.9333	503_S28_L006_cell91	2046361	2938033	1794081	165821	2295910	2031894	2031883
human	PR10_XXL_503_S28_L006	246222753	235.9333	503_S28_L006_cell92	1889264	2636989	1450071	51486	1763187	1634366	1634355
human	PR10_XXL_503_S28_L006	246222753	235.9333	503_S28_L006_cell93	1365553	1942281	1032816	162156	1396003	1168427	1168422
human	PR10_XXL_503_S28_L006	246222753	235.9333	503_S28_L006_cell94	1514357	2336483	1183846	191498	1601796	1340962	1340954
human	PR10_XXL_503_S28_L006	246222753	235.9333	503_S28_L006_cell95	100430	145432	65012	8145	85174	73567	73566
human	PR10_XXL_503_S28_L006	246222753	235.9333	503_S28_L006_cell96	1098999	1586563	820468	129351	1101551	925001	924998
human	PR10_XXL_504_S29_L007	260548294	231.2167	504_S29_L007_cell1	1647874	2267571	1074996	202002	1502850	1212263	1212253
human	PR10_XXL_504_S29_L007	260548294	231.2167	504_S29_L007_cell2	113053	163139	66720	14841	95774	75333	75333
human	PR10_XXL_504_S29_L007	260548294	231.2167	504_S29_L007_cell3	1755613	2472778	1329112	129068	1697465	1498438	1498420
human	PR10_XXL_504_S29_L007	260548294	231.2167	504_S29_L007_cell4	1265767	1772144	842499	38278	1021406	940060	940050
human	PR10_XXL_504_S29_L007	260548294	231.2167	504_S29_L007_cell5	800397	1198419	432672	159971	686196	487973	487966
human	PR10_XXL_504_S29_L007	260548294	231.2167	504_S29_L007_cell6	1265422	1947018	817380	143095	1121207	927402	927392
human	PR10_XXL_504_S29_L007	260548294	231.2167	504_S29_L007_cell7	78964	122176	48381	6613	63674	54486	54485
human	PR10_XXL_504_S29_L007	260548294	231.2167	504_S29_L007_cell8	1201986	1789462	714629	241407	1080104	791453	791449
human	PR10_XXL_504_S29_L007	260548294	231.2167	504_S29_L007_cell9	1452408	1816179	978943	180053	1354792	1102357	1102337
human	PR10_XXL_504_S29_L007	260548294	231.2167	504_S29_L007_cell10	82545	118457	50056	12974	73670	56145	56144
human	PR10_XXL_504_S29_L007	260548294	231.2167	504_S29_L007_cell11	84150	119108	49548	6600	67069	56482	56481
human	PR10_XXL_504_S29_L007	260548294	231.2167	504_S29_L007_cell12	2463311	3265402	1892549	70793	2279442	2114987	2114967
human	PR10_XXL_504_S29_L007	260548294	231.2167	504_S29_L007_cell13	828739	1221883	548230	160873	821754	618600	618591
human	PR10_XXL_504_S29_L007	260548294	231.2167	504_S29_L007_cell14	1483295	1928118	833010	301894	1309629	942827	942817
human	PR10_XXL_504_S29_L007	260548294	231.2167	504_S29_L007_cell15	79185	109560	48133	6421	63293	54161	54159
human	PR10_XXL_504_S29_L007	260548294	231.2167	504_S29_L007_cell16	941199	1427616	783311	125294	1035660	866960	866953
human	PR10_XXL_504_S29_L007	260548294	231.2167	504_S29_L007_cell17	1240195	1767005	437027	91392	633962	498780	498772
human	PR10_XXL_504_S29_L007	260548294	231.2167	504_S29_L007_cell18	1815731	2403362	665497	114304	928437	757474	757465
human	PR10_XXL_504_S29_L007	260548294	231.2167	504_S29_L007_cell19	2106395	3060402	895651	99216	1171615	1017543	1017534
human	PR10_XXL_504_S29_L007	260548294	231.2167	504_S29_L007_cell20	1963794	3063404	728481	37572	911301	828233	828215
human	PR10_XXL_504_S29_L007	260548294	231.2167	504_S29_L007_cell21	184620	288668	43498	19275	73121	49474	49473
human	PR10_XXL_504_S29_L007	260548294	231.2167	504_S29_L007_cell22	339344	589354	116897	20378	161766	133546	133546
human	PR10_XXL_504_S29_L007	260548294	231.2167	504_S29_L007_cell23	1126451	1796837	484154	64612	643062	549682	549674
human	PR10_XXL_504_S29_L007	260548294	231.2167	504_S29_L007_cell24	764945	1243351	273108	50604	382309	313000	312997
human	PR10_XXL_504_S29_L007	260548294	231.2167	504_S29_L007_cell25	2186410	2749819	1681574	312462	2337354	1890728	1890697
human	PR10_XXL_504_S29_L007	260548294	231.2167	504_S29_L007_cell26	2395786	3355258	2160810	389811	2970391	2423679	2423640
human	PR10_XXL_504_S29_L007	260548294	231.2167	504_S29_L007_cell27	2439989	3037282	2052728	203703	2630956	2315086	2315049
human	PR10_XXL_504_S29_L007	260548294	231.2167	504_S29_L007_cell28	120131	179648	86398	3520	107874	97085	97084
human	PR10_XXL_504_S29_L007	260548294	231.2167	504_S29_L007_cell29	1371918	2024134	1173008	289836	1688489	1315370	1315357
human	PR10_XXL_504_S29_L007	260548294	231.2167	504_S29_L007_cell30	1816825	2359351	1390598	213671	1860461	1566136	1566117
human	PR10_XXL_504_S29_L007	260548294	231.2167	504_S29_L007_cell31	2471372	3040223	2012988	210544	2545893	2245295	2245260
human	PR10_XXL_504_S29_L007	260548294	231.2167	504_S29_L007_cell32	1067986	1518741	963802	131534	1263201	1081223	1081210
human	PR10_XXL_504_S29_L007	260548294	231.2167	504_S29_L007_cell33	1347155	2076059	413936	108434	630322	475081	475073
human	PR10_XXL_504_S29_L007	260548294	231.2167	504_S29_L007_cell34	1755307	2540333	565708	124566	820490	644848	644841
human	PR10_XXL_504_S29_L007	260548294	231.2167	504_S29_L007_cell35	2196630	3449034	845885	101410	1120829	964528	964515
human	PR10_XXL_504_S29_L007	260548294	231.2167	504_S29_L007_cell36	1716241	2918949	593060	28675	743084	674983	674974
human	PR10_XXL_504_S29_L007	260548294	231.2167	504_S29_L007_cell37	133890	234893	18063	17505	41450	20803	20803
human	PR10_XXL_504_S29_L007	260548294	231.2167	504_S29_L007_cell38	1297992	2392701	412388	124962	632962	473547	473544
human	PR10_XXL_504_S29_L007	260548294	231.2167	504_S29_L007_cell39	53138	91282	14539	2537	20163	16638	16637
human	PR10_XXL_504_S29_L007	260548294	231.2167	504_S29_L007_cell40	622464	1072543	201147	35429	278151	229432	229428
human	PR10_XXL_504_S29_L007	260548294	231.2167	504_S29_L007_cell41	1872105	2589894	1143983	307789	1713717	1298965	1298946
human	PR10_XXL_504_S29_L007	260548294	231.2167	504_S29_L007_cell42	3388092	4712769	2301698	499248	3285044	2599573	2599539
human	PR10_XXL_504_S29_L007	260548294	231.2167	504_S29_L007_cell43	2133471	3011666	1607344	160140	2070440	1816706	1816685
human	PR10_XXL_504_S29_L007	260548294	231.2167	504_S29_L007_cell44	3329942	4661141	2272655	95743	2769247	2554828	2554799
human	PR10_XXL_504_S29_L007	260548294	231.2167	504_S29_L007_cell45	1811724	2656366	1180851	298619	1722442	1333978	1333959
human	PR10_XXL_504_S29_L007	260548294	231.2167	504_S29_L007_cell46	1500154	2319611	898335	249997	1335816	1020736	1020721
human	PR10_XXL_504_S29_L007	260548294	231.2167	504_S29_L007_cell47	1930148	2818731	1424956	178926	1855967	1603208	1603195
human	PR10_XXL_504_S29_L007	260548294	231.2167	504_S29_L007_cell48	1192516	1803553	769987	171759	1096752	870859	870846
human	PR10_XXL_504_S29_L007	260548294	231.2167	504_S29_L007_cell49	922296	1161962	717341	125041	985072	806733	806722
human	PR10_XXL_504_S29_L007	260548294	231.2167	504_S29_L007_cell50	3232867	4515001	2977511	440219	3986213	3342827	3342776
human	PR10_XXL_504_S29_L007	260548294	231.2167	504_S29_L007_cell51	103896	146407	69272	7533	91708	79171	79169
human	PR10_XXL_504_S29_L007	260548294	231.2167	504_S29_L007_cell52	2977812	4004853	2661371	100477	3193321	2970908	2970865
human	PR10_XXL_504_S29_L007	260548294	231.2167	504_S29_L007_cell53	1351333	1990983	1193627	227453	1646350	1339557	1339546
human	PR10_XXL_504_S29_L007	260548294	231.2167	504_S29_L007_cell54	71462	110146	40896	9883	60212	46455	46455
human	PR10_XXL_504_S29_L007	260548294	231.2167	504_S29_L007_cell55	2376153	2892874	1922962	201657	2440769	2150608	2150581
human	PR10_XXL_504_S29_L007	260548294	231.2167	504_S29_L007_cell56	55450	86329	37763	8272	53828	42520	42520
human	PR10_XXL_504_S29_L007	260548294	231.2167	504_S29_L007_cell57	2621852	3294456	1642737	399060	2390653	1848546	1848530
human	PR10_XXL_504_S29_L007	260548294	231.2167	504_S29_L007_cell58	2482439	3398527	1885744	334329	2586063	2116103	2116072
human	PR10_XXL_504_S29_L007	260548294	231.2167	504_S29_L007_cell59	2183719	2796388	1609996	158625	2064591	1816835	1816815
human	PR10_XXL_504_S29_L007	260548294	231.2167	504_S29_L007_cell60	165159	229069	97741	4157	119623	109523	109522
human	PR10_XXL_504_S29_L007	260548294	231.2167	504_S29_L007_cell61	1357957	1930263	991483	171006	1353506	1117760	1117747
human	PR10_XXL_504_S29_L007	260548294	231.2167	504_S29_L007_cell62	106837	152108	50897	12824	74262	57690	57688
human	PR10_XXL_504_S29_L007	260548294	231.2167	504_S29_L007_cell63	2627893	3362303	1882669	201370	2396879	2107594	2107558
human	PR10_XXL_504_S29_L007	260548294	231.2167	504_S29_L007_cell64	1211688	1819556	916947	176483	1261590	1031498	1031484
human	PR10_XXL_504_S29_L007	260548294	231.2167	504_S29_L007_cell65	2532687	3320153	1044854	355449	1670611	1194429	1194416
human	PR10_XXL_504_S29_L007	260548294	231.2167	504_S29_L007_cell66	2700478	3353742	1265788	254700	1796800	1431891	1431880
human	PR10_XXL_504_S29_L007	260548294	231.2167	504_S29_L007_cell67	2546279	3391947	1352471	165616	1793915	1540838	1540819
human	PR10_XXL_504_S29_L007	260548294	231.2167	504_S29_L007_cell68	2794038	4016912	1363709	66889	1711484	1557463	1557450
human	PR10_XXL_504_S29_L007	260548294	231.2167	504_S29_L007_cell69	2173433	2935098	945262	288433	1448121	1078090	1078075
human	PR10_XXL_504_S29_L007	260548294	231.2167	504_S29_L007_cell70	1542153	2384157	646111	246317	1045116	740986	740984
human	PR10_XXL_504_S29_L007	260548294	231.2167	504_S29_L007_cell71	2219884	3227897	1155505	207499	1590846	1311803	1311795
human	PR10_XXL_504_S29_L007	260548294	231.2167	504_S29_L007_cell72	1090814	1596223	478119	102491	686209	549232	549224
human	PR10_XXL_504_S29_L007	260548294	231.2167	504_S29_L007_cell73	2252691	2816133	1751854	302077	2414590	1976103	1976068
human	PR10_XXL_504_S29_L007	260548294	231.2167	504_S29_L007_cell74	2946329	4102152	2662193	460187	3634810	2985825	2985781
human	PR10_XXL_504_S29_L007	260548294	231.2167	504_S29_L007_cell75	4367813	5395779	3696867	363157	4703679	4148130	4148068
human	PR10_XXL_504_S29_L007	260548294	231.2167	504_S29_L007_cell76	2872038	3839301	2585761	97551	3122186	2899015	2898978
human	PR10_XXL_504_S29_L007	260548294	231.2167	504_S29_L007_cell77	1573216	2313510	1444448	210149	1916921	1622668	1622648
human	PR10_XXL_504_S29_L007	260548294	231.2167	504_S29_L007_cell78	1282036	1665504	970541	156499	1307632	1095141	1095121
human	PR10_XXL_504_S29_L007	260548294	231.2167	504_S29_L007_cell79	2157538	2681321	1590202	195493	2033085	1763652	1763624
human	PR10_XXL_504_S29_L007	260548294	231.2167	504_S29_L007_cell80	1873927	2650486	1623237	293530	2204672	1817886	1817865
human	PR10_XXL_504_S29_L007	260548294	231.2167	504_S29_L007_cell81	2422495	3004300	1118740	850649	2286399	1268071	1268054
human	PR10_XXL_504_S29_L007	260548294	231.2167	504_S29_L007_cell82	90618	129753	54975	14850	83020	62525	62523
human	PR10_XXL_504_S29_L007	260548294	231.2167	504_S29_L007_cell83	2287325	2883927	1725705	191742	2238915	1950725	1950700
human	PR10_XXL_504_S29_L007	260548294	231.2167	504_S29_L007_cell84	2144751	2823435	1621832	60510	1962679	1817884	1817862
human	PR10_XXL_504_S29_L007	260548294	231.2167	504_S29_L007_cell85	1254134	1792745	906035	233536	1320797	1023176	1023161
human	PR10_XXL_504_S29_L007	260548294	231.2167	504_S29_L007_cell86	2087742	2687527	1168453	413648	1826490	1322320	1322301
human	PR10_XXL_504_S29_L007	260548294	231.2167	504_S29_L007_cell87	2529865	3217941	1736693	397055	2446116	1946093	1946073
human	PR10_XXL_504_S29_L007	260548294	231.2167	504_S29_L007_cell88	1556448	2337517	955607	584874	1767055	1083753	1083732
human	PR10_XXL_504_S29_L007	260548294	231.2167	504_S29_L007_cell89	757423	1085783	500432	100347	687593	552000	551989
human	PR10_XXL_504_S29_L007	260548294	231.2167	504_S29_L007_cell90	2808209	4038273	2082517	334857	2778623	2306612	2306587
human	PR10_XXL_504_S29_L007	260548294	231.2167	504_S29_L007_cell91	101461	157342	65331	7576	85893	74130	74128
human	PR10_XXL_504_S29_L007	260548294	231.2167	504_S29_L007_cell92	1962985	2895228	1350147	50942	1643446	1521043	1521025
human	PR10_XXL_504_S29_L007	260548294	231.2167	504_S29_L007_cell93	1369238	2113698	983080	145828	1317896	1111634	1111626
human	PR10_XXL_504_S29_L007	260548294	231.2167	504_S29_L007_cell94	1587512	2583566	1072405	161576	1437926	1212501	1212483
human	PR10_XXL_504_S29_L007	260548294	231.2167	504_S29_L007_cell95	1361577	2076540	1038362	110342	1327195	1168120	1168104
human	PR10_XXL_504_S29_L007	260548294	231.2167	504_S29_L007_cell96	890134	1404023	630580	89574	837822	712354	712348
