orig.ident	nCount_ATAC	nFeature_ATAC	nCount_ACTIVITY	nFeature_ACTIVITY	tech	predicted.id	prediction.score.max	tSNE_1	tSNE_2	EPCAM	VIM	PTPRC	HBG1
PZ_1_1-1	PZ	208640	66580	79950.4773702729	18476	atac	Erythrocyte-Prol	0.541455803253043	-10.4121874861082	-1.98771420511871	0.85263646004439	-0.441503908758448	-0.145122059615004	0.380519591238892
PZ_1_1-2	PZ	232426	70673	85033.7933325499	18755	atac	B-CD83	0.486944662217903	-5.17236329720799	5.89376541212296	1.56980724156133	-0.533832675114629	-0.145122059615004	-0.521513174053148
PZ_1_1-3	PZ	163463	51277	62347.5877465292	17470	atac	NKT	0.920887285789903	-10.2229161291194	-7.05297251305968	3.01672726939409	-0.0437846553921438	-0.145122059615004	0.617067134517888
PZ_1_1-4	PZ	273230	72189	87412.2554916261	18720	atac	T-TNFAIP3	0.616671468217555	7.14540406044945	2.29326282875815	0.291358797811485	0.268755393083217	-0.145122059615004	-0.521513174053148
PZ_1_1-5	PZ	186442	56185	69040.5921395466	17567	atac	B-HLA-DRB5	0.5504003519434	0.110332804877749	7.01026742422603	-0.735830823736969	-0.361320112482913	5.53944810914038	0.513813702215714
PZ_1_1-6	PZ	214265	64765	78984.9439840556	18295	atac	B-CD83	0.517734285157186	-2.57842846193256	6.00060659751866	1.30689316502717	-0.500977995468676	-0.145122059615004	-0.521513174053148
PZ_1_1-7	PZ	178625	53646	65730.7560247178	17474	atac	NKT	0.921289013108267	-10.2818073154101	-6.90418556250265	0.588519194720976	0.166655065366082	-0.145122059615004	0.562420144693584
PZ_1_1-8	PZ	120680	44065	53499.2838556255	16733	atac	MPP	0.575148022656522	-10.290597102544	-1.78683817913509	0.847574994859386	-0.776794688342667	-0.145122059615004	0.790071241628608
PZ_1_2-1	PZ	184391	55910	67915.9829344989	17772	atac	B-CD83	0.629624629471841	-1.52405785585021	6.28719087974537	-0.0510351777901757	-0.429001714409166	-0.145122059615004	2.27859731299991
PZ_1_2-2	PZ	181648	57436	70735.5943699559	17913	atac	B-HLA-DRB5	0.410905694592483	-1.79315388294825	6.71139658154565	1.49861597429654	-0.375287458346071	-0.145122059615004	0.490574184253041
PZ_1_2-3	PZ	147375	47871	58904.3666434773	16991	atac	B-CD83	0.889233960092018	-1.1146440270389	7.91661952991259	2.32798262745478	-0.98895944987802	-0.145122059615004	0.678660033901429
PZ_1_2-5	PZ	132555	43807	54191.3425782685	16510	atac	B-HLA-DRB5	0.615058585520106	-0.551299398314503	5.03515453831003	-0.735830823736969	-0.204900419653654	-0.145122059615004	1.88279527859971
PZ_1_2-6	PZ	216826	68074	82404.9577454611	18532	atac	DC/Macro	0.85268501032286	15.7977312298603	1.76950374108628	-0.735830823736969	0.848102269726756	4.66819379328087	-0.521513174053148
PZ_1_2-7	PZ	146687	49699	60078.8753484365	17275	atac	B-CD83	0.593706769105448	-3.03182887331684	9.12316873438968	0.696748174025177	-0.358717158527407	-0.145122059615004	-0.521513174053148
PZ_1_2-8	PZ	147920	50777	61090.3314916038	17381	atac	MPP	0.724584107255348	-10.5468041262075	-1.1954473168609	0.67609020061722	-0.286285212874532	-0.145122059615004	0.638808968489611
PZ_1_3-1	PZ	168187	55470	66827.8550662004	17665	atac	B-CD83	0.436674622206512	-4.37534200560055	5.88272513670808	-0.0406277334223806	-0.149933019218021	-0.145122059615004	-0.521513174053148
PZ_1_3-2	PZ	171859	56031	67506.2341519353	18029	atac	MPP	0.974796455920439	-11.3072540525009	0.307173327301545	1.0972894772997	1.31477458825754	-0.145122059615004	-0.521513174053148
PZ_1_3-3	PZ	138039	50066	60252.5363434171	17337	atac	MPP	0.705827480799695	-10.0910820214462	2.06369947568761	0.693158153162046	0.305484558113337	-0.145122059615004	0.65376490015865
PZ_1_3-4	PZ	210334	61339	74412.3746165715	17883	atac	NKT	0.959216812853379	-7.39842006578665	-12.3968507702865	1.82657162683296	0.150026559668333	-0.145122059615004	0.443587401872791
PZ_1_3-5	PZ	95593	36996	44947.6728727217	15739	atac	MPP	0.472751217973367	-7.9790223188521	-1.15749959517012	0.265651743434806	-0.98895944987802	-0.145122059615004	2.29577682115215
PZ_1_3-6	PZ	152984	51903	61819.5871888683	17422	atac	DC/Macro	0.532088212289235	-6.81340831636875	3.25680829597828	0.0116677969707337	-0.98895944987802	-0.145122059615004	0.626097677832581
PZ_1_3-7	PZ	165422	54507	66049.5243245743	17506	atac	DC/Macro	0.958271547934797	17.096084243624	2.06016457972713	1.62477170326577	0.987891905585655	-0.145122059615004	-0.521513174053148
PZ_1_3-8	PZ	167216	51149	60859.0503843898	17274	atac	Erythrocyte	0.760551981580211	3.15114410164766	-6.59075264639664	2.25391991946866	0.246466871259542	-0.145122059615004	0.642899448494938
PZ_1_4-1	PZ	188971	60918	74181.3545295701	18177	atac	MPP	0.491612100863097	-6.71164166638262	3.97463395094361	-0.105371683823413	0.991942673021634	-0.145122059615004	0.446410686395368
PZ_1_4-3	PZ	166282	55115	67026.957353842	17793	atac	T-GIMAP7	0.342527083186067	-9.13733941274274	-5.41239538065602	0.565976832391539	1.07140619575338	-0.145122059615004	-0.521513174053148
PZ_1_4-4	PZ	181447	59686	72707.9755425693	18080	atac	B-CD83	0.458197678493334	-1.97144632817979	7.54766454409829	0.475642957928159	-0.390776317876198	-0.145122059615004	0.464813329050051
PZ_1_4-5	PZ	129769	47424	56848.9742869123	17164	atac	T-GIMAP7	0.633308780322894	-7.13144622274525	-5.30177150297996	-0.735830823736969	0.321008273995263	-0.145122059615004	-0.521513174053148
PZ_1_4-6	PZ	173410	54231	67247.398907292	17460	atac	B-CD83	0.545143456432147	0.604323239195471	7.48302732464145	-0.735830823736969	-0.98895944987802	-0.145122059615004	-0.521513174053148
PZ_1_4-7	PZ	123673	41901	52236.6906774844	16192	atac	B-CD83	0.543391411231837	-3.73891752184365	5.38315602955557	-0.735830823736969	-0.771800212644985	-0.145122059615004	0.819150249662271
PZ_1_4-8	PZ	250122	73440	89410.3280409852	18893	atac	NKT	0.505022807918048	-10.5899502557038	-5.81191455258061	0.270571095934107	-0.98895944987802	-0.145122059615004	1.02358367613192
PZ_1_5-1	PZ	176389	56030	68406.2672028886	17701	atac	B-CD83	0.489021169462823	-2.57176015587091	5.94686090754132	-0.0556232153713536	0.481412507889165	5.58872202794216	-0.521513174053148
PZ_1_5-2	PZ	168521	56001	67513.5205121736	17829	atac	B-HLA-DRB5	0.542141683244759	-4.26984042630995	7.15020803305357	-0.0472223817273025	-0.98895944987802	-0.145122059615004	1.46442336943647
PZ_1_5-3	PZ	136858	45414	55270.6467335479	16812	atac	B-CD83	0.515842325035382	-2.63449278872007	3.33316747900389	2.47623777132016	-0.98895944987802	-0.145122059615004	-0.521513174053148
PZ_1_5-4	PZ	204553	65219	78167.1599850088	18436	atac	MPP	0.615565057526999	15.3064167070841	1.90910857522334	0.399957861478534	-0.301841050678833	-0.145122059615004	0.399907749219731
PZ_1_5-5	PZ	171665	52579	63667.1248577799	17360	atac	NKT	0.893216603106322	-10.3818595830616	-6.5626021516704	-0.735830823736969	-0.98895944987802	-0.145122059615004	-0.521513174053148
PZ_1_5-6	PZ	142971	49703	59881.4265912032	17173	atac	DC/Macro	0.752012441110306	16.0670176619908	2.21951151208399	-0.735830823736969	-0.27327089027124	-0.145122059615004	0.660513949663055
PZ_1_5-7	PZ	124549	44078	53449.4295102552	16703	atac	Erythrocyte-Prol	0.746210059332954	-9.46459827806573	-1.9197189878202	0.848840177880378	0.522503016751524	-0.145122059615004	1.91138180092745
PZ_1_5-8	PZ	254812	75499	91297.6485842042	19131	atac	B-HLA-DRB5	0.459552346812588	-2.57531715782373	7.03031050186622	-0.217655555278151	0.616687237909498	-0.145122059615004	0.994605870812292
PZ_1_6-1	PZ	135368	48075	58432.7146031518	17049	atac	Erythrocyte	0.501030498260433	-9.31328643796655	-2.42860636095283	-0.735830823736969	-0.794288632731709	-0.145122059615004	1.73154473173231
PZ_1_6-2	PZ	148998	50190	61688.0869806959	17234	atac	B-CD83	0.473684383399288	-0.488571136149469	8.35430455722785	0.0131473121334905	-0.98895944987802	-0.145122059615004	-0.521513174053148
PZ_1_6-3	PZ	122580	40463	50184.4809592916	16070	atac	B-CD83	0.551478966989258	0.402659003189189	5.67051112186345	0.170063077303571	0.522279666957869	-0.145122059615004	-0.521513174053148
PZ_1_6-4	PZ	159110	54956	66477.9578208635	17639	atac	Erythrocyte-Prol	0.449932406962278	-9.26909451119979	-1.44509397276783	0.575429629504724	-0.98895944987802	-0.145122059615004	3.08401657004748
PZ_1_6-5	PZ	204003	57767	71649.4120211087	17599	atac	B-CD83	0.38934016170428	0.386004496926278	6.39419141554201	-0.735830823736969	-0.98895944987802	-0.145122059615004	-0.521513174053148
PZ_1_6-6	PZ	196534	58871	71693.8671415968	17920	atac	DC/Macro	0.957465686084881	16.8255616822703	1.50229807199074	0.490832864975069	0.878358386616813	-0.145122059615004	1.36174456286057
PZ_1_6-7	PZ	129859	45234	55754.0188324574	16692	atac	B-CD83	0.651967734788327	-3.07032277515583	9.10068762408025	2.45566629508746	-0.224948653210712	-0.145122059615004	1.82474539524449
PZ_1_6-8	PZ	185236	57781	70436.6223762734	17892	atac	T-TNFAIP3	0.520064025210819	-6.60548601728391	-6.00558133044106	0.510204604173817	-0.372869254199117	-0.145122059615004	-0.521513174053148
PZ_1_7-1	PZ	217123	65353	79313.8899232459	18487	atac	B-CD83	0.54114641856347	-2.50475094080354	5.62165668982565	0.385251077314334	-0.98895944987802	-0.145122059615004	1.19964820318269
PZ_1_7-3	PZ	192857	60314	72392.3402611702	17913	atac	DC/Macro	0.940902119021629	17.3369944397352	2.37891464514605	0.480330047853777	2.52847789724584	-0.145122059615004	-0.521513174053148
PZ_1_7-4	PZ	257131	73737	88712.4231016626	18935	atac	NKT	0.733480629488797	-10.221554784975	-6.09619017933925	0.716441654480244	-0.492430694235989	-0.145122059615004	0.296012366256618
PZ_1_7-5	PZ	171897	56710	69555.1563388233	17915	atac	B-CD83	0.45867882940945	-3.61051892556001	7.22710822161957	-0.066136961973013	0.0256246733096984	-0.145122059615004	-0.521513174053148
PZ_1_7-6	PZ	224272	71760	86266.9470852145	18756	atac	B-CD83	0.554736274332515	-2.99792646492578	7.56403304162545	2.53534206497314	-0.479196793782453	-0.145122059615004	-0.521513174053148
PZ_1_7-7	PZ	153220	50148	61781.4002565396	17154	atac	B-CD83	0.663592088571718	-5.58903346219179	5.77105363637161	0.0120968362588481	0.230514998517609	-0.145122059615004	0.626756368202417
PZ_1_7-8	PZ	160934	52843	63767.147520974	17460	atac	DC/Macro	0.948756530794356	17.0062611195524	2.65474759558247	-0.735830823736969	0.264513792666009	-0.145122059615004	-0.521513174053148
PZ_1_8-1	PZ	202179	58804	72624.3186502334	17893	atac	MPP	0.426289306833996	-2.74990021082878	5.58431704182244	-0.735830823736969	-0.322260233252936	-0.145122059615004	-0.521513174053148
PZ_1_8-2	PZ	203022	64447	78299.4950393614	18463	atac	MPP	0.797324911598227	-10.839185772316	-0.723964982084149	-0.136617232536984	-0.98895944987802	-0.145122059615004	-0.521513174053148
PZ_1_8-3	PZ	158097	50211	61566.6010157883	17280	atac	B-CD83	0.630229926116593	-1.85171492920162	4.77938471201122	-0.735830823736969	1.47969944196681	-0.145122059615004	-0.521513174053148
PZ_1_8-4	PZ	215471	68000	80979.9103319399	18649	atac	MPP	0.445609519342807	-8.68488666003739	-4.86368782546081	0.835314349074829	-0.103159195377391	-0.145122059615004	0.369695031274112
PZ_1_8-5	PZ	183222	59157	71088.3720102733	17964	atac	B-HLA-DRB5	0.325196192899457	-2.03503099038781	5.31817466363228	0.500086243273734	-0.450195074000435	-0.145122059615004	-0.521513174053148
PZ_1_8-6	PZ	213371	65409	78486.0311176717	18514	atac	T-GIMAP7	0.533076332095018	-7.57767849504896	-5.18448127945938	2.44272364950441	0.390092499197078	-0.145122059615004	-0.521513174053148
PZ_1_8-7	PZ	94275	36624	45467.3016631348	15662	atac	B-CD83	0.324400909441562	-8.03399699682218	-1.50293602924912	1.08164034469529	-0.98895944987802	-0.145122059615004	-0.521513174053148
PZ_1_8-8	PZ	171637	57137	70036.511719148	17843	atac	B-CD83	0.483517676236543	-3.21332954735452	8.49657214592066	1.5165590391764	-0.98895944987802	-0.145122059615004	-0.521513174053148
PZ_1_9-1	PZ	178611	56044	68275.619214306	17735	atac	B-CD83	0.589551489193606	-1.79283579622884	5.34845702697992	0.544979153512975	-0.283260064119894	-0.145122059615004	-0.521513174053148
PZ_1_9-2	PZ	154853	51418	62207.5845427419	17357	atac	DC/Macro	0.715926375807747	15.9384052712981	2.70059444829646	-0.735830823736969	0.404822545959894	-0.145122059615004	-0.521513174053148
PZ_1_9-3	PZ	145575	55220	63662.449400404	17704	atac	MPP	0.966137041433355	-10.7423490680039	0.500390287280598	-0.00846689306463308	-0.98895944987802	-0.145122059615004	-0.521513174053148
PZ_1_9-5	PZ	108208	39724	47378.8574482472	16064	atac	Erythrocyte	0.491298803259222	-8.39659667611078	-2.0412119123789	1.01981025222137	-0.98895944987802	-0.145122059615004	0.944217712024321
PZ_1_9-6	PZ	259678	81593	94570.6645304578	19328	atac	DC/Macro	0.618299053306843	15.4914487615548	2.68931936151657	1.71352548111749	1.06014635104575	-0.145122059615004	-0.521513174053148
PZ_1_9-7	PZ	184039	60347	73518.5950207328	18058	atac	MPP	0.959659446053757	-11.5926210331654	0.063204898144386	0.463770205881466	1.21404793395148	-0.145122059615004	-0.521513174053148
PZ_1_9-8	PZ	167066	54486	67226.7329636983	17615	atac	B-CD83	0.458626489560551	-3.49817059404995	5.72094355397383	-0.0444793996233832	-0.98895944987802	-0.145122059615004	1.4718817989608
PZ_1_10-2	PZ	153994	50882	60809.5193701599	17202	atac	T-TNFAIP3	0.480658817945599	-6.5787113163451	-6.08714039586588	0.681765119103149	1.24896813163342	-0.145122059615004	-0.521513174053148
PZ_1_10-3	PZ	148591	48203	60260.3676778928	16979	atac	B-CD83	0.582513775167104	-1.67894921557593	8.89975563473155	0.692996686120315	-0.277402038390461	-0.145122059615004	-0.521513174053148
PZ_1_10-4	PZ	129472	45950	55174.2043138313	16929	atac	MPP	0.808340233160269	-10.1922087989812	-0.0146943565505781	-0.735830823736969	0.253391917532302	-0.145122059615004	-0.521513174053148
PZ_1_10-5	PZ	173649	56870	68405.4657175461	17813	atac	DC/Macro	0.882400637455527	15.4915838464391	2.61882298713736	0.542834665062027	-0.305413196845254	-0.145122059615004	0.522799365063545
PZ_1_10-6	PZ	145861	48287	59615.8585633521	17036	atac	B-CD83	0.822631889266741	3.83210931703081	10.9377683393096	0.706409299473488	-0.354182985102406	-0.145122059615004	-0.521513174053148
PZ_1_10-7	PZ	181222	58960	71537.7760014682	17899	atac	B-HLA-DRB5	0.568901605230314	-1.47401141198951	6.86396274926173	2.30063028810878	-0.98895944987802	-0.145122059615004	-0.521513174053148
PZ_1_10-8	PZ	144370	47337	58560.5010671688	16968	atac	B-CD83	0.610237591971711	-2.57733271076778	4.50772494097106	0.0501511144533713	-0.794703507562243	-0.145122059615004	-0.521513174053148
PZ_1_11-1	PZ	230447	68516	83174.9057440663	18595	atac	B-HLA-DRB5	0.695125168761242	-0.863696473258798	6.81332880827393	-0.735830823736969	-0.98895944987802	-0.145122059615004	1.12776075926426
PZ_1_11-2	PZ	182737	61744	71709.8373830104	18313	atac	MPP	0.702441499736494	-12.9688838616324	-0.369129153617813	-0.0850020566322763	-0.98895944987802	-0.145122059615004	-0.521513174053148
PZ_1_11-3	PZ	187212	56426	67299.8650272329	17685	atac	B-CD83	0.851668398442227	-1.54222976763485	2.92514583671394	2.03394498801725	0.678921791445512	-0.145122059615004	0.538819606903261
PZ_1_11-4	PZ	217095	67674	81295.1175179221	18586	atac	NKT	0.51011278680532	-10.3517518925397	-6.13818141259257	-0.735830823736969	-0.98895944987802	-0.145122059615004	-0.521513174053148
PZ_1_11-5	PZ	160524	54500	66024.831751659	17537	atac	DC/Macro	0.89982376353768	16.5763957196137	1.23379367356821	-0.0327416704691859	1.24779943547394	-0.145122059615004	-0.521513174053148
PZ_1_11-6	PZ	117259	41726	50929.4796504195	16469	atac	MPP	0.638800047855847	-9.18273998554967	-0.213061380524446	0.157931096862448	0.364428831247331	-0.145122059615004	0.85065106902069
PZ_1_11-7	PZ	125595	45098	54586.4422689451	16841	atac	T-TNFAIP3	0.67282391477652	-9.04369646195369	-5.77730975187066	0.102811185553246	-0.98895944987802	-0.145122059615004	-0.521513174053148
PZ_1_11-8	PZ	198714	63360	76016.2221211382	18336	atac	B-CD83	0.530481577335049	-1.47095845783034	7.87253256289188	1.37192071498067	0.0281076312949221	-0.145122059615004	-0.521513174053148
PZ_1_12-1	PZ	198323	65579	78297.9400928807	18509	atac	MPP	0.823909817786031	-10.7676377772291	-0.504275398834112	-0.136606019893026	-0.98895944987802	-0.145122059615004	1.21962201795629
PZ_1_12-2	PZ	221144	65888	79318.7661010857	18374	atac	B-HLA-DRB5	0.444861173313225	-3.11740629642969	6.7114489850416	-0.143877846794106	-0.00956125656815595	-0.145122059615004	0.387293399399158
PZ_1_12-3	PZ	234077	69357	84727.0693587679	18565	atac	B-CD83	0.654798961406512	-0.435823337889428	7.14780531785561	-0.179634285781856	-0.470494987183986	4.54336450162249	-0.521513174053148
PZ_1_12-4	PZ	191981	61774	72525.2873468585	18131	atac	Erythrocyte-Prol	0.776696560622611	-10.3767039495028	-2.46411017799035	0.989992387386072	-0.831397944573254	-0.145122059615004	0.467144066709442
PZ_1_12-5	PZ	171389	58903	69824.0093543937	18026	atac	B-HLA-DRB5	0.438941748695627	7.04886259091191	8.29218095848903	-0.735830823736969	-0.98895944987802	-0.145122059615004	-0.521513174053148
PZ_1_12-6	PZ	204918	59998	73413.1974949423	17812	atac	B-CD83	0.703899207988441	-0.892691761752266	6.02677135300151	-0.0991788157810844	1.05735496277086	-0.145122059615004	-0.521513174053148
PZ_1_12-7	PZ	156669	51039	62629.7008194123	17234	atac	B-HLA-DRB5	0.512594709286309	-1.52443641234995	7.29581800786993	-0.735830823736969	0.263144890938033	-0.145122059615004	0.612300191781823
PZ_1_12-8	PZ	233337	68832	83824.4348467468	18588	atac	NKT	0.473782383163889	-10.3769356846099	-6.0648014450513	1.20918121318343	-0.422879457451706	-0.145122059615004	1.11625550695121
PZ_2_1-1	PZ	96924	35038	42366.3505230235	15368	atac	B-CD83	0.585539072687916	2.60723902790236	0.0334731477661375	-0.735830823736969	-0.98895944987802	-0.145122059615004	-0.521513174053148
PZ_2_1-2	PZ	114707	41963	49322.3184883239	16018	atac	DC/Macro	0.837696829229884	19.7952579139337	2.04546698113737	-0.735830823736969	-0.135059730233192	-0.145122059615004	-0.521513174053148
PZ_2_1-3	PZ	86473	33478	38894.5034845112	15141	atac	T-TNFAIP3	0.325994460186336	4.13600071669963	-5.45132965465969	-0.735830823736969	0.899650064265129	-0.145122059615004	1.22980382950881
PZ_2_1-4	PZ	115082	40525	49443.8522023482	15958	atac	B-CD83	0.95044903860516	2.12662713818164	3.19173250726283	-0.735830823736969	0.644240322088426	-0.145122059615004	-0.521513174053148
PZ_2_1-5	PZ	73421	28180	34321.3610657164	13953	atac	B-HLA-DRB5	0.403615449973691	-1.95484307065461	1.22222544812589	1.55322217692804	0.188657556086414	-0.145122059615004	-0.521513174053148
PZ_2_1-6	PZ	75666	28450	33683.3279070647	13909	atac	Erythrocyte	0.502619693888316	0.366296711536091	-6.83201031109211	0.560196162391113	-0.98895944987802	-0.145122059615004	-0.521513174053148
PZ_2_1-7	PZ	121121	42514	51594.2651799005	16389	atac	B-CD83	0.469540885274875	1.50980107350126	9.54035651218162	-0.735830823736969	-0.169139779808348	-0.145122059615004	-0.521513174053148
PZ_2_2-1	PZ	160502	51596	60684.4302841434	17293	atac	Erythrocyte-Prol	0.701342353532961	-11.071986229917	-1.73102136778401	0.684307850503057	0.154920120140566	-0.145122059615004	1.65878055304091
PZ_2_2-2	PZ	124447	45676	54483.42583409	16684	atac	DC/Macro	0.977226053336202	18.9103945125278	2.47676076737992	0.104270466172553	0.990121908865368	-0.145122059615004	0.768267609850622
PZ_2_2-3	PZ	79291	29582	34737.2645310069	14238	atac	Erythrocyte	0.566200141847294	4.4250588921961	-5.43725870896277	0.525449157707925	0.0466612872350947	-0.145122059615004	2.95898271794077
PZ_2_2-4	PZ	81379	31543	37868.0992518824	14902	atac	DC/Macro	0.753094817003519	17.6729936029739	5.17119496469759	-0.735830823736969	0.0916687337604385	-0.145122059615004	-0.521513174053148
PZ_2_2-5	PZ	114773	41393	50409.1569338451	16005	atac	DC/Macro	0.991208815496381	17.8295684786169	1.37561427839685	0.930049204994532	-0.151710543540259	-0.145122059615004	-0.521513174053148
PZ_2_2-6	PZ	93338	34225	39917.1724486566	15137	atac	NKT	0.991925761485952	-4.58919133277038	-12.5211774094635	-0.735830823736969	0.331989229863053	-0.145122059615004	-0.521513174053148
PZ_2_2-7	PZ	116442	39691	47092.4248846006	15761	atac	Erythrocyte-Prol	0.854287398267556	-12.2818557023251	-3.04946004976295	0.224157826592282	-0.98895944987802	-0.145122059615004	-0.521513174053148
PZ_2_2-8	PZ	78035	29655	35156.52458002	14407	atac	Erythrocyte	0.487951104567258	3.87726353352254	-6.68078681252746	-0.735830823736969	-0.98895944987802	-0.145122059615004	-0.521513174053148
PZ_2_3-1	PZ	97249	35811	42974.8625252658	15425	atac	B-CD83	0.556997829905372	-1.76297270806401	0.263889481511038	-0.735830823736969	-0.98895944987802	-0.145122059615004	-0.521513174053148
PZ_2_3-2	PZ	131782	42927	53161.3413954356	16052	atac	B-CD83	0.500496681047696	2.90247517151038	7.3189946869686	-0.735830823736969	-0.191098812695801	-0.145122059615004	-0.521513174053148
PZ_2_3-3	PZ	85992	33034	40346.2770343222	14837	atac	B-CD83	0.671788897965243	6.0929702692151	10.4674017928991	0.368068240639615	-0.98895944987802	-0.145122059615004	-0.521513174053148
PZ_2_3-4	PZ	75587	28959	34220.5334416783	14290	atac	NKT	0.479763054885345	-7.73762305498477	-9.27144899688218	-0.735830823736969	0.191671700659853	-0.145122059615004	-0.521513174053148
PZ_2_3-5	PZ	47751	19539	23782.1050958469	12174	atac	B-CD83	0.564185410874435	10.7400553974175	8.34265011713851	-0.735830823736969	-0.98895944987802	-0.145122059615004	-0.521513174053148
PZ_2_3-6	PZ	61018	24272	28807.9606097823	13200	atac	T-TNFAIP3	0.568685912213822	-1.39838450394174	-10.0994952680871	-0.735830823736969	-0.98895944987802	-0.145122059615004	-0.521513174053148
PZ_2_3-7	PZ	131362	48605	56318.5634462505	17196	atac	MPP	0.980117892312491	-12.1579904124781	0.147220822339954	0.779198008728536	1.59527145947642	-0.145122059615004	1.80446239418413
PZ_2_3-8	PZ	85018	33292	39200.8111789112	14974	atac	T-TNFAIP3	0.701873651370912	-5.12355509301212	-6.16212316614588	0.396919455222142	-0.98895944987802	-0.145122059615004	-0.521513174053148
PZ_2_4-1	PZ	105588	36264	43700.3107199125	15510	atac	NKT	0.336276532326254	-7.53257551988029	-15.6151543801692	0.291482360935851	1.12621044375844	-0.145122059615004	-0.521513174053148
PZ_2_4-2	PZ	91888	34170	42131.5581303653	15083	atac	B-HLA-DRB5	0.584069427543695	1.0496978410508	10.638222431951	-0.735830823736969	-0.117160606220713	-0.145122059615004	-0.521513174053148
PZ_2_4-3	PZ	84206	31085	38112.4955338787	14514	atac	B-CD83	0.418172944095647	1.17660106610583	-1.19210600996638	-0.735830823736969	-0.694161060863605	-0.145122059615004	1.26185618580726
PZ_2_4-4	PZ	68394	28206	32792.864063935	13977	atac	Erythrocyte	0.377638944552942	-0.368897534771796	-3.92289227721538	-0.735830823736969	0.100558409050007	-0.145122059615004	-0.521513174053148
PZ_2_4-5	PZ	44410	19087	22321.4037015888	11724	atac	Erythrocyte	0.198987626479654	4.86986473294491	-7.5813381154216	-0.735830823736969	1.5874349175322	-0.145122059615004	2.31185558949042
PZ_2_4-6	PZ	63976	26390	31393.3493322283	13654	atac	Erythrocyte-Prol	0.232007754755146	-1.92004977233638	-2.14258502110046	-0.735830823736969	0.415173719289185	-0.145122059615004	-0.521513174053148
PZ_2_4-7	PZ	81830	31740	38958.7564877934	14854	atac	B-CD83	0.828938217377902	-2.65948690427084	11.2581200079259	-0.735830823736969	-0.98895944987802	-0.145122059615004	-0.521513174053148
PZ_2_4-8	PZ	136667	44487	53177.6353444617	16324	atac	T-TNFAIP3	0.652001512385947	-4.90549900285104	-9.07566343302558	0.123218860834816	2.57408573201958	-0.145122059615004	1.92202657689
PZ_2_5-1	PZ	121277	40014	47703.119050426	15726	atac	NKT	0.987133679339814	-8.02732005691671	-12.9229716335187	-0.735830823736969	-0.0128404120361172	-0.145122059615004	-0.521513174053148
PZ_2_5-2	PZ	82868	32381	39000.1330939971	14874	atac	DC/Macro	0.910432672655129	18.9075289735149	1.0689733827252	3.90836647748736	0.989865024970439	-0.145122059615004	-0.521513174053148
PZ_2_5-3	PZ	72839	28602	34665.3403583113	14255	atac	B-CD83	0.40869053996734	2.97176480563145	-1.30189512438592	0.52776074832741	-0.98895944987802	-0.145122059615004	-0.521513174053148
PZ_2_5-4	PZ	105962	38454	46669.1038486942	15845	atac	B-CD83	0.827250467797197	1.44061016192938	1.28275399907251	-0.735830823736969	-0.98895944987802	-0.145122059615004	-0.521513174053148
PZ_2_5-5	PZ	50618	21669	25362.3695939634	12230	atac	B-HLA-DRB5	0.249852545034819	-0.445180409729062	1.38472091387214	-0.735830823736969	-0.553611903037692	-0.145122059615004	-0.521513174053148
PZ_2_5-6	PZ	190261	53598	65092.678690733	17234	atac	Erythrocyte-Prol	0.815213268105613	-11.2176675992463	-3.31823631500742	-0.735830823736969	-0.98895944987802	-0.145122059615004	0.572321025653066
PZ_2_5-7	PZ	75246	30176	36803.2799501628	14629	atac	B-CD83	0.751460984656549	-4.20063582363336	0.115918018781453	-0.735830823736969	-0.98895944987802	-0.145122059615004	-0.521513174053148
PZ_2_5-8	PZ	60863	25553	30425.2689159643	13542	atac	Erythrocyte-Prol	0.434346467985813	-9.27680497600622	5.55504399089784	-0.735830823736969	-0.98895944987802	-0.145122059615004	-0.521513174053148
PZ_2_6-1	PZ	111557	39069	47014.3168921396	15796	atac	B-CD83	0.806778860483851	2.80668678284671	0.288891225401269	-0.735830823736969	-0.0973977210060025	-0.145122059615004	-0.521513174053148
PZ_2_6-3	PZ	126962	42455	51412.3480559121	16188	atac	B-CD83	0.602904151294936	8.80154040933493	7.81976624853805	0.150240315712622	-0.98895944987802	-0.145122059615004	-0.521513174053148
PZ_2_6-4	PZ	106705	38549	46653.5889832822	15620	atac	B-HLA-DRB5	0.662219847615837	1.43007334117971	11.430803221379	0.232364794166783	1.24426250303571	-0.145122059615004	-0.521513174053148
PZ_2_6-5	PZ	68413	26674	32803.3480649653	13757	atac	B-CD83	0.533797753491015	-2.7765714064016	2.19315428422862	-0.735830823736969	1.14240342456295	-0.145122059615004	-0.521513174053148
PZ_2_6-6	PZ	82734	31302	38391.8157145581	14676	atac	B-CD83	0.520820491383671	8.40797705876205	10.7311057201211	-0.735830823736969	-0.98895944987802	-0.145122059615004	-0.521513174053148
PZ_2_6-7	PZ	93952	35611	43245.5695927885	15388	atac	B-CD83	0.783791906413702	0.431251846412725	10.7633841113249	-0.735830823736969	-0.0281680450127889	-0.145122059615004	-0.521513174053148
PZ_2_6-8	PZ	103063	38993	46462.7639704339	15928	atac	DC/Macro	0.953995570748752	19.5998260088287	3.16314515870962	0.235977620543373	-0.0878983978116191	-0.145122059615004	-0.521513174053148
PZ_2_7-1	PZ	66968	26427	30916.3528565226	13543	atac	Erythrocyte-Prol	0.499135468812891	-1.15767483875782	-6.14506888376416	-0.735830823736969	0.299843443763845	-0.145122059615004	-0.521513174053148
PZ_2_7-2	PZ	82787	30353	36258.7101569981	14482	atac	NKT	0.939308889879849	-4.36399908461941	-15.0775420481266	-0.735830823736969	-0.98895944987802	-0.145122059615004	-0.521513174053148
PZ_2_7-3	PZ	56457	23972	28102.8960250335	13333	atac	MPP	0.263892095193276	5.03560664246544	0.581821032305336	-0.735830823736969	1.95346827922072	-0.145122059615004	-0.521513174053148
PZ_2_7-4	PZ	172054	51734	63297.9577631735	16984	atac	NKT	0.715094435182426	-5.04342117718525	-11.1772084616038	-0.735830823736969	-0.308866323492784	-0.145122059615004	-0.521513174053148
PZ_2_7-5	PZ	96936	35737	44081.1030377095	15237	atac	B-CD83	0.819464385426529	3.80454381173291	9.17100614161795	-0.735830823736969	0.16019469168619	-0.145122059615004	-0.521513174053148
PZ_2_7-6	PZ	69932	26557	32542.5176112651	13790	atac	B-CD83	0.503929363513723	-1.66114300691483	-1.33502568554529	-0.735830823736969	0.938011092532588	-0.145122059615004	-0.521513174053148
PZ_2_7-7	PZ	111348	39559	48089.9597701233	15853	atac	DC/Macro	0.928688200219301	17.8743313999608	1.76046005888213	1.68104066419766	-0.75360340065314	-0.145122059615004	-0.521513174053148
PZ_2_7-8	PZ	101361	36105	42881.5361477547	15362	atac	NKT	0.537263652798894	-7.99178372853109	-11.5835532383636	0.309177251846272	1.39174100616599	-0.145122059615004	-0.521513174053148
PZ_2_8-1	PZ	75977	28809	34833.5921896582	14155	atac	B-CD83	0.533422121961108	-3.59545942524528	2.29883642067156	-0.735830823736969	-0.98895944987802	-0.145122059615004	-0.521513174053148
PZ_2_8-2	PZ	82835	31630	38000.6152834065	14774	atac	NKT	0.655803390767245	-9.3501583691462	-11.736420508072	-0.735830823736969	0.0883553956345542	-0.145122059615004	-0.521513174053148
PZ_2_8-3	PZ	51252	21869	25861.1407665884	12691	atac	B-CD83	0.295815010255568	5.84286607463076	-5.7580899857684	-0.735830823736969	0.349245966861277	-0.145122059615004	-0.521513174053148
PZ_2_8-4	PZ	117927	39428	46905.2082580802	15774	atac	NKT	0.902320437533986	-3.50156565214985	-12.0875718095068	-0.735830823736969	0.608362285041889	7.97652000112633	-0.521513174053148
PZ_2_8-5	PZ	45299	19332	22746.6821344804	11774	atac	Erythrocyte-Prol	0.391856400545877	-11.9609932503943	5.84210229230726	-0.735830823736969	0.678842179631024	-0.145122059615004	-0.521513174053148
PZ_2_8-6	PZ	49993	21098	25050.9542035946	12469	atac	T-TNFAIP3	0.425104305194711	-3.0606852307156	-3.52241635393061	-0.735830823736969	-0.548481041108922	-0.145122059615004	-0.521513174053148
PZ_2_8-7	PZ	82409	31549	38653.3945305246	14666	atac	B-CD83	0.868615864381177	-4.7094135948427	0.000234730155161222	-0.735830823736969	-0.98895944987802	-0.145122059615004	-0.521513174053148
PZ_2_8-8	PZ	102752	39134	46020.6922369206	15690	atac	DC/Macro	0.991594857685789	19.640679333475	3.51132196910271	0.24445203945923	-0.184061825006807	-0.145122059615004	-0.521513174053148
PZ_2_9-1	PZ	104068	39022	45921.4137609593	15939	atac	DC/Macro	0.951166776708623	15.6395700733285	3.67305334005694	-0.735830823736969	0.637940563435791	-0.145122059615004	-0.521513174053148
PZ_2_9-2	PZ	51507	21190	25227.3702976819	12390	atac	Erythrocyte-Prol	0.43842749266402	-1.75460559316973	-4.49559001475028	-0.735830823736969	-0.98895944987802	-0.145122059615004	-0.521513174053148
PZ_2_9-4	PZ	117983	41531	49142.6407615525	16343	atac	MPP	0.984788003968189	-11.8429529984402	2.43479944117412	-0.735830823736969	-0.98895944987802	-0.145122059615004	-0.521513174053148
PZ_2_9-5	PZ	90123	33094	40467.1311567666	14830	atac	T-TNFAIP3	0.434629520464591	9.35743756714537	8.64543141876316	-0.735830823736969	-0.98895944987802	-0.145122059615004	-0.521513174053148
PZ_2_9-6	PZ	73619	29868	35491.0220264316	14507	atac	B-CD83	0.59303150434571	-3.86638903078547	1.54702138867232	0.501725685987245	-0.98895944987802	-0.145122059615004	-0.521513174053148
PZ_2_9-7	PZ	73434	29239	36066.7771575803	14486	atac	B-CD83	0.735589114557882	-5.24499663892352	-0.0270777012210873	-0.735830823736969	0.138830714188707	-0.145122059615004	-0.521513174053148
PZ_2_9-8	PZ	118449	39054	46987.5037236191	15637	atac	Erythrocyte-Prol	0.588756134316436	2.10428281445004	-7.46943869761411	0.226107307296934	-0.028073120618061	-0.145122059615004	0.955319835982409
PZ_2_10-1	PZ	61019	24521	29369.5118813462	13218	atac	T-GIMAP7	0.495336751081379	-4.85153332266488	-5.40773095751049	-0.735830823736969	-0.610352148781215	-0.145122059615004	3.4537666889779
PZ_2_10-2	PZ	96725	35277	43720.8555819543	15081	atac	B-CD83	0.934412464806687	2.18036737399973	9.79578840869467	-0.735830823736969	-0.98895944987802	-0.145122059615004	-0.521513174053148
PZ_2_10-3	PZ	83451	30913	38024.7951929226	14610	atac	B-CD83	0.436384478661557	-3.56025106531387	2.74653955495947	-0.735830823736969	-0.98895944987802	-0.145122059615004	-0.521513174053148
PZ_2_10-4	PZ	127488	44336	53046.2021204493	16370	atac	DC/Macro	0.987371735206185	16.8621178315388	3.50580238172773	-0.735830823736969	-0.98895944987802	-0.145122059615004	-0.521513174053148
PZ_2_10-5	PZ	59269	22848	27267.5946563734	12695	atac	NKT	0.940601374782808	-4.3046429048728	-15.1663973605712	-0.735830823736969	0.445180692809173	-0.145122059615004	-0.521513174053148
PZ_2_10-6	PZ	84476	31774	38278.5366596766	14593	atac	B-CD83	0.778046058029413	5.26667856394629	13.3941164971052	-0.735830823736969	2.60533684417181	-0.145122059615004	-0.521513174053148
PZ_2_10-7	PZ	104883	36559	44157.310153947	15580	atac	T-TNFAIP3	0.792978235183502	-6.16859848073674	-6.8293979937626	-0.735830823736969	1.76661314000917	-0.145122059615004	2.33784773979753
PZ_2_10-8	PZ	87320	31700	37681.5255009098	14725	atac	NKT	0.970563701677844	-6.2710000595527	-14.7588726868804	-0.735830823736969	0.0963685939688081	-0.145122059615004	-0.521513174053148
PZ_2_11-2	PZ	77248	29608	35797.0164723145	14357	atac	NKT	0.903052061465867	-8.97778995425669	-12.4248123586098	-0.735830823736969	-0.579916725443973	-0.145122059615004	-0.521513174053148
PZ_2_11-3	PZ	238409	71538	84133.8335792383	18886	atac	MPP	0.935236122576048	-7.0623457920943	5.00599100323849	1.94798692903462	-0.0597180661379945	-0.145122059615004	1.11083152761682
PZ_2_11-4	PZ	74203	28525	34025.600685639	14249	atac	B-CD83	0.581870421722833	-1.22659973491546	-0.821580122695412	-0.735830823736969	-0.98895944987802	-0.145122059615004	-0.521513174053148
PZ_2_11-5	PZ	85876	31952	39558.1824514286	14563	atac	B-CD83	0.655087773351827	8.10083965960161	8.61590429842497	-0.735830823736969	-0.0663959659958661	-0.145122059615004	-0.521513174053148
PZ_2_11-6	PZ	68836	26696	32745.0468617717	13817	atac	B-CD83	0.575059056665661	3.76664854377687	11.8298034152998	1.64080876493527	0.237627329115955	-0.145122059615004	-0.521513174053148
PZ_2_11-7	PZ	113243	40397	49336.8705903816	15817	atac	B-CD83	0.717324006367436	4.2898997633615	6.97723681795188	-0.735830823736969	-0.98895944987802	-0.145122059615004	-0.521513174053148
PZ_2_11-8	PZ	228790	60908	74851.0179291747	17568	atac	B-CD83	0.760860273247136	1.32870151091659	6.98567527680009	2.55557266518524	-0.273912745322451	-0.145122059615004	-0.521513174053148
PZ_2_12-1	PZ	132921	45446	54524.3138302712	16317	atac	DC/Macro	0.994726185127983	18.2269703526046	3.48357214637623	0.103690657908021	-0.209260233967592	-0.145122059615004	-0.521513174053148
PZ_2_12-2	PZ	97903	35626	42398.7237532266	15410	atac	DC/Macro	0.850473111610546	15.4985118387025	4.16123387124358	-0.735830823736969	-0.98895944987802	-0.145122059615004	-0.521513174053148
PZ_2_12-3	PZ	213965	59563	70986.7459699141	17459	atac	T-TNFAIP3	0.433950355412352	1.09993315599709	7.18706511500182	-0.735830823736969	0.091421081931864	-0.145122059615004	-0.521513174053148
PZ_2_12-4	PZ	176249	56755	66859.2559794369	17134	atac	DC/Macro	0.960730412658051	16.350886093333	3.52956845321369	-0.0409325067360395	0.526495733136289	-0.145122059615004	1.48152145113958
PZ_2_12-5	PZ	95891	38085	44151.3289630654	15614	atac	T-TNFAIP3	0.587140910853351	-6.69593300266673	-6.39402800143502	-0.735830823736969	2.15438171555359	-0.145122059615004	-0.521513174053148
PZ_2_12-6	PZ	59387	24043	28500.7382835593	13144	atac	Erythrocyte	0.472346215837377	-2.17735388472278	-2.9950681953862	-0.735830823736969	0.242139001287192	-0.145122059615004	1.78039396771283
PZ_2_12-7	PZ	306817	84250	99986.2093678911	19495	atac	MPP	0.596595900614303	-11.2102205556518	-1.13331689692294	1.60759186842395	-0.874071168990931	-0.145122059615004	-0.521513174053148
PZ_2_12-8	PZ	107579	38466	45621.1903730697	15596	atac	B-CD83	0.872782694969519	5.89111992884965	4.3229176636552	-0.735830823736969	-0.98895944987802	-0.145122059615004	2.26090106561306
PZ_3_1-1	PZ	145508	48245	58265.2747746749	16867	atac	DC/Macro	0.99152244293707	18.3620007508625	2.92385970951343	0.0538342054553182	-0.98895944987802	-0.145122059615004	-0.521513174053148
PZ_3_1-2	PZ	62892	25218	29643.4826304142	13320	atac	Erythrocyte	0.46127268522799	-4.62305604610735	-2.99733065034951	-0.735830823736969	-0.98895944987802	-0.145122059615004	-0.521513174053148
PZ_3_1-3	PZ	130699	44380	53102.4124129477	16362	atac	DC/Macro	1	18.0242166220176	2.89431820708875	0.124336561690174	-0.98895944987802	7.10570197790432	-0.521513174053148
PZ_3_1-5	PZ	91036	33320	40966.1470105809	14819	atac	B-CD83	0.81450393242046	4.78527725287642	1.00236513037296	-0.735830823736969	0.0959126168880481	-0.145122059615004	-0.521513174053148
PZ_3_1-7	PZ	132192	42634	52369.5141402166	16113	atac	B-CD83	0.752995461384813	3.18524522992939	6.61730740749978	0.876755197047616	-0.18015267217898	-0.145122059615004	-0.521513174053148
PZ_3_1-8	PZ	95003	34323	39539.1566565773	15058	atac	Erythrocyte-Prol	0.624150440836416	-10.1970036328756	-3.59176469725189	1.30491390588646	0.937465484811952	-0.145122059615004	2.61157728627059
PZ_3_2-1	PZ	180314	58917	69839.3555827253	18095	atac	MPP	0.970130922250015	-11.8944259924398	0.133103916930703	0.51962447783501	0.683045965816454	-0.145122059615004	1.40594741012479
PZ_3_2-2	PZ	111545	40769	49293.9662412047	16023	atac	B-CD83	0.813716683895692	-2.48095564966658	3.33226580654745	-0.735830823736969	-0.232872825915855	-0.145122059615004	-0.521513174053148
PZ_3_2-3	PZ	125825	41197	49903.969581815	15967	atac	B-CD83	0.638249309410948	4.68023992450716	4.3859444799992	-0.735830823736969	-0.98895944987802	-0.145122059615004	0.876422106573054
PZ_3_2-4	PZ	99576	36159	43909.9469343014	15222	atac	B-CD83	0.602294857279599	-0.840156804113803	3.48950845095951	-0.735830823736969	-0.98895944987802	-0.145122059615004	-0.521513174053148
PZ_3_2-5	PZ	83466	30148	36033.6983015769	14242	atac	NKT	0.983679035873578	-5.45333710604038	-13.7257155861888	-0.735830823736969	2.45937200753532	-0.145122059615004	-0.521513174053148
PZ_3_2-6	PZ	231554	61733	73358.6371223701	17785	atac	T-GIMAP7	0.394728983379398	-6.26519597099952	-11.1739574397377	0.466094477329899	0.97465362132702	-0.145122059615004	-0.521513174053148
PZ_3_2-7	PZ	106426	38301	46590.5524468535	15674	atac	B-CD83	0.764156482967607	3.25922297087302	9.59451933177022	-0.735830823736969	-0.98895944987802	-0.145122059615004	-0.521513174053148
PZ_3_2-8	PZ	142270	45652	54811.7093527867	16499	atac	DC/Macro	0.988695831418053	18.1904516409868	3.71249043172553	-0.735830823736969	0.910586321283143	-0.145122059615004	-0.521513174053148
PZ_3_3-1	PZ	127593	47294	55368.8974108409	16710	atac	DC/Macro	0.643963558962163	-10.7829162713509	3.80412415544612	2.92404863978235	-0.220103854678051	-0.145122059615004	-0.521513174053148
PZ_3_3-2	PZ	91788	32074	38426.3055055459	14619	atac	NKT	0.981233101410471	-5.65651952587925	-13.282028489886	-0.735830823736969	0.0778486335420493	-0.145122059615004	-0.521513174053148
PZ_3_3-3	PZ	97032	33488	41274.1442831023	14954	atac	B-CD83	0.880206238727072	-0.505525006803793	-0.312094897222013	-0.735830823736969	-0.716007194886604	-0.145122059615004	-0.521513174053148
PZ_3_3-4	PZ	82876	29236	34890.1714737005	14429	atac	MPP	0.924533102168966	-11.7703472283258	2.76576444751459	-0.735830823736969	-0.98895944987802	-0.145122059615004	-0.521513174053148
PZ_3_3-5	PZ	127189	40781	48349.9535248727	15830	atac	T-TNFAIP3	0.691172218763402	-5.08145499047569	-7.08175441293729	-0.735830823736969	1.25019513445664	-0.145122059615004	-0.521513174053148
PZ_3_3-6	PZ	103476	37325	44272.7496593742	15382	atac	DC/Macro	0.986980097211194	18.3960679165811	4.27016629275944	-0.735830823736969	-0.733930620490161	-0.145122059615004	-0.521513174053148
PZ_3_3-7	PZ	123726	43247	52802.8072429487	16138	atac	B-HLA-DRB5	0.5496584123394	3.42149374057496	6.72496504807988	0.865436572881389	-0.77406839874329	-0.145122059615004	-0.521513174053148
PZ_3_3-8	PZ	89693	32031	37793.8281199297	14552	atac	Erythrocyte	0.663478549100356	2.50797462010181	-7.63604895681333	-0.735830823736969	-0.98895944987802	-0.145122059615004	1.2752580279019
PZ_3_4-1	PZ	68338	26736	32210.8037371709	13836	atac	Erythrocyte	0.435374898585518	5.00626395670363	-4.45922025925741	-0.735830823736969	-0.98895944987802	-0.145122059615004	3.1752514181658
PZ_3_4-2	PZ	217328	55560	68251.8277415279	17064	atac	Erythrocyte-Prol	0.855104075077032	-11.4903458680917	-3.0398064273181	0.545372867411819	-0.429268554803334	-0.145122059615004	1.44547809349776
PZ_3_4-3	PZ	53963	21278	25343.6519370425	12256	atac	Erythrocyte-Prol	0.611021992635517	1.30382445311268	-1.60371930260082	0.922272130192064	-0.553306893905055	-0.145122059615004	3.93111295815159
PZ_3_4-4	PZ	133354	47750	56758.1717032837	17323	atac	MPP	0.994887426850293	-11.9636316615249	1.90566696523036	0.769068695389761	0.223378493845191	-0.145122059615004	-0.521513174053148
PZ_3_4-5	PZ	47793	20168	24333.4294718445	12214	atac	B-CD83	0.471925537883859	5.94311952955748	11.5914274257286	0.980491248386884	1.72134988077835	-0.145122059615004	-0.521513174053148
PZ_3_4-6	PZ	126771	41553	49051.9237664233	15971	atac	NKT	0.965661603031118	-4.68658064697363	-13.3271370795412	-0.735830823736969	-0.130813399659013	-0.145122059615004	-0.521513174053148
PZ_3_4-7	PZ	111211	39941	48551.6149808436	15768	atac	DC/Macro	0.990352657094089	18.4687615462511	2.13144232643532	-0.735830823736969	1.35915258138225	-0.145122059615004	-0.521513174053148
PZ_3_4-8	PZ	126201	40988	48305.0789166255	15693	atac	NKT	0.928011177432264	-5.79836943028976	-12.3035255850398	1.67250404854068	0.514638420506899	-0.145122059615004	-0.521513174053148
PZ_3_5-1	PZ	64024	26423	31363.6072992779	13687	atac	T-GIMAP7	0.328279462700317	-7.05347265034039	-0.582964870406381	0.643899861070883	-0.633409113473477	-0.145122059615004	-0.521513174053148
PZ_3_5-2	PZ	45369	20057	23947.9936527605	12137	atac	T-GIMAP7	0.460679195245486	-11.1402035393731	-10.777046487579	-0.735830823736969	-0.98895944987802	-0.145122059615004	-0.521513174053148
PZ_3_5-3	PZ	72898	27592	32765.2698468536	13858	atac	NKT	0.976360384257083	-4.0886791623601	-13.9275461665873	-0.735830823736969	-0.98895944987802	-0.145122059615004	-0.521513174053148
PZ_3_5-4	PZ	95492	34738	42064.8867314448	15165	atac	B-CD83	0.802048333082897	2.78779327659765	11.323031427478	0.327446367269133	-0.98895944987802	-0.145122059615004	1.11090247081575
PZ_3_5-5	PZ	58149	23779	28053.6886036684	12992	atac	B-CD83	0.724831224485746	-0.660709595108753	-0.662480263442164	-0.735830823736969	-0.98895944987802	-0.145122059615004	-0.521513174053148
PZ_3_5-6	PZ	141357	45421	54175.2492775373	16537	atac	NKT	0.950669042580404	-6.24930153007768	-11.8685936365756	0.108666496895823	-0.98895944987802	-0.145122059615004	0.77501669596729
PZ_3_5-7	PZ	108733	37877	45536.7196415504	15515	atac	Erythrocyte-Prol	0.797902098855643	-12.2367081061967	-3.03844865878237	0.253901359205157	-0.98895944987802	-0.145122059615004	0.997991159653286
PZ_3_5-8	PZ	114101	40659	49529.778309469	16025	atac	B-CD83	0.523012126020618	4.72801267889136	8.77194117005068	0.181000584200265	0.644351292292191	-0.145122059615004	0.886068919011174
PZ_3_6-1	PZ	127407	44085	53130.2766528058	16408	atac	B-CD83	0.84125465384517	1.78930354568009	1.83247645450452	0.856988063395414	0.318883609749419	-0.145122059615004	-0.521513174053148
PZ_3_6-2	PZ	121622	43829	53300.9755000047	16346	atac	B-CD83	0.849952222515178	0.90802074992042	6.31331979224311	0.121392497641997	0.315296791807269	-0.145122059615004	-0.521513174053148
PZ_3_6-3	PZ	110998	38597	45524.7053161081	15772	atac	DC/Macro	0.799112487590628	16.2485870027367	4.30411928041837	0.254138258265028	-0.663952361371776	-0.145122059615004	-0.521513174053148
PZ_3_6-4	PZ	115755	39278	48386.290051675	15513	atac	B-CD83	0.898606054181769	3.06491557408464	8.03588315817637	-0.735830823736969	-0.120177297873963	-0.145122059615004	-0.521513174053148
PZ_3_6-5	PZ	46381	19102	22656.1573619699	11632	atac	MPP	0.495439880376356	5.7397115782851	-2.48366769402769	-0.735830823736969	0.684311869597554	-0.145122059615004	-0.521513174053148
PZ_3_6-6	PZ	130435	44461	54146.5390188958	16449	atac	B-CD83	0.492967700551699	6.2390427872108	8.79805835489576	-0.735830823736969	-0.98895944987802	-0.145122059615004	-0.521513174053148
PZ_3_6-7	PZ	86126	31556	38092.8887694451	14652	atac	T-TNFAIP3	0.842739214469667	-6.22734991875587	-8.82356221716139	-0.735830823736969	0.707710684373941	-0.145122059615004	-0.521513174053148
PZ_3_6-8	PZ	104817	38444	46092.5982581898	15964	atac	MPP	0.99138443051255	-12.3558322640045	0.689233992797617	-0.735830823736969	-0.0814082818295272	-0.145122059615004	-0.521513174053148
PZ_3_7-1	PZ	105929	38269	45401.9229531513	15846	atac	DC/Macro	0.385152994774404	-6.53920575256428	3.04679015596612	1.08383301723012	-0.98895944987802	-0.145122059615004	-0.521513174053148
PZ_3_7-2	PZ	110268	37287	44742.3925041506	15616	atac	DC/Macro	0.878683458782788	16.3043314795046	4.12312277779418	-0.735830823736969	3.00124643004064	-0.145122059615004	-0.521513174053148
PZ_3_7-3	PZ	122340	43465	52518.4617684204	16368	atac	B-CD83	0.614517686987067	4.21825238742635	1.72595340623484	-0.735830823736969	-0.182234659129277	7.17968666880504	-0.521513174053148
PZ_3_7-4	PZ	85114	31257	37429.898395383	14623	atac	NKT	0.858355202915615	-4.24750467763089	-11.9158604544094	-0.735830823736969	-0.98895944987802	-0.145122059615004	-0.521513174053148
PZ_3_7-5	PZ	90043	32413	38738.14847705	14777	atac	NKT	0.359456605979366	-3.45611423747176	-5.9737369662735	-0.735830823736969	-0.0489480890109849	-0.145122059615004	-0.521513174053148
PZ_3_7-6	PZ	61780	24824	29672.0568348666	13371	atac	Erythrocyte	0.378792342238057	-1.12416460033854	-6.54199782213076	-0.735830823736969	-0.98895944987802	-0.145122059615004	-0.521513174053148
PZ_3_7-7	PZ	95339	33676	41754.0127966686	14766	atac	B-CD83	0.625072861137537	4.05358812296496	5.95716844399089	1.21527953838044	0.00230963820809147	-0.145122059615004	-0.521513174053148
PZ_3_7-8	PZ	125125	42551	50748.0756351467	16369	atac	MPP	0.999159631728826	-12.1205749565886	2.05913778088554	-0.735830823736969	-0.98895944987802	-0.145122059615004	-0.521513174053148
PZ_3_8-1	PZ	156444	46820	57931.1754120711	16477	atac	B-CD83	0.732336516210005	3.61677375390168	5.22965388378594	-0.735830823736969	0.0200569371520526	-0.145122059615004	-0.521513174053148
PZ_3_8-2	PZ	95932	35132	42860.8871114415	15261	atac	B-CD83	0.383169737526688	-1.51518478150449	2.48680008478944	0.30963141972891	-0.98895944987802	-0.145122059615004	-0.521513174053148
PZ_3_8-3	PZ	164373	44575	53493.2400597634	16126	atac	NKT	0.957709152317793	-6.47134101593005	-12.4315164361527	-0.735830823736969	-0.195599047919759	-0.145122059615004	-0.521513174053148
PZ_3_8-4	PZ	78833	29107	35056.4033784365	14029	atac	Erythrocyte-Prol	0.887235127234205	-12.1110547943183	-3.95251030708204	-0.735830823736969	-0.98895944987802	-0.145122059615004	-0.521513174053148
PZ_3_8-5	PZ	126715	47500	56926.3057158642	17134	atac	MPP	0.898078168949187	-10.8596869058133	-0.188224736971151	3.2617226015159	-0.0723736384654733	-0.145122059615004	0.717161125554566
PZ_3_8-6	PZ	88137	31570	38243.9207342709	14648	atac	Erythrocyte	0.648214889882298	2.91600899257361	-8.95143215846016	1.36131098939353	0.928263678648685	-0.145122059615004	-0.521513174053148
PZ_3_8-7	PZ	108709	35790	42792.9148687123	15463	atac	MPP	0.406731863794575	-6.01614886786615	2.92342966038442	0.311129246787844	-0.98895944987802	-0.145122059615004	-0.521513174053148
PZ_3_8-8	PZ	112462	38854	46499.2279541869	15866	atac	NKT	0.904261325079053	-7.34763307495462	-13.5810976844043	0.235285171165236	0.475495875464516	-0.145122059615004	-0.521513174053148
PZ_3_9-1	PZ	123201	42805	51997.8062192671	16191	atac	B-CD83	0.758700127396406	5.11174551076539	5.83611572786971	0.141091704042709	-0.98895944987802	-0.145122059615004	-0.521513174053148
PZ_3_9-2	PZ	70307	27429	32572.3930946738	13908	atac	T-TNFAIP3	0.95278185888004	-5.51203979436924	-5.846474811778	0.598969652270689	-0.646066602668048	-0.145122059615004	-0.521513174053148
PZ_3_9-3	PZ	91959	32388	39425.7012741445	14690	atac	T-TNFAIP3	0.473060880406869	1.07330457738546	-0.350071352347385	0.391136202870733	0.276827276410385	-0.145122059615004	1.20868344922346
PZ_3_9-4	PZ	63014	26373	31082.297359795	13576	atac	T-GIMAP7	0.505251491056001	0.516678558096931	-10.4405618035308	-0.735830823736969	-0.98895944987802	-0.145122059615004	-0.521513174053148
PZ_3_9-5	PZ	34547	15889	18544.4700100008	10596	atac	Erythrocyte-Prol	0.272902867023561	9.75610987573097	8.94577817272396	-0.735830823736969	0.770183186440339	-0.145122059615004	-0.521513174053148
PZ_3_9-6	PZ	148870	48765	58345.0842376661	16993	atac	Erythrocyte-Prol	0.772920902827002	-11.1891838526684	-2.45356141327268	0.0528351365990508	-0.98895944987802	-0.145122059615004	0.689300584690113
PZ_3_9-7	PZ	117856	41535	50491.4678493597	16089	atac	DC/Macro	0.943064564839464	18.6541805774905	2.07514008298627	-0.735830823736969	2.0916600829309	-0.145122059615004	-0.521513174053148
PZ_3_9-8	PZ	54791	23949	27702.2178627694	12836	atac	B-CD83	0.426304414030239	7.32832252688552	-7.75510350655511	-0.735830823736969	0.661996606313375	-0.145122059615004	-0.521513174053148
PZ_3_10-1	PZ	212530	66313	79279.3820467882	18261	atac	MPP	0.680308297273599	-11.1863630180898	-0.899533285741199	1.70202750979236	0.668192100954355	-0.145122059615004	1.9348677627611
PZ_3_10-2	PZ	92757	33856	41601.5565488829	14906	atac	B-CD83	0.480014554293106	4.10548384676619	9.72986610722485	0.338099408883738	-0.98895944987802	-0.145122059615004	-0.521513174053148
PZ_3_10-3	PZ	95431	34124	41962.6881946652	14935	atac	T-GIMAP7	0.552782547125523	0.383344031603879	3.2263434602421	0.329777873191253	0.100975166286286	-0.145122059615004	-0.521513174053148
PZ_3_10-4	PZ	54934	22092	25993.9159663957	12478	atac	Erythrocyte	0.314215008732384	5.47074681965862	-0.770825452275019	-0.735830823736969	-0.98895944987802	-0.145122059615004	1.96975271426248
PZ_3_10-5	PZ	57723	22033	26663.9490678678	12460	atac	NKT	0.918053480645647	-4.10976074558968	-14.7042049758199	-0.735830823736969	-0.98895944987802	-0.145122059615004	-0.521513174053148
PZ_3_10-6	PZ	252023	68781	81565.7709254715	18356	atac	DC/Macro	0.967512854902308	17.2040433508396	2.51177164877798	-0.159278019109362	0.530966101285797	4.71495867062226	-0.521513174053148
PZ_3_10-7	PZ	89131	31607	39915.9041079478	14358	atac	B-CD83	0.541648459664362	3.58722740075079	7.76825738756086	0.378733431247531	1.92584935929789	-0.145122059615004	-0.521513174053148
PZ_3_10-8	PZ	66044	26642	31283.9043411458	13558	atac	T-GIMAP7	0.470067935001217	3.17835432282483	-2.31804464895562	0.64696961102438	0.999382873680646	-0.145122059615004	-0.521513174053148
PZ_3_11-1	PZ	135168	44773	53519.6786811928	16562	atac	B-CD83	0.790441509058765	1.1123380782868	0.0529401950834518	-0.735830823736969	-0.98895944987802	-0.145122059615004	-0.521513174053148
PZ_3_11-2	PZ	96679	35145	42915.4676217091	15246	atac	B-HLA-DRB5	0.625460748449832	5.0922331854517	4.1327362092406	-0.735830823736969	0.146416620141782	-0.145122059615004	-0.521513174053148
PZ_3_11-3	PZ	170121	54364	63838.4005790152	17574	atac	MPP	0.725409451937106	-6.95855775595214	5.44640631468561	-0.0103326150093806	0.587921330711882	-0.145122059615004	-0.521513174053148
PZ_3_11-4	PZ	65803	25415	31229.4934783239	13425	atac	B-CD83	0.479792853643838	-1.11692990883324	-0.734424027148502	-0.735830823736969	-0.98895944987802	-0.145122059615004	-0.521513174053148
PZ_3_11-5	PZ	95300	33179	41332.7851380043	14864	atac	B-CD83	0.598360953648672	7.27876486430034	6.9463496636864	-0.735830823736969	0.626560575817524	-0.145122059615004	-0.521513174053148
PZ_3_11-6	PZ	135039	43152	52905.2336827608	16019	atac	B-CD83	0.895623004266969	3.38926087722947	2.5126524226315	-0.735830823736969	0.456772266398891	-0.145122059615004	-0.521513174053148
PZ_3_11-7	PZ	167116	47683	58859.6666666661	16322	atac	B-CD83	0.516460016377228	3.22697349213272	6.14519346461949	-0.735830823736969	0.282532339416104	-0.145122059615004	-0.521513174053148
PZ_3_11-8	PZ	79251	29186	35079.1917906892	14270	atac	Erythrocyte-Prol	0.431466176971753	2.4095118021421	-7.77720753679151	-0.735830823736969	-0.98895944987802	-0.145122059615004	-0.521513174053148
PZ_3_12-1	PZ	132730	45718	52745.3089301007	16768	atac	MPP	0.930011679346822	-11.5765661757432	2.6230821828708	0.866929332028812	0.327046257299065	-0.145122059615004	1.9391535038137
PZ_3_12-2	PZ	59035	23538	28070.5816377476	12946	atac	Erythrocyte	0.669359606761363	-4.55306564721995	0.705034592003338	-0.735830823736969	-0.98895944987802	-0.145122059615004	1.81079786016721
PZ_3_12-3	PZ	65015	26188	30685.6777754224	13577	atac	Erythrocyte	0.387548432242659	3.28273709665035	-5.45649526339043	0.67045660468554	-0.98895944987802	-0.145122059615004	-0.521513174053148
PZ_3_12-4	PZ	54010	23135	27150.2193731537	12853	atac	Erythrocyte	0.594265191066845	3.12731466739207	-12.1538162985657	-0.735830823736969	-0.98895944987802	-0.145122059615004	3.70311412592991
PZ_3_12-5	PZ	106183	37656	44348.455025543	15398	atac	NKT	0.990925642317141	-6.99681014157166	-13.9930400889424	0.277895795152034	2.2831396065685	-0.145122059615004	-0.521513174053148
PZ_3_12-6	PZ	120547	40976	49178.3915377038	15947	atac	T-TNFAIP3	0.530343930767337	-3.75712728978291	-4.58502307543509	-0.735830823736969	1.03435028541263	-0.145122059615004	-0.521513174053148
PZ_3_12-7	PZ	120645	40987	50822.9040891794	16075	atac	B-HLA-DRB5	0.619703848291917	2.53994755256523	7.91967000939206	0.918507215966215	-0.98895944987802	-0.145122059615004	-0.521513174053148
PZ_3_12-8	PZ	121274	42370	50534.1645970785	16373	atac	DC/Macro	0.684593036866179	16.960326998902	4.29998555567781	0.164327764376922	0.0302071112223618	-0.145122059615004	-0.521513174053148
PZ_4_1-1	PZ	91551	32162	38582.122183298	14606	atac	NKT	0.984556466267912	-7.70669852205481	-13.9542197028446	-0.735830823736969	-0.98895944987802	-0.145122059615004	-0.521513174053148
PZ_4_1-2	PZ	58328	23643	27515.2724839682	12633	atac	T-TNFAIP3	0.740965078163664	-4.64104333405552	-4.6606079752386	-0.735830823736969	-0.98895944987802	-0.145122059615004	-0.521513174053148
PZ_4_1-4	PZ	153038	43611	51560.6558059457	15822	atac	NKT	0.978107043441823	-6.19833661105214	-12.5394530487573	2.12700972412542	0.431927423312721	-0.145122059615004	-0.521513174053148
PZ_4_1-5	PZ	92566	34798	41755.0223125893	14456	atac	DC/Macro	0.999999999999999	19.0553843217763	3.98776582008122	-0.735830823736969	1.90154332184443	-0.145122059615004	-0.521513174053148
PZ_4_1-6	PZ	55257	23739	28054.1844193971	13064	atac	B-CD83	0.211672442539974	3.86532530125934	-0.361647233230624	-0.735830823736969	-0.98895944987802	-0.145122059615004	1.811972853944
PZ_4_2-1	PZ	146995	50587	61036.173129868	16984	atac	DC/Macro	0.990512180905977	17.7403100369432	3.23305948501315	2.24739054034885	0.817144254038741	-0.145122059615004	-0.521513174053148
PZ_4_2-2	PZ	89722	36032	43030.7990194808	15164	atac	DC/Macro	0.996693878007255	19.5471929095206	3.57600556640623	-0.735830823736969	-0.133602760429892	-0.145122059615004	-0.521513174053148
PZ_4_2-3	PZ	157909	46383	54561.6709225235	16163	atac	NKT	0.989750347393829	-7.0217726371754	-12.9427562327408	0.103161620134375	2.82035764901637	-0.145122059615004	0.76656523380439
PZ_4_2-4	PZ	81170	32861	39693.2170244863	14643	atac	B-CD83	0.532522120616681	4.58982772694335	7.69748223956291	0.38433355305807	0.0477637553194439	-0.145122059615004	-0.521513174053148
PZ_4_2-5	PZ	36079	15942	18768.9118407443	10594	atac	DC/Macro	0.415329893260425	-2.17739448734477	13.9038947382307	-0.735830823736969	2.22737766460956	-0.145122059615004	-0.521513174053148
PZ_4_2-6	PZ	136864	47672	56249.9932961791	16661	atac	DC/Macro	0.990201330453929	17.180393679795	3.69113918426425	2.88326933388404	3.05452016389774	-0.145122059615004	-0.521513174053148
PZ_4_2-7	PZ	66899	26415	31681.9918282351	13637	atac	NKT	0.895293694277314	-7.92518259959175	-14.4923988731326	0.631772932976978	0.273036701000329	-0.145122059615004	-0.521513174053148
PZ_4_3-1	PZ	91266	35197	42780.2608272877	15102	atac	B-CD83	0.899695708528722	6.74908643769776	6.64070638036205	-0.735830823736969	-0.0188642034419447	-0.145122059615004	-0.521513174053148
PZ_4_3-2	PZ	229310	68495	81711.2422344837	18123	atac	DC/Macro	0.758349500089209	-6.28076773190305	4.48124987955758	-0.735830823736969	1.37340064298362	-0.145122059615004	-0.521513174053148
PZ_4_3-3	PZ	92099	35204	43023.5718302834	14814	atac	B-CD83	0.592835108090506	6.59699407177657	7.79387775827267	-0.735830823736969	0.666270644625657	-0.145122059615004	-0.521513174053148
PZ_4_3-4	PZ	78479	30358	37590.5465950731	14209	atac	B-Prol	0.345117049067419	5.11050258599887	10.3701099144688	0.440137407645638	0.09867533218094	-0.145122059615004	-0.521513174053148
PZ_4_3-5	PZ	51131	20328	23959.4260968155	11891	atac	T-GIMAP7	0.536947356223493	-1.45289764956145	-10.2697386878268	-0.735830823736969	-0.98895944987802	-0.145122059615004	-0.521513174053148
PZ_4_3-6	PZ	46155	19409	23042.808787945	11508	atac	T-GIMAP7	0.496011413418099	8.50707624591072	-2.70194683111102	-0.735830823736969	1.79181847600629	-0.145122059615004	-0.521513174053148
PZ_4_3-7	PZ	92061	34908	41098.5036077825	14839	atac	NKT	0.989171546273553	-6.67428672766587	-13.5521061689613	-0.735830823736969	0.729550654313036	-0.145122059615004	2.51339970611582
PZ_4_3-8	PZ	96788	34919	41545.3786978725	14654	atac	T-TNFAIP3	0.550751592341649	-5.27077313816641	-9.65109391422205	-0.735830823736969	0.0067283549956852	-0.145122059615004	-0.521513174053148
PZ_4_4-1	PZ	42499	18982	22682.0019409407	11604	atac	Erythrocyte-Prol	0.283393912386301	-7.87017411436092	-16.2367935134376	2.41597868005355	-0.98895944987802	-0.145122059615004	2.2741150443991
PZ_4_4-2	PZ	73487	28572	34234.1925079528	13965	atac	NKT	0.670678430654903	-5.33520345952338	-15.2694258667026	0.541798112224074	3.31984582232362	-0.145122059615004	-0.521513174053148
PZ_4_4-3	PZ	40331	17504	20951.7274881022	11065	atac	Erythrocyte	0.516361612223475	8.04047272695244	-5.27579340504765	-0.735830823736969	-0.98895944987802	-0.145122059615004	4.60795973032749
PZ_4_4-4	PZ	71905	28735	34549.2721506483	14003	atac	T-TNFAIP3	0.90078777553293	-5.90025897081351	-7.26114558573715	-0.735830823736969	3.39540397907342	-0.145122059615004	-0.521513174053148
PZ_4_4-5	PZ	60294	24652	28518.7760310874	12812	atac	DC/Macro	0.847947926784897	-7.0326641218736	3.28270622885017	-0.735830823736969	0.391754579104364	-0.145122059615004	-0.521513174053148
PZ_4_4-6	PZ	54969	23731	28166.4257009138	12915	atac	Erythrocyte-Prol	0.50512435080852	4.43832423642227	-3.41801895087886	-0.735830823736969	0.406389275547293	-0.145122059615004	-0.521513174053148
PZ_4_4-7	PZ	105805	37230	44417.482763221	15032	atac	NKT	0.991207900897758	-6.34306545221608	-13.3867869714862	1.11750811830541	1.17838891814876	-0.145122059615004	-0.521513174053148
PZ_4_4-8	PZ	48346	21049	24668.2396167842	12099	atac	Erythrocyte	0.311735642833033	-3.94515037110133	-8.53163808137802	0.96074408459455	-0.542007210593972	-0.145122059615004	2.08318430885985
PZ_4_5-1	PZ	84938	31784	39055.5021336449	14498	atac	B-Prol	0.75066936989206	2.86797442689795	1.37904298836033	-0.735830823736969	0.0626910032073408	-0.145122059615004	-0.521513174053148
PZ_4_5-2	PZ	98711	38033	46234.341237884	15242	atac	B-CD83	0.706199536575099	5.36824374180095	10.3640199540789	-0.735830823736969	0.113263835620676	-0.145122059615004	-0.521513174053148
PZ_4_5-3	PZ	69295	27281	32602.3937643676	13581	atac	B-CD83	0.816681966248167	3.03919108364535	0.0914942063829334	-0.735830823736969	0.242262230560959	-0.145122059615004	-0.521513174053148
PZ_4_5-4	PZ	99446	36076	44792.3729122595	15038	atac	B-CD83	0.513679416923612	5.65233004016669	9.31288941728174	-0.735830823736969	0.784371514876754	-0.145122059615004	-0.521513174053148
PZ_4_5-5	PZ	77409	32921	35534.2182528441	13975	atac	MPP	0.445308716955178	-14.1069825600131	0.150146391768073	-0.735830823736969	1.77590488753683	-0.145122059615004	2.89600242326077
PZ_4_5-7	PZ	60368	23626	27410.0448319632	12885	atac	T-GIMAP7	0.397178267000274	-3.55754236081646	-6.7480378611542	-0.735830823736969	-0.98895944987802	-0.145122059615004	-0.521513174053148
PZ_4_5-8	PZ	89321	32953	40292.9530949145	14556	atac	B-CD83	0.647213022037641	3.51821322486886	4.13105027107493	0.369378539383303	0.111804195550785	-0.145122059615004	-0.521513174053148
PZ_4_6-1	PZ	112960	40850	48617.5175682796	15756	atac	B-CD83	0.928570501389995	6.35479466795658	2.95935057054269	-0.735830823736969	2.00503767031382	-0.145122059615004	-0.521513174053148
PZ_4_6-2	PZ	56634	23971	27997.5033411391	12792	atac	T-TNFAIP3	0.42671952875067	-1.62806666235025	-8.09538853716123	0.786741528129544	1.21755486207753	-0.145122059615004	-0.521513174053148
PZ_4_6-3	PZ	48427	20503	23629.6755389031	12028	atac	B-Prol	0.19508955705322	9.17584106779166	7.60857588846482	-0.735830823736969	-0.98895944987802	-0.145122059615004	-0.521513174053148
PZ_4_6-4	PZ	108418	39709	48236.7825779076	15525	atac	B-CD83	0.683303266712182	1.74732905703806	6.85371198182646	0.993420946830536	-0.117751832807973	-0.145122059615004	-0.521513174053148
PZ_4_6-5	PZ	74100	29423	36639.2747435336	13911	atac	B-CD83	0.662026876712953	1.12494823136268	3.25508739737206	4.09934962984187	0.12339879622734	-0.145122059615004	-0.521513174053148
PZ_4_6-6	PZ	121651	48522	57443.9873603157	17007	atac	MPP	0.879846921616992	-10.1567140672867	-0.604671679262671	0.0642645340505964	-0.791017686482499	-0.145122059615004	0.706847774989261
PZ_4_6-7	PZ	46706	20087	23693.5734709967	11921	atac	Erythrocyte	0.580078037667523	-0.302284621683184	11.6951920408146	-0.735830823736969	-0.98895944987802	-0.145122059615004	2.17346927748522
PZ_4_6-8	PZ	50060	21399	25105.3656547806	12236	atac	T-TNFAIP3	0.614550224253929	8.6268788299526	-0.500964692142114	0.935642401123553	0.548076697527652	-0.145122059615004	-0.521513174053148
PZ_4_7-1	PZ	45935	20007	23429.6113352476	11970	atac	B-HLA-DRB5	0.447201404079529	-1.20291228394603	-5.74523956945118	-0.735830823736969	-0.519683911024869	-0.145122059615004	2.19901924121629
PZ_4_7-2	PZ	43323	18763	22210.1694761031	11607	atac	B-CD83	0.410674032394669	6.95428352008378	-3.80846374262034	-0.735830823736969	-0.98895944987802	-0.145122059615004	2.32370634325655
PZ_4_7-3	PZ	86618	33486	40789.2161249605	14812	atac	B-CD83	0.859874880658298	7.57917672710804	4.95063966896828	-0.735830823736969	0.890100629680797	-0.145122059615004	1.1567412477184
PZ_4_7-4	PZ	101566	37500	46239.5403828719	15461	atac	B-CD83	0.79161466662826	2.17885203292416	3.17224506898903	-0.735830823736969	-0.98895944987802	-0.145122059615004	2.22964177057555
PZ_4_7-5	PZ	53727	21459	25243.9079085741	12335	atac	NKT	0.441945107613386	-1.6059186167824	-8.12743148102725	-0.735830823736969	-0.98895944987802	-0.145122059615004	-0.521513174053148
PZ_4_7-6	PZ	41522	18244	21674.9059434498	11635	atac	B-CD83	0.246987484852004	-6.33848028542241	11.6181078327141	-0.735830823736969	1.91724797077367	-0.145122059615004	-0.521513174053148
PZ_4_7-7	PZ	71589	27962	34663.0249315357	13815	atac	B-CD83	0.652699528498077	7.87859611816956	6.51071090322599	-0.735830823736969	-0.98895944987802	-0.145122059615004	-0.521513174053148
PZ_4_7-8	PZ	82217	31770	38951.6994167325	14221	atac	B-CD83	0.573209279991605	4.71964820489432	6.48925495995054	-0.735830823736969	-0.98895944987802	-0.145122059615004	-0.521513174053148
PZ_4_8-1	PZ	53028	21433	25542.8089183869	12348	atac	T-TNFAIP3	0.711601382007287	-3.24348524388081	-9.82314382338413	-0.735830823736969	0.526071940436867	-0.145122059615004	-0.521513174053148
PZ_4_8-2	PZ	59455	22729	26666.1530569565	12669	atac	Erythrocyte-Prol	0.484835243709518	3.7898083349962	-7.010091220078	-0.735830823736969	-0.98895944987802	-0.145122059615004	-0.521513174053148
PZ_4_8-3	PZ	87359	32896	40744.2451334551	14426	atac	B-CD83	0.843805873473733	5.86652752054749	6.23878527350036	0.358386847112364	0.0240701125145213	-0.145122059615004	-0.521513174053148
PZ_4_8-4	PZ	48111	19999	23272.1468468948	11619	atac	T-TNFAIP3	0.415865366570781	-2.28836039188102	-12.2000239518477	1.04627378931184	-0.98895944987802	-0.145122059615004	-0.521513174053148
PZ_4_8-5	PZ	64440	26778	33071.7333721752	13565	atac	B-CD83	0.571874033439307	-4.37764567507051	1.1055401361379	0.581256963913238	-0.98895944987802	-0.145122059615004	-0.521513174053148
PZ_4_8-7	PZ	95554	35585	43406.9140176677	14907	atac	B-CD83	0.858002512112513	2.73321664715724	4.28892907068283	0.297753522233183	-0.140296664462241	-0.145122059615004	-0.521513174053148
PZ_4_8-8	PZ	78408	30763	36631.1714906322	14274	atac	T-TNFAIP3	0.929131885425922	-5.57951798531975	-6.49217965139328	-0.735830823736969	2.62572645516918	-0.145122059615004	-0.521513174053148
PZ_4_9-1	PZ	48184	21187	24949.6079745786	12175	atac	Erythrocyte	0.319959861944195	-7.8799385826631	-7.74814507065512	2.19900499943406	-0.98895944987802	-0.145122059615004	-0.521513174053148
PZ_4_9-3	PZ	52232	20246	23626.1665239244	11741	atac	Erythrocyte-Prol	0.646269185988575	1.00507059439597	-7.08956952587443	-0.735830823736969	0.455826999082348	-0.145122059615004	2.17994765715885
PZ_4_9-4	PZ	71336	29205	34528.0082849439	13905	atac	T-TNFAIP3	0.947932075499544	-5.71290611160848	-7.17514567855342	-0.735830823736969	3.67770933610074	-0.145122059615004	1.4252515163524
PZ_4_9-5	PZ	74119	28710	35463.1982690411	13784	atac	B-CD83	0.742136740339656	6.1748076130128	5.65697696160904	-0.735830823736969	-0.98895944987802	-0.145122059615004	-0.521513174053148
PZ_4_9-6	PZ	103738	38171	46591.9750007849	15522	atac	B-CD83	0.661329691461666	5.87417737834723	8.30868297908931	-0.735830823736969	-0.98895944987802	-0.145122059615004	-0.521513174053148
PZ_4_9-7	PZ	46270	20010	23875.7750408197	11978	atac	T-GIMAP7	0.472836114183533	-5.99396344200257	9.56031788710181	-0.735830823736969	0.613543678604866	-0.145122059615004	-0.521513174053148
PZ_4_10-1	PZ	81366	31499	38701.059213537	14478	atac	B-CD83	0.59992013124616	0.977746456495719	9.65389339390982	0.409986931784235	-0.98895944987802	-0.145122059615004	1.23762437361823
PZ_4_10-2	PZ	66599	26358	32039.7003283473	13670	atac	T-TNFAIP3	0.571400563802028	-7.67421567353945	-9.31513235089761	-0.735830823736969	3.3326060133602	-0.145122059615004	-0.521513174053148
PZ_4_10-3	PZ	115106	39069	46797.5000189927	15212	atac	Erythrocyte-Prol	0.776478211929701	-11.4105843943705	-3.05550879355331	-0.735830823736969	-0.196209062678698	-0.145122059615004	2.20203843380342
PZ_4_10-4	PZ	77671	29926	36372.1006888779	14109	atac	B-HLA-DRB5	0.480212722456793	5.18839497807595	2.44700511496079	-0.735830823736969	0.772902650813917	-0.145122059615004	-0.521513174053148
PZ_4_10-6	PZ	40612	18665	22383.1430770354	11524	atac	B-CD83	0.374494750631058	5.39491822571819	13.6706108280715	-0.735830823736969	-0.98895944987802	-0.145122059615004	-0.521513174053148
PZ_4_10-8	PZ	41702	18422	21853.9918366666	11229	atac	Erythrocyte	0.644110984740121	2.23404927131338	-3.38566031184752	-0.735830823736969	-0.98895944987802	-0.145122059615004	4.45205391880586
PZ_4_11-1	PZ	163504	51905	61442.4531290066	16576	atac	NKT	0.617016261582522	-7.26587384563296	-11.2888200228168	0.669038500618677	-0.374230364830493	-0.145122059615004	-0.521513174053148
PZ_4_11-2	PZ	62921	26903	30678.3564705227	13338	atac	MPP	0.805600461208034	4.32326017760742	-9.59920201964292	-0.735830823736969	-0.98895944987802	-0.145122059615004	3.32032443399195
PZ_4_11-3	PZ	54163	23429	27195.8454861393	12899	atac	Erythrocyte-Prol	0.30857422859306	-4.71691592453133	-2.62305658824138	-0.735830823736969	-0.98895944987802	-0.145122059615004	1.87519146155226
PZ_4_11-4	PZ	36005	15637	18648.2188658669	10564	atac	B-CD83	0.512691843281246	-7.87053471964022	8.4356206427463	-0.735830823736969	0.768530538654281	-0.145122059615004	2.76464054692315
PZ_4_11-5	PZ	65546	23665	28113.6287966018	12841	atac	NKT	0.834891721111496	-2.20280426439982	-10.8081729974827	0.781319106879331	0.642066392086278	-0.145122059615004	-0.521513174053148
PZ_4_11-6	PZ	109492	39028	48154.8210307145	15383	atac	B-CD83	0.719783243889321	2.58784834436011	5.91400218384381	-0.735830823736969	-0.116416389923861	-0.145122059615004	-0.521513174053148
PZ_4_11-7	PZ	86197	31239	37134.225574485	14360	atac	Erythrocyte	0.381624594059685	1.64153634568546	-7.71971793042567	-0.735830823736969	0.110395610978782	-0.145122059615004	1.30365135146558
PZ_4_11-8	PZ	133805	42827	52053.7829976332	16009	atac	T-TNFAIP3	0.813849058535105	6.81245783461975	2.19629833422863	3.08649705210347	-0.175703542569989	-0.145122059615004	-0.521513174053148
PZ_4_12-1	PZ	116244	41164	50065.784968051	15860	atac	B-CD83	0.620028405280927	1.72920441883414	4.35050322270901	2.71652161102252	-0.98895944987802	-0.145122059615004	2.05095606029516
PZ_4_12-2	PZ	78279	28732	34549.2184425225	13989	atac	NKT	0.968333921251773	-6.11491223682838	-14.1690817130497	-0.735830823736969	-0.98895944987802	-0.145122059615004	-0.521513174053148
PZ_4_12-3	PZ	59290	24207	28751.1483047478	12932	atac	Erythrocyte	0.44620255807842	3.55866798644256	-5.38491392262222	-0.735830823736969	0.662329591750182	-0.145122059615004	-0.521513174053148
PZ_4_12-4	PZ	104118	37340	44766.5818327192	15598	atac	MPP	0.930313581583336	-12.3998620958847	2.91544690854407	3.00300837075615	2.63768658908937	-0.145122059615004	1.02166389186194
PZ_4_12-5	PZ	90767	34722	41134.8630029229	14920	atac	NKT	0.88460846555644	-7.1655706290475	-13.4854145301536	-0.735830823736969	2.84475074177247	-0.145122059615004	-0.521513174053148
PZ_4_12-6	PZ	137354	43971	53961.1246479584	16041	atac	B-CD83	0.633802144949352	3.70148048744776	5.93983936143143	-0.735830823736969	1.17695414677307	-0.145122059615004	-0.521513174053148
PZ_4_12-7	PZ	80817	31177	38654.3823271633	14565	atac	B-CD83	0.86682378684023	-3.02077218112028	-0.9653519331959	0.41122291487243	-0.98895944987802	-0.145122059615004	-0.521513174053148
PZ_5_1-1	PZ	111129	39116	47675.9570055835	15784	atac	B-CD83	0.962426826228183	5.18153691161833	5.01287274757619	0.213458549651473	-0.10853111036471	-0.145122059615004	-0.521513174053148
PZ_5_1-2	PZ	86847	33866	40115.049914369	15136	atac	DC/Macro	0.639883295285201	19.658019756386	1.98712723509286	-0.735830823736969	1.29677251362499	-0.145122059615004	1.18202587052862
PZ_5_1-3	PZ	145695	47879	57703.5708288976	16746	atac	B-CD83	0.878420281222943	3.47290972901464	5.5957005382429	0.060938109984135	2.0593483277463	-0.145122059615004	-0.521513174053148
PZ_5_1-4	PZ	146013	47368	57487.3819800485	16628	atac	Erythrocyte-Prol	0.815705814771309	-11.3612704039743	-2.86681161642309	0.752564059799277	-0.98895944987802	-0.145122059615004	1.76357213971002
PZ_5_1-5	PZ	113731	37904	45149.3348630144	15151	atac	NKT	0.999689958489815	-6.47860229764867	-12.9469654213263	-0.735830823736969	-0.98895944987802	-0.145122059615004	-0.521513174053148
PZ_5_1-6	PZ	108957	38287	45487.5233817341	15567	atac	NKT	0.646986067833105	-5.29089856693365	-11.8029299646398	-0.735830823736969	-0.175506018894484	-0.145122059615004	-0.521513174053148
PZ_5_1-8	PZ	153421	46885	55693.4680804313	16469	atac	NKT	0.850302358629984	-6.20149546108381	-12.0752557974383	-0.735830823736969	1.386449025034	-0.145122059615004	0.742435092622537
PZ_5_2-1	PZ	125750	43079	51910.9622828281	16332	atac	B-HLA-DRB5	0.676194041688841	5.71087280719506	7.3626868448302	-0.735830823736969	0.345094940786291	-0.145122059615004	-0.521513174053148
PZ_5_2-2	PZ	193870	60121	71479.9894971879	17819	atac	Erythrocyte-Prol	0.787468607812523	-10.9738684412397	-2.31116208099056	-0.0830405134307814	0.0013544586107147	-0.145122059615004	2.88011523109609
PZ_5_2-3	PZ	115934	39162	46094.8627910641	15689	atac	NKT	0.938070764869286	-6.97642542828787	-13.106190746655	-0.735830823736969	2.60452790118329	-0.145122059615004	-0.521513174053148
PZ_5_2-4	PZ	144809	51582	61456.7520018684	17327	atac	DC/Macro	0.709771083071033	-6.76718035253752	4.19238471507632	0.0157643640983473	0.926650125745155	-0.145122059615004	-0.521513174053148
PZ_5_2-5	PZ	156134	46332	55505.2086495723	16350	atac	T-TNFAIP3	0.443394048336336	-5.87088011957515	-9.62135765364112	0.798306006837477	-0.221825669747577	-0.145122059615004	1.83379829579004
PZ_5_2-6	PZ	158876	52056	63170.3517499333	17078	atac	B-CD83	0.904358661240345	2.91813848787129	5.98429186150717	-0.735830823736969	2.80009271585086	-0.145122059615004	-0.521513174053148
PZ_5_2-7	PZ	120276	40925	50328.5355201929	15786	atac	B-CD83	0.593909169758143	3.65448043754952	8.77166253938863	3.17717627972888	1.59501341889717	-0.145122059615004	-0.521513174053148
PZ_5_2-8	PZ	147323	46681	56373.4613974938	16579	atac	B-CD83	0.68924754685873	3.3332897888809	2.83545344721863	-0.735830823736969	-0.00729961319189388	-0.145122059615004	-0.521513174053148
PZ_5_3-1	PZ	99567	36207	43195.8992449846	15505	atac	T-TNFAIP3	0.6349857935864	-6.1727249335996	-6.57808523446943	3.09774747911744	-0.98895944987802	-0.145122059615004	-0.521513174053148
PZ_5_3-2	PZ	87934	32860	39285.2942995583	14830	atac	NKT	0.867241476526175	-8.56010112236992	-13.0552174939787	-0.735830823736969	0.793816276116775	-0.145122059615004	1.21421611884842
PZ_5_3-3	PZ	55607	23575	27861.6760672232	12990	atac	T-GIMAP7	0.771843050823986	6.04807928356948	-0.466467022492873	-0.735830823736969	-0.98895944987802	-0.145122059615004	-0.521513174053148
PZ_5_3-4	PZ	53747	22128	25755.0302444322	12577	atac	Erythrocyte	0.358026112695592	1.01099840693405	-4.27904951713699	-0.735830823736969	1.36343819911137	-0.145122059615004	-0.521513174053148
PZ_5_3-5	PZ	103605	37447	46446.4027188141	15364	atac	B-CD83	0.766928304867705	0.981888923740743	4.6230048007962	-0.735830823736969	-0.670157214886515	-0.145122059615004	2.21934217715878
PZ_5_3-6	PZ	84109	31777	38665.4280068108	14733	atac	B-CD83	0.848839798503835	0.655737240631228	-1.7096917880938	-0.735830823736969	-0.98895944987802	-0.145122059615004	-0.521513174053148
PZ_5_3-7	PZ	113623	41174	49947.445742119	15794	atac	B-CD83	0.555067005999176	1.74461608521646	8.89440258846421	-0.735830823736969	0.473050254669499	-0.145122059615004	-0.521513174053148
PZ_5_3-8	PZ	130008	44496	52689.3118144329	16291	atac	NKT	0.451518779893247	-5.46380849016901	-11.4827469398267	-0.735830823736969	-0.98895944987802	-0.145122059615004	0.808578385103516
PZ_5_4-1	PZ	108992	37723	44590.8677641603	15471	atac	NKT	0.968486442724947	-7.24758677353782	-14.0503552352365	-0.735830823736969	1.2472504654789	-0.145122059615004	-0.521513174053148
PZ_5_4-2	PZ	264936	67899	82327.4438715164	18132	atac	B-CD83	0.788229310470559	2.15187568074013	6.33179139162298	-0.16431780249083	-0.333931149137085	-0.145122059615004	-0.521513174053148
PZ_5_4-3	PZ	71104	26325	31556.9886958474	13634	atac	NKT	0.808258496026764	-4.64349131091126	-14.2964404128726	-0.735830823736969	0.277336303553777	-0.145122059615004	-0.521513174053148
PZ_5_4-4	PZ	66267	28059	32892.9962485876	13945	atac	Erythrocyte-Prol	0.480264272691184	-0.369110432137732	-3.9639205534961	-0.735830823736969	0.0976453835437981	-0.145122059615004	-0.521513174053148
PZ_5_4-5	PZ	99089	36563	45179.9181820151	15373	atac	B-HLA-DRB5	0.510172242581279	-1.94047425078576	10.4401235053593	0.26098561098145	0.659914592740586	-0.145122059615004	1.00886738603116
PZ_5_4-6	PZ	153090	50431	60692.4917021129	16796	atac	B-CD83	0.659285536393386	3.25793404812194	2.94447994498425	-0.735830823736969	0.176963335806145	-0.145122059615004	-0.521513174053148
PZ_5_4-7	PZ	46239	20784	24294.4286232157	12160	atac	B-CD83	0.48030504867197	-2.79392973958875	11.4149095224125	-0.735830823736969	-0.98895944987802	-0.145122059615004	-0.521513174053148
PZ_5_4-8	PZ	177612	53166	64090.9452281703	17137	atac	B-CD83	0.521087278186135	6.51227512451711	2.30785722791131	-0.012993810334808	0.122807903411188	-0.145122059615004	-0.521513174053148
PZ_5_5-1	PZ	115700	41785	49974.3001304039	16007	atac	DC/Macro	0.992864455029271	18.9268505962403	3.34218547360345	2.72107977429235	-0.98895944987802	-0.145122059615004	-0.521513174053148
PZ_5_5-2	PZ	93883	34836	42071.5536173379	15382	atac	NKT	0.747039560035318	-9.40147706918524	-11.3907001325238	3.16872014709352	1.29550848573183	-0.145122059615004	-0.521513174053148
PZ_5_5-3	PZ	124813	42463	52467.1772995755	15857	atac	B-CD83	0.566759130399322	3.07388233629904	5.28559151473363	0.133892782206144	-0.705504650320518	-0.145122059615004	-0.521513174053148
PZ_5_5-4	PZ	203165	59338	70252.7297006076	17836	atac	T-TNFAIP3	0.641997042572948	-5.84261949006526	-8.37312531337574	0.513089717320039	1.0119983344019	-0.145122059615004	-0.521513174053148
PZ_5_5-5	PZ	85557	32677	38038.1218822428	14502	atac	Erythrocyte	0.734394246622154	0.329588928474847	-7.00896243848325	-0.735830823736969	-0.333286847950144	9.66372833447743	1.2649660384161
PZ_5_5-6	PZ	89738	33906	39757.3593108796	15090	atac	Erythrocyte	0.476095736457045	3.85556910504911	-7.29177546955684	-0.735830823736969	-0.0705361195709856	-0.145122059615004	-0.521513174053148
PZ_5_5-7	PZ	73890	28755	33935.9721328271	14000	atac	B-CD83	0.70795713658949	-2.99562639507267	-0.921987183605464	-0.735830823736969	0.321269660521448	-0.145122059615004	-0.521513174053148
PZ_5_5-8	PZ	125380	47082	55447.1109027246	16879	atac	DC/Macro	0.841972793163273	-9.30042697461518	5.47811138445448	-0.735830823736969	2.3058915869919	-0.145122059615004	-0.521513174053148
PZ_5_6-1	PZ	110679	38539	45449.2152126093	15437	atac	NKT	0.966976115647237	-4.67468582080351	-12.1847589920076	0.255629383264012	-0.98895944987802	-0.145122059615004	-0.521513174053148
PZ_5_6-2	PZ	152926	52063	62077.5212533505	16977	atac	B-CD83	0.746929061118219	3.03142297058751	4.85232636806441	0.00878271126457907	-0.221457060070523	-0.145122059615004	-0.521513174053148
PZ_5_6-3	PZ	120210	42156	50967.6208470508	15883	atac	B-CD83	0.803184020585815	6.55133946768266	7.89769072988166	-0.735830823736969	-0.160015526752221	-0.145122059615004	-0.521513174053148
PZ_5_6-4	PZ	131241	45668	55283.1708324803	16371	atac	B-CD83	0.898537844857057	0.823014989166769	8.57031174024281	-0.735830823736969	-0.98895944987802	-0.145122059615004	-0.521513174053148
PZ_5_6-5	PZ	90208	31371	37648.0920611884	14303	atac	Erythrocyte-Prol	0.793246429223641	-11.8001417287778	-4.22602244754822	0.43853593755873	-0.599101168348569	-0.145122059615004	1.28145475394233
PZ_5_6-6	PZ	60415	25403	29994.766103903	13636	atac	T-TNFAIP3	0.315447741488877	8.44591110034149	10.7596508434278	0.698602212077144	1.10237202986523	-0.145122059615004	-0.521513174053148
PZ_5_6-7	PZ	88977	33682	40997.1681170809	15016	atac	B-HLA-DRB5	0.620501842166128	-1.21966057216798	10.4320005215369	0.352322090106138	-0.98895944987802	-0.145122059615004	-0.521513174053148
PZ_5_6-8	PZ	70278	29093	33887.4101000898	14058	atac	B-CD83	0.265053279606182	3.08617137035629	-2.39911336342774	-0.735830823736969	0.326743425282552	-0.145122059615004	-0.521513174053148
PZ_5_7-1	PZ	129132	43627	53014.7736618748	16163	atac	B-CD83	0.839522150416385	2.23653732846863	5.0247255631463	-0.735830823736969	-0.98895944987802	-0.145122059615004	-0.521513174053148
PZ_5_7-2	PZ	126742	43417	53016.7926669703	16363	atac	B-CD83	0.625851498290912	2.04536866512528	8.15877475993427	-0.735830823736969	0.401248299628386	-0.145122059615004	-0.521513174053148
PZ_5_7-3	PZ	152027	54712	64307.9535689795	17639	atac	MPP	0.975481268803454	-11.7483394974853	0.568247292513435	1.17299727908732	-0.98895944987802	-0.145122059615004	-0.521513174053148
PZ_5_7-4	PZ	124313	41693	50710.1575938566	16022	atac	B-CD83	0.840931125002686	4.58520626464806	4.48014158360336	-0.735830823736969	1.1042036905988	-0.145122059615004	-0.521513174053148
PZ_5_7-5	PZ	101006	35308	42321.4505612104	15111	atac	NKT	0.795616991768767	-6.55308103137182	-14.5134881551795	-0.735830823736969	-0.00951131862136359	-0.145122059615004	-0.521513174053148
PZ_5_7-6	PZ	52801	21453	25396.2605114338	12355	atac	Erythrocyte	0.35303544005624	-2.45610913958198	-1.73475504251039	-0.735830823736969	-0.98895944987802	-0.145122059615004	-0.521513174053148
PZ_5_7-7	PZ	109120	38218	47387.2933448699	15327	atac	B-CD83	0.603493603090226	4.56820278489259	6.78873238879227	-0.735830823736969	0.596199692078605	-0.145122059615004	-0.521513174053148
PZ_5_7-8	PZ	65801	26763	31307.1191296023	13661	atac	B-Prol	0.277161108722129	0.992265441353635	-4.294701698047	-0.735830823736969	-0.98895944987802	-0.145122059615004	-0.521513174053148
PZ_5_8-1	PZ	74889	28101	33931.4772138306	14063	atac	NKT	0.481245573622289	-3.61633921913114	-10.5792703887958	-0.735830823736969	0.068332787569265	-0.145122059615004	-0.521513174053148
PZ_5_8-2	PZ	222132	64988	79230.3948970568	17798	atac	B-CD83	0.628163358282561	1.1218229091644	7.26358779561614	-0.143255330457627	-0.436849388714233	-0.145122059615004	-0.521513174053148
PZ_5_8-3	PZ	80284	28933	34371.4279482762	14044	atac	NKT	0.945756097037718	-4.3337571506423	-13.7651976840521	0.537296082996567	0.187166605371921	-0.145122059615004	-0.521513174053148
PZ_5_8-4	PZ	65992	26354	31280.5181436269	13660	atac	Erythrocyte-Prol	0.750353806792429	2.25228137671927	-9.54089926236004	-0.735830823736969	0.286951465750614	-0.145122059615004	-0.521513174053148
PZ_5_8-5	PZ	108286	39362	48779.4214724032	15847	atac	B-CD83	0.673942235225339	4.12457868005961	9.1041701156506	-0.735830823736969	-0.126490869464964	-0.145122059615004	-0.521513174053148
PZ_5_8-6	PZ	119258	42474	51843.6997536107	16071	atac	B-CD83	0.590198925373375	1.47875135502741	5.68013589218629	0.890709383146792	-0.770197295706713	-0.145122059615004	-0.521513174053148
PZ_5_8-7	PZ	62148	24816	30306.7091447883	13386	atac	B-CD83	0.731284303948337	-4.38040677864219	-0.305241061122903	1.79062647253881	-0.98895944987802	-0.145122059615004	-0.521513174053148
PZ_5_8-8	PZ	96148	35969	43106.2682841556	15363	atac	B-CD83	0.469163140305041	-1.83074456471586	1.07769945648757	-0.735830823736969	-0.727245432586435	-0.145122059615004	-0.521513174053148
PZ_5_9-1	PZ	102638	37557	45627.5374866	15543	atac	B-CD83	0.660836764828366	1.68816596299398	0.580889715285722	-0.735830823736969	1.30517920984976	-0.145122059615004	-0.521513174053148
PZ_5_9-2	PZ	114517	42374	51856.9630694761	16241	atac	B-CD83	0.833534833729565	2.68357125463828	11.2041917138438	3.52350496828186	-0.172905117259422	-0.145122059615004	-0.521513174053148
PZ_5_9-3	PZ	73261	26579	30962.97450605	13213	atac	Erythrocyte	0.504991211085239	0.805821555033722	-7.07683640218829	0.65947057990063	0.156704549700227	-0.145122059615004	-0.521513174053148
PZ_5_9-4	PZ	73162	29608	34994.4728492854	14311	atac	Erythrocyte	0.60877158934411	0.750829140658655	-10.2725290571844	-0.735830823736969	0.0399305289472213	-0.145122059615004	-0.521513174053148
PZ_5_9-5	PZ	108389	39150	47488.9659142851	15537	atac	B-Prol	0.485903777996629	1.01263565198508	3.82761361054824	-0.735830823736969	-0.105413016267531	-0.145122059615004	-0.521513174053148
PZ_5_9-6	PZ	73741	30060	34883.576414798	14199	atac	Erythrocyte	0.702732871839396	2.32618044147476	-9.5055672306703	-0.735830823736969	-0.569736213620896	-0.145122059615004	-0.521513174053148
PZ_5_9-7	PZ	88099	32000	37808.8333645979	14237	atac	Erythrocyte-Prol	0.582171474411996	-12.7164072784289	-3.55300136353051	-0.735830823736969	1.04191971569993	-0.145122059615004	1.27462243081098
PZ_5_9-8	PZ	80629	32138	38153.9908080677	14716	atac	T-TNFAIP3	0.680563100826863	-6.99900749061852	-7.54139838561392	0.424643299458844	1.32503779059543	-0.145122059615004	-0.521513174053148
PZ_5_10-1	PZ	98444	35028	43309.8421006382	15024	atac	B-CD83	0.667078579362192	4.42785679070445	3.39642066431628	-0.735830823736969	-0.0294390996163885	-0.145122059615004	-0.521513174053148
PZ_5_10-2	PZ	108392	38916	47506.7169519399	15694	atac	B-CD83	0.786699932545883	2.18398488776435	9.61065996688851	0.216536920002212	0.449303296765029	-0.145122059615004	-0.521513174053148
PZ_5_10-3	PZ	93025	34127	42122.0055128727	14934	atac	B-CD83	0.645152133813645	0.477358164278725	2.72708190462721	-0.735830823736969	0.206531970375112	-0.145122059615004	-0.521513174053148
PZ_5_10-4	PZ	136937	46842	55750.2685141739	16422	atac	DC/Macro	1	18.0050014110096	2.99044900132678	2.45582485339906	2.46418965951851	-0.145122059615004	-0.521513174053148
PZ_5_10-5	PZ	54153	20946	24724.7643874177	12116	atac	Erythrocyte	0.40418109484504	2.839690062164	-9.09616946080032	-0.735830823736969	-0.98895944987802	-0.145122059615004	-0.521513174053148
PZ_5_10-6	PZ	92683	34333	41674.2361399577	14984	atac	B-CD83	0.874653158818575	4.95589098292808	12.3020994733941	0.336414187132394	0.0039945874377163	-0.145122059615004	-0.521513174053148
PZ_5_10-7	PZ	43488	18377	21905.3146138368	11403	atac	Erythrocyte-Prol	0.660372200899505	0.89341178390926	12.8896614354842	-0.735830823736969	-0.98895944987802	-0.145122059615004	-0.521513174053148
PZ_5_10-8	PZ	90824	34058	40948.8977544523	15026	atac	B-CD83	0.760796782724143	2.85830529167139	-1.70329938579172	0.353474332175259	-0.98895944987802	-0.145122059615004	-0.521513174053148
PZ_5_11-2	PZ	75692	29934	35197.9346353807	14308	atac	Erythrocyte-Prol	0.452360710631451	3.9362674007983	-9.32492807936561	-0.735830823736969	0.852845628590776	-0.145122059615004	-0.521513174053148
PZ_5_11-3	PZ	102116	38627	45343.4174079686	15725	atac	T-TNFAIP3	0.675470359734617	-5.923614353012	-6.28143602379421	-0.735830823736969	1.66833624503279	-0.145122059615004	2.27517824394888
PZ_5_11-4	PZ	74713	26871	32047.8783614912	13717	atac	Erythrocyte-Prol	0.563008750122892	2.31453949675908	-8.20019520281769	1.6817634278112	-0.98895944987802	-0.145122059615004	1.55713209918999
PZ_5_11-5	PZ	114340	39411	48424.9191660306	15465	atac	B-CD83	0.935767369227793	4.03489467544598	5.04871905998554	0.200071627113436	-0.120801777245847	7.74411450337038	-0.521513174053148
PZ_5_11-6	PZ	119011	40038	47992.9003339114	16086	atac	MPP	0.982338849346578	-12.2149904428774	2.37858950581881	-0.735830823736969	-0.98895944987802	-0.145122059615004	2.14474346111304
PZ_5_11-7	PZ	60162	27542	31429.8359401617	13483	atac	MPP	0.548800536961631	2.49335109261078	13.9300420239403	-0.735830823736969	-0.98895944987802	-0.145122059615004	-0.521513174053148
PZ_5_11-8	PZ	141381	47867	57388.062167503	16694	atac	DC/Macro	0.998800035434335	18.2023176400646	3.47334910500631	0.0649848332775293	1.72026134574151	-0.145122059615004	-0.521513174053148
PZ_5_12-1	PZ	160690	50274	61113.5954962012	16828	atac	B-CD83	0.674476777244644	2.85315624544829	5.7048805769578	-0.735830823736969	-0.98895944987802	-0.145122059615004	-0.521513174053148
PZ_5_12-2	PZ	152197	51217	61091.0803102582	17104	atac	DC/Macro	0.932617885199725	16.2896268429954	3.40732058317853	2.24537242313728	-0.28629312715425	-0.145122059615004	-0.521513174053148
PZ_5_12-3	PZ	82450	32658	38922.2867346598	15055	atac	DC/Macro	0.56790523636956	17.7004188638259	0.516410305002306	-0.735830823736969	0.290885300521649	-0.145122059615004	-0.521513174053148
PZ_5_12-4	PZ	152146	50399	60025.0992221002	16723	atac	DC/Macro	1	17.6260269536787	3.07603080887527	0.0323770319998333	-0.98895944987802	-0.145122059615004	-0.521513174053148
PZ_5_12-5	PZ	202305	63814	75684.8674223492	18154	atac	B-CD83	0.521905744630254	1.75787035177184	6.26572083254585	0.433159716832128	-0.281147394037003	-0.145122059615004	-0.521513174053148
PZ_5_12-6	PZ	119591	42497	51728.0998439431	16203	atac	B-CD83	0.777788621221104	7.40800721967787	4.9699437411852	0.145282605430577	-0.171062423238731	-0.145122059615004	-0.521513174053148
PZ_5_12-7	PZ	184955	52838	64519.848757498	17114	atac	NKT	0.73172424345751	6.25731918580519	4.09261557212768	0.610299476820215	0.617349578118876	-0.145122059615004	-0.521513174053148
PZ_5_12-8	PZ	139858	45481	55334.5787128217	16357	atac	B-HLA-DRB5	0.573088142707191	4.7543985234233	5.31622621380705	0.802376396932458	0.250285142751058	-0.145122059615004	-0.521513174053148
