cluster	gene	size	boundary	avgExpr	cvExpr	avgCor	cvCor	protein_coding	lncRNA	sncRNA	pseudogene	Ig/TcR	tf
M4	SLFN5	19	1:19	344.757599838152	1.47206450340939	0.135736481497961	0.50496151895496	0.947368421052632	0.0526315789473684	0	0	0	0.0526315789473684
M4	F2R	19	1:19	344.757599838152	1.47206450340939	0.135736481497961	0.50496151895496	0.947368421052632	0.0526315789473684	0	0	0	0.0526315789473684
M4	NELL1	19	1:19	344.757599838152	1.47206450340939	0.135736481497961	0.50496151895496	0.947368421052632	0.0526315789473684	0	0	0	0.0526315789473684
M4	TMEM123	19	1:19	344.757599838152	1.47206450340939	0.135736481497961	0.50496151895496	0.947368421052632	0.0526315789473684	0	0	0	0.0526315789473684
M4	MMP1	19	1:19	344.757599838152	1.47206450340939	0.135736481497961	0.50496151895496	0.947368421052632	0.0526315789473684	0	0	0	0.0526315789473684
M4	HIPK2	19	1:19	344.757599838152	1.47206450340939	0.135736481497961	0.50496151895496	0.947368421052632	0.0526315789473684	0	0	0	0.0526315789473684
M4	KREMEN1	19	1:19	344.757599838152	1.47206450340939	0.135736481497961	0.50496151895496	0.947368421052632	0.0526315789473684	0	0	0	0.0526315789473684
M4	ZEB1	19	1:19	344.757599838152	1.47206450340939	0.135736481497961	0.50496151895496	0.947368421052632	0.0526315789473684	0	0	0	0.0526315789473684
M4	ATP2B4	19	1:19	344.757599838152	1.47206450340939	0.135736481497961	0.50496151895496	0.947368421052632	0.0526315789473684	0	0	0	0.0526315789473684
M4	VSTM4	19	1:19	344.757599838152	1.47206450340939	0.135736481497961	0.50496151895496	0.947368421052632	0.0526315789473684	0	0	0	0.0526315789473684
M4	LTBP1	19	1:19	344.757599838152	1.47206450340939	0.135736481497961	0.50496151895496	0.947368421052632	0.0526315789473684	0	0	0	0.0526315789473684
M4	MAMDC2	19	1:19	344.757599838152	1.47206450340939	0.135736481497961	0.50496151895496	0.947368421052632	0.0526315789473684	0	0	0	0.0526315789473684
M4	FENDRR	19	1:19	344.757599838152	1.47206450340939	0.135736481497961	0.50496151895496	0.947368421052632	0.0526315789473684	0	0	0	0.0526315789473684
M4	SLC26A2	19	1:19	344.757599838152	1.47206450340939	0.135736481497961	0.50496151895496	0.947368421052632	0.0526315789473684	0	0	0	0.0526315789473684
M4	PTCH1	19	1:19	344.757599838152	1.47206450340939	0.135736481497961	0.50496151895496	0.947368421052632	0.0526315789473684	0	0	0	0.0526315789473684
M4	VNN2	19	1:19	344.757599838152	1.47206450340939	0.135736481497961	0.50496151895496	0.947368421052632	0.0526315789473684	0	0	0	0.0526315789473684
M4	PROM1	19	1:19	344.757599838152	1.47206450340939	0.135736481497961	0.50496151895496	0.947368421052632	0.0526315789473684	0	0	0	0.0526315789473684
M4	HHIP	19	1:19	344.757599838152	1.47206450340939	0.135736481497961	0.50496151895496	0.947368421052632	0.0526315789473684	0	0	0	0.0526315789473684
M4	GFRA1	19	1:19	344.757599838152	1.47206450340939	0.135736481497961	0.50496151895496	0.947368421052632	0.0526315789473684	0	0	0	0.0526315789473684
M5	TSPAN33	18	8664:8681	348.934756225156	1.75930584105525	0.11419365390138	0.412369876497003	1	0	0	0	0	0
M5	HTRA1	18	8664:8681	348.934756225156	1.75930584105525	0.11419365390138	0.412369876497003	1	0	0	0	0	0
M5	MATN2	18	8664:8681	348.934756225156	1.75930584105525	0.11419365390138	0.412369876497003	1	0	0	0	0	0
M5	PMEPA1	18	8664:8681	348.934756225156	1.75930584105525	0.11419365390138	0.412369876497003	1	0	0	0	0	0
M5	SCN7A	18	8664:8681	348.934756225156	1.75930584105525	0.11419365390138	0.412369876497003	1	0	0	0	0	0
M5	PAG1	18	8664:8681	348.934756225156	1.75930584105525	0.11419365390138	0.412369876497003	1	0	0	0	0	0
M5	OLFML2A	18	8664:8681	348.934756225156	1.75930584105525	0.11419365390138	0.412369876497003	1	0	0	0	0	0
M5	LAMB1	18	8664:8681	348.934756225156	1.75930584105525	0.11419365390138	0.412369876497003	1	0	0	0	0	0
M5	EMP2	18	8664:8681	348.934756225156	1.75930584105525	0.11419365390138	0.412369876497003	1	0	0	0	0	0
M5	NRG1	18	8664:8681	348.934756225156	1.75930584105525	0.11419365390138	0.412369876497003	1	0	0	0	0	0
M5	NDNF	18	8664:8681	348.934756225156	1.75930584105525	0.11419365390138	0.412369876497003	1	0	0	0	0	0
M5	LTBP2	18	8664:8681	348.934756225156	1.75930584105525	0.11419365390138	0.412369876497003	1	0	0	0	0	0
M5	PALD1	18	8664:8681	348.934756225156	1.75930584105525	0.11419365390138	0.412369876497003	1	0	0	0	0	0
M5	SCUBE2	18	8664:8681	348.934756225156	1.75930584105525	0.11419365390138	0.412369876497003	1	0	0	0	0	0
M5	COL27A1	18	8664:8681	348.934756225156	1.75930584105525	0.11419365390138	0.412369876497003	1	0	0	0	0	0
M5	ITGA11	18	8664:8681	348.934756225156	1.75930584105525	0.11419365390138	0.412369876497003	1	0	0	0	0	0
M5	ISLR	18	8664:8681	348.934756225156	1.75930584105525	0.11419365390138	0.412369876497003	1	0	0	0	0	0
M5	AKR1B1	18	8664:8681	348.934756225156	1.75930584105525	0.11419365390138	0.412369876497003	1	0	0	0	0	0
M37	CPED1	10	8682:8691	370.575588607068	1.07670133425952	0.166221362760494	0.302586360271355	1	0	0	0	0	0
M37	COLEC12	10	8682:8691	370.575588607068	1.07670133425952	0.166221362760494	0.302586360271355	1	0	0	0	0	0
M37	VEGFA	10	8682:8691	370.575588607068	1.07670133425952	0.166221362760494	0.302586360271355	1	0	0	0	0	0
M37	ECE1	10	8682:8691	370.575588607068	1.07670133425952	0.166221362760494	0.302586360271355	1	0	0	0	0	0
M37	TMEM100	10	8682:8691	370.575588607068	1.07670133425952	0.166221362760494	0.302586360271355	1	0	0	0	0	0
M37	NID1	10	8682:8691	370.575588607068	1.07670133425952	0.166221362760494	0.302586360271355	1	0	0	0	0	0
M37	WNT4	10	8682:8691	370.575588607068	1.07670133425952	0.166221362760494	0.302586360271355	1	0	0	0	0	0
M37	NCAM1	10	8682:8691	370.575588607068	1.07670133425952	0.166221362760494	0.302586360271355	1	0	0	0	0	0
M37	NTRK3	10	8682:8691	370.575588607068	1.07670133425952	0.166221362760494	0.302586360271355	1	0	0	0	0	0
M37	SGCD	10	8682:8691	370.575588607068	1.07670133425952	0.166221362760494	0.302586360271355	1	0	0	0	0	0
M12	SOX5	14	8692:8705	343.407572406902	1.52386253767839	0.151885875263393	0.408992674669662	1	0	0	0	0	0.142857142857143
M12	AKAP12	14	8692:8705	343.407572406902	1.52386253767839	0.151885875263393	0.408992674669662	1	0	0	0	0	0.142857142857143
M12	CRISPLD2	14	8692:8705	343.407572406902	1.52386253767839	0.151885875263393	0.408992674669662	1	0	0	0	0	0.142857142857143
M12	COL4A6	14	8692:8705	343.407572406902	1.52386253767839	0.151885875263393	0.408992674669662	1	0	0	0	0	0.142857142857143
M12	PCDH17	14	8692:8705	343.407572406902	1.52386253767839	0.151885875263393	0.408992674669662	1	0	0	0	0	0.142857142857143
M12	SEMA3A	14	8692:8705	343.407572406902	1.52386253767839	0.151885875263393	0.408992674669662	1	0	0	0	0	0.142857142857143
M12	PDGFRA	14	8692:8705	343.407572406902	1.52386253767839	0.151885875263393	0.408992674669662	1	0	0	0	0	0.142857142857143
M12	VCAN	14	8692:8705	343.407572406902	1.52386253767839	0.151885875263393	0.408992674669662	1	0	0	0	0	0.142857142857143
M12	A2M	14	8692:8705	343.407572406902	1.52386253767839	0.151885875263393	0.408992674669662	1	0	0	0	0	0.142857142857143
M12	DACH1	14	8692:8705	343.407572406902	1.52386253767839	0.151885875263393	0.408992674669662	1	0	0	0	0	0.142857142857143
M12	BMP5	14	8692:8705	343.407572406902	1.52386253767839	0.151885875263393	0.408992674669662	1	0	0	0	0	0.142857142857143
M12	ENPP2	14	8692:8705	343.407572406902	1.52386253767839	0.151885875263393	0.408992674669662	1	0	0	0	0	0.142857142857143
M12	SYNPO2	14	8692:8705	343.407572406902	1.52386253767839	0.151885875263393	0.408992674669662	1	0	0	0	0	0.142857142857143
M12	COL4A5	14	8692:8705	343.407572406902	1.52386253767839	0.151885875263393	0.408992674669662	1	0	0	0	0	0.142857142857143
M9	MT-CO3	15	8706:8720	2160.64712866492	0.905572013411804	0.26316391308769	0.532886091591239	0.666666666666667	0	0.133333333333333	0.2	0	0
M9	MT-CO2	15	8706:8720	2160.64712866492	0.905572013411804	0.26316391308769	0.532886091591239	0.666666666666667	0	0.133333333333333	0.2	0	0
M9	MTCO1P12	15	8706:8720	2160.64712866492	0.905572013411804	0.26316391308769	0.532886091591239	0.666666666666667	0	0.133333333333333	0.2	0	0
M9	MTRNR2L12	15	8706:8720	2160.64712866492	0.905572013411804	0.26316391308769	0.532886091591239	0.666666666666667	0	0.133333333333333	0.2	0	0
M9	MT-RNR2	15	8706:8720	2160.64712866492	0.905572013411804	0.26316391308769	0.532886091591239	0.666666666666667	0	0.133333333333333	0.2	0	0
M9	MT-ATP8	15	8706:8720	2160.64712866492	0.905572013411804	0.26316391308769	0.532886091591239	0.666666666666667	0	0.133333333333333	0.2	0	0
M9	MT-ND5	15	8706:8720	2160.64712866492	0.905572013411804	0.26316391308769	0.532886091591239	0.666666666666667	0	0.133333333333333	0.2	0	0
M9	MT-ND2	15	8706:8720	2160.64712866492	0.905572013411804	0.26316391308769	0.532886091591239	0.666666666666667	0	0.133333333333333	0.2	0	0
M9	MT-ND4	15	8706:8720	2160.64712866492	0.905572013411804	0.26316391308769	0.532886091591239	0.666666666666667	0	0.133333333333333	0.2	0	0
M9	MTATP6P1	15	8706:8720	2160.64712866492	0.905572013411804	0.26316391308769	0.532886091591239	0.666666666666667	0	0.133333333333333	0.2	0	0
M9	MT-CO1	15	8706:8720	2160.64712866492	0.905572013411804	0.26316391308769	0.532886091591239	0.666666666666667	0	0.133333333333333	0.2	0	0
M9	MT-RNR1	15	8706:8720	2160.64712866492	0.905572013411804	0.26316391308769	0.532886091591239	0.666666666666667	0	0.133333333333333	0.2	0	0
M9	MT-ATP6	15	8706:8720	2160.64712866492	0.905572013411804	0.26316391308769	0.532886091591239	0.666666666666667	0	0.133333333333333	0.2	0	0
M9	MTND2P28	15	8706:8720	2160.64712866492	0.905572013411804	0.26316391308769	0.532886091591239	0.666666666666667	0	0.133333333333333	0.2	0	0
M9	MT-CYB	15	8706:8720	2160.64712866492	0.905572013411804	0.26316391308769	0.532886091591239	0.666666666666667	0	0.133333333333333	0.2	0	0
M29	SLITRK6	11	8721:8731	893.692385557242	1.04928683384667	0.127213373923795	0.599114877447632	1	0	0	0	0	0
M29	GCC2	11	8721:8731	893.692385557242	1.04928683384667	0.127213373923795	0.599114877447632	1	0	0	0	0	0
M29	PLPP3	11	8721:8731	893.692385557242	1.04928683384667	0.127213373923795	0.599114877447632	1	0	0	0	0	0
M29	FZD1	11	8721:8731	893.692385557242	1.04928683384667	0.127213373923795	0.599114877447632	1	0	0	0	0	0
M29	SPTBN1	11	8721:8731	893.692385557242	1.04928683384667	0.127213373923795	0.599114877447632	1	0	0	0	0	0
M29	BMP4	11	8721:8731	893.692385557242	1.04928683384667	0.127213373923795	0.599114877447632	1	0	0	0	0	0
M29	ADAM28	11	8721:8731	893.692385557242	1.04928683384667	0.127213373923795	0.599114877447632	1	0	0	0	0	0
M29	CDC42BPA	11	8721:8731	893.692385557242	1.04928683384667	0.127213373923795	0.599114877447632	1	0	0	0	0	0
M29	EDIL3	11	8721:8731	893.692385557242	1.04928683384667	0.127213373923795	0.599114877447632	1	0	0	0	0	0
M29	ANGPT1	11	8721:8731	893.692385557242	1.04928683384667	0.127213373923795	0.599114877447632	1	0	0	0	0	0
M29	POSTN	11	8721:8731	893.692385557242	1.04928683384667	0.127213373923795	0.599114877447632	1	0	0	0	0	0
M16	RACK1	13	8732:8744	470.918654776518	0.857469630643605	0.165970052122851	0.558160008930374	0.461538461538462	0	0	0.538461538461538	0	0.0769230769230769
M16	VIM	13	8732:8744	470.918654776518	0.857469630643605	0.165970052122851	0.558160008930374	0.461538461538462	0	0	0.538461538461538	0	0.0769230769230769
M16	RPS3AP49	13	8732:8744	470.918654776518	0.857469630643605	0.165970052122851	0.558160008930374	0.461538461538462	0	0	0.538461538461538	0	0.0769230769230769
M16	PABPC1	13	8732:8744	470.918654776518	0.857469630643605	0.165970052122851	0.558160008930374	0.461538461538462	0	0	0.538461538461538	0	0.0769230769230769
M16	RPS3AP26	13	8732:8744	470.918654776518	0.857469630643605	0.165970052122851	0.558160008930374	0.461538461538462	0	0	0.538461538461538	0	0.0769230769230769
M16	RHOA	13	8732:8744	470.918654776518	0.857469630643605	0.165970052122851	0.558160008930374	0.461538461538462	0	0	0.538461538461538	0	0.0769230769230769
M16	RPS3AP47	13	8732:8744	470.918654776518	0.857469630643605	0.165970052122851	0.558160008930374	0.461538461538462	0	0	0.538461538461538	0	0.0769230769230769
M16	AC010468.1	13	8732:8744	470.918654776518	0.857469630643605	0.165970052122851	0.558160008930374	0.461538461538462	0	0	0.538461538461538	0	0.0769230769230769
M16	RPS3A	13	8732:8744	470.918654776518	0.857469630643605	0.165970052122851	0.558160008930374	0.461538461538462	0	0	0.538461538461538	0	0.0769230769230769
M16	RPS3AP6	13	8732:8744	470.918654776518	0.857469630643605	0.165970052122851	0.558160008930374	0.461538461538462	0	0	0.538461538461538	0	0.0769230769230769
M16	RPL5P34	13	8732:8744	470.918654776518	0.857469630643605	0.165970052122851	0.558160008930374	0.461538461538462	0	0	0.538461538461538	0	0.0769230769230769
M16	ZFP36L1	13	8732:8744	470.918654776518	0.857469630643605	0.165970052122851	0.558160008930374	0.461538461538462	0	0	0.538461538461538	0	0.0769230769230769
M16	RP11-371A22.1	13	8732:8744	470.918654776518	0.857469630643605	0.165970052122851	0.558160008930374	0.461538461538462	0	0	0.538461538461538	0	0.0769230769230769
M38	ODC1	10	8745:8754	305.955102701147	1.68308509148706	0.0830791744159683	0.454187290436767	1	0	0	0	0	0
M38	TAF7	10	8745:8754	305.955102701147	1.68308509148706	0.0830791744159683	0.454187290436767	1	0	0	0	0	0
M38	ATIC	10	8745:8754	305.955102701147	1.68308509148706	0.0830791744159683	0.454187290436767	1	0	0	0	0	0
M38	PSMD7	10	8745:8754	305.955102701147	1.68308509148706	0.0830791744159683	0.454187290436767	1	0	0	0	0	0
M38	PSMD13	10	8745:8754	305.955102701147	1.68308509148706	0.0830791744159683	0.454187290436767	1	0	0	0	0	0
M38	HNRNPDL	10	8745:8754	305.955102701147	1.68308509148706	0.0830791744159683	0.454187290436767	1	0	0	0	0	0
M38	ARRDC4	10	8745:8754	305.955102701147	1.68308509148706	0.0830791744159683	0.454187290436767	1	0	0	0	0	0
M38	BUD31	10	8745:8754	305.955102701147	1.68308509148706	0.0830791744159683	0.454187290436767	1	0	0	0	0	0
M38	STK38	10	8745:8754	305.955102701147	1.68308509148706	0.0830791744159683	0.454187290436767	1	0	0	0	0	0
M38	IWS1	10	8745:8754	305.955102701147	1.68308509148706	0.0830791744159683	0.454187290436767	1	0	0	0	0	0
M39	SPRY4	10	8755:8764	51.7550150274586	2.31743481198188	0.061497227286855	0.614996195465828	1	0	0	0	0	0.1
M39	ABCC4	10	8755:8764	51.7550150274586	2.31743481198188	0.061497227286855	0.614996195465828	1	0	0	0	0	0.1
M39	ATP5J	10	8755:8764	51.7550150274586	2.31743481198188	0.061497227286855	0.614996195465828	1	0	0	0	0	0.1
M39	IQGAP2	10	8755:8764	51.7550150274586	2.31743481198188	0.061497227286855	0.614996195465828	1	0	0	0	0	0.1
M39	EMP1	10	8755:8764	51.7550150274586	2.31743481198188	0.061497227286855	0.614996195465828	1	0	0	0	0	0.1
M39	YIPF5	10	8755:8764	51.7550150274586	2.31743481198188	0.061497227286855	0.614996195465828	1	0	0	0	0	0.1
M39	BCAT1	10	8755:8764	51.7550150274586	2.31743481198188	0.061497227286855	0.614996195465828	1	0	0	0	0	0.1
M39	DUSP6	10	8755:8764	51.7550150274586	2.31743481198188	0.061497227286855	0.614996195465828	1	0	0	0	0	0.1
M39	TMEM39A	10	8755:8764	51.7550150274586	2.31743481198188	0.061497227286855	0.614996195465828	1	0	0	0	0	0.1
M39	ZNF121	10	8755:8764	51.7550150274586	2.31743481198188	0.061497227286855	0.614996195465828	1	0	0	0	0	0.1
M40	MGLL	10	8765:8774	147.185465374301	1.82028599831169	0.101433382345373	0.406531367503472	1	0	0	0	0	0.1
M40	RHOU	10	8765:8774	147.185465374301	1.82028599831169	0.101433382345373	0.406531367503472	1	0	0	0	0	0.1
M40	ECHDC2	10	8765:8774	147.185465374301	1.82028599831169	0.101433382345373	0.406531367503472	1	0	0	0	0	0.1
M40	TNFRSF19	10	8765:8774	147.185465374301	1.82028599831169	0.101433382345373	0.406531367503472	1	0	0	0	0	0.1
M40	SERTAD4	10	8765:8774	147.185465374301	1.82028599831169	0.101433382345373	0.406531367503472	1	0	0	0	0	0.1
M40	RNF112	10	8765:8774	147.185465374301	1.82028599831169	0.101433382345373	0.406531367503472	1	0	0	0	0	0.1
M40	ABR	10	8765:8774	147.185465374301	1.82028599831169	0.101433382345373	0.406531367503472	1	0	0	0	0	0.1
M40	PDE4C	10	8765:8774	147.185465374301	1.82028599831169	0.101433382345373	0.406531367503472	1	0	0	0	0	0.1
M40	SPRY2	10	8765:8774	147.185465374301	1.82028599831169	0.101433382345373	0.406531367503472	1	0	0	0	0	0.1
M40	MLXIP	10	8765:8774	147.185465374301	1.82028599831169	0.101433382345373	0.406531367503472	1	0	0	0	0	0.1
M41	CNBP	10	8775:8784	80.2213104593527	2.75066136042285	0.0810928804418306	0.451891139337853	0.5	0.3	0	0.2	0	0.1
M41	SNRNP70	10	8775:8784	80.2213104593527	2.75066136042285	0.0810928804418306	0.451891139337853	0.5	0.3	0	0.2	0	0.1
M41	NHP2P1	10	8775:8784	80.2213104593527	2.75066136042285	0.0810928804418306	0.451891139337853	0.5	0.3	0	0.2	0	0.1
M41	TG	10	8775:8784	80.2213104593527	2.75066136042285	0.0810928804418306	0.451891139337853	0.5	0.3	0	0.2	0	0.1
M41	RP11-120I21.3	10	8775:8784	80.2213104593527	2.75066136042285	0.0810928804418306	0.451891139337853	0.5	0.3	0	0.2	0	0.1
M41	AC004951.6	10	8775:8784	80.2213104593527	2.75066136042285	0.0810928804418306	0.451891139337853	0.5	0.3	0	0.2	0	0.1
M41	CTB-181H17.1	10	8775:8784	80.2213104593527	2.75066136042285	0.0810928804418306	0.451891139337853	0.5	0.3	0	0.2	0	0.1
M41	NDUFV1	10	8775:8784	80.2213104593527	2.75066136042285	0.0810928804418306	0.451891139337853	0.5	0.3	0	0.2	0	0.1
M41	SLC14A2-AS1	10	8775:8784	80.2213104593527	2.75066136042285	0.0810928804418306	0.451891139337853	0.5	0.3	0	0.2	0	0.1
M41	DNAH6	10	8775:8784	80.2213104593527	2.75066136042285	0.0810928804418306	0.451891139337853	0.5	0.3	0	0.2	0	0.1
M42	TSPAN3	10	8785:8794	497.398511460394	1.90058999121783	0.0937885750575452	0.548860451909948	0.9	0.1	0	0	0	0
M42	SLC25A38	10	8785:8794	497.398511460394	1.90058999121783	0.0937885750575452	0.548860451909948	0.9	0.1	0	0	0	0
M42	GPR1-AS	10	8785:8794	497.398511460394	1.90058999121783	0.0937885750575452	0.548860451909948	0.9	0.1	0	0	0	0
M42	CNTROB	10	8785:8794	497.398511460394	1.90058999121783	0.0937885750575452	0.548860451909948	0.9	0.1	0	0	0	0
M42	SF3B2	10	8785:8794	497.398511460394	1.90058999121783	0.0937885750575452	0.548860451909948	0.9	0.1	0	0	0	0
M42	CKAP4	10	8785:8794	497.398511460394	1.90058999121783	0.0937885750575452	0.548860451909948	0.9	0.1	0	0	0	0
M42	EXOSC6	10	8785:8794	497.398511460394	1.90058999121783	0.0937885750575452	0.548860451909948	0.9	0.1	0	0	0	0
M42	RRP12	10	8785:8794	497.398511460394	1.90058999121783	0.0937885750575452	0.548860451909948	0.9	0.1	0	0	0	0
M42	SCAF8	10	8785:8794	497.398511460394	1.90058999121783	0.0937885750575452	0.548860451909948	0.9	0.1	0	0	0	0
M42	PARK7	10	8785:8794	497.398511460394	1.90058999121783	0.0937885750575452	0.548860451909948	0.9	0.1	0	0	0	0
M10	AC004893.11	15	8795:8809	45.682146511446	3.72744850808443	0.0930505910515862	0.424337817146913	0.266666666666667	0.466666666666667	0	0.266666666666667	0	0
M10	INGX	15	8795:8809	45.682146511446	3.72744850808443	0.0930505910515862	0.424337817146913	0.266666666666667	0.466666666666667	0	0.266666666666667	0	0
M10	PEAK1	15	8795:8809	45.682146511446	3.72744850808443	0.0930505910515862	0.424337817146913	0.266666666666667	0.466666666666667	0	0.266666666666667	0	0
M10	CARD14	15	8795:8809	45.682146511446	3.72744850808443	0.0930505910515862	0.424337817146913	0.266666666666667	0.466666666666667	0	0.266666666666667	0	0
M10	PHKG1	15	8795:8809	45.682146511446	3.72744850808443	0.0930505910515862	0.424337817146913	0.266666666666667	0.466666666666667	0	0.266666666666667	0	0
M10	PKD1L2	15	8795:8809	45.682146511446	3.72744850808443	0.0930505910515862	0.424337817146913	0.266666666666667	0.466666666666667	0	0.266666666666667	0	0
M10	CBR3-AS1	15	8795:8809	45.682146511446	3.72744850808443	0.0930505910515862	0.424337817146913	0.266666666666667	0.466666666666667	0	0.266666666666667	0	0
M10	RP11-151H2.1	15	8795:8809	45.682146511446	3.72744850808443	0.0930505910515862	0.424337817146913	0.266666666666667	0.466666666666667	0	0.266666666666667	0	0
M10	BACH1-AS1	15	8795:8809	45.682146511446	3.72744850808443	0.0930505910515862	0.424337817146913	0.266666666666667	0.466666666666667	0	0.266666666666667	0	0
M10	CTD-2199O4.1	15	8795:8809	45.682146511446	3.72744850808443	0.0930505910515862	0.424337817146913	0.266666666666667	0.466666666666667	0	0.266666666666667	0	0
M10	MKLN1-AS	15	8795:8809	45.682146511446	3.72744850808443	0.0930505910515862	0.424337817146913	0.266666666666667	0.466666666666667	0	0.266666666666667	0	0
M10	PIPOX	15	8795:8809	45.682146511446	3.72744850808443	0.0930505910515862	0.424337817146913	0.266666666666667	0.466666666666667	0	0.266666666666667	0	0
M10	USP32P2	15	8795:8809	45.682146511446	3.72744850808443	0.0930505910515862	0.424337817146913	0.266666666666667	0.466666666666667	0	0.266666666666667	0	0
M10	EMX2OS	15	8795:8809	45.682146511446	3.72744850808443	0.0930505910515862	0.424337817146913	0.266666666666667	0.466666666666667	0	0.266666666666667	0	0
M10	AC108142.1	15	8795:8809	45.682146511446	3.72744850808443	0.0930505910515862	0.424337817146913	0.266666666666667	0.466666666666667	0	0.266666666666667	0	0
M43	RP11-624D20.1	10	8810:8819	29.7262118917106	3.0411405802481	0.10157835797926	0.332939798066148	0.7	0.1	0	0.2	0	0
M43	TSPAN16	10	8810:8819	29.7262118917106	3.0411405802481	0.10157835797926	0.332939798066148	0.7	0.1	0	0.2	0	0
M43	KCTD16	10	8810:8819	29.7262118917106	3.0411405802481	0.10157835797926	0.332939798066148	0.7	0.1	0	0.2	0	0
M43	VWA3B	10	8810:8819	29.7262118917106	3.0411405802481	0.10157835797926	0.332939798066148	0.7	0.1	0	0.2	0	0
M43	IKBKB	10	8810:8819	29.7262118917106	3.0411405802481	0.10157835797926	0.332939798066148	0.7	0.1	0	0.2	0	0
M43	RP11-277I20.3	10	8810:8819	29.7262118917106	3.0411405802481	0.10157835797926	0.332939798066148	0.7	0.1	0	0.2	0	0
M43	NINL	10	8810:8819	29.7262118917106	3.0411405802481	0.10157835797926	0.332939798066148	0.7	0.1	0	0.2	0	0
M43	FAM153B	10	8810:8819	29.7262118917106	3.0411405802481	0.10157835797926	0.332939798066148	0.7	0.1	0	0.2	0	0
M43	LINC02043	10	8810:8819	29.7262118917106	3.0411405802481	0.10157835797926	0.332939798066148	0.7	0.1	0	0.2	0	0
M43	GRIN2B	10	8810:8819	29.7262118917106	3.0411405802481	0.10157835797926	0.332939798066148	0.7	0.1	0	0.2	0	0
M19	FADS3	12	8820:8831	35.7922972239825	3.00366540168236	0.0800215065343992	0.447665987346912	0.416666666666667	0.583333333333333	0	0	0	0.0833333333333333
M19	RP11-426D19.1	12	8820:8831	35.7922972239825	3.00366540168236	0.0800215065343992	0.447665987346912	0.416666666666667	0.583333333333333	0	0	0	0.0833333333333333
M19	SLC16A1-AS1	12	8820:8831	35.7922972239825	3.00366540168236	0.0800215065343992	0.447665987346912	0.416666666666667	0.583333333333333	0	0	0	0.0833333333333333
M19	TBX6	12	8820:8831	35.7922972239825	3.00366540168236	0.0800215065343992	0.447665987346912	0.416666666666667	0.583333333333333	0	0	0	0.0833333333333333
M19	TCOF1	12	8820:8831	35.7922972239825	3.00366540168236	0.0800215065343992	0.447665987346912	0.416666666666667	0.583333333333333	0	0	0	0.0833333333333333
M19	LINC00449	12	8820:8831	35.7922972239825	3.00366540168236	0.0800215065343992	0.447665987346912	0.416666666666667	0.583333333333333	0	0	0	0.0833333333333333
M19	RP3-323A16.1	12	8820:8831	35.7922972239825	3.00366540168236	0.0800215065343992	0.447665987346912	0.416666666666667	0.583333333333333	0	0	0	0.0833333333333333
M19	HELLPAR	12	8820:8831	35.7922972239825	3.00366540168236	0.0800215065343992	0.447665987346912	0.416666666666667	0.583333333333333	0	0	0	0.0833333333333333
M19	PTGR1	12	8820:8831	35.7922972239825	3.00366540168236	0.0800215065343992	0.447665987346912	0.416666666666667	0.583333333333333	0	0	0	0.0833333333333333
M19	TTN	12	8820:8831	35.7922972239825	3.00366540168236	0.0800215065343992	0.447665987346912	0.416666666666667	0.583333333333333	0	0	0	0.0833333333333333
M19	CTB-47B11.3	12	8820:8831	35.7922972239825	3.00366540168236	0.0800215065343992	0.447665987346912	0.416666666666667	0.583333333333333	0	0	0	0.0833333333333333
M19	RP11-166O4.6	12	8820:8831	35.7922972239825	3.00366540168236	0.0800215065343992	0.447665987346912	0.416666666666667	0.583333333333333	0	0	0	0.0833333333333333
M30	CCDC30	11	8832:8842	29.8474614634233	3.0931042258253	0.0643149461701141	0.602428346572565	0.545454545454545	0.181818181818182	0	0.272727272727273	0	0
M30	ACACA	11	8832:8842	29.8474614634233	3.0931042258253	0.0643149461701141	0.602428346572565	0.545454545454545	0.181818181818182	0	0.272727272727273	0	0
M30	RP3-508I15.22	11	8832:8842	29.8474614634233	3.0931042258253	0.0643149461701141	0.602428346572565	0.545454545454545	0.181818181818182	0	0.272727272727273	0	0
M30	NPM1P11	11	8832:8842	29.8474614634233	3.0931042258253	0.0643149461701141	0.602428346572565	0.545454545454545	0.181818181818182	0	0.272727272727273	0	0
M30	CPS1	11	8832:8842	29.8474614634233	3.0931042258253	0.0643149461701141	0.602428346572565	0.545454545454545	0.181818181818182	0	0.272727272727273	0	0
M30	RP13-228J13.8	11	8832:8842	29.8474614634233	3.0931042258253	0.0643149461701141	0.602428346572565	0.545454545454545	0.181818181818182	0	0.272727272727273	0	0
M30	GPX2	11	8832:8842	29.8474614634233	3.0931042258253	0.0643149461701141	0.602428346572565	0.545454545454545	0.181818181818182	0	0.272727272727273	0	0
M30	CAMKK1	11	8832:8842	29.8474614634233	3.0931042258253	0.0643149461701141	0.602428346572565	0.545454545454545	0.181818181818182	0	0.272727272727273	0	0
M30	LAMA1	11	8832:8842	29.8474614634233	3.0931042258253	0.0643149461701141	0.602428346572565	0.545454545454545	0.181818181818182	0	0.272727272727273	0	0
M30	RP5-1198O20.4	11	8832:8842	29.8474614634233	3.0931042258253	0.0643149461701141	0.602428346572565	0.545454545454545	0.181818181818182	0	0.272727272727273	0	0
M30	CTC-281F24.3	11	8832:8842	29.8474614634233	3.0931042258253	0.0643149461701141	0.602428346572565	0.545454545454545	0.181818181818182	0	0.272727272727273	0	0
M20	GOLGA2P5	12	8843:8854	16.9496456243769	3.23953515623036	0.0703246172812125	0.520140135846759	0.333333333333333	0.333333333333333	0	0.333333333333333	0	0
M20	AC073283.7	12	8843:8854	16.9496456243769	3.23953515623036	0.0703246172812125	0.520140135846759	0.333333333333333	0.333333333333333	0	0.333333333333333	0	0
M20	RP11-495L19.1	12	8843:8854	16.9496456243769	3.23953515623036	0.0703246172812125	0.520140135846759	0.333333333333333	0.333333333333333	0	0.333333333333333	0	0
M20	RP11-773H22.4	12	8843:8854	16.9496456243769	3.23953515623036	0.0703246172812125	0.520140135846759	0.333333333333333	0.333333333333333	0	0.333333333333333	0	0
M20	FMN2	12	8843:8854	16.9496456243769	3.23953515623036	0.0703246172812125	0.520140135846759	0.333333333333333	0.333333333333333	0	0.333333333333333	0	0
M20	MYO3B	12	8843:8854	16.9496456243769	3.23953515623036	0.0703246172812125	0.520140135846759	0.333333333333333	0.333333333333333	0	0.333333333333333	0	0
M20	RPL35P9	12	8843:8854	16.9496456243769	3.23953515623036	0.0703246172812125	0.520140135846759	0.333333333333333	0.333333333333333	0	0.333333333333333	0	0
M20	TMEM254-AS1	12	8843:8854	16.9496456243769	3.23953515623036	0.0703246172812125	0.520140135846759	0.333333333333333	0.333333333333333	0	0.333333333333333	0	0
M20	RP13-585F24.1	12	8843:8854	16.9496456243769	3.23953515623036	0.0703246172812125	0.520140135846759	0.333333333333333	0.333333333333333	0	0.333333333333333	0	0
M20	RP11-247I13.6	12	8843:8854	16.9496456243769	3.23953515623036	0.0703246172812125	0.520140135846759	0.333333333333333	0.333333333333333	0	0.333333333333333	0	0
M20	TMC5	12	8843:8854	16.9496456243769	3.23953515623036	0.0703246172812125	0.520140135846759	0.333333333333333	0.333333333333333	0	0.333333333333333	0	0
M20	MAGI2	12	8843:8854	16.9496456243769	3.23953515623036	0.0703246172812125	0.520140135846759	0.333333333333333	0.333333333333333	0	0.333333333333333	0	0
M31	LRRC69	11	8855:8865	33.6396068251066	2.77052787721432	0.0913297803885286	0.428998510960763	0.636363636363636	0.363636363636364	0	0	0	0.0909090909090909
M31	ABCC3	11	8855:8865	33.6396068251066	2.77052787721432	0.0913297803885286	0.428998510960763	0.636363636363636	0.363636363636364	0	0	0	0.0909090909090909
M31	RP11-659E9.2	11	8855:8865	33.6396068251066	2.77052787721432	0.0913297803885286	0.428998510960763	0.636363636363636	0.363636363636364	0	0	0	0.0909090909090909
M31	CDS2	11	8855:8865	33.6396068251066	2.77052787721432	0.0913297803885286	0.428998510960763	0.636363636363636	0.363636363636364	0	0	0	0.0909090909090909
M31	SMG9	11	8855:8865	33.6396068251066	2.77052787721432	0.0913297803885286	0.428998510960763	0.636363636363636	0.363636363636364	0	0	0	0.0909090909090909
M31	SRGAP3	11	8855:8865	33.6396068251066	2.77052787721432	0.0913297803885286	0.428998510960763	0.636363636363636	0.363636363636364	0	0	0	0.0909090909090909
M31	AC008079.10	11	8855:8865	33.6396068251066	2.77052787721432	0.0913297803885286	0.428998510960763	0.636363636363636	0.363636363636364	0	0	0	0.0909090909090909
M31	RP11-692C24.1	11	8855:8865	33.6396068251066	2.77052787721432	0.0913297803885286	0.428998510960763	0.636363636363636	0.363636363636364	0	0	0	0.0909090909090909
M31	RP3-394A18.1	11	8855:8865	33.6396068251066	2.77052787721432	0.0913297803885286	0.428998510960763	0.636363636363636	0.363636363636364	0	0	0	0.0909090909090909
M31	CACNA1A	11	8855:8865	33.6396068251066	2.77052787721432	0.0913297803885286	0.428998510960763	0.636363636363636	0.363636363636364	0	0	0	0.0909090909090909
M31	ZNF440	11	8855:8865	33.6396068251066	2.77052787721432	0.0913297803885286	0.428998510960763	0.636363636363636	0.363636363636364	0	0	0	0.0909090909090909
M21	LINC00690	12	8866:8877	25.3672345117505	3.11137588404665	0.0838234998166124	0.394359259688334	0.5	0.416666666666667	0.0833333333333333	0	0	0.0833333333333333
M21	SLAMF1	12	8866:8877	25.3672345117505	3.11137588404665	0.0838234998166124	0.394359259688334	0.5	0.416666666666667	0.0833333333333333	0	0	0.0833333333333333
M21	RP5-1039K5.19	12	8866:8877	25.3672345117505	3.11137588404665	0.0838234998166124	0.394359259688334	0.5	0.416666666666667	0.0833333333333333	0	0	0.0833333333333333
M21	RN7SL483P	12	8866:8877	25.3672345117505	3.11137588404665	0.0838234998166124	0.394359259688334	0.5	0.416666666666667	0.0833333333333333	0	0	0.0833333333333333
M21	ELF3	12	8866:8877	25.3672345117505	3.11137588404665	0.0838234998166124	0.394359259688334	0.5	0.416666666666667	0.0833333333333333	0	0	0.0833333333333333
M21	RP11-360N9.2	12	8866:8877	25.3672345117505	3.11137588404665	0.0838234998166124	0.394359259688334	0.5	0.416666666666667	0.0833333333333333	0	0	0.0833333333333333
M21	ARSG	12	8866:8877	25.3672345117505	3.11137588404665	0.0838234998166124	0.394359259688334	0.5	0.416666666666667	0.0833333333333333	0	0	0.0833333333333333
M21	MYH11	12	8866:8877	25.3672345117505	3.11137588404665	0.0838234998166124	0.394359259688334	0.5	0.416666666666667	0.0833333333333333	0	0	0.0833333333333333
M21	LIMK1	12	8866:8877	25.3672345117505	3.11137588404665	0.0838234998166124	0.394359259688334	0.5	0.416666666666667	0.0833333333333333	0	0	0.0833333333333333
M21	RP4-671O14.7	12	8866:8877	25.3672345117505	3.11137588404665	0.0838234998166124	0.394359259688334	0.5	0.416666666666667	0.0833333333333333	0	0	0.0833333333333333
M21	RP11-864N7.4	12	8866:8877	25.3672345117505	3.11137588404665	0.0838234998166124	0.394359259688334	0.5	0.416666666666667	0.0833333333333333	0	0	0.0833333333333333
M21	SFXN5	12	8866:8877	25.3672345117505	3.11137588404665	0.0838234998166124	0.394359259688334	0.5	0.416666666666667	0.0833333333333333	0	0	0.0833333333333333
M44	COL5A2	10	8878:8887	1688.4793482609	0.909062094250216	0.165336948960595	0.610784384159896	1	0	0	0	0	0
M44	FAT1	10	8878:8887	1688.4793482609	0.909062094250216	0.165336948960595	0.610784384159896	1	0	0	0	0	0
M44	CALU	10	8878:8887	1688.4793482609	0.909062094250216	0.165336948960595	0.610784384159896	1	0	0	0	0	0
M44	COL1A2	10	8878:8887	1688.4793482609	0.909062094250216	0.165336948960595	0.610784384159896	1	0	0	0	0	0
M44	COL4A1	10	8878:8887	1688.4793482609	0.909062094250216	0.165336948960595	0.610784384159896	1	0	0	0	0	0
M44	LAMC1	10	8878:8887	1688.4793482609	0.909062094250216	0.165336948960595	0.610784384159896	1	0	0	0	0	0
M44	COL1A1	10	8878:8887	1688.4793482609	0.909062094250216	0.165336948960595	0.610784384159896	1	0	0	0	0	0
M44	NEO1	10	8878:8887	1688.4793482609	0.909062094250216	0.165336948960595	0.610784384159896	1	0	0	0	0	0
M44	COL3A1	10	8878:8887	1688.4793482609	0.909062094250216	0.165336948960595	0.610784384159896	1	0	0	0	0	0
M44	LAMA4	10	8878:8887	1688.4793482609	0.909062094250216	0.165336948960595	0.610784384159896	1	0	0	0	0	0
M45	THBS1	10	8888:8897	187.338081573602	1.54048245947887	0.109368835761836	0.369349030943215	1	0	0	0	0	0.1
M45	SOX11	10	8888:8897	187.338081573602	1.54048245947887	0.109368835761836	0.369349030943215	1	0	0	0	0	0.1
M45	AGAP1	10	8888:8897	187.338081573602	1.54048245947887	0.109368835761836	0.369349030943215	1	0	0	0	0	0.1
M45	PTRF	10	8888:8897	187.338081573602	1.54048245947887	0.109368835761836	0.369349030943215	1	0	0	0	0	0.1
M45	PMP22	10	8888:8897	187.338081573602	1.54048245947887	0.109368835761836	0.369349030943215	1	0	0	0	0	0.1
M45	FHL1	10	8888:8897	187.338081573602	1.54048245947887	0.109368835761836	0.369349030943215	1	0	0	0	0	0.1
M45	CTGF	10	8888:8897	187.338081573602	1.54048245947887	0.109368835761836	0.369349030943215	1	0	0	0	0	0.1
M45	DAB2	10	8888:8897	187.338081573602	1.54048245947887	0.109368835761836	0.369349030943215	1	0	0	0	0	0.1
M45	ASAP1	10	8888:8897	187.338081573602	1.54048245947887	0.109368835761836	0.369349030943215	1	0	0	0	0	0.1
M45	AHNAK	10	8888:8897	187.338081573602	1.54048245947887	0.109368835761836	0.369349030943215	1	0	0	0	0	0.1
M13	TGFBI	14	8898:8911	455.232566806682	2.06270879072995	0.157883629517834	0.391663842975398	1	0	0	0	0	0
M13	C1R	14	8898:8911	455.232566806682	2.06270879072995	0.157883629517834	0.391663842975398	1	0	0	0	0	0
M13	GPC4	14	8898:8911	455.232566806682	2.06270879072995	0.157883629517834	0.391663842975398	1	0	0	0	0	0
M13	ERRFI1	14	8898:8911	455.232566806682	2.06270879072995	0.157883629517834	0.391663842975398	1	0	0	0	0	0
M13	ST6GALNAC5	14	8898:8911	455.232566806682	2.06270879072995	0.157883629517834	0.391663842975398	1	0	0	0	0	0
M13	IFI6	14	8898:8911	455.232566806682	2.06270879072995	0.157883629517834	0.391663842975398	1	0	0	0	0	0
M13	C1S	14	8898:8911	455.232566806682	2.06270879072995	0.157883629517834	0.391663842975398	1	0	0	0	0	0
M13	MCTP1	14	8898:8911	455.232566806682	2.06270879072995	0.157883629517834	0.391663842975398	1	0	0	0	0	0
M13	IGFBP7	14	8898:8911	455.232566806682	2.06270879072995	0.157883629517834	0.391663842975398	1	0	0	0	0	0
M13	SPARC	14	8898:8911	455.232566806682	2.06270879072995	0.157883629517834	0.391663842975398	1	0	0	0	0	0
M13	FMOD	14	8898:8911	455.232566806682	2.06270879072995	0.157883629517834	0.391663842975398	1	0	0	0	0	0
M13	GUCY1A3	14	8898:8911	455.232566806682	2.06270879072995	0.157883629517834	0.391663842975398	1	0	0	0	0	0
M13	PSAP	14	8898:8911	455.232566806682	2.06270879072995	0.157883629517834	0.391663842975398	1	0	0	0	0	0
M13	SERPINH1	14	8898:8911	455.232566806682	2.06270879072995	0.157883629517834	0.391663842975398	1	0	0	0	0	0
M22	EFEMP1	12	8912:8923	246.890305641202	2.50604837644658	0.118287822233647	0.458206403198474	1	0	0	0	0	0
M22	IFITM3	12	8912:8923	246.890305641202	2.50604837644658	0.118287822233647	0.458206403198474	1	0	0	0	0	0
M22	WARS	12	8912:8923	246.890305641202	2.50604837644658	0.118287822233647	0.458206403198474	1	0	0	0	0	0
M22	AK5	12	8912:8923	246.890305641202	2.50604837644658	0.118287822233647	0.458206403198474	1	0	0	0	0	0
M22	PTGS1	12	8912:8923	246.890305641202	2.50604837644658	0.118287822233647	0.458206403198474	1	0	0	0	0	0
M22	PDE1C	12	8912:8923	246.890305641202	2.50604837644658	0.118287822233647	0.458206403198474	1	0	0	0	0	0
M22	QSOX1	12	8912:8923	246.890305641202	2.50604837644658	0.118287822233647	0.458206403198474	1	0	0	0	0	0
M22	OLFML3	12	8912:8923	246.890305641202	2.50604837644658	0.118287822233647	0.458206403198474	1	0	0	0	0	0
M22	CD63	12	8912:8923	246.890305641202	2.50604837644658	0.118287822233647	0.458206403198474	1	0	0	0	0	0
M22	PLAU	12	8912:8923	246.890305641202	2.50604837644658	0.118287822233647	0.458206403198474	1	0	0	0	0	0
M22	RDH10	12	8912:8923	246.890305641202	2.50604837644658	0.118287822233647	0.458206403198474	1	0	0	0	0	0
M22	CSF1	12	8912:8923	246.890305641202	2.50604837644658	0.118287822233647	0.458206403198474	1	0	0	0	0	0
M46	ID3	10	8924:8933	100.196176303025	1.93986437463785	0.116133954492157	0.280580329887553	1	0	0	0	0	0.3
M46	AMD1	10	8924:8933	100.196176303025	1.93986437463785	0.116133954492157	0.280580329887553	1	0	0	0	0	0.3
M46	PPP1R15B	10	8924:8933	100.196176303025	1.93986437463785	0.116133954492157	0.280580329887553	1	0	0	0	0	0.3
M46	H2AFZ	10	8924:8933	100.196176303025	1.93986437463785	0.116133954492157	0.280580329887553	1	0	0	0	0	0.3
M46	SAP18	10	8924:8933	100.196176303025	1.93986437463785	0.116133954492157	0.280580329887553	1	0	0	0	0	0.3
M46	TIPARP	10	8924:8933	100.196176303025	1.93986437463785	0.116133954492157	0.280580329887553	1	0	0	0	0	0.3
M46	SPTY2D1	10	8924:8933	100.196176303025	1.93986437463785	0.116133954492157	0.280580329887553	1	0	0	0	0	0.3
M46	PTP4A1	10	8924:8933	100.196176303025	1.93986437463785	0.116133954492157	0.280580329887553	1	0	0	0	0	0.3
M46	ZNF844	10	8924:8933	100.196176303025	1.93986437463785	0.116133954492157	0.280580329887553	1	0	0	0	0	0.3
M46	XBP1	10	8924:8933	100.196176303025	1.93986437463785	0.116133954492157	0.280580329887553	1	0	0	0	0	0.3
M2	NAMPT	25	8934:8958	456.014645910329	1.69004818976777	0.131676707425149	0.420573595328381	0.96	0	0	0.04	0	0.16
M2	NFIL3	25	8934:8958	456.014645910329	1.69004818976777	0.131676707425149	0.420573595328381	0.96	0	0	0.04	0	0.16
M2	EGR2	25	8934:8958	456.014645910329	1.69004818976777	0.131676707425149	0.420573595328381	0.96	0	0	0.04	0	0.16
M2	CCNL1	25	8934:8958	456.014645910329	1.69004818976777	0.131676707425149	0.420573595328381	0.96	0	0	0.04	0	0.16
M2	SRSF3	25	8934:8958	456.014645910329	1.69004818976777	0.131676707425149	0.420573595328381	0.96	0	0	0.04	0	0.16
M2	MORF4L2	25	8934:8958	456.014645910329	1.69004818976777	0.131676707425149	0.420573595328381	0.96	0	0	0.04	0	0.16
M2	NFKBIZ	25	8934:8958	456.014645910329	1.69004818976777	0.131676707425149	0.420573595328381	0.96	0	0	0.04	0	0.16
M2	HSPA8P1	25	8934:8958	456.014645910329	1.69004818976777	0.131676707425149	0.420573595328381	0.96	0	0	0.04	0	0.16
M2	ARRDC3	25	8934:8958	456.014645910329	1.69004818976777	0.131676707425149	0.420573595328381	0.96	0	0	0.04	0	0.16
M2	HSP90AB1	25	8934:8958	456.014645910329	1.69004818976777	0.131676707425149	0.420573595328381	0.96	0	0	0.04	0	0.16
M2	SERTAD1	25	8934:8958	456.014645910329	1.69004818976777	0.131676707425149	0.420573595328381	0.96	0	0	0.04	0	0.16
M2	TRA2B	25	8934:8958	456.014645910329	1.69004818976777	0.131676707425149	0.420573595328381	0.96	0	0	0.04	0	0.16
M2	IRF1	25	8934:8958	456.014645910329	1.69004818976777	0.131676707425149	0.420573595328381	0.96	0	0	0.04	0	0.16
M2	EIF4A3	25	8934:8958	456.014645910329	1.69004818976777	0.131676707425149	0.420573595328381	0.96	0	0	0.04	0	0.16
M2	TSC22D1	25	8934:8958	456.014645910329	1.69004818976777	0.131676707425149	0.420573595328381	0.96	0	0	0.04	0	0.16
M2	EIF5	25	8934:8958	456.014645910329	1.69004818976777	0.131676707425149	0.420573595328381	0.96	0	0	0.04	0	0.16
M2	KLHL15	25	8934:8958	456.014645910329	1.69004818976777	0.131676707425149	0.420573595328381	0.96	0	0	0.04	0	0.16
M2	UBE2S	25	8934:8958	456.014645910329	1.69004818976777	0.131676707425149	0.420573595328381	0.96	0	0	0.04	0	0.16
M2	HSPA8	25	8934:8958	456.014645910329	1.69004818976777	0.131676707425149	0.420573595328381	0.96	0	0	0.04	0	0.16
M2	HSPD1	25	8934:8958	456.014645910329	1.69004818976777	0.131676707425149	0.420573595328381	0.96	0	0	0.04	0	0.16
M2	EIF4A2	25	8934:8958	456.014645910329	1.69004818976777	0.131676707425149	0.420573595328381	0.96	0	0	0.04	0	0.16
M2	NABP1	25	8934:8958	456.014645910329	1.69004818976777	0.131676707425149	0.420573595328381	0.96	0	0	0.04	0	0.16
M2	HSPE1	25	8934:8958	456.014645910329	1.69004818976777	0.131676707425149	0.420573595328381	0.96	0	0	0.04	0	0.16
M2	FAM53C	25	8934:8958	456.014645910329	1.69004818976777	0.131676707425149	0.420573595328381	0.96	0	0	0.04	0	0.16
M2	RGS2	25	8934:8958	456.014645910329	1.69004818976777	0.131676707425149	0.420573595328381	0.96	0	0	0.04	0	0.16
M47	BRD2	10	8959:8968	168.296927136843	1.82886235289302	0.123890795421476	0.408631774377729	1	0	0	0	0	0.1
M47	PPP1R15A	10	8959:8968	168.296927136843	1.82886235289302	0.123890795421476	0.408631774377729	1	0	0	0	0	0.1
M47	DNAJB4	10	8959:8968	168.296927136843	1.82886235289302	0.123890795421476	0.408631774377729	1	0	0	0	0	0.1
M47	CALM1	10	8959:8968	168.296927136843	1.82886235289302	0.123890795421476	0.408631774377729	1	0	0	0	0	0.1
M47	CDKN2AIP	10	8959:8968	168.296927136843	1.82886235289302	0.123890795421476	0.408631774377729	1	0	0	0	0	0.1
M47	ZFAND5	10	8959:8968	168.296927136843	1.82886235289302	0.123890795421476	0.408631774377729	1	0	0	0	0	0.1
M47	ADAMTS1	10	8959:8968	168.296927136843	1.82886235289302	0.123890795421476	0.408631774377729	1	0	0	0	0	0.1
M47	CKS2	10	8959:8968	168.296927136843	1.82886235289302	0.123890795421476	0.408631774377729	1	0	0	0	0	0.1
M47	ID2	10	8959:8968	168.296927136843	1.82886235289302	0.123890795421476	0.408631774377729	1	0	0	0	0	0.1
M47	C6orf62	10	8959:8968	168.296927136843	1.82886235289302	0.123890795421476	0.408631774377729	1	0	0	0	0	0.1
M7	NXT1	16	8969:8984	384.523849115244	2.0891537978594	0.156963920436699	0.507776649230802	0.875	0.0625	0	0.0625	0	0.0625
M7	ARL4D	16	8969:8984	384.523849115244	2.0891537978594	0.156963920436699	0.507776649230802	0.875	0.0625	0	0.0625	0	0.0625
M7	BAG3	16	8969:8984	384.523849115244	2.0891537978594	0.156963920436699	0.507776649230802	0.875	0.0625	0	0.0625	0	0.0625
M7	MAFF	16	8969:8984	384.523849115244	2.0891537978594	0.156963920436699	0.507776649230802	0.875	0.0625	0	0.0625	0	0.0625
M7	HSP90AA1	16	8969:8984	384.523849115244	2.0891537978594	0.156963920436699	0.507776649230802	0.875	0.0625	0	0.0625	0	0.0625
M7	DNAJA1	16	8969:8984	384.523849115244	2.0891537978594	0.156963920436699	0.507776649230802	0.875	0.0625	0	0.0625	0	0.0625
M7	PLK2	16	8969:8984	384.523849115244	2.0891537978594	0.156963920436699	0.507776649230802	0.875	0.0625	0	0.0625	0	0.0625
M7	HLA-E	16	8969:8984	384.523849115244	2.0891537978594	0.156963920436699	0.507776649230802	0.875	0.0625	0	0.0625	0	0.0625
M7	HSP90AA2P	16	8969:8984	384.523849115244	2.0891537978594	0.156963920436699	0.507776649230802	0.875	0.0625	0	0.0625	0	0.0625
M7	CTD-3252C9.4	16	8969:8984	384.523849115244	2.0891537978594	0.156963920436699	0.507776649230802	0.875	0.0625	0	0.0625	0	0.0625
M7	SAT1	16	8969:8984	384.523849115244	2.0891537978594	0.156963920436699	0.507776649230802	0.875	0.0625	0	0.0625	0	0.0625
M7	SLC2A3	16	8969:8984	384.523849115244	2.0891537978594	0.156963920436699	0.507776649230802	0.875	0.0625	0	0.0625	0	0.0625
M7	TOB1	16	8969:8984	384.523849115244	2.0891537978594	0.156963920436699	0.507776649230802	0.875	0.0625	0	0.0625	0	0.0625
M7	CLK1	16	8969:8984	384.523849115244	2.0891537978594	0.156963920436699	0.507776649230802	0.875	0.0625	0	0.0625	0	0.0625
M7	GADD45A	16	8969:8984	384.523849115244	2.0891537978594	0.156963920436699	0.507776649230802	0.875	0.0625	0	0.0625	0	0.0625
M7	DYNLL1	16	8969:8984	384.523849115244	2.0891537978594	0.156963920436699	0.507776649230802	0.875	0.0625	0	0.0625	0	0.0625
M1	DNAJB1	27	8985:9011	517.763106411339	1.87612744312598	0.313560870597616	0.375937506260659	1	0	0	0	0	0.333333333333333
M1	FOS	27	8985:9011	517.763106411339	1.87612744312598	0.313560870597616	0.375937506260659	1	0	0	0	0	0.333333333333333
M1	SOCS3	27	8985:9011	517.763106411339	1.87612744312598	0.313560870597616	0.375937506260659	1	0	0	0	0	0.333333333333333
M1	FOSB	27	8985:9011	517.763106411339	1.87612744312598	0.313560870597616	0.375937506260659	1	0	0	0	0	0.333333333333333
M1	EGR1	27	8985:9011	517.763106411339	1.87612744312598	0.313560870597616	0.375937506260659	1	0	0	0	0	0.333333333333333
M1	ZFP36	27	8985:9011	517.763106411339	1.87612744312598	0.313560870597616	0.375937506260659	1	0	0	0	0	0.333333333333333
M1	SLC38A2	27	8985:9011	517.763106411339	1.87612744312598	0.313560870597616	0.375937506260659	1	0	0	0	0	0.333333333333333
M1	CYR61	27	8985:9011	517.763106411339	1.87612744312598	0.313560870597616	0.375937506260659	1	0	0	0	0	0.333333333333333
M1	HSPA1A	27	8985:9011	517.763106411339	1.87612744312598	0.313560870597616	0.375937506260659	1	0	0	0	0	0.333333333333333
M1	JUND	27	8985:9011	517.763106411339	1.87612744312598	0.313560870597616	0.375937506260659	1	0	0	0	0	0.333333333333333
M1	DDX3X	27	8985:9011	517.763106411339	1.87612744312598	0.313560870597616	0.375937506260659	1	0	0	0	0	0.333333333333333
M1	IFRD1	27	8985:9011	517.763106411339	1.87612744312598	0.313560870597616	0.375937506260659	1	0	0	0	0	0.333333333333333
M1	HERPUD1	27	8985:9011	517.763106411339	1.87612744312598	0.313560870597616	0.375937506260659	1	0	0	0	0	0.333333333333333
M1	DUSP1	27	8985:9011	517.763106411339	1.87612744312598	0.313560870597616	0.375937506260659	1	0	0	0	0	0.333333333333333
M1	TUBB4B	27	8985:9011	517.763106411339	1.87612744312598	0.313560870597616	0.375937506260659	1	0	0	0	0	0.333333333333333
M1	CDKN1A	27	8985:9011	517.763106411339	1.87612744312598	0.313560870597616	0.375937506260659	1	0	0	0	0	0.333333333333333
M1	KLF4	27	8985:9011	517.763106411339	1.87612744312598	0.313560870597616	0.375937506260659	1	0	0	0	0	0.333333333333333
M1	RHOB	27	8985:9011	517.763106411339	1.87612744312598	0.313560870597616	0.375937506260659	1	0	0	0	0	0.333333333333333
M1	HSPA1B	27	8985:9011	517.763106411339	1.87612744312598	0.313560870597616	0.375937506260659	1	0	0	0	0	0.333333333333333
M1	JUN	27	8985:9011	517.763106411339	1.87612744312598	0.313560870597616	0.375937506260659	1	0	0	0	0	0.333333333333333
M1	JUNB	27	8985:9011	517.763106411339	1.87612744312598	0.313560870597616	0.375937506260659	1	0	0	0	0	0.333333333333333
M1	HSPH1	27	8985:9011	517.763106411339	1.87612744312598	0.313560870597616	0.375937506260659	1	0	0	0	0	0.333333333333333
M1	MCL1	27	8985:9011	517.763106411339	1.87612744312598	0.313560870597616	0.375937506260659	1	0	0	0	0	0.333333333333333
M1	BTG2	27	8985:9011	517.763106411339	1.87612744312598	0.313560870597616	0.375937506260659	1	0	0	0	0	0.333333333333333
M1	ATF3	27	8985:9011	517.763106411339	1.87612744312598	0.313560870597616	0.375937506260659	1	0	0	0	0	0.333333333333333
M1	IER2	27	8985:9011	517.763106411339	1.87612744312598	0.313560870597616	0.375937506260659	1	0	0	0	0	0.333333333333333
M1	EGR3	27	8985:9011	517.763106411339	1.87612744312598	0.313560870597616	0.375937506260659	1	0	0	0	0	0.333333333333333
M11	IER5	15	9012:9026	634.713198292829	1.86469906392483	0.216899610032391	0.214811867012414	1	0	0	0	0	0.266666666666667
M11	KLF10	15	9012:9026	634.713198292829	1.86469906392483	0.216899610032391	0.214811867012414	1	0	0	0	0	0.266666666666667
M11	SRSF7	15	9012:9026	634.713198292829	1.86469906392483	0.216899610032391	0.214811867012414	1	0	0	0	0	0.266666666666667
M11	UBC	15	9012:9026	634.713198292829	1.86469906392483	0.216899610032391	0.214811867012414	1	0	0	0	0	0.266666666666667
M11	SNAI1	15	9012:9026	634.713198292829	1.86469906392483	0.216899610032391	0.214811867012414	1	0	0	0	0	0.266666666666667
M11	DDX5	15	9012:9026	634.713198292829	1.86469906392483	0.216899610032391	0.214811867012414	1	0	0	0	0	0.266666666666667
M11	DUSP5	15	9012:9026	634.713198292829	1.86469906392483	0.216899610032391	0.214811867012414	1	0	0	0	0	0.266666666666667
M11	ADM	15	9012:9026	634.713198292829	1.86469906392483	0.216899610032391	0.214811867012414	1	0	0	0	0	0.266666666666667
M11	HSPA5	15	9012:9026	634.713198292829	1.86469906392483	0.216899610032391	0.214811867012414	1	0	0	0	0	0.266666666666667
M11	UBB	15	9012:9026	634.713198292829	1.86469906392483	0.216899610032391	0.214811867012414	1	0	0	0	0	0.266666666666667
M11	ATF4	15	9012:9026	634.713198292829	1.86469906392483	0.216899610032391	0.214811867012414	1	0	0	0	0	0.266666666666667
M11	EIF1	15	9012:9026	634.713198292829	1.86469906392483	0.216899610032391	0.214811867012414	1	0	0	0	0	0.266666666666667
M11	CSRNP1	15	9012:9026	634.713198292829	1.86469906392483	0.216899610032391	0.214811867012414	1	0	0	0	0	0.266666666666667
M11	GADD45B	15	9012:9026	634.713198292829	1.86469906392483	0.216899610032391	0.214811867012414	1	0	0	0	0	0.266666666666667
M11	IER3	15	9012:9026	634.713198292829	1.86469906392483	0.216899610032391	0.214811867012414	1	0	0	0	0	0.266666666666667
M48	MYLIP	10	9027:9036	59.3186727671298	2.57486280753736	0.103100087337472	0.392518745015604	0.9	0.1	0	0	0	0.1
M48	LSMEM1	10	9027:9036	59.3186727671298	2.57486280753736	0.103100087337472	0.392518745015604	0.9	0.1	0	0	0	0.1
M48	CHORDC1	10	9027:9036	59.3186727671298	2.57486280753736	0.103100087337472	0.392518745015604	0.9	0.1	0	0	0	0.1
M48	MAFB	10	9027:9036	59.3186727671298	2.57486280753736	0.103100087337472	0.392518745015604	0.9	0.1	0	0	0	0.1
M48	RASD1	10	9027:9036	59.3186727671298	2.57486280753736	0.103100087337472	0.392518745015604	0.9	0.1	0	0	0	0.1
M48	LRRC32	10	9027:9036	59.3186727671298	2.57486280753736	0.103100087337472	0.392518745015604	0.9	0.1	0	0	0	0.1
M48	HEXIM1	10	9027:9036	59.3186727671298	2.57486280753736	0.103100087337472	0.392518745015604	0.9	0.1	0	0	0	0.1
M48	MZF1-AS1	10	9027:9036	59.3186727671298	2.57486280753736	0.103100087337472	0.392518745015604	0.9	0.1	0	0	0	0.1
M48	SHISA2	10	9027:9036	59.3186727671298	2.57486280753736	0.103100087337472	0.392518745015604	0.9	0.1	0	0	0	0.1
M48	GEM	10	9027:9036	59.3186727671298	2.57486280753736	0.103100087337472	0.392518745015604	0.9	0.1	0	0	0	0.1
M32	MCM3	11	9037:9047	53.7503724308578	2.57142235381536	0.11754399987224	0.498763558374117	1	0	0	0	0	0.0909090909090909
M32	TCF19	11	9037:9047	53.7503724308578	2.57142235381536	0.11754399987224	0.498763558374117	1	0	0	0	0	0.0909090909090909
M32	AARS	11	9037:9047	53.7503724308578	2.57142235381536	0.11754399987224	0.498763558374117	1	0	0	0	0	0.0909090909090909
M32	GINS2	11	9037:9047	53.7503724308578	2.57142235381536	0.11754399987224	0.498763558374117	1	0	0	0	0	0.0909090909090909
M32	ATXN1L	11	9037:9047	53.7503724308578	2.57142235381536	0.11754399987224	0.498763558374117	1	0	0	0	0	0.0909090909090909
M32	GGCT	11	9037:9047	53.7503724308578	2.57142235381536	0.11754399987224	0.498763558374117	1	0	0	0	0	0.0909090909090909
M32	PCNA	11	9037:9047	53.7503724308578	2.57142235381536	0.11754399987224	0.498763558374117	1	0	0	0	0	0.0909090909090909
M32	DSN1	11	9037:9047	53.7503724308578	2.57142235381536	0.11754399987224	0.498763558374117	1	0	0	0	0	0.0909090909090909
M32	CDCA7	11	9037:9047	53.7503724308578	2.57142235381536	0.11754399987224	0.498763558374117	1	0	0	0	0	0.0909090909090909
M32	ZCCHC24	11	9037:9047	53.7503724308578	2.57142235381536	0.11754399987224	0.498763558374117	1	0	0	0	0	0.0909090909090909
M32	MCM2	11	9037:9047	53.7503724308578	2.57142235381536	0.11754399987224	0.498763558374117	1	0	0	0	0	0.0909090909090909
M49	FTH1P16	10	9048:9057	278.769755180058	1.55570370159656	0.237550785952579	0.388808692645123	0.1	0	0	0.9	0	0
M49	FTH1P5	10	9048:9057	278.769755180058	1.55570370159656	0.237550785952579	0.388808692645123	0.1	0	0	0.9	0	0
M49	FTH1P8	10	9048:9057	278.769755180058	1.55570370159656	0.237550785952579	0.388808692645123	0.1	0	0	0.9	0	0
M49	FTH1P20	10	9048:9057	278.769755180058	1.55570370159656	0.237550785952579	0.388808692645123	0.1	0	0	0.9	0	0
M49	FTH1P7	10	9048:9057	278.769755180058	1.55570370159656	0.237550785952579	0.388808692645123	0.1	0	0	0.9	0	0
M49	FTH1P2	10	9048:9057	278.769755180058	1.55570370159656	0.237550785952579	0.388808692645123	0.1	0	0	0.9	0	0
M49	FTH1P12	10	9048:9057	278.769755180058	1.55570370159656	0.237550785952579	0.388808692645123	0.1	0	0	0.9	0	0
M49	FTH1	10	9048:9057	278.769755180058	1.55570370159656	0.237550785952579	0.388808692645123	0.1	0	0	0.9	0	0
M49	FTH1P10	10	9048:9057	278.769755180058	1.55570370159656	0.237550785952579	0.388808692645123	0.1	0	0	0.9	0	0
M49	FTH1P11	10	9048:9057	278.769755180058	1.55570370159656	0.237550785952579	0.388808692645123	0.1	0	0	0.9	0	0
M8	HLA-B	16	9058:9073	257.250516590785	1.74439017910298	0.0998683257926037	0.592537160073621	0.6875	0	0	0.3125	0	0.0625
M8	RPL34P27	16	9058:9073	257.250516590785	1.74439017910298	0.0998683257926037	0.592537160073621	0.6875	0	0	0.3125	0	0.0625
M8	RPL34P26	16	9058:9073	257.250516590785	1.74439017910298	0.0998683257926037	0.592537160073621	0.6875	0	0	0.3125	0	0.0625
M8	HLA-A	16	9058:9073	257.250516590785	1.74439017910298	0.0998683257926037	0.592537160073621	0.6875	0	0	0.3125	0	0.0625
M8	YIPF3	16	9058:9073	257.250516590785	1.74439017910298	0.0998683257926037	0.592537160073621	0.6875	0	0	0.3125	0	0.0625
M8	HLA-C	16	9058:9073	257.250516590785	1.74439017910298	0.0998683257926037	0.592537160073621	0.6875	0	0	0.3125	0	0.0625
M8	HLA-DPB1	16	9058:9073	257.250516590785	1.74439017910298	0.0998683257926037	0.592537160073621	0.6875	0	0	0.3125	0	0.0625
M8	TUBBP1	16	9058:9073	257.250516590785	1.74439017910298	0.0998683257926037	0.592537160073621	0.6875	0	0	0.3125	0	0.0625
M8	RPL34P31	16	9058:9073	257.250516590785	1.74439017910298	0.0998683257926037	0.592537160073621	0.6875	0	0	0.3125	0	0.0625
M8	KLF6	16	9058:9073	257.250516590785	1.74439017910298	0.0998683257926037	0.592537160073621	0.6875	0	0	0.3125	0	0.0625
M8	TUBB	16	9058:9073	257.250516590785	1.74439017910298	0.0998683257926037	0.592537160073621	0.6875	0	0	0.3125	0	0.0625
M8	B2M	16	9058:9073	257.250516590785	1.74439017910298	0.0998683257926037	0.592537160073621	0.6875	0	0	0.3125	0	0.0625
M8	RPL34P1	16	9058:9073	257.250516590785	1.74439017910298	0.0998683257926037	0.592537160073621	0.6875	0	0	0.3125	0	0.0625
M8	CPM	16	9058:9073	257.250516590785	1.74439017910298	0.0998683257926037	0.592537160073621	0.6875	0	0	0.3125	0	0.0625
M8	TCP1	16	9058:9073	257.250516590785	1.74439017910298	0.0998683257926037	0.592537160073621	0.6875	0	0	0.3125	0	0.0625
M8	IL13RA1	16	9058:9073	257.250516590785	1.74439017910298	0.0998683257926037	0.592537160073621	0.6875	0	0	0.3125	0	0.0625
M33	TMSB10	11	9074:9084	1060.67195404951	1.21527469899767	0.187308363860868	0.402167599283832	1	0	0	0	0	0.0909090909090909
M33	NEDD8	11	9074:9084	1060.67195404951	1.21527469899767	0.187308363860868	0.402167599283832	1	0	0	0	0	0.0909090909090909
M33	MAP4	11	9074:9084	1060.67195404951	1.21527469899767	0.187308363860868	0.402167599283832	1	0	0	0	0	0.0909090909090909
M33	YWHAH	11	9074:9084	1060.67195404951	1.21527469899767	0.187308363860868	0.402167599283832	1	0	0	0	0	0.0909090909090909
M33	HOXA4	11	9074:9084	1060.67195404951	1.21527469899767	0.187308363860868	0.402167599283832	1	0	0	0	0	0.0909090909090909
M33	MYL6	11	9074:9084	1060.67195404951	1.21527469899767	0.187308363860868	0.402167599283832	1	0	0	0	0	0.0909090909090909
M33	PFN1	11	9074:9084	1060.67195404951	1.21527469899767	0.187308363860868	0.402167599283832	1	0	0	0	0	0.0909090909090909
M33	GHITM	11	9074:9084	1060.67195404951	1.21527469899767	0.187308363860868	0.402167599283832	1	0	0	0	0	0.0909090909090909
M33	TUBA1A	11	9074:9084	1060.67195404951	1.21527469899767	0.187308363860868	0.402167599283832	1	0	0	0	0	0.0909090909090909
M33	ILF2	11	9074:9084	1060.67195404951	1.21527469899767	0.187308363860868	0.402167599283832	1	0	0	0	0	0.0909090909090909
M33	TUBA1B	11	9074:9084	1060.67195404951	1.21527469899767	0.187308363860868	0.402167599283832	1	0	0	0	0	0.0909090909090909
M14	CXCL14	14	9085:9098	262.485097081913	1.90078812999171	0.112428340417518	0.620983332718199	1	0	0	0	0	0
M14	TMEM176B	14	9085:9098	262.485097081913	1.90078812999171	0.112428340417518	0.620983332718199	1	0	0	0	0	0
M14	RBP1	14	9085:9098	262.485097081913	1.90078812999171	0.112428340417518	0.620983332718199	1	0	0	0	0	0
M14	MMP10	14	9085:9098	262.485097081913	1.90078812999171	0.112428340417518	0.620983332718199	1	0	0	0	0	0
M14	OLFM1	14	9085:9098	262.485097081913	1.90078812999171	0.112428340417518	0.620983332718199	1	0	0	0	0	0
M14	NSG1	14	9085:9098	262.485097081913	1.90078812999171	0.112428340417518	0.620983332718199	1	0	0	0	0	0
M14	PDPN	14	9085:9098	262.485097081913	1.90078812999171	0.112428340417518	0.620983332718199	1	0	0	0	0	0
M14	HS3ST3B1	14	9085:9098	262.485097081913	1.90078812999171	0.112428340417518	0.620983332718199	1	0	0	0	0	0
M14	CSMD3	14	9085:9098	262.485097081913	1.90078812999171	0.112428340417518	0.620983332718199	1	0	0	0	0	0
M14	CDH13	14	9085:9098	262.485097081913	1.90078812999171	0.112428340417518	0.620983332718199	1	0	0	0	0	0
M14	CNPPD1	14	9085:9098	262.485097081913	1.90078812999171	0.112428340417518	0.620983332718199	1	0	0	0	0	0
M14	SPTAN1	14	9085:9098	262.485097081913	1.90078812999171	0.112428340417518	0.620983332718199	1	0	0	0	0	0
M14	TMEM176A	14	9085:9098	262.485097081913	1.90078812999171	0.112428340417518	0.620983332718199	1	0	0	0	0	0
M14	TBXAS1	14	9085:9098	262.485097081913	1.90078812999171	0.112428340417518	0.620983332718199	1	0	0	0	0	0
M23	LCOR	12	9099:9110	412.393627878644	1.08997872667742	0.0837036045178668	0.512733435132809	1	0	0	0	0	0.166666666666667
M23	RBMS3	12	9099:9110	412.393627878644	1.08997872667742	0.0837036045178668	0.512733435132809	1	0	0	0	0	0.166666666666667
M23	NSD3	12	9099:9110	412.393627878644	1.08997872667742	0.0837036045178668	0.512733435132809	1	0	0	0	0	0.166666666666667
M23	RC3H1	12	9099:9110	412.393627878644	1.08997872667742	0.0837036045178668	0.512733435132809	1	0	0	0	0	0.166666666666667
M23	KMT2A	12	9099:9110	412.393627878644	1.08997872667742	0.0837036045178668	0.512733435132809	1	0	0	0	0	0.166666666666667
M23	BPTF	12	9099:9110	412.393627878644	1.08997872667742	0.0837036045178668	0.512733435132809	1	0	0	0	0	0.166666666666667
M23	PLXDC2	12	9099:9110	412.393627878644	1.08997872667742	0.0837036045178668	0.512733435132809	1	0	0	0	0	0.166666666666667
M23	DST	12	9099:9110	412.393627878644	1.08997872667742	0.0837036045178668	0.512733435132809	1	0	0	0	0	0.166666666666667
M23	FAT4	12	9099:9110	412.393627878644	1.08997872667742	0.0837036045178668	0.512733435132809	1	0	0	0	0	0.166666666666667
M23	ADGRL3	12	9099:9110	412.393627878644	1.08997872667742	0.0837036045178668	0.512733435132809	1	0	0	0	0	0.166666666666667
M23	HOXB3	12	9099:9110	412.393627878644	1.08997872667742	0.0837036045178668	0.512733435132809	1	0	0	0	0	0.166666666666667
M23	SEMA5A	12	9099:9110	412.393627878644	1.08997872667742	0.0837036045178668	0.512733435132809	1	0	0	0	0	0.166666666666667
M34	ZEB2	11	9111:9121	346.125561057348	1.12920768855376	0.109668939057697	0.411884584419367	1	0	0	0	0	0.363636363636364
M34	LIFR	11	9111:9121	346.125561057348	1.12920768855376	0.109668939057697	0.411884584419367	1	0	0	0	0	0.363636363636364
M34	CDH11	11	9111:9121	346.125561057348	1.12920768855376	0.109668939057697	0.411884584419367	1	0	0	0	0	0.363636363636364
M34	COL14A1	11	9111:9121	346.125561057348	1.12920768855376	0.109668939057697	0.411884584419367	1	0	0	0	0	0.363636363636364
M34	SEPT7	11	9111:9121	346.125561057348	1.12920768855376	0.109668939057697	0.411884584419367	1	0	0	0	0	0.363636363636364
M34	BNC2	11	9111:9121	346.125561057348	1.12920768855376	0.109668939057697	0.411884584419367	1	0	0	0	0	0.363636363636364
M34	PLAGL1	11	9111:9121	346.125561057348	1.12920768855376	0.109668939057697	0.411884584419367	1	0	0	0	0	0.363636363636364
M34	ZFR	11	9111:9121	346.125561057348	1.12920768855376	0.109668939057697	0.411884584419367	1	0	0	0	0	0.363636363636364
M34	TET1	11	9111:9121	346.125561057348	1.12920768855376	0.109668939057697	0.411884584419367	1	0	0	0	0	0.363636363636364
M34	REV3L	11	9111:9121	346.125561057348	1.12920768855376	0.109668939057697	0.411884584419367	1	0	0	0	0	0.363636363636364
M34	PBX1	11	9111:9121	346.125561057348	1.12920768855376	0.109668939057697	0.411884584419367	1	0	0	0	0	0.363636363636364
M50	U2SURP	10	9122:9131	558.433983415952	1.02491404270198	0.0853410489163414	0.444588842975731	1	0	0	0	0	0.3
M50	NOVA1	10	9122:9131	558.433983415952	1.02491404270198	0.0853410489163414	0.444588842975731	1	0	0	0	0	0.3
M50	KIAA2026	10	9122:9131	558.433983415952	1.02491404270198	0.0853410489163414	0.444588842975731	1	0	0	0	0	0.3
M50	NFIA	10	9122:9131	558.433983415952	1.02491404270198	0.0853410489163414	0.444588842975731	1	0	0	0	0	0.3
M50	ADD3	10	9122:9131	558.433983415952	1.02491404270198	0.0853410489163414	0.444588842975731	1	0	0	0	0	0.3
M50	TCF4	10	9122:9131	558.433983415952	1.02491404270198	0.0853410489163414	0.444588842975731	1	0	0	0	0	0.3
M50	CUL3	10	9122:9131	558.433983415952	1.02491404270198	0.0853410489163414	0.444588842975731	1	0	0	0	0	0.3
M50	SMARCA5	10	9122:9131	558.433983415952	1.02491404270198	0.0853410489163414	0.444588842975731	1	0	0	0	0	0.3
M50	BAZ2B	10	9122:9131	558.433983415952	1.02491404270198	0.0853410489163414	0.444588842975731	1	0	0	0	0	0.3
M50	PAPOLA	10	9122:9131	558.433983415952	1.02491404270198	0.0853410489163414	0.444588842975731	1	0	0	0	0	0.3
M35	NBPF15	11	9132:9142	123.305817851192	1.3112051006801	0.323667110504848	0.507117523611459	0.818181818181818	0	0	0.181818181818182	0	0
M35	NBPF9	11	9132:9142	123.305817851192	1.3112051006801	0.323667110504848	0.507117523611459	0.818181818181818	0	0	0.181818181818182	0	0
M35	NBPF14	11	9132:9142	123.305817851192	1.3112051006801	0.323667110504848	0.507117523611459	0.818181818181818	0	0	0.181818181818182	0	0
M35	NBPF20	11	9132:9142	123.305817851192	1.3112051006801	0.323667110504848	0.507117523611459	0.818181818181818	0	0	0.181818181818182	0	0
M35	NBPF8	11	9132:9142	123.305817851192	1.3112051006801	0.323667110504848	0.507117523611459	0.818181818181818	0	0	0.181818181818182	0	0
M35	NBPF11	11	9132:9142	123.305817851192	1.3112051006801	0.323667110504848	0.507117523611459	0.818181818181818	0	0	0.181818181818182	0	0
M35	NBPF12	11	9132:9142	123.305817851192	1.3112051006801	0.323667110504848	0.507117523611459	0.818181818181818	0	0	0.181818181818182	0	0
M35	NBPF10	11	9132:9142	123.305817851192	1.3112051006801	0.323667110504848	0.507117523611459	0.818181818181818	0	0	0.181818181818182	0	0
M35	NBPF26	11	9132:9142	123.305817851192	1.3112051006801	0.323667110504848	0.507117523611459	0.818181818181818	0	0	0.181818181818182	0	0
M35	NBPF25P	11	9132:9142	123.305817851192	1.3112051006801	0.323667110504848	0.507117523611459	0.818181818181818	0	0	0.181818181818182	0	0
M35	NBPF19	11	9132:9142	123.305817851192	1.3112051006801	0.323667110504848	0.507117523611459	0.818181818181818	0	0	0.181818181818182	0	0
M36	AC240274.1	11	9143:9153	135.567095944642	1.30967299379968	0.073688575862425	0.848740445923952	1	0	0	0	0	0
M36	NBPF1	11	9143:9153	135.567095944642	1.30967299379968	0.073688575862425	0.848740445923952	1	0	0	0	0	0
M36	ZADH2	11	9143:9153	135.567095944642	1.30967299379968	0.073688575862425	0.848740445923952	1	0	0	0	0	0
M36	KCTD3	11	9143:9153	135.567095944642	1.30967299379968	0.073688575862425	0.848740445923952	1	0	0	0	0	0
M36	SEPT10	11	9143:9153	135.567095944642	1.30967299379968	0.073688575862425	0.848740445923952	1	0	0	0	0	0
M36	JAK1	11	9143:9153	135.567095944642	1.30967299379968	0.073688575862425	0.848740445923952	1	0	0	0	0	0
M36	HP1BP3	11	9143:9153	135.567095944642	1.30967299379968	0.073688575862425	0.848740445923952	1	0	0	0	0	0
M36	SENP6	11	9143:9153	135.567095944642	1.30967299379968	0.073688575862425	0.848740445923952	1	0	0	0	0	0
M36	SBF2	11	9143:9153	135.567095944642	1.30967299379968	0.073688575862425	0.848740445923952	1	0	0	0	0	0
M36	SMCHD1	11	9143:9153	135.567095944642	1.30967299379968	0.073688575862425	0.848740445923952	1	0	0	0	0	0
M36	BNIP3L	11	9143:9153	135.567095944642	1.30967299379968	0.073688575862425	0.848740445923952	1	0	0	0	0	0
M24	TOP2B	12	9154:9165	233.122376344328	1.18772377293491	0.0779370969437792	0.412880472639894	1	0	0	0	0	0.0833333333333333
M24	NBEA	12	9154:9165	233.122376344328	1.18772377293491	0.0779370969437792	0.412880472639894	1	0	0	0	0	0.0833333333333333
M24	STAG1	12	9154:9165	233.122376344328	1.18772377293491	0.0779370969437792	0.412880472639894	1	0	0	0	0	0.0833333333333333
M24	CHD9	12	9154:9165	233.122376344328	1.18772377293491	0.0779370969437792	0.412880472639894	1	0	0	0	0	0.0833333333333333
M24	NIPBL	12	9154:9165	233.122376344328	1.18772377293491	0.0779370969437792	0.412880472639894	1	0	0	0	0	0.0833333333333333
M24	IGF2BP2	12	9154:9165	233.122376344328	1.18772377293491	0.0779370969437792	0.412880472639894	1	0	0	0	0	0.0833333333333333
M24	NFAT5	12	9154:9165	233.122376344328	1.18772377293491	0.0779370969437792	0.412880472639894	1	0	0	0	0	0.0833333333333333
M24	TROVE2	12	9154:9165	233.122376344328	1.18772377293491	0.0779370969437792	0.412880472639894	1	0	0	0	0	0.0833333333333333
M24	GPATCH8	12	9154:9165	233.122376344328	1.18772377293491	0.0779370969437792	0.412880472639894	1	0	0	0	0	0.0833333333333333
M24	DOCK1	12	9154:9165	233.122376344328	1.18772377293491	0.0779370969437792	0.412880472639894	1	0	0	0	0	0.0833333333333333
M24	SEPT11	12	9154:9165	233.122376344328	1.18772377293491	0.0779370969437792	0.412880472639894	1	0	0	0	0	0.0833333333333333
M24	TBL1XR1	12	9154:9165	233.122376344328	1.18772377293491	0.0779370969437792	0.412880472639894	1	0	0	0	0	0.0833333333333333
M51	SEC31A	10	9166:9175	177.02830289104	1.27578468237931	0.0777998864471349	0.414952803472054	1	0	0	0	0	0.2
M51	EPS15	10	9166:9175	177.02830289104	1.27578468237931	0.0777998864471349	0.414952803472054	1	0	0	0	0	0.2
M51	MDFIC	10	9166:9175	177.02830289104	1.27578468237931	0.0777998864471349	0.414952803472054	1	0	0	0	0	0.2
M51	BBX	10	9166:9175	177.02830289104	1.27578468237931	0.0777998864471349	0.414952803472054	1	0	0	0	0	0.2
M51	TAF2	10	9166:9175	177.02830289104	1.27578468237931	0.0777998864471349	0.414952803472054	1	0	0	0	0	0.2
M51	ASH1L	10	9166:9175	177.02830289104	1.27578468237931	0.0777998864471349	0.414952803472054	1	0	0	0	0	0.2
M51	OSBPL8	10	9166:9175	177.02830289104	1.27578468237931	0.0777998864471349	0.414952803472054	1	0	0	0	0	0.2
M51	ZNF280D	10	9166:9175	177.02830289104	1.27578468237931	0.0777998864471349	0.414952803472054	1	0	0	0	0	0.2
M51	KDM5B	10	9166:9175	177.02830289104	1.27578468237931	0.0777998864471349	0.414952803472054	1	0	0	0	0	0.2
M51	PHACTR2	10	9166:9175	177.02830289104	1.27578468237931	0.0777998864471349	0.414952803472054	1	0	0	0	0	0.2
M15	NKTR	14	9176:9189	520.747763857922	1.30067180718215	0.0914683557751488	0.556594059067792	0.642857142857143	0.357142857142857	0	0	0	0
M15	SLC25A36	14	9176:9189	520.747763857922	1.30067180718215	0.0914683557751488	0.556594059067792	0.642857142857143	0.357142857142857	0	0	0	0
M15	SRRM1	14	9176:9189	520.747763857922	1.30067180718215	0.0914683557751488	0.556594059067792	0.642857142857143	0.357142857142857	0	0	0	0
M15	LUC7L3	14	9176:9189	520.747763857922	1.30067180718215	0.0914683557751488	0.556594059067792	0.642857142857143	0.357142857142857	0	0	0	0
M15	MEG3	14	9176:9189	520.747763857922	1.30067180718215	0.0914683557751488	0.556594059067792	0.642857142857143	0.357142857142857	0	0	0	0
M15	PUM2	14	9176:9189	520.747763857922	1.30067180718215	0.0914683557751488	0.556594059067792	0.642857142857143	0.357142857142857	0	0	0	0
M15	NR2F2-AS1	14	9176:9189	520.747763857922	1.30067180718215	0.0914683557751488	0.556594059067792	0.642857142857143	0.357142857142857	0	0	0	0
M15	SCAF11	14	9176:9189	520.747763857922	1.30067180718215	0.0914683557751488	0.556594059067792	0.642857142857143	0.357142857142857	0	0	0	0
M15	WSB1	14	9176:9189	520.747763857922	1.30067180718215	0.0914683557751488	0.556594059067792	0.642857142857143	0.357142857142857	0	0	0	0
M15	KCNQ1OT1	14	9176:9189	520.747763857922	1.30067180718215	0.0914683557751488	0.556594059067792	0.642857142857143	0.357142857142857	0	0	0	0
M15	RP11-107E5.3	14	9176:9189	520.747763857922	1.30067180718215	0.0914683557751488	0.556594059067792	0.642857142857143	0.357142857142857	0	0	0	0
M15	NEAT1	14	9176:9189	520.747763857922	1.30067180718215	0.0914683557751488	0.556594059067792	0.642857142857143	0.357142857142857	0	0	0	0
M15	LRCH3	14	9176:9189	520.747763857922	1.30067180718215	0.0914683557751488	0.556594059067792	0.642857142857143	0.357142857142857	0	0	0	0
M15	SRSF11	14	9176:9189	520.747763857922	1.30067180718215	0.0914683557751488	0.556594059067792	0.642857142857143	0.357142857142857	0	0	0	0
M52	TNRC6C	10	9190:9199	128.468452425006	1.67047016171133	0.0691964840734606	0.503932660607532	0.9	0.1	0	0	0	0.2
M52	ZNF638	10	9190:9199	128.468452425006	1.67047016171133	0.0691964840734606	0.503932660607532	0.9	0.1	0	0	0	0.2
M52	SOBP	10	9190:9199	128.468452425006	1.67047016171133	0.0691964840734606	0.503932660607532	0.9	0.1	0	0	0	0.2
M52	THUMPD3-AS1	10	9190:9199	128.468452425006	1.67047016171133	0.0691964840734606	0.503932660607532	0.9	0.1	0	0	0	0.2
M52	PRPF40A	10	9190:9199	128.468452425006	1.67047016171133	0.0691964840734606	0.503932660607532	0.9	0.1	0	0	0	0.2
M52	NPAS3	10	9190:9199	128.468452425006	1.67047016171133	0.0691964840734606	0.503932660607532	0.9	0.1	0	0	0	0.2
M52	SLIT2	10	9190:9199	128.468452425006	1.67047016171133	0.0691964840734606	0.503932660607532	0.9	0.1	0	0	0	0.2
M52	ALDH1A3	10	9190:9199	128.468452425006	1.67047016171133	0.0691964840734606	0.503932660607532	0.9	0.1	0	0	0	0.2
M52	KDM3B	10	9190:9199	128.468452425006	1.67047016171133	0.0691964840734606	0.503932660607532	0.9	0.1	0	0	0	0.2
M52	HOXA5	10	9190:9199	128.468452425006	1.67047016171133	0.0691964840734606	0.503932660607532	0.9	0.1	0	0	0	0.2
M53	C1QTNF7	10	9200:9209	74.5701000358515	2.50537405518343	0.101058732100851	0.55568289419601	1	0	0	0	0	0
M53	SAMD5	10	9200:9209	74.5701000358515	2.50537405518343	0.101058732100851	0.55568289419601	1	0	0	0	0	0
M53	GPC3	10	9200:9209	74.5701000358515	2.50537405518343	0.101058732100851	0.55568289419601	1	0	0	0	0	0
M53	FREM1	10	9200:9209	74.5701000358515	2.50537405518343	0.101058732100851	0.55568289419601	1	0	0	0	0	0
M53	GAS1	10	9200:9209	74.5701000358515	2.50537405518343	0.101058732100851	0.55568289419601	1	0	0	0	0	0
M53	ATXN7L1	10	9200:9209	74.5701000358515	2.50537405518343	0.101058732100851	0.55568289419601	1	0	0	0	0	0
M53	TAOK3	10	9200:9209	74.5701000358515	2.50537405518343	0.101058732100851	0.55568289419601	1	0	0	0	0	0
M53	COL6A5	10	9200:9209	74.5701000358515	2.50537405518343	0.101058732100851	0.55568289419601	1	0	0	0	0	0
M53	RERG	10	9200:9209	74.5701000358515	2.50537405518343	0.101058732100851	0.55568289419601	1	0	0	0	0	0
M53	L1TD1	10	9200:9209	74.5701000358515	2.50537405518343	0.101058732100851	0.55568289419601	1	0	0	0	0	0
M54	RPL21P1	10	9210:9219	55.8596436932744	2.3115097937298	0.155315933431806	0.41254624405059	0.1	0	0	0.9	0	0
M54	RPL21P28	10	9210:9219	55.8596436932744	2.3115097937298	0.155315933431806	0.41254624405059	0.1	0	0	0.9	0	0
M54	RP11-734J24.1	10	9210:9219	55.8596436932744	2.3115097937298	0.155315933431806	0.41254624405059	0.1	0	0	0.9	0	0
M54	RP11-151F5.2	10	9210:9219	55.8596436932744	2.3115097937298	0.155315933431806	0.41254624405059	0.1	0	0	0.9	0	0
M54	RPL21P16	10	9210:9219	55.8596436932744	2.3115097937298	0.155315933431806	0.41254624405059	0.1	0	0	0.9	0	0
M54	RPL21P119	10	9210:9219	55.8596436932744	2.3115097937298	0.155315933431806	0.41254624405059	0.1	0	0	0.9	0	0
M54	RP11-613M5.2	10	9210:9219	55.8596436932744	2.3115097937298	0.155315933431806	0.41254624405059	0.1	0	0	0.9	0	0
M54	RPL21	10	9210:9219	55.8596436932744	2.3115097937298	0.155315933431806	0.41254624405059	0.1	0	0	0.9	0	0
M54	RPL21P75	10	9210:9219	55.8596436932744	2.3115097937298	0.155315933431806	0.41254624405059	0.1	0	0	0.9	0	0
M54	RP11-366M4.1	10	9210:9219	55.8596436932744	2.3115097937298	0.155315933431806	0.41254624405059	0.1	0	0	0.9	0	0
M25	RAD21	12	9220:9231	174.806108900049	1.42714161188698	0.106817346989724	1.20338079720747	0.75	0	0	0.25	0	0.25
M25	PAXBP1	12	9220:9231	174.806108900049	1.42714161188698	0.106817346989724	1.20338079720747	0.75	0	0	0.25	0	0.25
M25	LRRC41	12	9220:9231	174.806108900049	1.42714161188698	0.106817346989724	1.20338079720747	0.75	0	0	0.25	0	0.25
M25	MEF2A	12	9220:9231	174.806108900049	1.42714161188698	0.106817346989724	1.20338079720747	0.75	0	0	0.25	0	0.25
M25	TOX	12	9220:9231	174.806108900049	1.42714161188698	0.106817346989724	1.20338079720747	0.75	0	0	0.25	0	0.25
M25	EIF4BP7	12	9220:9231	174.806108900049	1.42714161188698	0.106817346989724	1.20338079720747	0.75	0	0	0.25	0	0.25
M25	RBMS1	12	9220:9231	174.806108900049	1.42714161188698	0.106817346989724	1.20338079720747	0.75	0	0	0.25	0	0.25
M25	VPS26A	12	9220:9231	174.806108900049	1.42714161188698	0.106817346989724	1.20338079720747	0.75	0	0	0.25	0	0.25
M25	EIF4BP6	12	9220:9231	174.806108900049	1.42714161188698	0.106817346989724	1.20338079720747	0.75	0	0	0.25	0	0.25
M25	RPP14	12	9220:9231	174.806108900049	1.42714161188698	0.106817346989724	1.20338079720747	0.75	0	0	0.25	0	0.25
M25	EIF4BP3	12	9220:9231	174.806108900049	1.42714161188698	0.106817346989724	1.20338079720747	0.75	0	0	0.25	0	0.25
M25	EIF4B	12	9220:9231	174.806108900049	1.42714161188698	0.106817346989724	1.20338079720747	0.75	0	0	0.25	0	0.25
M17	RP11-592N21.1	13	9232:9244	171.161881786068	1.63425716830942	0.118098816041312	0.854224318103041	0.230769230769231	0	0	0.769230769230769	0	0
M17	RP11-234A1.1	13	9232:9244	171.161881786068	1.63425716830942	0.118098816041312	0.854224318103041	0.230769230769231	0	0	0.769230769230769	0	0
M17	RP4-706A16.3	13	9232:9244	171.161881786068	1.63425716830942	0.118098816041312	0.854224318103041	0.230769230769231	0	0	0.769230769230769	0	0
M17	AC144530.1	13	9232:9244	171.161881786068	1.63425716830942	0.118098816041312	0.854224318103041	0.230769230769231	0	0	0.769230769230769	0	0
M17	RPL41P2	13	9232:9244	171.161881786068	1.63425716830942	0.118098816041312	0.854224318103041	0.230769230769231	0	0	0.769230769230769	0	0
M17	RPS18	13	9232:9244	171.161881786068	1.63425716830942	0.118098816041312	0.854224318103041	0.230769230769231	0	0	0.769230769230769	0	0
M17	RP11-641D5.1	13	9232:9244	171.161881786068	1.63425716830942	0.118098816041312	0.854224318103041	0.230769230769231	0	0	0.769230769230769	0	0
M17	RP11-20O24.4	13	9232:9244	171.161881786068	1.63425716830942	0.118098816041312	0.854224318103041	0.230769230769231	0	0	0.769230769230769	0	0
M17	RPL41	13	9232:9244	171.161881786068	1.63425716830942	0.118098816041312	0.854224318103041	0.230769230769231	0	0	0.769230769230769	0	0
M17	RPL17P50	13	9232:9244	171.161881786068	1.63425716830942	0.118098816041312	0.854224318103041	0.230769230769231	0	0	0.769230769230769	0	0
M17	RPS5	13	9232:9244	171.161881786068	1.63425716830942	0.118098816041312	0.854224318103041	0.230769230769231	0	0	0.769230769230769	0	0
M17	CTD-2218G20.1	13	9232:9244	171.161881786068	1.63425716830942	0.118098816041312	0.854224318103041	0.230769230769231	0	0	0.769230769230769	0	0
M17	RPL17P36	13	9232:9244	171.161881786068	1.63425716830942	0.118098816041312	0.854224318103041	0.230769230769231	0	0	0.769230769230769	0	0
M3	RPL8	22	9245:9266	1084.11204284581	0.700689763123689	0.167672402415781	0.502150857417074	0.954545454545455	0	0	0.0454545454545455	0	0
M3	RPL34	22	9245:9266	1084.11204284581	0.700689763123689	0.167672402415781	0.502150857417074	0.954545454545455	0	0	0.0454545454545455	0	0
M3	UQCRB	22	9245:9266	1084.11204284581	0.700689763123689	0.167672402415781	0.502150857417074	0.954545454545455	0	0	0.0454545454545455	0	0
M3	RPS21	22	9245:9266	1084.11204284581	0.700689763123689	0.167672402415781	0.502150857417074	0.954545454545455	0	0	0.0454545454545455	0	0
M3	RPS16	22	9245:9266	1084.11204284581	0.700689763123689	0.167672402415781	0.502150857417074	0.954545454545455	0	0	0.0454545454545455	0	0
M3	RPS17	22	9245:9266	1084.11204284581	0.700689763123689	0.167672402415781	0.502150857417074	0.954545454545455	0	0	0.0454545454545455	0	0
M3	RPL14P1	22	9245:9266	1084.11204284581	0.700689763123689	0.167672402415781	0.502150857417074	0.954545454545455	0	0	0.0454545454545455	0	0
M3	RPL36	22	9245:9266	1084.11204284581	0.700689763123689	0.167672402415781	0.502150857417074	0.954545454545455	0	0	0.0454545454545455	0	0
M3	RPL19	22	9245:9266	1084.11204284581	0.700689763123689	0.167672402415781	0.502150857417074	0.954545454545455	0	0	0.0454545454545455	0	0
M3	COX7C	22	9245:9266	1084.11204284581	0.700689763123689	0.167672402415781	0.502150857417074	0.954545454545455	0	0	0.0454545454545455	0	0
M3	RPL27A	22	9245:9266	1084.11204284581	0.700689763123689	0.167672402415781	0.502150857417074	0.954545454545455	0	0	0.0454545454545455	0	0
M3	EEF2	22	9245:9266	1084.11204284581	0.700689763123689	0.167672402415781	0.502150857417074	0.954545454545455	0	0	0.0454545454545455	0	0
M3	GLTSCR2	22	9245:9266	1084.11204284581	0.700689763123689	0.167672402415781	0.502150857417074	0.954545454545455	0	0	0.0454545454545455	0	0
M3	RPL14	22	9245:9266	1084.11204284581	0.700689763123689	0.167672402415781	0.502150857417074	0.954545454545455	0	0	0.0454545454545455	0	0
M3	RPS12	22	9245:9266	1084.11204284581	0.700689763123689	0.167672402415781	0.502150857417074	0.954545454545455	0	0	0.0454545454545455	0	0
M3	RPS3	22	9245:9266	1084.11204284581	0.700689763123689	0.167672402415781	0.502150857417074	0.954545454545455	0	0	0.0454545454545455	0	0
M3	RPLP1	22	9245:9266	1084.11204284581	0.700689763123689	0.167672402415781	0.502150857417074	0.954545454545455	0	0	0.0454545454545455	0	0
M3	RPLP2	22	9245:9266	1084.11204284581	0.700689763123689	0.167672402415781	0.502150857417074	0.954545454545455	0	0	0.0454545454545455	0	0
M3	NAP1L1	22	9245:9266	1084.11204284581	0.700689763123689	0.167672402415781	0.502150857417074	0.954545454545455	0	0	0.0454545454545455	0	0
M3	ATP5I	22	9245:9266	1084.11204284581	0.700689763123689	0.167672402415781	0.502150857417074	0.954545454545455	0	0	0.0454545454545455	0	0
M3	COX6C	22	9245:9266	1084.11204284581	0.700689763123689	0.167672402415781	0.502150857417074	0.954545454545455	0	0	0.0454545454545455	0	0
M3	RPL11	22	9245:9266	1084.11204284581	0.700689763123689	0.167672402415781	0.502150857417074	0.954545454545455	0	0	0.0454545454545455	0	0
M55	HNRNPA1P48	10	9267:9276	1700.48025827276	0.485402417565669	0.283590101576524	0.426721898646805	0.7	0	0	0.3	0	0
M55	RPS6	10	9267:9276	1700.48025827276	0.485402417565669	0.283590101576524	0.426721898646805	0.7	0	0	0.3	0	0
M55	RPL3P4	10	9267:9276	1700.48025827276	0.485402417565669	0.283590101576524	0.426721898646805	0.7	0	0	0.3	0	0
M55	RPL3	10	9267:9276	1700.48025827276	0.485402417565669	0.283590101576524	0.426721898646805	0.7	0	0	0.3	0	0
M55	RPL9P9	10	9267:9276	1700.48025827276	0.485402417565669	0.283590101576524	0.426721898646805	0.7	0	0	0.3	0	0
M55	TPT1	10	9267:9276	1700.48025827276	0.485402417565669	0.283590101576524	0.426721898646805	0.7	0	0	0.3	0	0
M55	HNRNPA1	10	9267:9276	1700.48025827276	0.485402417565669	0.283590101576524	0.426721898646805	0.7	0	0	0.3	0	0
M55	RPS8	10	9267:9276	1700.48025827276	0.485402417565669	0.283590101576524	0.426721898646805	0.7	0	0	0.3	0	0
M55	RPL9	10	9267:9276	1700.48025827276	0.485402417565669	0.283590101576524	0.426721898646805	0.7	0	0	0.3	0	0
M55	RPL26	10	9267:9276	1700.48025827276	0.485402417565669	0.283590101576524	0.426721898646805	0.7	0	0	0.3	0	0
M26	RPS24	12	9277:9288	1012.83475094936	0.599870777002031	0.247779056370017	0.314732903686623	0.916666666666667	0	0	0.0833333333333333	0	0
M26	RPL32	12	9277:9288	1012.83475094936	0.599870777002031	0.247779056370017	0.314732903686623	0.916666666666667	0	0	0.0833333333333333	0	0
M26	RPL37A	12	9277:9288	1012.83475094936	0.599870777002031	0.247779056370017	0.314732903686623	0.916666666666667	0	0	0.0833333333333333	0	0
M26	RPL5	12	9277:9288	1012.83475094936	0.599870777002031	0.247779056370017	0.314732903686623	0.916666666666667	0	0	0.0833333333333333	0	0
M26	RPS20	12	9277:9288	1012.83475094936	0.599870777002031	0.247779056370017	0.314732903686623	0.916666666666667	0	0	0.0833333333333333	0	0
M26	RPL31	12	9277:9288	1012.83475094936	0.599870777002031	0.247779056370017	0.314732903686623	0.916666666666667	0	0	0.0833333333333333	0	0
M26	RPS23	12	9277:9288	1012.83475094936	0.599870777002031	0.247779056370017	0.314732903686623	0.916666666666667	0	0	0.0833333333333333	0	0
M26	RPS27A	12	9277:9288	1012.83475094936	0.599870777002031	0.247779056370017	0.314732903686623	0.916666666666667	0	0	0.0833333333333333	0	0
M26	RPL23	12	9277:9288	1012.83475094936	0.599870777002031	0.247779056370017	0.314732903686623	0.916666666666667	0	0	0.0833333333333333	0	0
M26	RPL4	12	9277:9288	1012.83475094936	0.599870777002031	0.247779056370017	0.314732903686623	0.916666666666667	0	0	0.0833333333333333	0	0
M26	RPL27	12	9277:9288	1012.83475094936	0.599870777002031	0.247779056370017	0.314732903686623	0.916666666666667	0	0	0.0833333333333333	0	0
M26	RPS23P8	12	9277:9288	1012.83475094936	0.599870777002031	0.247779056370017	0.314732903686623	0.916666666666667	0	0	0.0833333333333333	0	0
M6	MDGA2	18	9289:9306	537.032850982502	1.85365492834701	0.191679256558045	0.439286379050783	1	0	0	0	0	0.0555555555555556
M6	FN1	18	9289:9306	537.032850982502	1.85365492834701	0.191679256558045	0.439286379050783	1	0	0	0	0	0.0555555555555556
M6	ROBO2	18	9289:9306	537.032850982502	1.85365492834701	0.191679256558045	0.439286379050783	1	0	0	0	0	0.0555555555555556
M6	CHD3	18	9289:9306	537.032850982502	1.85365492834701	0.191679256558045	0.439286379050783	1	0	0	0	0	0.0555555555555556
M6	DSEL	18	9289:9306	537.032850982502	1.85365492834701	0.191679256558045	0.439286379050783	1	0	0	0	0	0.0555555555555556
M6	COL24A1	18	9289:9306	537.032850982502	1.85365492834701	0.191679256558045	0.439286379050783	1	0	0	0	0	0.0555555555555556
M6	ABI3BP	18	9289:9306	537.032850982502	1.85365492834701	0.191679256558045	0.439286379050783	1	0	0	0	0	0.0555555555555556
M6	DPYSL3	18	9289:9306	537.032850982502	1.85365492834701	0.191679256558045	0.439286379050783	1	0	0	0	0	0.0555555555555556
M6	LRRC7	18	9289:9306	537.032850982502	1.85365492834701	0.191679256558045	0.439286379050783	1	0	0	0	0	0.0555555555555556
M6	SH3BP4	18	9289:9306	537.032850982502	1.85365492834701	0.191679256558045	0.439286379050783	1	0	0	0	0	0.0555555555555556
M6	PID1	18	9289:9306	537.032850982502	1.85365492834701	0.191679256558045	0.439286379050783	1	0	0	0	0	0.0555555555555556
M6	PCDH11X	18	9289:9306	537.032850982502	1.85365492834701	0.191679256558045	0.439286379050783	1	0	0	0	0	0.0555555555555556
M6	FBLN1	18	9289:9306	537.032850982502	1.85365492834701	0.191679256558045	0.439286379050783	1	0	0	0	0	0.0555555555555556
M6	TNC	18	9289:9306	537.032850982502	1.85365492834701	0.191679256558045	0.439286379050783	1	0	0	0	0	0.0555555555555556
M6	SRPX	18	9289:9306	537.032850982502	1.85365492834701	0.191679256558045	0.439286379050783	1	0	0	0	0	0.0555555555555556
M6	NR2F1	18	9289:9306	537.032850982502	1.85365492834701	0.191679256558045	0.439286379050783	1	0	0	0	0	0.0555555555555556
M6	COL21A1	18	9289:9306	537.032850982502	1.85365492834701	0.191679256558045	0.439286379050783	1	0	0	0	0	0.0555555555555556
M6	ASPA	18	9289:9306	537.032850982502	1.85365492834701	0.191679256558045	0.439286379050783	1	0	0	0	0	0.0555555555555556
M27	WNT2B	12	9307:9318	88.9325242629578	2.20155991883906	0.121197514891731	0.374260055103562	0.833333333333333	0.166666666666667	0	0	0	0.0833333333333333
M27	VCAM1	12	9307:9318	88.9325242629578	2.20155991883906	0.121197514891731	0.374260055103562	0.833333333333333	0.166666666666667	0	0	0	0.0833333333333333
M27	MAF	12	9307:9318	88.9325242629578	2.20155991883906	0.121197514891731	0.374260055103562	0.833333333333333	0.166666666666667	0	0	0	0.0833333333333333
M27	FLRT2	12	9307:9318	88.9325242629578	2.20155991883906	0.121197514891731	0.374260055103562	0.833333333333333	0.166666666666667	0	0	0	0.0833333333333333
M27	FBN2	12	9307:9318	88.9325242629578	2.20155991883906	0.121197514891731	0.374260055103562	0.833333333333333	0.166666666666667	0	0	0	0.0833333333333333
M27	C1QTNF3	12	9307:9318	88.9325242629578	2.20155991883906	0.121197514891731	0.374260055103562	0.833333333333333	0.166666666666667	0	0	0	0.0833333333333333
M27	VIPR2	12	9307:9318	88.9325242629578	2.20155991883906	0.121197514891731	0.374260055103562	0.833333333333333	0.166666666666667	0	0	0	0.0833333333333333
M27	RP11-715J22.6	12	9307:9318	88.9325242629578	2.20155991883906	0.121197514891731	0.374260055103562	0.833333333333333	0.166666666666667	0	0	0	0.0833333333333333
M27	SYNPO	12	9307:9318	88.9325242629578	2.20155991883906	0.121197514891731	0.374260055103562	0.833333333333333	0.166666666666667	0	0	0	0.0833333333333333
M27	GALNT10	12	9307:9318	88.9325242629578	2.20155991883906	0.121197514891731	0.374260055103562	0.833333333333333	0.166666666666667	0	0	0	0.0833333333333333
M27	SLIT3	12	9307:9318	88.9325242629578	2.20155991883906	0.121197514891731	0.374260055103562	0.833333333333333	0.166666666666667	0	0	0	0.0833333333333333
M27	NR2F1-AS1	12	9307:9318	88.9325242629578	2.20155991883906	0.121197514891731	0.374260055103562	0.833333333333333	0.166666666666667	0	0	0	0.0833333333333333
M28	TPM4	12	9319:9330	205.662505617309	1.61816808919442	0.167200091083685	0.356066867290822	1	0	0	0	0	0
M28	VCL	12	9319:9330	205.662505617309	1.61816808919442	0.167200091083685	0.356066867290822	1	0	0	0	0	0
M28	PLS3	12	9319:9330	205.662505617309	1.61816808919442	0.167200091083685	0.356066867290822	1	0	0	0	0	0
M28	ACTA2	12	9319:9330	205.662505617309	1.61816808919442	0.167200091083685	0.356066867290822	1	0	0	0	0	0
M28	TPM1	12	9319:9330	205.662505617309	1.61816808919442	0.167200091083685	0.356066867290822	1	0	0	0	0	0
M28	CORO1C	12	9319:9330	205.662505617309	1.61816808919442	0.167200091083685	0.356066867290822	1	0	0	0	0	0
M28	PDLIM3	12	9319:9330	205.662505617309	1.61816808919442	0.167200091083685	0.356066867290822	1	0	0	0	0	0
M28	MYOCD	12	9319:9330	205.662505617309	1.61816808919442	0.167200091083685	0.356066867290822	1	0	0	0	0	0
M28	LMOD1	12	9319:9330	205.662505617309	1.61816808919442	0.167200091083685	0.356066867290822	1	0	0	0	0	0
M28	ITGA9	12	9319:9330	205.662505617309	1.61816808919442	0.167200091083685	0.356066867290822	1	0	0	0	0	0
M28	PARVA	12	9319:9330	205.662505617309	1.61816808919442	0.167200091083685	0.356066867290822	1	0	0	0	0	0
M28	RALGPS2	12	9319:9330	205.662505617309	1.61816808919442	0.167200091083685	0.356066867290822	1	0	0	0	0	0
M18	MAOB	13	9331:9343	33.7679265315826	3.04666818971939	0.0626823938702365	0.571422093135185	0.769230769230769	0.230769230769231	0	0	0	0
M18	KLHL6	13	9331:9343	33.7679265315826	3.04666818971939	0.0626823938702365	0.571422093135185	0.769230769230769	0.230769230769231	0	0	0	0
M18	MYO1F	13	9331:9343	33.7679265315826	3.04666818971939	0.0626823938702365	0.571422093135185	0.769230769230769	0.230769230769231	0	0	0	0
M18	SLC26A6	13	9331:9343	33.7679265315826	3.04666818971939	0.0626823938702365	0.571422093135185	0.769230769230769	0.230769230769231	0	0	0	0
M18	ERBB3	13	9331:9343	33.7679265315826	3.04666818971939	0.0626823938702365	0.571422093135185	0.769230769230769	0.230769230769231	0	0	0	0
M18	AP006621.5	13	9331:9343	33.7679265315826	3.04666818971939	0.0626823938702365	0.571422093135185	0.769230769230769	0.230769230769231	0	0	0	0
M18	HPS4	13	9331:9343	33.7679265315826	3.04666818971939	0.0626823938702365	0.571422093135185	0.769230769230769	0.230769230769231	0	0	0	0
M18	TNS2	13	9331:9343	33.7679265315826	3.04666818971939	0.0626823938702365	0.571422093135185	0.769230769230769	0.230769230769231	0	0	0	0
M18	RP11-1114A5.4	13	9331:9343	33.7679265315826	3.04666818971939	0.0626823938702365	0.571422093135185	0.769230769230769	0.230769230769231	0	0	0	0
M18	C1orf123	13	9331:9343	33.7679265315826	3.04666818971939	0.0626823938702365	0.571422093135185	0.769230769230769	0.230769230769231	0	0	0	0
M18	ELAVL1	13	9331:9343	33.7679265315826	3.04666818971939	0.0626823938702365	0.571422093135185	0.769230769230769	0.230769230769231	0	0	0	0
M18	CYP1B1-AS1	13	9331:9343	33.7679265315826	3.04666818971939	0.0626823938702365	0.571422093135185	0.769230769230769	0.230769230769231	0	0	0	0
M18	GREM1	13	9331:9343	33.7679265315826	3.04666818971939	0.0626823938702365	0.571422093135185	0.769230769230769	0.230769230769231	0	0	0	0
