human	PR10T1cell1	14865535	2717961	297736	110067	11739771	662116	5963	656153	42	13522	32.8000
human	PR10T1cell2	1962083	350929	19472	561318	1030364	37602	11045	26557	32	3491	7.3666
human	PR10T1cell3	1107480	201137	11507	361851	532985	23970	7841	16129	29	2911	5.5666
human	PR10T1cell4	949860	295018	23730	191923	439189	16255	3890	12365	26	2445	5.1166
human	PR10T1cell5	1877411	199226	22900	525707	1129578	37952	10439	27513	35	3265	7.0666
human	PR10T1cell6	2579069	669985	40486	524954	1343644	46234	10906	35328	34	3779	8.4166
human	PR10T1cell7	2275488	386720	39863	666751	1182154	42906	12720	30186	37	3435	8.1500
human	PR10T1cell8	457555	21938	94	432196	3327	11630	9319	2311	38	1116	4.8166
human	PR10T1cell9	1496143	171571	25784	390796	907992	47356	8796	38560	32	5403	6.4166
human	PR10T1cell10	1303875	229080	9743	485554	579498	28943	10965	17978	27	2664	6.3500
human	PR10T1cell11	961899	156503	7472	296458	501466	24831	7303	17528	32	2872	5.3500
human	PR10T1cell12	657619	233002	14121	136799	273697	12098	3450	8648	24	1782	4.8000
human	PR10T1cell13	1407088	188305	18889	441830	758064	32156	10334	21822	36	2825	6.1333
human	PR10T1cell14	1850044	436287	17151	434921	961685	38660	10171	28489	31	3357	7.1000
human	PR10T1cell15	1676388	240659	19267	574986	841476	36424	12358	24066	32	3034	6.8833
human	PR10T1cell16	1158515	203168	8525	329744	617078	26568	8344	18224	34	2725	5.5666
human	PR10T1cell17	1389076	188426	16440	459014	725196	28645	8320	20325	28	3001	6.0500
human	PR10T1cell18	1370123	160521	21709	518053	669840	27023	9494	17529	29	2683	6.1666
human	PR10T1cell19	1124458	209038	11928	275798	627694	24505	5702	18803	31	2689	5.4333
human	PR10T1cell20	658972	195031	7602	183123	273216	11936	3669	8267	26	1747	4.7666
human	PR10T1cell21	1706208	182939	35982	406568	1080719	35634	8051	27583	35	2901	6.5833
human	PR10T1cell22	2098065	461522	32503	529097	1074943	38901	9996	28905	31	3207	7.4500
human	PR10T1cell23	1545411	239424	32117	386597	887273	32634	7590	25044	38	3081	6.1666
human	PR10T1cell24	1053086	353358	13014	223628	463086	20546	5109	15437	27	2877	5.2500
human	PR10T1cell25	1425412	204677	11270	381243	828222	32051	8498	23553	39	3372	10.9833
human	PR10T1cell26	1548679	282949	45945	450963	768822	31804	9840	21964	36	2880	11.8666
human	PR10T1cell27	1011848	151889	12488	303444	544027	25170	7358	17812	33	2876	12.2166
human	PR10T1cell28	600565	218155	6352	168852	207206	11012	3875	7137	27	1651	10.1333
human	PR10T1cell29	1661350	235527	22900	438818	964105	36614	9974	26640	36	3209	6.6833
human	PR10T1cell30	1698399	478772	18481	456167	744979	31203	10038	21165	31	2779	6.9333
human	PR10T1cell31	1491796	208098	22768	420643	840287	34004	9338	24666	44	3220	6.3666
human	PR10T1cell32	2605785	1176984	26606	316180	1086015	39109	7799	31310	36	3686	8.5833
human	PR10T1cell33	889829	120950	9703	340510	418666	26189	9674	16515	30	2439	5.4000
human	PR10T1cell34	1530035	240562	16727	477891	794855	41187	12551	28636	33	2900	6.7833
human	PR10T1cell35	920371	159653	19026	223588	518104	28895	7025	21870	30	2721	5.1000
human	PR10T1cell36	470644	149860	2993	116555	201236	13217	4108	9109	34	1663	4.3833
human	PR10T1cell37	1495167	214161	22054	359189	899763	46023	11469	34554	31	2928	6.3500
human	PR10T1cell38	1221194	276115	22545	314960	607574	36967	10363	26604	35	2779	5.9166
human	PR10T1cell39	374796	181260	2385	46065	145086	13203	2981	10222	29	2631	4.3000
human	PR10T1cell40	996815	118142	14929	301515	562229	32456	9258	23198	35	2470	5.3166
human	PR10T1cell41	1704351	247591	30543	410757	1015460	95047	22949	72098	35	3886	8.4500
human	PR10T1cell42	1871539	316724	29661	610910	914244	97309	32959	64350	32	2977	11.5833
human	PR10T1cell43	1083596	202969	15696	349188	515743	54437	19658	34779	35	2682	6.6833
human	PR10T1cell44	527603	185769	4499	157710	179625	22348	9176	13172	31	1601	4.6833
human	PR10T1cell45	2058481	364311	33404	467837	1192929	106863	27843	79020	34	3269	9.7666
human	PR10T1cell46	1839560	482109	23148	509196	825107	80080	26873	53207	38	2949	9.2500
human	PR10T1cell47	2140279	441900	38543	601495	1058341	95089	29677	65412	36	3354	10.0833
human	PR10T1cell48	1427440	113046	20027	328400	965967	81543	18986	62557	33	2967	6.8166
human	PR10T1cell49	1527301	213950	22011	479270	812070	44580	13713	30867	35	3109	6.7333
human	PR10T1cell50	1639809	240333	17622	525006	856848	45025	14848	30177	30	2742	7.1500
human	PR10T1cell51	932493	156047	8632	295736	472078	28439	9070	19369	30	2724	5.3500
human	PR10T1cell52	771798	210121	4900	255054	301723	17137	6277	10860	27	1791	4.8500
human	PR10T1cell53	1191958	141552	17589	422041	610776	35858	12504	23354	32	2494	5.9333
human	PR10T1cell54	2526448	1018011	24356	449420	1034661	50031	13271	36760	36	3550	8.5166
human	PR10T1cell55	2539761	944446	32074	507138	1056103	52133	14560	37573	35	3432	8.7666
human	PR10T1cell56	1226141	160647	22397	320212	722885	37165	10458	26707	33	2817	5.8000
human	PR10T1cell57	1397343	239609	12474	452105	693155	81797	26998	54799	32	3610	8.9666
human	PR10T1cell58	1384748	177418	21305	507345	678680	85930	30925	55005	33	2646	9.9500
human	PR10T1cell59	775017	141501	7972	292985	332559	47547	19067	28480	30	2536	5.8166
human	PR10T1cell60	706147	225418	7181	164731	308817	31512	9877	21635	28	2018	4.9333
human	PR10T1cell61	1567203	197053	26399	448309	895442	102537	29829	72708	35	3261	8.8833
human	PR10T1cell62	112114	48494	1158	41405	21057	10541	5274	5267	32	1711	3.5500
human	PR10T1cell63	1626770	345401	19113	544249	718007	79129	30031	49098	34	2795	9.7000
human	PR10T1cell64	1023881	154652	7866	328239	533124	61681	21339	40342	33	2655	6.5000
human	PR10T1cell65	2346686	353222	47480	487376	1458608	58549	11821	46728	30	4133	8.0833
human	PR10T1cell66	1826439	488281	19187	497334	821637	41073	12803	28270	32	2825	7.2166
human	PR10T1cell67	1104364	205337	9151	340726	549150	27287	8655	18632	29	2760	5.5333
human	PR10T1cell68	218872	59490	4564	55693	99125	8059	2226	5833	27	1545	3.7166
human	PR10T1cell69	1190852	482120	9353	232222	467157	24305	6790	17515	35	2827	5.7666
human	PR10T1cell70	2319225	554182	40764	522548	1201731	49369	12522	36847	30	3434	8.1000
human	PR10T1cell71	2431758	293417	35623	574286	1528432	57548	13654	43894	37	3588	8.1666
human	PR10T1cell72	1073812	277532	13197	318636	464447	25277	8729	16548	35	2240	5.4666
human	PR10T1cell73	614629	115513	6861	185404	306851	22484	6534	15950	31	2932	4.5000
human	PR10T1cell74	1376985	210074	32045	439778	695088	36213	12275	23938	34	2796	6.2666
human	PR10T1cell75	760261	138629	9488	283402	328742	21699	8936	12763	28	2091	5.1333
human	PR10T1cell76	526997	199022	1982	145387	180606	10691	4146	6545	27	1414	4.3666
human	PR10T1cell77	220831	115555	2177	21716	81383	12813	2512	10301	27	2880	3.8000
human	PR10T1cell78	2001921	457604	31893	449975	1062449	49735	12546	37189	36	3422	7.4000
human	PR10T1cell79	1723546	232420	27190	612007	851929	43491	15589	27902	35	2781	7.1333
human	PR10T1cell80	1457707	589966	15847	225983	625911	32094	7445	24649	33	3437	6.1500
human	PR10T1cell81	1282863	120419	15240	403629	743575	90125	25824	64301	33	3509	7.9333
human	PR10T1cell82	1342720	288780	8096	466245	579599	83947	31377	52570	33	3111	9.6333
human	PR10T1cell83	846285	105268	12481	306989	421547	55705	19489	36216	32	2601	6.3166
human	PR10T1cell84	518460	129079	6153	144705	238523	27184	9050	18134	30	1793	4.5000
human	PR10T1cell85	670825	151295	5353	233043	281134	46618	18822	27796	36	2468	5.7166
human	PR10T1cell86	1306842	411295	16160	339264	540123	67055	22432	44623	34	2824	7.3500
human	PR10T1cell87	1799983	255778	36410	532767	975028	99668	30611	69057	34	3399	9.7166
human	PR10T1cell88	1018814	179087	13268	265265	561194	65588	18621	46967	32	3190	6.0666
human	PR10T1cell89	699826	100106	4432	284156	311132	25059	9412	15647	32	2497	4.8833
human	PR10T1cell90	995599	150176	9523	363601	472299	32016	11713	20303	34	2598	5.5500
human	PR10T1cell91	724478	127101	6595	189329	401453	26233	6869	19364	33	2600	4.7333
human	PR10T1cell92	348875	105621	3566	98635	141053	10087	3225	6862	26	1432	4.0666
human	PR10T1cell93	935602	138516	14641	293784	488661	31620	9925	21695	37	2609	5.2166
human	PR10T1cell94	624835	229948	5084	179332	210471	18848	6964	11884	35	2122	4.5833
human	PR10T1cell95	1586793	583371	14684	303670	685068	38911	9547	29364	36	3320	6.6833
human	PR10T1cell96	1461174	612771	19357	209392	619654	36484	7595	28889	33	3515	6.1166
human	PR10T2cell1	1909166	332983	29024	423342	1123817	35710	8909	26801	32	3298	7.0333
human	PR10T2cell2	1691815	279903	16589	504864	890459	31375	9592	21783	30	2806	6.8500
human	PR10T2cell3	1579850	393298	13075	349185	824292	29814	7594	22220	32	3122	6.4833
human	PR10T2cell4	1408635	572854	11268	212921	611592	19851	4119	15732	29	2700	5.9833
human	PR10T2cell5	1676505	311028	28973	477722	858782	30896	9698	21198	39	2741	6.6166
human	PR10T2cell6	2604896	738105	44977	461701	1360113	44485	9718	34767	38	3740	11.7500
human	PR10T2cell7	2306259	532273	32655	471504	1269827	40901	9591	31310	40	3391	8.0666
human	PR10T2cell8	2075494	479584	22663	335409	1237838	38752	7281	31471	34	3559	7.2166
human	PR10T2cell9	1290139	199329	19926	404389	666495	30737	9703	21034	39	2925	5.9833
human	PR10T2cell10	1206530	256350	8665	381315	560200	25394	8969	16425	31	2478	5.7166
human	PR10T2cell11	1046558	223681	8887	299792	514198	26958	7710	19248	33	3040	5.4666
human	PR10T2cell12	823270	298325	10421	209081	305443	14127	4514	9613	28	2048	4.9166
human	PR10T2cell13	1396271	233100	14104	525625	623442	28061	11308	16753	36	2410	6.2833
human	PR10T2cell14	2165978	529178	22286	488768	1125746	42274	10978	31296	34	3667	9.7833
human	PR10T2cell15	1833649	333026	26101	440594	1033928	38108	10008	28100	34	3374	6.9333
human	PR10T2cell16	932243	171050	10506	234935	515752	23006	6396	16610	32	2722	5.1166
human	PR10T2cell17	1362691	217214	21379	438890	685208	25375	8428	16947	31	2407	6.2666
human	PR10T2cell18	1200489	243824	12120	462134	482411	19781	8269	11512	26	2004	5.8000
human	PR10T2cell19	926392	190208	8428	290304	437452	18994	6180	12814	33	2452	5.1666
human	PR10T2cell20	732355	283175	5843	176099	267238	11135	3711	7424	25	1763	4.7333
human	PR10T2cell21	1695572	144157	27498	410624	1113293	34524	8186	26338	33	2755	10.5333
human	PR10T2cell22	2095270	600570	27038	489526	978136	35527	9913	25614	35	2894	7.5000
human	PR10T2cell23	2442980	596262	28866	551173	1266679	40727	10290	30437	37	3275	8.2166
human	PR10T2cell24	1296477	267838	20142	310691	697806	25064	6597	18467	37	2639	5.7333
human	PR10T2cell25	1440149	156649	12125	467136	804239	32532	10291	22241	38	2999	13.7166
human	PR10T2cell26	1518314	353905	19388	408397	736624	29208	9109	20099	31	2653	6.3000
human	PR10T2cell27	983238	193636	11958	290990	486654	22658	7055	15603	28	2506	5.2500
human	PR10T2cell28	379603	169566	6109	62573	141355	8383	2200	6183	24	1632	3.9333
human	PR10T2cell29	1573754	626427	17725	389451	540151	26467	9183	17284	38	2833	6.5000
human	PR10T2cell30	1462264	346310	23359	352912	739683	31889	8517	23372	34	3427	6.2000
human	PR10T2cell31	2348040	532886	36449	504851	1273854	45730	11045	34685	39	3677	7.9500
human	PR10T2cell32	782451	140290	5899	234485	401777	19455	6104	13351	34	2536	4.8833
human	PR10T2cell33	1434404	268590	17275	430281	718258	36253	11611	24642	33	2436	6.4333
human	PR10T2cell34	990880	149081	13624	335459	492716	27629	9640	17989	30	2199	5.4000
human	PR10T2cell35	1166160	214285	17258	357553	577064	30585	9889	20696	30	2581	5.8000
human	PR10T2cell36	687408	319426	7843	109681	250458	14190	3706	10484	26	2222	4.6333
human	PR10T2cell37	1963782	430066	22934	449715	1061067	50390	13163	37227	33	2971	7.4000
human	PR10T2cell38	2294786	624927	27532	422520	1219807	54195	12605	41590	36	3443	7.8166
human	PR10T2cell39	1943206	453350	15640	476053	998163	45229	13136	32093	32	2929	7.5000
human	PR10T2cell40	1437403	318399	16741	293729	808534	37989	8734	29255	32	2968	6.1000
human	PR10T2cell41	1704004	208648	21766	426744	1046846	89748	23739	66009	35	3205	8.4000
human	PR10T2cell42	1824369	236991	23618	493306	1070454	95001	27921	67080	33	2806	9.7333
human	PR10T2cell43	1143974	264207	11473	343034	525260	53232	19010	34222	33	2494	6.6166
human	PR10T2cell44	769726	316305	4657	239442	209322	24775	11759	13016	33	1621	5.2000
human	PR10T2cell45	2291986	437150	36890	480652	1337294	110962	27424	83538	34	3102	9.7666
human	PR10T2cell46	3149392	823687	43559	633955	1648191	126293	30904	95389	33	3726	12.0500
human	PR10T2cell47	2868265	567209	50027	530517	1720512	121315	26708	94607	36	3758	10.2666
human	PR10T2cell48	1941280	626731	18787	271235	1024527	77042	16153	60889	33	3203	7.5333
human	PR10T2cell49	1791878	310603	26262	476952	978061	48764	13580	35184	34	3295	7.0500
human	PR10T2cell50	1715381	331712	9357	494001	880311	43657	14206	29451	34	2592	7.1166
human	PR10T2cell51	1305772	244333	18269	359158	684012	36823	10761	26062	30	2931	6.0666
human	PR10T2cell52	749039	273901	3974	133998	337166	15912	4323	11589	21	1851	4.5833
human	PR10T2cell53	1671286	253897	41775	485529	890085	46583	14926	31657	39	2785	6.6833
human	PR10T2cell54	1066202	343199	12465	240717	469821	29770	8477	21293	34	2966	5.4000
human	PR10T2cell55	2784476	593746	38691	648022	1504017	65059	17656	47403	34	3513	10.3166
human	PR10T2cell56	2133492	760753	19686	286951	1066102	46146	9476	36670	30	3290	8.3000
human	PR10T2cell57	718103	190087	9711	158045	360260	49958	12638	37320	33	3275	5.6166
human	PR10T2cell58	1393669	275404	16322	455815	646128	80014	29331	50683	33	2594	10.1333
human	PR10T2cell59	667008	148198	5755	261407	251648	39618	17968	21650	31	2335	6.3500
human	PR10T2cell60	795933	276842	7969	179738	331384	32804	10084	22720	20	2033	5.6333
human	PR10T2cell61	1913653	332578	25069	409612	1146394	109296	26715	82581	34	3352	9.9333
human	PR10T2cell62	2436785	577735	51513	488862	1318675	119944	28549	91395	32	4052	11.7666
human	PR10T2cell63	2622007	487278	29208	597179	1508342	128955	32076	96879	35	3675	14.2000
human	PR10T2cell64	1609197	496425	20124	273061	819587	74914	17433	57481	32	3415	7.9000
human	PR10T2cell65	2004104	376827	22115	518037	1087125	43593	12009	31584	31	3164	8.1000
human	PR10T2cell66	1229137	236922	10720	362728	618767	30429	9558	20871	33	2646	6.2833
human	PR10T2cell67	472343	89481	33	381257	1572	10070	9137	933	31	601	4.9166
human	PR10T2cell68	993036	346048	13572	249725	383691	17414	5702	11712	28	1888	5.6833
human	PR10T2cell69	2097166	262758	32385	515012	1287011	49812	12664	37148	34	3160	8.2333
human	PR10T2cell70	2759340	632077	39411	481388	1606464	57059	11754	45305	37	3589	9.3833
human	PR10T2cell71	1802117	388977	29573	563638	819929	36585	13363	23222	32	2661	7.9166
human	PR10T2cell72	2655367	1268291	23170	296922	1066984	40603	8320	32283	33	3555	9.2000
human	PR10T2cell73	1563166	200566	18192	418956	925452	42458	11745	30713	36	3149	7.1500
human	PR10T2cell74	1331006	242853	19371	427714	641068	34132	12165	21967	34	2479	6.7166
human	PR10T2cell75	1037734	213117	22491	337284	464842	27525	9965	17560	35	2564	6.1166
human	PR10T2cell76	662573	261560	5964	145911	249138	13571	4264	9307	25	1700	4.9500
human	PR10T2cell77	1512983	336716	21029	346750	808488	39805	10467	29338	33	3084	7.1666
human	PR10T2cell78	2540038	686288	43566	448630	1361554	56875	12253	44622	37	3873	9.2500
human	PR10T2cell79	2407328	520869	25435	521647	1339377	55888	14110	41778	35	3608	9.0333
human	PR10T2cell80	1115086	391871	7304	232141	483770	25653	7446	18207	31	2795	5.9500
human	PR10T2cell81	1471060	356461	13072	370557	730970	83336	24727	58609	29	3316	8.9333
human	PR10T2cell82	1449435	295575	17231	465085	671544	89235	31583	57652	34	2790	10.8333
human	PR10T2cell83	1393492	464488	13029	230187	685788	72055	16201	55854	28	3349	7.5500
human	PR10T2cell84	530996	239250	2540	151531	137675	20369	9071	11298	29	1400	4.9666
human	PR10T2cell85	1612868	298394	21137	432165	861172	97275	29079	68196	41	2980	9.9500
human	PR10T2cell86	1581934	283985	30022	396322	871605	91488	25198	66290	33	3234	9.1500
human	PR10T2cell87	1236010	143165	26208	471729	594908	72264	27732	44532	38	2835	9.2500
human	PR10T2cell88	1059492	297826	6626	293207	461833	55971	19380	36591	34	2750	7.1333
human	PR10T2cell89	723279	90965	9556	222261	400497	27806	8242	19564	30	2430	5.1833
human	PR10T2cell90	856257	168428	13769	264828	409232	27584	9299	18285	26	2214	5.6166
human	PR10T2cell91	362432	101665	3133	121668	135966	13150	5071	8079	29	1702	4.4833
human	PR10T2cell92	145128	74846	555	38452	31275	3985	1946	2039	27	757	4.0333
human	PR10T2cell93	723539	156513	9030	229672	328324	23882	8455	15427	31	2296	5.1833
human	PR10T2cell94	1051944	343117	6638	204811	497378	30175	7719	22456	29	2689	5.8666
human	PR10T2cell95	840643	190668	7858	230163	411954	26393	8296	18097	34	2455	5.4666
human	PR10T2cell96	702405	147885	9081	120726	424713	26329	4977	21352	33	2983	4.9166
human	PR10T3cell1	1334207	139128	20653	450485	723941	29603	9093	20510	35	2858	6.4666
human	PR10T3cell2	1292799	200079	13719	428635	650366	25093	8538	16555	29	2551	6.3166
human	PR10T3cell3	960161	203100	9825	267278	479958	19354	6023	13331	36	2390	5.5666
human	PR10T3cell4	667152	263283	6237	134189	263443	11077	2980	8097	32	1811	4.9000
human	PR10T3cell5	1049753	218632	17341	304273	509507	21977	6731	15246	36	2527	5.7500
human	PR10T3cell6	2240761	695826	27585	406653	1110697	37918	8691	29227	31	3503	8.4500
human	PR10T3cell7	2829422	778584	35041	472706	1543091	48151	9418	38733	36	3883	9.6500
human	PR10T3cell8	1543641	360119	17925	275070	890527	31171	6345	24826	30	3132	6.6333
human	PR10T3cell9	1139950	204931	8502	313715	612802	27250	7727	19523	31	2951	6.0000
human	PR10T3cell10	1008836	183035	15102	338603	472096	22521	7924	14597	36	2300	5.7500
human	PR10T3cell11	760152	131599	13951	243127	371475	19786	6396	13390	31	2348	5.2500
human	PR10T3cell12	471835	202562	3199	112736	153338	8808	2955	5853	32	1396	4.5500
human	PR10T3cell13	1714058	311602	24356	360970	1017130	36909	8374	28535	34	3253	7.1000
human	PR10T3cell14	1497503	418038	18821	367619	693025	30400	8555	21845	34	3028	6.7666
human	PR10T3cell15	980698	224449	12443	220495	523311	26940	5946	20994	29	3488	5.5666
human	PR10T3cell16	1261388	280512	16554	238403	725919	29758	6064	23694	33	3295	6.1166
human	PR10T3cell17	1768354	389572	20943	363918	993921	36719	7326	29393	33	3240	7.3500
human	PR10T3cell18	1423888	278027	21007	438572	686282	25980	8056	17924	29	2479	6.6000
human	PR10T3cell19	850930	187582	11004	258125	394219	17937	5518	12419	35	2249	5.3333
human	PR10T3cell20	639467	241165	9106	113672	275524	11508	2785	8723	25	1871	4.9166
human	PR10T3cell21	1544811	294174	20752	358311	871574	29927	7519	22408	29	2819	6.7666
human	PR10T3cell22	1986737	516638	20971	446513	1002615	35045	8847	26198	33	3161	7.7666
human	PR10T3cell23	1333096	255166	14976	384328	678626	26527	7901	18626	32	2523	6.3500
human	PR10T3cell24	1261041	249271	18671	242547	750552	26209	5429	20780	30	2966	6.1500
human	PR10T3cell25	1141265	216425	11902	365881	547057	26753	8598	18155	35	2861	6.1166
human	PR10T3cell26	1159057	182660	23539	337712	615146	27162	7982	19180	34	2767	6.0500
human	PR10T3cell27	838654	165117	9104	274579	389854	19280	6673	12607	26	2384	5.3666
human	PR10T3cell28	448476	163136	4898	142789	137653	8325	3316	5009	28	1392	4.4833
human	PR10T3cell29	1650135	220100	12343	415716	1001976	36937	9206	27731	34	3360	7.0166
human	PR10T3cell30	1965575	650068	28066	349009	938432	35217	8119	27098	33	3370	7.8166
human	PR10T3cell31	1831411	413705	18275	449039	950392	37482	9846	27636	39	3164	7.4833
human	PR10T3cell32	1044576	217486	13887	264283	548920	23958	6490	17468	33	2742	5.7666
human	PR10T3cell33	1142825	204429	10153	369510	558733	32386	10924	21462	35	2321	6.3000
human	PR10T3cell34	1137629	209927	16580	348987	562135	33038	10617	22421	31	2451	6.2500
human	PR10T3cell35	940670	196082	10169	288166	446253	27066	8543	18523	31	2479	5.7666
human	PR10T3cell36	503824	210358	2442	116845	174179	11753	3936	7817	29	1626	4.6500
human	PR10T3cell37	1321966	228887	21884	348896	722299	37549	10496	27053	30	2481	6.5000
human	PR10T3cell38	1753755	469201	22144	375638	886772	43033	11695	31338	34	2998	7.5166
human	PR10T3cell39	2523296	597513	41637	371918	1512228	64272	11005	53267	34	3896	8.9666
human	PR10T3cell40	286276	78021	4020	73990	130245	11503	3283	8220	29	1886	4.1666
human	PR10T3cell41	1477067	273210	18011	419744	766102	76871	22797	54074	35	2937	8.4833
human	PR10T3cell42	1431536	169668	12809	433012	816047	82137	25080	57057	34	2714	8.6833
human	PR10T3cell43	1171442	263038	16657	289542	602205	56330	16044	40286	31	2731	6.8333
human	PR10T3cell44	804644	282937	5069	181695	334943	31425	9827	21598	33	1962	5.4833
human	PR10T3cell45	1785748	269794	25255	411962	1078737	96377	24346	72031	32	2961	9.0666
human	PR10T3cell46	1471565	399333	21555	358558	692119	65530	19331	46199	33	2959	7.8833
human	PR10T3cell47	2021879	413152	46785	418333	1143609	87581	21755	65826	36	3142	9.3333
human	PR10T3cell48	797743	155410	8727	250353	383253	41939	14703	27236	35	2203	5.8333
human	PR10T3cell49	1268901	230240	17314	419545	601802	34507	11885	22622	31	2619	6.6000
human	PR10T3cell50	1380830	262862	21183	367353	729432	37533	10389	27144	32	2545	6.7833
human	PR10T3cell51	1081854	178601	19187	300530	583536	31192	8989	22203	31	2545	6.0166
human	PR10T3cell52	694073	243931	5547	136898	307697	15038	4135	10903	26	1858	4.9833
human	PR10T3cell53	1664643	328559	21936	425925	888223	42423	12142	30281	33	2730	7.2500
human	PR10T3cell54	382766	175230	4219	70537	132780	13051	3741	9310	32	2619	4.4333
human	PR10T3cell55	447270	79512	893	307613	59252	12807	8989	3818	34	1265	4.7333
human	PR10T3cell56	986640	143819	8712	272648	561461	30499	8542	21957	30	2644	5.6666
human	PR10T3cell57	1358639	222954	17363	325319	793003	83041	20400	62641	32	3270	7.9000
human	PR10T3cell58	1227030	234284	19884	360183	612679	73843	23993	49850	30	2682	8.1166
human	PR10T3cell59	770059	97329	13156	282281	377293	50040	18077	31963	32	2576	6.3000
human	PR10T3cell60	513890	182918	3221	120014	207737	23605	7650	15955	24	1843	4.8000
human	PR10T3cell61	1612879	201055	25984	421151	964689	100833	27954	72879	38	3039	9.2000
human	PR10T3cell62	717384	295842	9088	78789	333665	41114	7336	33778	35	3462	5.1666
human	PR10T3cell63	1438990	282225	10557	418216	727992	72259	24211	48048	38	2745	8.6833
human	PR10T3cell64	608026	193772	4489	180304	229461	32127	12565	19562	28	2027	5.3500
human	PR10T3cell65	1559509	235358	17459	328578	978114	37980	8665	29315	30	3010	7.0000
human	PR10T3cell66	1660618	411821	15704	348584	884509	37624	8843	28781	32	3124	7.2166
human	PR10T3cell67	337039	84895	45	249960	2139	7387	6621	766	34	498	4.4833
human	PR10T3cell68	914777	352831	8230	157908	395808	17407	4179	13228	22	2078	5.4666
human	PR10T3cell69	1635937	294075	25243	466403	850216	36918	11428	25490	33	2628	7.2833
human	PR10T3cell70	2050618	549782	31764	432568	1036504	40849	10523	30326	33	3003	8.0500
human	PR10T3cell71	2283102	545507	42697	491953	1202945	45285	11359	33926	33	3092	8.6166
human	PR10T3cell72	670061	109076	5507	241304	314174	18103	6507	11596	29	1720	5.0666
human	PR10T3cell73	1540270	287701	23581	333454	895534	42934	9740	33194	30	3428	7.0666
human	PR10T3cell74	915382	146681	9118	348600	410983	24706	9831	14875	37	2216	5.7500
human	PR10T3cell75	921115	169425	14756	278670	458264	27135	8380	18755	30	2640	5.6333
human	PR10T3cell76	464204	154549	3517	142424	163714	10333	3944	6389	25	1395	4.5333
human	PR10T3cell77	797269	144915	7792	201428	443134	26610	6999	19611	37	2856	5.3166
human	PR10T3cell78	1341514	444723	13959	254890	627942	32434	7648	24786	35	3334	6.6000
human	PR10T3cell79	1573675	326784	19236	404073	823582	38341	10651	27690	30	3004	7.2000
human	PR10T3cell80	1324858	310598	15363	261761	737136	35751	7942	27809	33	3223	6.4000
human	PR10T3cell81	1256322	164818	21104	322947	747453	85752	21236	64516	34	3266	7.7333
human	PR10T3cell82	1483722	497026	12045	329258	645393	81539	23379	58160	33	3036	8.7500
human	PR10T3cell83	829361	152720	9038	238103	429500	51613	16268	35345	32	2749	6.1000
human	PR10T3cell84	456970	188360	6519	122090	140001	20775	7938	12837	27	1639	4.7333
human	PR10T3cell85	1546457	365554	21664	287182	872057	96623	21464	75159	32	3385	8.2500
human	PR10T3cell86	2083765	832659	30803	348674	871629	89281	21483	67798	35	3778	9.6333
human	PR10T3cell87	2187496	866312	22090	364828	934266	91082	22710	68372	36	3504	10.1000
human	PR10T3cell88	1110863	204170	10276	241726	654691	69491	16702	52789	31	3095	6.6000
human	PR10T3cell89	545359	83065	10517	109747	342030	22902	4688	18214	25	2562	4.7166
human	PR10T3cell90	611172	119911	7650	230720	252891	21094	8129	12965	29	1979	5.0166
human	PR10T3cell91	168044	22378	1149	122610	21907	6655	4840	1815	27	534	3.9833
human	PR10T3cell92	159289	85413	721	30325	42830	4371	1607	2764	24	927	3.8500
human	PR10T3cell93	709830	170329	6842	180166	352493	21953	6491	15462	32	2262	5.0333
human	PR10T3cell94	922436	252417	11890	173939	484190	27837	6424	21413	27	2899	5.5333
human	PR10T3cell95	389178	65181	2702	203020	118275	13374	6951	6423	32	1294	4.4500
human	PR10T3cell96	201679	57413	2373	35255	106638	10564	2292	8272	31	1840	3.9666
human	PR10T4cell1	1702902	261130	20931	497008	923833	36675	11110	25565	36	2988	4.9500
human	PR10T4cell2	1762845	359453	24295	562461	816636	34270	11887	22383	37	2668	5.2666
human	PR10T4cell3	1240784	206187	15432	354801	664364	27941	8095	19846	34	2902	6.2333
human	PR10T4cell4	919670	272254	8416	169675	469325	16516	4124	12392	33	2141	5.4500
human	PR10T4cell5	1984340	236163	38309	439549	1270319	44365	10129	34236	38	3298	7.8000
human	PR10T4cell6	2565212	742025	27383	426090	1369714	46689	10089	36600	34	3601	6.1000
human	PR10T4cell7	2125317	486876	31827	486393	1120221	41615	10968	30647	31	3302	8.1000
human	PR10T4cell8	1581460	324662	19247	289301	948250	34522	7179	27343	33	3363	6.7500
human	PR10T4cell9	1539337	142485	34742	374984	987126	43929	10034	33895	34	3270	7.0333
human	PR10T4cell10	1302398	255910	13716	393885	638887	30419	10330	20089	29	2648	6.4500
human	PR10T4cell11	943054	217659	13474	279358	432563	24253	7836	16417	29	2799	5.6166
human	PR10T4cell12	436595	157869	3584	80276	194866	10118	2703	7415	24	1845	2.8333
human	PR10T4cell13	1059083	109686	12702	403067	533628	27755	10149	17606	34	2545	3.8500
human	PR10T4cell14	1796892	456531	13061	389690	937610	38320	9833	28487	30	3280	4.9166
human	PR10T4cell15	1779602	408613	23297	419586	928106	39351	10727	28624	28	3250	4.9833
human	PR10T4cell16	736621	158509	6821	189434	381857	22134	5813	16321	33	2732	3.3000
human	PR10T4cell17	1700097	321950	18646	438796	920705	33902	9421	24481	35	2858	4.8333
human	PR10T4cell18	1425220	316997	15154	426313	666756	27015	8808	18207	29	2331	4.4166
human	PR10T4cell19	475356	122924	8563	119729	224140	13657	3673	9984	29	2311	2.8833
human	PR10T4cell20	264441	115296	4143	53118	91884	6310	1900	4410	26	1321	2.6333
human	PR10T4cell21	2035776	326486	22085	404988	1282217	42347	8870	33477	33	3290	5.2666
human	PR10T4cell22	2088298	509936	17325	461047	1099990	39053	9648	29405	34	3348	5.5000
human	PR10T4cell23	2226105	357130	37448	541601	1289926	42114	10720	31394	34	3273	5.5000
human	PR10T4cell24	1331285	295478	25760	258781	751266	28561	6094	22467	32	3128	4.1000
human	PR10T4cell25	1932710	405139	48069	372727	1106775	44570	9971	34599	38	3572	5.2500
human	PR10T4cell26	1735809	366354	21697	466471	881287	38377	11427	26950	35	3120	5.0833
human	PR10T4cell27	1132964	231726	15868	300037	585333	28093	8182	19911	29	2922	3.9666
human	PR10T4cell28	722275	308073	5249	131696	277257	12979	3775	9204	31	1941	3.2833
human	PR10T4cell29	2290690	423519	32077	425094	1410000	49345	10480	38865	35	3432	5.7333
human	PR10T4cell30	1792297	416545	29462	398983	947307	38570	10269	28301	35	3357	7.4500
human	PR10T4cell31	3787247	1731218	41024	513315	1501690	51831	12226	39605	37	4035	11.9333
human	PR10T4cell32	995912	206075	7251	303195	479391	24262	8127	16135	33	2528	5.8000
human	PR10T4cell33	1270823	203794	11924	385910	669195	38469	12596	25873	34	2412	6.6833
human	PR10T4cell34	1465994	297487	18458	348682	801367	43715	11434	32281	28	2750	7.0166
human	PR10T4cell35	542557	91600	6611	161538	282808	19234	6032	13202	31	2156	4.7333
human	PR10T4cell36	559059	159780	4536	105718	289025	16400	3943	12457	32	2011	4.6833
human	PR10T4cell37	1390673	234089	25959	368960	761665	41090	11854	29236	36	2613	6.7333
human	PR10T4cell38	1574976	331358	28538	400104	814976	45833	12884	32949	33	2997	7.2833
human	PR10T4cell39	1564137	357549	11562	420298	774728	40767	13160	27607	30	2606	7.2500
human	PR10T4cell40	1093453	220047	18847	253465	601094	34488	8745	25743	34	2509	5.9666
human	PR10T4cell41	1996989	364133	31985	510930	1089941	112921	31282	81639	40	3340	11.7833
human	PR10T4cell42	3021027	1558058	23797	429131	1010041	102985	26509	76476	27	3260	13.2166
human	PR10T4cell43	1282574	261794	14789	353537	652454	70831	21858	48973	37	3039	8.0166
human	PR10T4cell44	977383	319318	8321	199128	450616	44008	11332	32676	30	2337	6.0333
human	PR10T4cell45	2516410	513140	43179	424525	1535566	143663	28902	114761	34	3762	11.5166
human	PR10T4cell46	2704392	879693	42371	424146	1358182	118215	25255	92960	29	3553	11.6833
human	PR10T4cell47	1921898	302252	25912	492823	1100911	97101	28401	68700	36	3262	10.1000
human	PR10T4cell48	1121880	97778	10676	350135	663291	68213	21812	46401	32	2342	7.1666
human	PR10T4cell49	1225302	217118	18395	406156	583633	38871	13644	25227	32	2631	6.6833
human	PR10T4cell50	1576911	239029	24427	476816	836639	49921	15368	34553	31	2686	7.5500
human	PR10T4cell51	1166662	239602	13416	317984	595660	36294	10649	25645	34	2811	6.3500
human	PR10T4cell52	778081	285504	5249	129313	358015	18427	4562	13865	29	1999	5.2166
human	PR10T4cell53	1829118	224414	36365	476917	1091422	59781	15493	44288	36	3029	7.9833
human	PR10T4cell54	1958276	475861	28117	408002	1046296	54002	13766	40236	35	3381	8.1833
human	PR10T4cell55	1826423	360915	21219	496915	947374	51759	15786	35973	34	3094	8.0666
human	PR10T4cell56	1297829	332058	21994	285622	658155	37275	10063	27212	36	2718	6.4833
human	PR10T4cell57	1644006	290936	19004	441878	892188	107404	29664	77740	37	3223	10.5333
human	PR10T4cell58	1514154	244371	21235	493187	755361	100825	35451	65374	34	2857	12.1833
human	PR10T4cell59	1266988	228828	21804	344512	671844	85319	24555	60764	34	3335	8.7166
human	PR10T4cell60	656218	271228	5460	135232	244298	30006	9147	20859	31	1930	5.2666
human	PR10T4cell61	1180051	219904	9507	457368	493272	78505	33767	44738	34	2518	10.4166
human	PR10T4cell62	1715169	522737	22932	363025	806475	90222	25302	64920	36	3424	9.5000
human	PR10T4cell63	2138770	430042	23481	538390	1146857	118144	32976	85168	39	3420	12.3000
human	PR10T4cell64	762662	87899	14269	288186	372308	54348	20731	33617	31	2239	6.5666
human	PR10T4cell65	1967837	274224	40395	465094	1188124	51949	12970	38979	31	3320	8.1500
human	PR10T4cell66	1638242	319226	23710	444367	850939	41016	12382	28634	30	2610	7.4500
human	PR10T4cell67	1257740	283404	7508	387150	579678	30167	10759	19408	31	2509	4.3000
human	PR10T4cell68	811876	306282	9879	206065	289650	16392	5783	10609	28	1876	3.4166
human	PR10T4cell69	1322220	109309	18095	515831	678985	36152	14136	22016	34	2333	4.4666
human	PR10T4cell70	2630689	671031	30067	523051	1406540	59230	14004	45226	32	3456	6.4833
human	PR10T4cell71	2400105	735489	42251	502868	1119497	47401	13208	34193	34	3235	9.1166
human	PR10T4cell72	2269317	588670	29459	383066	1268122	51892	10487	41405	33	3393	8.4666
human	PR10T4cell73	1587292	254404	21723	418360	892805	49137	13322	35815	36	3455	4.8000
human	PR10T4cell74	1465567	241356	18587	456301	749323	43028	14305	28723	34	2800	7.1500
human	PR10T4cell75	1056123	179731	11785	292257	572350	34534	10283	24251	33	2982	6.0500
human	PR10T4cell76	207275	97772	800	45891	62812	5892	2184	3708	23	1189	2.5333
human	PR10T4cell77	2315651	521860	24432	457584	1311775	61152	14618	46534	33	3510	8.8333
human	PR10T4cell78	1426591	449246	15410	324549	637386	37293	10698	26595	31	3211	4.6000
human	PR10T4cell79	2090381	724972	14619	501053	849737	44695	15055	29640	35	2990	8.6333
human	PR10T4cell80	799652	220715	12959	173187	392791	25634	6842	18792	31	2596	5.3166
human	PR10T4cell81	1293021	249089	12664	393078	638190	86825	28565	58260	38	2891	8.8500
human	PR10T4cell82	568589	186758	4301	130357	247173	42173	13366	28807	33	2583	5.3166
human	PR10T4cell83	906311	179274	11329	261931	453777	63676	19777	43899	32	2878	6.9500
human	PR10T4cell84	567234	224730	5642	115965	220897	28787	8635	20152	27	1893	3.2666
human	PR10T4cell85	219297	71951	953	86228	60165	19063	10132	8931	35	1661	4.3500
human	PR10T4cell86	1833932	555384	42644	391528	844376	97139	27782	69357	34	3103	10.0666
human	PR10T4cell87	2109894	517518	29804	412196	1150376	120216	27998	92218	37	3833	10.8833
human	PR10T4cell88	611274	55419	13645	221154	321056	46561	17389	29172	32	2014	5.6666
human	PR10T4cell89	797375	152774	6547	202296	435758	31598	8338	23260	31	2595	5.3666
human	PR10T4cell90	672192	146501	8822	212492	304377	25182	9193	15989	31	2209	5.2333
human	PR10T4cell91	526794	129314	4627	173641	219212	19969	7541	12428	30	2074	4.8666
human	PR10T4cell92	270453	114785	2939	59514	93215	8162	2809	5353	25	1272	4.1500
human	PR10T4cell93	452451	99141	8087	179935	165288	16742	7753	8989	38	1605	4.6833
human	PR10T4cell94	390486	119450	2262	174945	93829	13280	7445	5835	31	1235	4.5833
human	PR10T4cell95	816682	98311	9715	230817	477839	31458	9037	22421	30	2497	5.4666
human	PR10T4cell96	298355	108420	2460	49123	138352	12880	3097	9783	35	1958	4.1666
human	PR10T5cell1	2173989	379896	28689	475590	1289814	37889	8721	29168	36	3294	7.9833
human	PR10T5cell2	1988571	299781	14064	630251	1044475	33011	10703	22308	30	2988	7.9000
human	PR10T5cell3	1489578	334497	19220	417461	718400	25940	7556	18384	30	2898	6.8333
human	PR10T5cell4	996814	391501	8145	222800	374368	12361	3927	8434	24	1749	5.6833
human	PR10T5cell5	1823540	231198	19491	528324	1044527	32587	9330	23257	33	2998	7.2666
human	PR10T5cell6	2729446	805448	34834	489616	1399548	41590	9342	32248	27	3364	9.2166
human	PR10T5cell7	314889	208709	1671	55337	49172	7227	2878	4349	30	1476	4.2666
human	PR10T5cell8	1872301	356912	28849	373143	1113397	32858	7210	25648	31	3137	7.3166
human	PR10T5cell9	1495853	206142	15800	476322	797589	31257	9564	21693	37	3046	6.8666
human	PR10T5cell10	1079280	198619	12135	318000	550526	24498	7412	17086	31	2788	3.8500
human	PR10T5cell11	1295265	272551	12912	327307	682495	28629	7451	21178	33	3092	6.3166
human	PR10T5cell12	671162	282208	4022	159128	225804	9805	3499	6306	29	1531	3.1833
human	PR10T5cell13	1859532	381875	38161	508027	931469	34919	9899	25020	32	3076	7.5000
human	PR10T5cell14	2226277	677293	19469	533976	995539	37247	10749	26498	35	3418	8.3833
human	PR10T5cell15	2083826	452231	35522	550797	1045276	36098	10402	25696	35	2992	8.1000
human	PR10T5cell16	965126	216325	12820	174866	561115	23260	4915	18345	32	3006	5.4166
human	PR10T5cell17	1701468	286394	22511	530261	862302	30018	9132	20886	33	2887	4.8666
human	PR10T5cell18	1622486	215678	33061	403016	970731	29488	7384	22104	30	2873	4.5833
human	PR10T5cell19	1277195	242659	16046	361563	656927	23658	6487	17171	33	2800	6.1833
human	PR10T5cell20	577061	215056	3387	117395	241223	9743	2652	7091	31	1793	4.7833
human	PR10T5cell21	1799120	287008	26084	414988	1071040	32440	7481	24959	37	2962	4.8166
human	PR10T5cell22	2477218	750653	41677	523234	1161654	36568	8914	27654	33	3298	8.9166
human	PR10T5cell23	2095842	352940	29130	468125	1245647	35088	8138	26950	33	3119	7.8333
human	PR10T5cell24	1435554	345487	32544	327558	729965	24190	6209	17981	33	2640	6.5333
human	PR10T5cell25	2029823	386525	32880	524552	1085866	41127	10484	30643	39	3611	8.0333
human	PR10T5cell26	1948514	470893	31356	454447	991818	33495	9176	24319	32	3079	7.7666
human	PR10T5cell27	1356785	334622	15292	390301	616570	25845	8181	17664	28	2779	4.3333
human	PR10T5cell28	730126	267492	5767	192303	264564	11280	3708	7572	28	1765	3.4000
human	PR10T5cell29	2181996	437097	33973	518681	1192245	36996	9851	27145	32	3320	5.4833
human	PR10T5cell30	2310469	643381	31040	496192	1139856	39945	9942	30003	36	3490	8.4833
human	PR10T5cell31	2543563	549866	25404	517052	1451241	44492	9538	34954	37	3587	8.8166
human	PR10T5cell32	1819368	262666	27865	421393	1107444	36857	8412	28445	32	3406	7.2666
human	PR10T5cell33	1613906	364700	12803	434407	801996	37411	11189	26222	38	2899	7.2833
human	PR10T5cell34	2138798	402928	35250	501191	1199429	51639	12550	39089	31	3147	8.3166
human	PR10T5cell35	1386634	410905	18999	351903	604827	30494	9302	21192	33	2856	6.7166
human	PR10T5cell36	835509	317169	8429	151669	358242	16951	4075	12876	30	2140	5.3000
human	PR10T5cell37	2131849	431621	40986	521551	1137691	49917	13305	36612	34	2959	8.3166
human	PR10T5cell38	1587062	341001	29601	407876	808584	40887	11321	29566	33	2984	7.1333
human	PR10T5cell39	2234523	528752	22886	531483	1151402	49065	12910	36155	34	2919	8.4333
human	PR10T5cell40	2387569	836034	34493	270692	1246350	52718	7794	44924	30	3962	5.7166
human	PR10T5cell41	1657590	277956	22906	514225	842503	79083	25589	53494	34	2925	6.5000
human	PR10T5cell42	1713974	365115	27870	530991	789998	78555	26937	51618	35	2588	9.7333
human	PR10T5cell43	1207199	217311	14938	441326	533624	53610	21048	32562	32	2525	7.8666
human	PR10T5cell44	1357813	534746	15748	225056	582263	41762	10441	31321	27	2463	6.7500
human	PR10T5cell45	1335583	182729	17727	450227	684900	68121	23593	44528	34	2583	8.1333
human	PR10T5cell46	1092723	415953	12785	170183	493802	45077	10853	34224	35	3148	6.1666
human	PR10T5cell47	1607425	367547	29381	442635	767862	62899	20978	41921	34	2496	8.1500
human	PR10T5cell48	1443132	227104	19833	353225	842970	67509	18136	49373	31	2584	7.4166
human	PR10T5cell49	2138591	284173	23692	484590	1346136	57229	12572	44657	38	3677	8.1833
human	PR10T5cell50	1872914	368461	28519	505632	970302	44492	13106	31386	33	2817	7.9333
human	PR10T5cell51	1446407	315239	19898	379323	731947	35623	10228	25395	36	2747	6.8333
human	PR10T5cell52	526709	195769	2513	130701	197726	11423	3947	7476	25	1514	3.0833
human	PR10T5cell53	2743176	658975	27077	564074	1493050	56668	13960	42708	34	3462	9.5333
human	PR10T5cell54	2581940	622616	31096	533660	1394568	56598	13555	43043	31	3431	9.2333
human	PR10T5cell55	1354592	535159	12186	244542	562705	28268	7208	21060	33	2876	6.5333
human	PR10T5cell56	1635759	436788	32738	194988	971245	42815	6168	36647	34	3596	6.8333
human	PR10T5cell57	1870820	253500	19824	466479	1131017	105381	26959	78422	37	3385	9.5833
human	PR10T5cell58	1409869	104904	13723	680189	611053	82546	36958	45588	33	2379	11.7500
human	PR10T5cell59	1352044	272304	16998	392855	669887	74470	22684	51786	33	3342	8.4333
human	PR10T5cell60	857951	333297	5581	173178	345895	30775	8982	21793	24	2092	5.5666
human	PR10T5cell61	2091396	448320	40359	536670	1066047	104623	30870	73753	36	3037	10.6500
human	PR10T5cell62	2649151	1021433	34528	439887	1153303	98250	24093	74157	33	3597	11.1000
human	PR10T5cell63	1856633	347516	20389	586743	901985	86702	29636	57066	38	2925	10.1833
human	PR10T5cell64	1064388	120022	21835	310975	611556	62270	18213	44057	34	2568	6.6833
human	PR10T5cell65	1215407	205410	9650	408826	591521	29180	9483	19697	31	2866	6.2833
human	PR10T5cell66	1972613	380475	20284	586123	985731	39702	12360	27342	33	2898	7.9666
human	PR10T5cell67	1439802	518029	17422	349243	555108	25705	7912	17793	28	2541	6.7000
human	PR10T5cell68	1248435	547899	7379	242893	450264	17285	4816	12469	27	2184	6.1833
human	PR10T5cell69	2467252	986002	30542	412127	1038581	37945	9456	28489	35	3276	5.9333
human	PR10T5cell70	1206320	755302	9881	99429	341708	21243	3913	17330	33	3549	6.1000
human	PR10T5cell71	1086336	420917	16823	231393	417203	20859	6217	14642	30	2676	5.9000
human	PR10T5cell72	1558540	473172	16999	287591	780778	29976	6799	23177	31	2908	6.9000
human	PR10T5cell73	1421650	215679	12856	426596	766519	36026	10973	25053	35	2837	6.8333
human	PR10T5cell74	1879225	334217	31390	565686	947932	41992	13323	28669	29	2811	8.0500
human	PR10T5cell75	1552621	318795	23175	410111	800540	40397	10934	29463	31	3351	6.9833
human	PR10T5cell76	367582	181161	1837	88328	96256	7646	3001	4645	26	1287	4.3666
human	PR10T5cell77	1656668	236611	36373	457187	926497	41656	11754	29902	31	2900	7.2333
human	PR10T5cell78	986614	367584	9155	265940	343935	23199	7991	15208	31	2846	3.9666
human	PR10T5cell79	2262268	940389	18894	420530	882455	38869	10371	28498	34	3403	8.4500
human	PR10T5cell80	1737584	616728	16094	285378	819384	34638	7831	26807	35	3215	7.2333
human	PR10T5cell81	1484365	236427	17194	420623	810121	83729	24289	59440	40	3340	8.6000
human	PR10T5cell82	1703819	575718	14009	430782	683310	80558	27089	53469	33	2689	9.8666
human	PR10T5cell83	629483	291396	5152	114529	218406	31361	9401	21960	29	2720	5.2333
human	PR10T5cell84	137217	83194	707	17401	35915	6821	2214	4607	22	1249	3.8500
human	PR10T5cell85	988886	308336	8380	231963	440207	53533	16819	36714	31	2790	6.7333
human	PR10T5cell86	1570707	458791	18981	405350	687585	71880	23404	48476	30	2987	8.3833
human	PR10T5cell87	128558	48353	960	40701	38544	10466	4529	5937	29	1479	3.9333
human	PR10T5cell88	305973	93699	3751	62127	146396	22426	5715	16711	30	2291	4.2500
human	PR10T5cell89	1158768	340493	11232	257868	549175	32374	8340	24034	33	2920	6.1666
human	PR10T5cell90	361865	74967	3916	165025	117957	12565	6174	6391	27	1348	4.4500
human	PR10T5cell91	385365	84998	3159	133523	163685	14306	5008	9298	30	1976	4.4166
human	PR10T5cell92	49288	31362	270	3955	13701	2764	599	2165	19	1072	3.6666
human	PR10T5cell93	566854	63914	3876	199396	299668	19155	6749	12406	31	1955	4.7666
human	PR10T5cell94	845461	344152	6402	98338	396569	22946	4166	18780	31	3012	5.2666
human	PR10T5cell95	119407	41108	1326	20175	56798	9124	1890	7234	31	2343	3.7833
human	PR10T5cell96	338508	93982	6675	60169	177682	13320	2979	10341	28	1981	2.7166
human	PR10T6cell1	1722742	296817	23706	494074	908145	29807	8419	21388	31	2764	7.1166
human	PR10T6cell2	2001507	337351	35280	460365	1168511	33915	8357	25558	33	3025	7.5333
human	PR10T6cell3	1146747	224838	12026	334379	575504	21425	6150	15275	31	2476	5.9000
human	PR10T6cell4	739522	264873	5031	216623	252995	10512	3778	6734	23	1600	5.1666
human	PR10T6cell5	2278440	436118	36829	434144	1371349	35581	7485	28096	34	3116	8.0833
human	PR10T6cell6	2278239	496691	33354	493936	1254258	35435	8532	26903	36	3163	5.4666
human	PR10T6cell7	2341012	384547	35477	511236	1409752	37037	8656	28381	34	3072	8.0666
human	PR10T6cell8	1837439	285531	18699	376467	1156742	29698	6748	22950	32	2882	4.6166
human	PR10T6cell9	1224923	196927	12961	352490	662545	24515	7368	17147	33	2471	6.0500
human	PR10T6cell10	1998342	427455	28219	531169	1011499	34383	9776	24607	33	3122	7.7500
human	PR10T6cell11	1228264	234641	16420	385610	591593	23941	7723	16218	31	2565	6.2500
human	PR10T6cell12	705724	254596	5900	175682	269546	11678	3599	8079	33	1730	4.9833
human	PR10T6cell13	1032429	223385	23898	201923	583223	19701	4312	15389	27	2444	5.5666
human	PR10T6cell14	1918411	337266	34985	473263	1072897	36155	8950	27205	34	3277	7.5500
human	PR10T6cell15	2416306	670486	44866	497566	1203388	38178	9098	29080	32	3438	8.5333
human	PR10T6cell16	1922850	756325	25423	283258	857844	30146	6021	24125	29	3370	7.5000
human	PR10T6cell17	1280403	204373	13086	394733	668211	22579	6909	15670	28	2235	6.1833
human	PR10T6cell18	1526198	269610	11891	429782	814915	26780	7424	19356	31	2873	6.7166
human	PR10T6cell19	1154214	251032	8860	300745	593577	20325	5575	14750	31	2467	5.9833
human	PR10T6cell20	833948	248206	10189	201996	373557	12905	3567	9338	29	1847	5.2000
human	PR10T6cell21	1818825	354951	21372	428787	1013715	29966	7361	22605	35	2884	4.8833
human	PR10T6cell22	1928224	443507	22768	441964	1019985	31667	7896	23771	29	2796	7.5333
human	PR10T6cell23	2077952	418651	25973	497357	1135971	32425	8280	24145	31	2914	7.7833
human	PR10T6cell24	1984806	629678	27961	243771	1083396	30818	4901	25917	33	3314	7.4166
human	PR10T6cell25	1635700	223360	22412	409496	980432	33722	8645	25077	33	3485	6.9000
human	PR10T6cell26	1674334	329563	13830	475815	855126	29658	9023	20635	31	2966	7.0333
human	PR10T6cell27	1188273	218786	18159	320960	630368	24698	6414	18284	34	2749	6.1000
human	PR10T6cell28	716132	258080	7885	159903	290264	11738	3341	8397	22	1852	4.9500
human	PR10T6cell29	1594266	264951	22556	465878	840881	28278	8281	19997	33	2735	4.5000
human	PR10T6cell30	1996981	487233	24550	527691	957507	34051	9762	24289	32	3180	7.7666
human	PR10T6cell31	2071573	252099	35264	566731	1217479	37484	9935	27549	35	3038	7.8666
human	PR10T6cell32	1215077	156598	15291	268403	774785	25878	5849	20029	29	2684	5.8666
human	PR10T6cell33	1181337	207477	12185	401094	560581	31202	11100	20102	35	2255	6.3333
human	PR10T6cell34	1750135	309402	19862	501761	919110	45056	13442	31614	31	2615	7.5500
human	PR10T6cell35	1280240	244871	15395	328651	691323	32672	9033	23639	33	2648	6.3333
human	PR10T6cell36	608263	162021	2171	178335	265736	15130	4712	10418	27	1854	4.8666
human	PR10T6cell37	2113602	356288	28540	438245	1290529	54947	11848	43099	35	3194	7.9000
human	PR10T6cell38	2222050	555120	33695	496349	1136886	54881	13849	41032	32	3266	8.3333
human	PR10T6cell39	1204172	272958	19565	287264	624385	31752	8425	23327	36	2617	4.0166
human	PR10T6cell40	1024783	189710	22126	224639	588308	29170	6808	22362	28	2350	5.6833
human	PR10T6cell41	1490398	199327	22677	436183	832211	72507	22852	49655	33	2955	8.2500
human	PR10T6cell42	1528592	223012	25344	540223	740013	75069	27431	47638	30	2497	9.3333
human	PR10T6cell43	1271296	227292	9835	389241	644928	55676	19008	36668	30	2633	7.3666
human	PR10T6cell44	1093540	337172	9717	243199	503452	37835	10800	27035	29	2264	6.3500
human	PR10T6cell45	3883025	1654216	68417	431025	1729367	120370	22538	97832	31	3853	13.3666
human	PR10T6cell46	2581202	495438	38023	483862	1563879	107875	22769	85106	32	3453	10.2666
human	PR10T6cell47	3249477	1113102	43264	530439	1562672	102758	23180	79578	31	3525	12.0333
human	PR10T6cell48	1543695	254169	26170	305329	958027	71653	15959	55694	28	2954	7.3500
human	PR10T6cell49	1296471	188548	19669	362159	726095	35855	9509	26346	32	3209	6.4333
human	PR10T6cell50	1729760	303529	30514	486455	909262	41472	12127	29345	30	2638	7.4333
human	PR10T6cell51	1413275	260516	17612	413233	721914	33966	10193	23773	30	2911	6.7500
human	PR10T6cell52	729686	229792	6425	189006	304463	14629	4669	9960	29	1750	5.1500
human	PR10T6cell53	1773132	247579	17682	466965	1040906	42077	11533	30544	34	2594	7.3833
human	PR10T6cell54	2455739	558936	31973	510677	1354153	51371	12630	38741	38	3309	8.7666
human	PR10T6cell55	1075003	168269	12685	457806	436243	25321	10874	14447	31	1872	6.1000
human	PR10T6cell56	910083	145027	8254	264996	491806	23171	7301	15870	33	1990	5.4666
human	PR10T6cell57	1540241	167479	24505	444418	903839	88980	24344	64636	35	3192	8.6166
human	PR10T6cell58	1322277	141581	11460	466804	702432	74750	26942	47808	32	2579	8.4333
human	PR10T6cell59	1612223	516225	17163	350665	728170	68744	19490	49254	31	3247	8.1333
human	PR10T6cell60	705288	206624	4070	208601	285993	29581	10522	19059	31	1790	5.4500
human	PR10T6cell61	1780049	498798	17683	348257	915311	84889	21821	63068	35	3182	8.3333
human	PR10T6cell62	2050011	406994	30605	466867	1145545	99976	24538	75438	33	3574	9.4333
human	PR10T6cell63	1096182	368826	15450	244182	467724	51051	14882	36169	30	3085	6.5500
human	PR10T6cell64	341350	34566	1214	251010	54560	21192	15252	5940	36	1184	4.9333
human	PR10T6cell65	1749072	323228	35812	412726	977306	35285	8946	26339	28	2713	7.0666
human	PR10T6cell66	1729422	236126	15459	494988	982849	35238	10265	24973	29	2521	7.1333
human	PR10T6cell67	1338688	264470	18512	356269	699437	26530	7429	19101	27	2442	4.0833
human	PR10T6cell68	1030036	268419	23902	257075	480640	18131	5172	12959	28	2046	5.7000
human	PR10T6cell69	176893	59127	1230	51535	65001	6907	2415	4492	30	1505	3.8500
human	PR10T6cell70	128002	58686	705	35612	32999	5649	2273	3376	28	1349	2.4000
human	PR10T6cell71	1148683	232744	16697	241457	657785	26474	5804	20670	32	2884	3.7500
human	PR10T6cell72	578826	51009	5868	297612	224337	14104	6694	7410	25	1293	4.8666
human	PR10T6cell73	1192049	168799	13255	447921	562074	29015	10640	18375	30	2410	6.3166
human	PR10T6cell74	1106240	451889	7436	245358	401557	21400	6823	14577	34	2637	5.9500
human	PR10T6cell75	1032815	204341	14267	309128	505079	25263	7954	17309	32	2573	3.8166
human	PR10T6cell76	682475	234964	8499	125339	313673	13437	3315	10122	25	1811	4.9500
human	PR10T6cell77	84507	32468	489	19237	32313	6756	2011	4745	30	1760	3.6833
human	PR10T6cell78	979609	265433	7575	278723	427878	23513	7610	15903	33	2590	5.6000
human	PR10T6cell79	737743	223198	12055	156135	346355	20895	5224	15671	31	2756	5.1500
human	PR10T6cell80	915254	193546	18862	278033	424813	21226	7059	14167	37	2301	5.5000
human	PR10T6cell81	1250729	171722	19034	355942	704031	73608	21489	52119	34	2959	7.4666
human	PR10T6cell82	1457496	274103	18781	338993	825619	87236	21237	65999	29	2944	7.8666
human	PR10T6cell83	286299	88434	2560	119326	75979	16440	8491	7949	29	1322	4.4166
human	PR10T6cell84	687921	215337	2951	142454	327179	28858	7606	21252	27	1882	5.1333
human	PR10T6cell85	183403	53920	2849	22337	104297	20577	2988	17589	26	2984	3.9000
human	PR10T6cell86	108322	48392	594	29591	29745	9410	4059	5351	32	1455	3.8166
human	PR10T6cell87	427445	113623	5095	86056	222671	28492	7327	21165	36	2551	4.5166
human	PR10T6cell88	87520	23342	494	47947	15737	6914	4618	2296	34	623	3.4833
human	PR10T6cell89	669728	70406	9627	233463	356232	23608	7374	16234	30	2312	4.6833
human	PR10T6cell90	525416	72989	9454	164655	278318	18642	5735	12907	32	1932	4.4000
human	PR10T6cell91	105714	34919	594	31893	38308	5263	2052	3211	30	988	3.6000
human	PR10T6cell92	16295	7609	68	5340	3278	1438	671	767	23	383	3.3000
human	PR10T6cell93	30652	14833	122	9353	6344	2262	1031	1231	32	602	3.3500
human	PR10T6cell94	569912	128891	7291	180371	253359	16659	6121	10538	26	1863	4.4666
human	PR10T6cell95	225009	19756	28	202084	3141	6755	6299	456	32	276	3.8166
human	PR10T6cell96	32249	10611	108	15042	6488	2482	1424	1058	28	529	4.7166
human	PR10T7cell1	2310421	286854	29030	485420	1509117	45963	9857	36106	34	3397	7.7500
human	PR10T7cell2	2100959	336141	26681	426480	1311657	41069	8991	32078	31	3349	7.3666
human	PR10T7cell3	1684112	442910	17807	327116	896279	31429	7027	24402	32	3005	6.5833
human	PR10T7cell4	1067330	440586	8685	183133	434926	15871	3815	12056	25	1966	5.3666
human	PR10T7cell5	2103532	444401	33975	494266	1130890	37846	10054	27792	32	2851	7.5000
human	PR10T7cell6	2470857	700342	21918	453781	1294816	40870	9729	31141	33	3194	8.2166
human	PR10T7cell7	2269238	450239	39501	555959	1223539	39109	10740	28369	32	2812	7.8333
human	PR10T7cell8	1852967	385419	25106	331307	1111135	33154	7196	25958	35	2977	6.7166
human	PR10T7cell9	1536219	264838	19325	447609	804447	35588	10613	24975	36	2996	6.6666
human	PR10T7cell10	1381343	257357	18704	352680	752602	31347	8938	22409	33	2709	6.0833
human	PR10T7cell11	1153047	209322	13971	300826	628928	28972	7758	21214	35	2879	5.6666
human	PR10T7cell12	755723	315965	6099	135587	298072	12672	3569	9103	25	1848	4.7166
human	PR10T7cell13	2109202	441531	39223	388343	1240105	45015	9659	35356	30	3340	7.4166
human	PR10T7cell14	2004690	405983	20530	481636	1096541	42892	11480	31412	37	3282	7.4333
human	PR10T7cell15	2691129	526250	45456	545740	1573683	56614	12322	44292	32	3557	8.9166
human	PR10T7cell16	1425934	230155	16707	551972	627100	36846	14702	22144	40	2812	6.6000
human	PR10T7cell17	1599952	295292	28070	401552	875038	31029	8152	22877	32	2789	6.4833
human	PR10T7cell18	1851223	406038	14463	480558	950164	32840	9410	23430	28	2937	6.9500
human	PR10T7cell19	1888876	403058	22333	323510	1139975	39274	6586	32688	27	3845	6.8666
human	PR10T7cell20	797415	365456	3419	167605	260935	11357	3543	7814	25	1586	10.1666
human	PR10T7cell21	1954795	326545	28403	395734	1204113	39164	8341	30823	26	2902	7.0500
human	PR10T7cell22	2432270	612404	41858	462855	1315153	44097	9893	34204	32	3120	8.1000
human	PR10T7cell23	2760480	751058	41900	471769	1495753	46666	9611	37055	35	3349	8.5833
human	PR10T7cell24	1542929	324499	24798	309510	884122	32063	6934	25129	32	2950	6.2333
human	PR10T7cell25	1554437	246519	15383	374011	918524	35145	8717	26428	33	3183	6.4333
human	PR10T7cell26	1675060	228170	15431	492028	939431	35453	10810	24643	30	2776	6.7000
human	PR10T7cell27	1440053	354504	22555	311679	751315	31971	7805	24166	31	3133	6.0833
human	PR10T7cell28	501957	259971	2319	82371	157296	8298	2338	5960	24	1629	4.2500
human	PR10T7cell29	2181028	311629	35775	455052	1378572	46301	10379	35922	37	3576	7.5666
human	PR10T7cell30	2103058	353902	23725	504006	1221425	43534	11379	32155	36	3333	7.6500
human	PR10T7cell31	2442970	876795	19416	480043	1066716	37153	10166	26987	33	3122	8.2166
human	PR10T7cell32	1824740	589108	24252	293435	917945	36049	7486	28563	30	3385	6.7666
human	PR10T7cell33	1340640	203400	21229	373782	742229	38194	11124	27070	33	2733	21.1000
human	PR10T7cell34	1430667	269095	17942	436524	707106	39228	12921	26307	32	2432	21.1500
human	PR10T7cell35	1122379	234252	10650	289140	588337	31396	8904	22492	31	2482	5.6333
human	PR10T7cell36	680959	190810	4367	138727	347055	18873	4550	14323	27	2094	4.5833
human	PR10T7cell37	1488982	270044	16042	399975	802921	41495	12478	29017	32	2433	6.4666
human	PR10T7cell38	778770	259610	1477	424602	93081	18769	13863	4906	30	1160	5.3833
human	PR10T7cell39	2307452	368711	29391	535003	1374347	62882	15255	47627	29	3185	8.4833
human	PR10T7cell40	1396313	332872	16003	242023	805415	40066	8349	31717	30	2953	6.0333
human	PR10T7cell41	1928226	297366	31769	440418	1158673	107384	25621	81763	35	3278	9.2000
human	PR10T7cell42	2150539	393286	35069	534848	1187336	118393	31569	86824	35	3109	11.6666
human	PR10T7cell43	1209899	252314	15124	337263	605198	61815	19776	42039	30	2522	6.9333
human	PR10T7cell44	977242	330434	9972	173346	463490	41046	9657	31389	26	2210	5.4166
human	PR10T7cell45	1567583	290093	20573	542584	714333	81864	32543	49321	37	2106	9.4000
human	PR10T7cell46	2761393	1289050	25481	392478	1054384	92218	23124	69094	31	3325	10.5000
human	PR10T7cell47	2432053	638140	36864	561671	1195378	103352	29434	73918	33	3082	11.3333
human	PR10T7cell48	1710361	435153	21300	316043	937865	85542	19919	65623	27	2885	7.7833
human	PR10T7cell49	2019289	347214	29341	366223	1276511	58767	12043	46724	33	3367	7.3500
human	PR10T7cell50	1534628	265292	15485	565072	688779	43072	16571	26501	34	2337	7.2000
human	PR10T7cell51	1296445	395043	18343	317421	565638	32004	9760	22244	29	2588	6.2500
human	PR10T7cell52	687970	246684	7517	147337	286432	16003	4956	11047	25	1601	4.8166
human	PR10T7cell53	736429	89735	3619	457265	185810	21785	14036	7749	28	1227	5.2166
human	PR10T7cell54	1811626	323062	19137	504673	964754	51411	15553	35858	33	2762	7.3333
human	PR10T7cell55	2041458	439306	32990	427954	1141208	53468	13180	40288	30	2816	21.8666
human	PR10T7cell56	1875689	364798	32980	308774	1169137	53728	10598	43130	34	3152	7.0166
human	PR10T7cell57	1833430	366493	41532	362036	1063369	109174	24017	85157	30	3536	8.7166
human	PR10T7cell58	1531638	272781	22370	424289	812198	96135	28687	67448	28	2898	9.4000
human	PR10T7cell59	959190	201189	10412	298181	449408	56419	19846	36573	31	2757	6.4500
human	PR10T7cell60	112158	60662	460	23643	27393	7072	2606	4466	24	1211	3.5166
human	PR10T7cell61	2195943	300278	54553	440450	1400662	137501	29314	108187	39	3333	10.7500
human	PR10T7cell62	2508361	1124402	17109	367773	999077	94036	23332	70704	36	3438	10.2500
human	PR10T7cell63	1319527	748295	7242	135273	428717	51103	11413	39690	33	3279	6.3333
human	PR10T7cell64	1508909	394256	12292	263318	839043	82534	17812	64722	34	3367	7.2833
human	PR10T7cell65	1876485	348486	22372	467124	1038503	43936	12411	31525	30	2882	7.0666
human	PR10T7cell66	2013577	357109	40890	554933	1060645	46664	14257	32407	28	2695	7.8500
human	PR10T7cell67	403853	64967	348	304670	33868	10458	8290	2168	31	777	4.2833
human	PR10T7cell68	1316460	603430	12130	200146	500754	21597	5188	16409	25	2262	5.8333
human	PR10T7cell69	462830	31854	742	422636	7598	12060	11084	976	34	515	4.5000
human	PR10T7cell70	125366	58077	541	49134	17614	5002	2847	2155	31	927	3.5500
human	PR10T7cell71	158260	46345	887	78981	32047	6246	3557	2689	28	965	3.5833
human	PR10T7cell72	624775	121259	4493	283258	215765	16591	8316	8275	30	1327	4.6166
human	PR10T7cell73	1731257	202378	24615	463808	1040456	52653	13415	39238	32	3333	7.2000
human	PR10T7cell74	1533968	285518	10522	459581	778347	41560	13663	27897	31	2745	6.9166
human	PR10T7cell75	1344769	323014	16815	319095	685845	36820	9840	26980	36	2910	6.2000
human	PR10T7cell76	125517	55845	859	16026	52787	5008	1269	3739	24	1220	3.5166
human	PR10T7cell77	457811	23024	762	428249	5776	15258	13080	2178	31	1027	4.7333
human	PR10T7cell78	2964191	1514058	22400	352673	1075060	49989	11021	38968	37	3530	9.4666
human	PR10T7cell79	67029	23364	603	30932	12130	6129	2826	3303	32	1437	3.4000
human	PR10T7cell80	1478046	237302	14601	335948	890195	45310	10804	34506	33	3244	6.2500
human	PR10T7cell81	1409673	210086	15352	416711	767524	92564	27419	65145	28	2770	8.7333
human	PR10T7cell82	1328282	260027	10836	355079	702340	87745	25994	61751	32	2529	8.3666
human	PR10T7cell83	99803	43482	431	27144	28746	9750	3844	5906	32	1555	3.5666
human	PR10T7cell84	60682	30704	431	7236	22311	5049	1213	3836	20	1094	3.3833
human	PR10T7cell85	427080	22475	375	380686	23544	31791	27583	4208	31	1106	6.4833
human	PR10T7cell86	135586	71753	356	39938	23539	9082	5051	4031	34	1231	3.6166
human	PR10T7cell87	129276	43879	948	37001	47448	11524	4564	6960	29	1412	3.5500
human	PR10T7cell88	138215	42851	843	57394	37127	11693	6292	5401	31	1000	3.6333
human	PR10T7cell89	116752	35115	705	47751	33181	5986	2912	3074	27	920	3.5166
human	PR10T7cell90	49267	10666	645	19992	17964	4311	1826	2485	26	880	21.0666
human	PR10T7cell91	234955	111686	2103	22936	98230	10293	1828	8465	25	2247	3.7166
human	PR10T7cell92	80829	37512	13	42380	924	2142	1956	186	22	139	3.4833
human	PR10T7cell93	921318	196197	16350	207552	501219	31067	8060	23007	32	2467	5.1666
human	PR10T7cell94	128442	59520	1493	30592	36837	5763	2271	3492	32	1164	3.6000
human	PR10T7cell95	44442	16079	184	15525	12654	3545	1555	1990	26	787	3.3500
human	PR10T7cell96	165705	45800	1596	36043	82266	8413	2443	5970	31	1387	3.5666
human	PR10T8cell1	2225663	420805	47595	559936	1197327	35505	9233	26272	27	3294	7.6166
human	PR10T8cell2	2183059	495533	38147	476038	1173341	32556	7724	24832	31	3034	7.5166
human	PR10T8cell3	1037974	194394	10417	264488	568675	20500	4983	15517	27	2796	5.3000
human	PR10T8cell4	1264698	423664	9875	256824	574335	16843	4127	12716	29	2314	5.7166
human	PR10T8cell5	3587245	1703621	29852	492303	1361469	34739	8165	26574	37	3228	10.4333
human	PR10T8cell6	2241811	650476	28258	406642	1156435	35371	7255	28116	32	3705	7.6166
human	PR10T8cell7	2713904	300137	51700	658699	1703368	42423	9752	32671	32	3140	8.5166
human	PR10T8cell8	2449804	481122	47485	403419	1517778	38145	6650	31495	30	3435	7.7666
human	PR10T8cell9	1940785	424815	18811	413299	1083860	34813	8125	26688	31	3346	7.0833
human	PR10T8cell10	2145563	520621	27412	496639	1100891	34810	8695	26115	35	3120	7.4833
human	PR10T8cell11	1246754	253965	18115	335687	638987	24036	6683	17353	30	2934	5.7166
human	PR10T8cell12	896582	278654	8265	215747	393916	13173	3682	9491	24	1998	5.0000
human	PR10T8cell13	2398612	363550	35322	476751	1522989	41259	8374	32885	34	3580	7.6666
human	PR10T8cell14	1854835	456841	34706	369082	994206	34583	7415	27168	30	3558	6.8666
human	PR10T8cell15	1750340	337638	28405	525031	859266	29920	9073	20847	33	2931	6.7500
human	PR10T8cell16	1393215	314695	24066	297933	756521	26359	5802	20557	34	2919	5.9166
human	PR10T8cell17	1864555	348211	25399	481290	1009655	29473	7778	21695	31	2692	6.9000
human	PR10T8cell18	1631537	330270	20876	462252	818139	24988	7226	17762	27	2678	6.5666
human	PR10T8cell19	783183	272272	4908	261250	244753	12612	4786	7826	26	1926	4.8666
human	PR10T8cell20	977772	374836	8476	184326	410134	12801	3119	9682	25	1961	5.1000
human	PR10T8cell21	2337656	496245	35215	521145	1285051	33989	8242	25747	34	2945	7.7500
human	PR10T8cell22	3587398	1915141	23196	476474	1172587	32942	7891	25051	30	3323	10.3333
human	PR10T8cell23	1666713	179416	22750	537856	926691	27997	8442	19555	33	2421	6.6666
human	PR10T8cell24	721089	209394	6755	215789	289151	12635	4104	8531	31	1874	4.6333
human	PR10T8cell25	1978302	391963	21886	494614	1069839	35524	9081	26443	32	3500	7.2166
human	PR10T8cell26	1832678	453492	23320	477400	878466	29099	8441	20658	30	2864	6.8500
human	PR10T8cell27	1818627	325229	15168	358906	1119324	33874	6727	27147	33	3621	6.7333
human	PR10T8cell28	651433	235176	5815	116938	293504	11083	2710	8373	27	1796	4.5500
human	PR10T8cell29	2185179	445278	27565	468585	1243751	34597	8430	26167	29	3149	7.5666
human	PR10T8cell30	1246676	642141	10604	118111	475820	22634	4035	18599	33	3543	5.7166
human	PR10T8cell31	1791377	273177	19273	559361	939566	30322	9583	20739	35	2725	6.8166
human	PR10T8cell32	486103	189433	2818	113321	180531	10366	3149	7217	33	2133	4.2000
human	PR10T8cell33	1716091	324808	20535	458999	911749	41696	11392	30304	34	2898	7.0000
human	PR10T8cell34	1498593	143945	25730	427698	901220	40612	10720	29892	30	2622	6.5000
human	PR10T8cell35	1201448	237866	18381	360203	584998	29912	9053	20859	36	2568	5.8333
human	PR10T8cell36	140626	70039	158	42742	27687	4022	1795	2227	28	934	3.6833
human	PR10T8cell37	620645	204725	4360	132664	278896	16736	4599	12137	24	2281	4.6333
human	PR10T8cell38	2622697	675877	38112	485826	1422882	59936	12255	47681	34	3475	8.6666
human	PR10T8cell39	1836504	341779	16325	418354	1060046	44849	10811	34038	27	2909	7.0500
human	PR10T8cell40	1814410	345517	32261	262459	1174173	46172	7331	38841	29	3366	6.7500
human	PR10T8cell41	2373724	340940	40975	547290	1444519	104462	24521	79941	36	3350	10.0000
human	PR10T8cell42	2217998	386368	19741	572002	1239887	97194	26390	70804	35	2961	10.2500
human	PR10T8cell43	882667	200172	11065	316678	354752	37320	14571	22749	36	1975	5.6500
human	PR10T8cell44	1137979	356564	9762	231469	540184	38207	10058	28149	28	2209	5.9000
human	PR10T8cell45	3641028	1046623	36708	575688	1982009	133393	27032	106361	32	3879	12.5666
human	PR10T8cell46	1916645	320786	24000	520174	1051685	77406	23072	54334	31	2779	8.5500
human	PR10T8cell47	1354816	328810	13568	453855	558583	49955	19604	30351	35	2225	7.1166
human	PR10T8cell48	1521716	393733	23873	351034	753076	59173	16333	42840	30	2476	7.0166
human	PR10T8cell49	2144252	395266	28902	518849	1201235	47611	12529	35082	31	3261	7.7833
human	PR10T8cell50	1723752	419632	18150	468180	817790	37245	11665	25580	34	2518	6.9333
human	PR10T8cell51	2224451	582694	21994	375767	1243996	48993	9384	39609	30	3755	7.7166
human	PR10T8cell52	1010651	364680	10417	274679	360875	17751	6279	11472	27	1830	5.4500
human	PR10T8cell53	2837052	533459	48876	441485	1813232	60914	10947	49967	36	3551	9.0666
human	PR10T8cell54	1131476	323810	16756	346462	444448	25218	8857	16361	30	2386	5.8333
human	PR10T8cell55	1242915	314668	9020	326568	592659	27638	8119	19519	32	2469	5.9833
human	PR10T8cell56	2233557	907572	26542	236141	1063302	41761	6404	35357	32	3631	8.0000
human	PR10T8cell57	2111579	405117	38648	487482	1180332	105901	25233	80668	31	3756	10.3500
human	PR10T8cell58	1774470	232217	20122	598627	923504	98332	31972	66360	32	2954	11.6000
human	PR10T8cell59	2260332	902960	30509	308555	1018308	86724	17258	69466	29	3811	8.9500
human	PR10T8cell60	955236	375998	8102	175178	395958	35086	8743	26343	27	2342	5.3666
human	PR10T8cell61	1443608	429089	16324	423108	575087	64318	24605	39713	34	2670	8.6000
human	PR10T8cell62	2297758	863542	16266	382065	1035885	85249	20162	65087	32	3760	9.4500
human	PR10T8cell63	1373554	213896	12223	449764	697671	68317	23124	45193	33	2570	8.1166
human	PR10T8cell64	648901	253520	4131	153409	237841	30516	10281	20235	33	2151	4.8500
human	PR10T8cell65	2328048	448043	31468	497645	1350892	45409	10332	35077	31	3294	7.9000
human	PR10T8cell66	2052433	394863	34420	463155	1159995	38692	9424	29268	32	2732	7.3000
human	PR10T8cell67	523176	74284	1044	359433	88415	11268	7609	3659	31	1038	4.5166
human	PR10T8cell68	1464787	463003	15723	225423	760638	22665	4656	18009	25	2274	6.0666
human	PR10T8cell69	2575014	420741	40523	511693	1602057	49892	10545	39347	34	3311	8.1166
human	PR10T8cell70	2997437	834377	46374	524790	1591896	48979	10532	38447	32	3234	9.6833
human	PR10T8cell71	653892	186709	5535	205678	255970	14676	5126	9550	32	1998	4.7500
human	PR10T8cell72	241249	65695	1708	79050	94796	8267	2814	5453	29	1508	3.8666
human	PR10T8cell73	1649069	312620	23149	536129	777171	33543	11704	21839	36	2649	7.1000
human	PR10T8cell74	1557148	285569	21060	493483	757036	32785	10913	21872	34	2574	6.7333
human	PR10T8cell75	1616796	890975	7929	162145	555747	24716	4814	19902	31	3383	6.6666
human	PR10T8cell76	815244	245504	10620	146082	413038	16046	3740	12306	24	2101	4.9500
human	PR10T8cell77	2103389	474456	27505	444884	1156544	41976	10180	31796	30	3216	7.7000
human	PR10T8cell78	754392	228818	3853	391419	130302	15495	9136	6359	34	1695	5.2000
human	PR10T8cell79	1185713	465913	9072	216770	493958	23683	6116	17567	33	2961	5.7666
human	PR10T8cell80	420973	65148	3240	185892	166693	12420	5069	7351	36	1634	4.1666
human	PR10T8cell81	981521	183068	9777	426234	362442	55340	23177	32163	31	2525	7.3000
human	PR10T8cell82	299468	82708	2384	97819	116557	22051	8849	13202	30	1890	4.0666
human	PR10T8cell83	1340355	604578	6276	195204	534297	52573	12130	40443	30	2985	6.5333
human	PR10T8cell84	431877	186582	1904	135804	107587	16376	7474	8902	25	1214	4.3000
human	PR10T8cell85	793641	88831	7743	430380	266687	47827	25304	22523	33	1485	7.4000
human	PR10T8cell86	2387579	523447	37214	658254	1168664	108503	35112	73391	34	3458	12.2833
human	PR10T8cell87	193363	57400	2955	34856	98152	18023	4405	13618	35	2336	3.7500
human	PR10T8cell88	734226	169970	6515	203745	353996	38852	11728	27124	29	2111	5.1000
human	PR10T8cell89	1441501	549072	15739	209209	667481	32979	6519	26460	30	3380	6.2000
human	PR10T8cell90	320648	128943	5206	47301	139198	11304	2567	8737	28	2105	3.9166
human	PR10T8cell91	231741	69163	1991	77478	83109	8670	3202	5468	26	1287	3.7833
human	PR10T8cell92	139034	60289	952	34738	43055	4075	1504	2571	24	880	3.6166
human	PR10T8cell93	114442	28788	196	70964	14494	4378	3188	1190	25	501	3.6000
human	PR10T8cell94	843207	295153	9282	196620	342152	20474	6162	14312	29	2174	5.0500
human	PR10T8cell95	291562	39376	54	247316	4816	7169	6703	466	32	291	4.0000
human	PR10T8cell96	95433	27058	1048	30200	37127	5126	1870	3256	27	932	3.5333
human	PR10T9cell1	3963273	2172028	24175	418771	1348299	42632	8310	34322	33	4221	11.3333
human	PR10T9cell2	1815221	413146	28355	401046	972674	30623	7740	22883	30	2787	7.0666
human	PR10T9cell3	2949838	1615798	18691	291136	1024213	34351	6120	28231	29	3963	9.2333
human	PR10T9cell4	913967	345202	8568	145874	414323	13417	3116	10301	30	1933	4.9666
human	PR10T9cell5	2195867	365343	34706	451777	1344041	39549	8639	30910	34	3270	7.4333
human	PR10T9cell6	2354938	652777	31674	494405	1176082	38846	9544	29302	35	3561	7.9166
human	PR10T9cell7	2659364	533307	37801	556683	1531573	43656	10022	33634	33	3497	8.4000
human	PR10T9cell8	1781959	353980	33612	360996	1033371	31817	6915	24902	26	2943	6.6500
human	PR10T9cell9	641180	142605	8226	161783	328566	19105	4699	14406	31	2822	4.5333
human	PR10T9cell10	1375326	327221	17436	311642	719027	27553	6978	20575	29	2768	6.0000
human	PR10T9cell11	1163467	249127	16071	281944	616325	25961	6294	19667	26	3295	5.4833
human	PR10T9cell12	720896	240509	6476	132546	341365	13165	3027	10138	26	1957	4.6333
human	PR10T9cell13	986011	192764	28986	179163	585098	23527	4913	18614	33	3075	5.0833
human	PR10T9cell14	2165251	537858	31233	381544	1214616	41718	8459	33259	34	3666	7.3666
human	PR10T9cell15	1782809	262324	24764	378409	1117312	36766	8221	28545	32	3333	7.0666
human	PR10T9cell16	1486957	342397	22759	249833	871968	31281	6055	25226	36	3147	6.1500
human	PR10T9cell17	1169472	200360	14812	337887	616413	23645	6634	17011	29	2559	5.6166
human	PR10T9cell18	1184338	247014	13642	310163	613519	21688	5836	15852	29	2368	5.6333
human	PR10T9cell19	937735	190243	9156	282011	456325	18539	5522	13017	32	2269	5.1000
human	PR10T9cell20	638580	234838	4355	114391	284996	11070	2536	8534	27	1922	4.5833
human	PR10T9cell21	1949849	287928	31046	408954	1221921	35628	6992	28636	30	3250	7.0333
human	PR10T9cell22	2211429	547057	28774	404430	1231168	38124	7813	30311	32	3662	7.5000
human	PR10T9cell23	1756073	432739	32087	411829	879418	28771	7407	21364	31	2732	6.9833
human	PR10T9cell24	723060	335620	8323	103083	276034	13559	2889	10670	23	2541	4.8333
human	PR10T9cell25	1381431	297240	24673	335771	723747	27818	7298	20520	31	2901	6.1000
human	PR10T9cell26	1626586	317031	30068	425869	853618	31250	8383	22867	31	2986	6.6333
human	PR10T9cell27	1178986	264756	18732	269093	626405	25880	5973	19907	28	3001	5.5666
human	PR10T9cell28	511690	174496	5335	122037	209822	9186	2875	6311	21	1475	4.2666
human	PR10T9cell29	1694915	154249	24591	477134	1038941	36386	9326	27060	31	3065	6.6500
human	PR10T9cell30	2257770	740150	28380	318753	1170487	43293	7269	36024	36	4149	7.6666
human	PR10T9cell31	2241936	435752	23626	488878	1293680	41629	9729	31900	30	3498	7.6666
human	PR10T9cell32	1222192	207806	17091	270780	726515	27187	6084	21103	33	3045	5.7000
human	PR10T9cell33	1481126	290359	20554	374622	795591	37630	10316	27314	32	2966	6.3333
human	PR10T9cell34	1438304	221732	25552	366480	824540	40662	10260	30402	30	2847	6.3166
human	PR10T9cell35	1943855	340560	27544	302879	1272872	56838	8446	48392	28	4113	7.1500
human	PR10T9cell36	562025	184244	5147	122142	250492	13599	3860	9739	23	1697	4.3166
human	PR10T9cell37	1427146	201848	20770	379070	825458	39189	10776	28413	30	2539	6.3333
human	PR10T9cell38	1891815	553652	21441	420067	896655	44661	12376	32285	31	2961	7.5833
human	PR10T9cell39	1557523	593162	12498	328668	623195	31143	9130	22013	30	2542	6.4333
human	PR10T9cell40	1024967	155811	15787	226927	626442	30567	7081	23486	32	2564	5.2500
human	PR10T9cell41	1386943	169945	21896	463416	731686	73387	23098	50289	32	2563	7.8166
human	PR10T9cell42	1739142	335107	22337	414091	967607	86542	22903	63639	30	2923	8.4166
human	PR10T9cell43	1290953	242742	19575	357238	671398	64099	18464	45635	32	2974	6.9666
human	PR10T9cell44	690131	305485	3962	152459	228225	24158	8133	16025	28	1779	4.8833
human	PR10T9cell45	3675863	1281778	42160	353316	1998609	148326	20731	127595	37	4133	12.2333
human	PR10T9cell46	2284288	403181	28876	415005	1437226	105311	21553	83758	35	3666	8.7500
human	PR10T9cell47	2415769	448923	38696	437180	1490970	107508	21946	85562	30	3459	9.3666
human	PR10T9cell48	2245908	574193	34838	282794	1354083	100253	15491	84762	27	3671	8.2000
human	PR10T9cell49	2590757	465233	42788	402275	1680461	70607	11255	59352	33	4158	8.5000
human	PR10T9cell50	1873410	416628	28157	391750	1036875	47224	11039	36185	28	3170	7.1166
human	PR10T9cell51	1412526	201213	16441	355021	839851	38068	9757	28311	31	2990	6.1666
human	PR10T9cell52	845271	267658	11337	158428	407848	18844	4300	14544	26	2152	4.8833
human	PR10T9cell53	497390	171404	5375	102216	218395	16007	4395	11612	30	2461	4.3333
human	PR10T9cell54	2145107	382467	33413	434671	1294556	54810	11900	42910	32	3471	7.5500
human	PR10T9cell55	1767085	451744	19986	388106	907249	41941	10613	31328	35	3042	7.0500
human	PR10T9cell56	1225917	284493	21987	250263	669174	33767	7615	26152	30	2743	5.7333
human	PR10T9cell57	1657457	390027	13424	347089	906917	87507	21107	66400	36	3491	8.1666
human	PR10T9cell58	1894255	847762	17265	318920	710308	78817	20964	57853	32	3163	9.1000
human	PR10T9cell59	142051	55062	295	46536	40158	11476	5400	6076	31	1533	3.6833
human	PR10T9cell60	635839	209603	5362	141249	279625	26785	7517	19268	25	1763	4.6666
human	PR10T9cell61	1872213	387368	32195	403103	1049547	105342	25687	79655	33	3329	9.3666
human	PR10T9cell62	2075349	816933	19390	322949	916077	85583	19560	66023	33	3503	8.6833
human	PR10T9cell63	977704	187712	12996	284986	492010	54846	17233	37613	34	2730	6.0333
human	PR10T9cell64	1364926	448154	13978	273611	629183	64125	16780	47345	30	3050	6.8000
human	PR10T9cell65	3731539	800806	60254	459471	2411008	83533	10415	73118	28	4924	10.4333
human	PR10T9cell66	946365	160256	10567	312104	463438	23824	7638	16186	31	2246	5.2166
human	PR10T9cell67	1407790	298770	20514	311197	777309	31012	7458	23554	31	3089	6.0166
human	PR10T9cell68	510101	182038	2438	180660	144965	8852	4159	4693	29	1158	4.3666
human	PR10T9cell69	1745604	378574	13514	423817	929699	35029	9459	25570	34	2812	6.7166
human	PR10T9cell70	3074234	966608	54934	447182	1605510	54101	10425	43676	34	3929	9.2666
human	PR10T9cell71	502979	106139	6931	226137	163772	13252	6179	7073	33	1579	4.4500
human	PR10T9cell72	551292	54164	3912	266595	226621	13921	6376	7545	26	1424	4.4000
human	PR10T9cell73	1498326	277096	20284	404258	796688	38261	10467	27794	34	2956	6.4000
human	PR10T9cell74	701764	143044	4460	343825	210435	18541	8898	9643	30	1795	4.8666
human	PR10T9cell75	1014152	306739	9232	252623	445558	24338	7378	16960	28	2618	5.3833
human	PR10T9cell76	572896	194757	5503	126270	246366	12668	3388	9280	24	1664	4.3500
human	PR10T9cell77	828168	255180	10623	252302	310063	19913	7587	12326	36	2273	5.0166
human	PR10T9cell78	1488418	494073	15581	310276	668488	34801	8876	25925	32	3195	6.3500
human	PR10T9cell79	2632882	889469	21325	384385	1337703	52241	9854	42387	34	3825	8.7000
human	PR10T9cell80	275281	94225	1316	130148	49592	8616	4562	4054	32	1257	3.8333
human	PR10T9cell81	1478369	319703	19725	343366	795575	82396	21301	61095	36	2738	7.6500
human	PR10T9cell82	1427389	294324	19181	314843	799041	82624	21426	61198	29	2630	7.7333
human	PR10T9cell83	155753	48330	1797	71151	34475	11766	6514	5252	29	1441	3.7333
human	PR10T9cell84	152015	68582	4097	24008	55328	8202	2420	5782	26	1075	3.5833
human	PR10T9cell85	519987	60153	4009	312789	143036	35151	21495	13656	30	1324	5.8666
human	PR10T9cell86	1047093	298947	7037	338971	402138	49870	20008	29862	35	2327	6.7500
human	PR10T9cell87	891795	84784	12286	380722	414003	52540	22068	30472	38	1880	6.6666
human	PR10T9cell88	910821	215399	8666	189157	497599	51830	12862	38968	32	2823	5.4333
human	PR10T9cell89	78309	39588	429	22455	15837	4193	1968	2225	27	970	3.3833
human	PR10T9cell90	95502	11381	926	73252	9943	5179	4099	1080	34	436	3.4500
human	PR10T9cell91	454066	144825	5315	73129	230797	15953	3306	12647	31	2515	4.1000
human	PR10T9cell92	41274	19459	448	5115	16252	2437	626	1811	21	752	3.3500
human	PR10T9cell93	284546	75198	4225	74397	130726	11625	3478	8147	27	1685	3.8500
human	PR10T9cell94	811585	258165	16247	174949	362224	23320	5983	17337	33	2488	4.9500
human	PR10T9cell95	167982	15147	50	143794	8991	6067	5276	791	31	365	3.7000
human	PR10T9cell96	44523	17685	270	12599	13969	3487	1317	2170	25	921	3.3333
human	PR10T10cell1	2121110	391270	33838	463790	1232212	39150	8722	30428	33	3287	7.3500
human	PR10T10cell2	1496981	166326	22568	400921	907166	29262	7918	21344	37	2736	6.1833
human	PR10T10cell3	1533711	372699	19423	339900	801689	28894	6811	22083	31	3170	6.2000
human	PR10T10cell4	871931	343965	11199	129533	387234	13324	2950	10374	32	2028	4.9500
human	PR10T10cell5	1913094	385118	21171	460426	1046379	32584	8517	24067	35	2804	7.1666
human	PR10T10cell6	2661101	678451	55389	481031	1446230	45580	9410	36170	34	3735	8.6333
human	PR10T10cell7	2450586	454729	37429	563503	1394925	42192	10096	32096	34	3318	8.1166
human	PR10T10cell8	1877483	285259	28556	350921	1212747	37618	7029	30589	31	3460	6.7333
human	PR10T10cell9	1506114	276011	17966	437064	775073	32365	9395	22970	30	3119	6.3500
human	PR10T10cell10	1852039	444377	21325	413368	972969	35959	9212	26747	31	3335	6.9833
human	PR10T10cell11	1028805	231633	11779	290087	495306	24073	7067	17006	32	2844	5.4000
human	PR10T10cell12	696714	242533	8851	108878	336452	13302	2573	10729	27	2157	4.5166
human	PR10T10cell13	2135757	366824	30955	410464	1327514	43619	8800	34819	33	3589	7.5666
human	PR10T10cell14	2931427	788686	33349	375134	1734258	60198	8477	51721	31	4408	9.1000
human	PR10T10cell15	2453613	899603	21854	446023	1086133	39444	9355	30089	34	3618	8.2500
human	PR10T10cell16	1021709	385126	7621	176092	452870	21131	4602	16529	29	2980	5.2333
human	PR10T10cell17	1621961	313626	15894	368650	923791	28634	7033	21601	29	2635	6.5666
human	PR10T10cell18	1577555	301299	20326	375120	880810	27632	6832	20800	31	2523	6.6000
human	PR10T10cell19	431669	109256	6347	131155	184911	10706	3317	7389	35	1933	4.1666
human	PR10T10cell20	435196	147831	3316	113887	170162	8650	2659	5991	27	1545	4.2500
human	PR10T10cell21	1571006	334811	19652	404351	812192	26531	7386	19145	28	2426	6.2166
human	PR10T10cell22	1128711	720945	12319	56977	338470	18858	2426	16432	29	3692	5.4666
human	PR10T10cell23	2074516	501913	36314	447114	1089175	34538	7986	26552	30	2994	7.2833
human	PR10T10cell24	2155741	969572	22145	205771	958253	26333	4432	21901	32	3160	7.5833
human	PR10T10cell25	1412748	159549	25266	407457	820476	33127	8527	24600	34	3158	6.0333
human	PR10T10cell26	1545222	276002	18401	424684	826135	30514	8982	21532	30	2898	6.4166
human	PR10T10cell27	918094	198602	8245	210554	500693	23133	5522	17611	29	3099	5.0333
human	PR10T10cell28	774479	281396	10552	115542	366989	13956	2647	11309	26	2187	4.7000
human	PR10T10cell29	1977080	391602	27177	446989	1111312	36607	9029	27578	30	3141	7.1333
human	PR10T10cell30	1701489	642789	16858	312356	729486	30516	7314	23202	30	3422	6.7333
human	PR10T10cell31	3457920	1353521	34990	461191	1608218	49296	9133	40163	34	4196	10.1333
human	PR10T10cell32	970229	225415	23182	149838	571794	24376	4348	20028	34	3118	5.2666
human	PR10T10cell33	1368350	167776	25596	343808	831170	39509	9763	29746	31	2987	6.0166
human	PR10T10cell34	1285247	265813	9721	387239	622474	33668	11015	22653	32	2404	6.1666
human	PR10T10cell35	1182219	217670	21198	216901	726450	34437	6645	27792	27	3077	5.6166
human	PR10T10cell36	56268	29572	726	9703	16267	3061	980	2081	24	889	3.3666
human	PR10T10cell37	1661913	282407	17355	357350	1004801	42015	9718	32297	28	2811	6.6833
human	PR10T10cell38	2098570	618803	27034	404205	1048528	48193	11396	36797	30	3168	7.6333
human	PR10T10cell39	2495818	1349664	21305	280106	844743	40399	8174	32225	31	3571	8.4833
human	PR10T10cell40	392668	112013	2410	115083	163162	12421	4023	8398	26	1766	4.0333
human	PR10T10cell41	1438794	249818	20287	412763	755926	74216	22119	52097	35	2665	7.7166
human	PR10T10cell42	805005	187825	9214	259611	348355	46642	16531	30111	27	2528	5.8333
human	PR10T10cell43	1046997	180520	11178	353432	501867	53283	18249	35034	30	2381	9.9333
human	PR10T10cell44	1011195	340199	5741	237102	428153	37885	10991	26894	29	2243	9.7166
human	PR10T10cell45	2259292	485279	27685	462773	1283555	111523	25811	85712	32	3052	9.9833
human	PR10T10cell46	1354311	628749	16981	182597	525984	50322	11565	38757	31	3259	6.3666
human	PR10T10cell47	1044769	257739	8630	288936	489464	48011	15873	32138	28	2372	6.0166
human	PR10T10cell48	1009369	76564	19634	290823	622348	60144	15751	44393	29	2539	5.9166
human	PR10T10cell49	1579286	316015	20722	431839	810710	40808	11674	29134	31	2743	6.6333
human	PR10T10cell50	1394101	264190	22132	348403	759376	39507	10079	29428	34	3007	6.5166
human	PR10T10cell51	185593	98052	1638	38801	47102	7529	2561	4968	28	1815	3.6500
human	PR10T10cell52	851661	351302	10917	135575	353867	17492	4000	13492	28	2058	4.9500
human	PR10T10cell53	2475910	1296622	24116	236779	918393	41434	7440	33994	32	3484	8.2666
human	PR10T10cell54	2168739	1069871	23814	243030	832024	38707	7394	31313	35	3587	7.5833
human	PR10T10cell55	799475	183025	5637	257724	353089	21738	7887	13851	30	2229	5.0333
human	PR10T10cell56	244601	71986	1362	97031	74222	7945	3920	4025	31	1021	3.9000
human	PR10T10cell57	1804106	378172	22730	409153	994051	104006	25094	78912	38	3455	9.0666
human	PR10T10cell58	1190067	280168	9911	384199	515789	68299	25316	42983	29	2285	8.2166
human	PR10T10cell59	1154838	166049	13126	430263	545400	66216	24231	41985	36	2672	7.7833
human	PR10T10cell60	300009	272583	129	14099	13198	4342	1974	2368	28	954	3.9333
human	PR10T10cell61	114317	36720	950	30655	45992	12933	4389	8544	29	1841	3.4833
human	PR10T10cell62	1439377	373495	15968	286751	763163	73299	17754	55545	34	2993	6.9333
human	PR10T10cell63	140341	57581	943	25665	56152	13482	3898	9584	30	2325	3.5500
human	PR10T10cell64	505848	92937	8105	129175	275631	35409	9768	25641	34	2296	4.5000
human	PR10T10cell65	1588624	274440	20400	435476	858308	36965	10154	26811	35	2762	6.5333
human	PR10T10cell66	1421098	312773	23678	456293	628354	29484	10878	18606	32	2166	6.3833
human	PR10T10cell67	1401276	241373	16183	392691	751029	31822	9160	22662	34	2804	6.3333
human	PR10T10cell68	1025464	418977	8891	210337	387259	16737	4754	11983	25	2067	5.2666
human	PR10T10cell69	127223	53716	1612	24076	47819	7082	1845	5237	30	1785	3.6000
human	PR10T10cell70	669066	247925	12111	119159	289871	17111	3985	13126	30	2804	4.5166
human	PR10T10cell71	1120548	242680	13418	414499	449951	22973	9261	13712	37	2162	5.6833
human	PR10T10cell72	1037372	259377	17355	290944	469696	22456	7333	15123	31	2185	5.3000
human	PR10T10cell73	1301259	274659	24253	422720	579627	33552	11204	22348	33	2788	6.7833
human	PR10T10cell74	1743411	324243	25935	471245	921988	41825	11796	30029	29	3104	7.2666
human	PR10T10cell75	1049468	200062	14878	303963	530565	28044	8351	19693	33	2570	5.4833
human	PR10T10cell76	758607	277031	8238	113643	359695	16106	3256	12850	28	2160	4.6666
human	PR10T10cell77	1643203	534025	24722	358802	725654	36358	9550	26808	34	3086	6.7833
human	PR10T10cell78	262013	119887	1249	60851	80026	9785	3236	6549	32	1980	3.8666
human	PR10T10cell79	557405	72120	4315	234581	246389	18032	6929	11103	33	1999	4.4833
human	PR10T10cell80	178753	48463	2080	104364	23846	6272	4001	2271	31	868	3.6166
human	PR10T10cell81	1699661	286929	32887	294066	1085779	115236	19744	95492	30	3879	8.0833
human	PR10T10cell82	462057	81593	786	291977	87701	31417	21482	9935	31	1421	5.8000
human	PR10T10cell83	804731	180823	12510	217985	393413	48327	14443	33884	28	2308	5.6166
human	PR10T10cell84	35628	16738	165	11452	7273	3312	1499	1813	23	692	3.3000
human	PR10T10cell85	690994	237622	4479	126497	322396	41618	11494	30124	29	2540	5.2166
human	PR10T10cell86	113396	55993	689	33902	22812	8262	4400	3862	29	1107	3.5500
human	PR10T10cell87	1573654	585307	11682	270656	706009	72734	17563	55171	34	3472	7.5666
human	PR10T10cell88	208482	29592	1231	154366	23293	14340	11585	2755	26	495	4.1166
human	PR10T10cell89	488587	67640	8443	130624	281880	20255	5086	15169	31	2045	4.2333
human	PR10T10cell90	330772	86851	3021	92763	148137	13622	4317	9305	29	1783	3.9166
human	PR10T10cell91	93901	24879	480	56930	11612	4061	2969	1092	25	515	3.5333
human	PR10T10cell92	245266	114231	1276	34040	95719	7164	1698	5466	22	1385	3.7500
human	PR10T10cell93	878139	195166	8689	167853	506431	28446	6141	22305	26	2782	4.9666
human	PR10T10cell94	298538	83333	83	206243	8879	7912	7082	830	28	385	4.0000
human	PR10T10cell95	1083610	477791	13111	144331	448377	26169	5674	20495	34	3001	5.3833
human	PR10T10cell96	108952	16244	30	83354	9324	4223	3569	654	28	287	3.4833
