predicted.id	prediction.score.Erythrocyte	prediction.score.Mast	prediction.score.Erythrocyte.Prol	prediction.score.Pre.B	prediction.score.B.Prol	prediction.score.Neutrophil	prediction.score.Pro.B	prediction.score.Neutrophil.Prol	prediction.score.max
GS_1_1-1	Mast	0.0805266168396304	0.473099478013694	0.260905693117307	0.161813933011438	0.0180775196688016	0	0.00557675934912868	0	0.473099478013694
GS_1_1-2	Pre-B	0.0188239202136824	0.161391050400947	0	0.648865866198592	0.0276294707093561	0	0.143289692477423	0	0.648865866198592
GS_1_1-3	Erythrocyte	0.467982125103196	0	0.0378677654702055	0.351731662226538	0.116837444658135	0	0.0255810025419258	0	0.467982125103196
GS_1_1-4	Pre-B	0.191892129749923	0.0587365795566861	0.00639744739035744	0.456001765143816	0.263618577473888	0	0.0233535006853302	0	0.456001765143816
GS_1_1-5	Pre-B	0	0.00639644168824064	0	0.885470827613254	0.10522293847343	0	0.00290979222507535	0	0.885470827613254
GS_1_1-6	Erythrocyte	0.37180857612354	0	0.034571198286201	0.247440166134712	0.331962935555104	0	0.0142171239004424	0	0.37180857612354
GS_1_1-8	Erythrocyte	0.366534031873179	0.162838436589848	0.314564998281345	0.111559205928783	0.0360165265365129	0.00159371310700801	0.00689308768332434	0	0.366534031873179
GS_1_2-1	Pre-B	0	0.0118831154579185	0	0.914589250495199	0.0735276340468823	0	0	0	0.914589250495199
GS_1_2-2	Pre-B	0.0074042786669844	0.0941127931574407	0.0583754888072796	0.769117820659584	0.0655857063028253	0.00540391240588624	0	0	0.769117820659584
GS_1_2-4	Pre-B	0	0.173319263028398	0	0.687806450850555	0.137746404339393	0	0.00112788178165341	0	0.687806450850555
GS_1_2-5	Erythrocyte	0.339385576673122	0.169857397047053	0.0387227212117541	0.307429741197568	0.0994580871647368	0.0392518438636491	0.00589463284211731	0	0.339385576673122
GS_1_2-6	Erythrocyte	0.580173171539133	0.0232434777417978	0.0672231242042424	0.231028635506676	0.0494635565357711	0.0416178930948895	0.00725014137748984	0	0.580173171539133
GS_1_2-7	Pre-B	0.234081429666197	0.0124055808914378	0.16560236863943	0.520324038015063	0.057707140756206	0.00987944203166687	0	0	0.520324038015063
GS_1_2-8	Erythrocyte	0.335838481028066	0.0724916089648883	0.238693189828333	0.216768344895848	0.0733120097225917	0	0.0628963655602737	0	0.335838481028066
GS_1_3-1	B-Prol	0.141878720393514	0.11811468441641	0.112834771514976	0.217293711234123	0.388254423507725	0.0216236889332528	0	0	0.388254423507725
GS_1_3-2	Neutrophil	0.0126794629275197	0.0144175385240469	0	0.0307757376442439	0	0.843486631298413	0	0.0986406296057761	0.843486631298413
GS_1_3-3	B-Prol	0.112260368193851	0.288128092566663	0.211582311636001	0.0516653886451806	0.33165388250469	0.00470995645361482	0	0	0.33165388250469
GS_1_3-4	Pre-B	0.343850092619338	0.0306352360899168	0.10402871851759	0.404380702521565	0.0396629450526938	0	0.0532016495300207	0.0242406556688757	0.404380702521565
GS_1_3-5	Neutrophil	0.000229792002337649	0	0	0.017330435457757	0.0115427502508397	0.970897022289066	0	0	0.970897022289066
GS_1_3-6	Pre-B	0.138191400288669	0.102051274638637	0.0499062324042629	0.547472972918567	0.11975774822666	0	0.0426203715232042	0	0.547472972918567
GS_1_3-7	Neutrophil	0	0	0	0.0172300514405365	0.00365911932875408	0.97911082923071	0	0	0.97911082923071
GS_1_3-8	Erythrocyte	0.445692296340365	0.0294154932722422	0.222534918238277	0.245273993434023	0.0497796662905404	0	0.00730363242455282	0	0.445692296340365
GS_1_4-1	Pre-B	0.133332419635835	0.045210514374454	0.0576881633015443	0.684105613672435	0.0251582409509464	0	0.0545050480647857	0	0.684105613672435
GS_1_4-2	Neutrophil	0.0188708751521154	0.153367672729432	0	0.22769164343995	0	0.592630506498826	0.00743930217967669	0	0.592630506498826
GS_1_4-3	Mast	0.0118635851350336	0.557094011871777	0.0266664128397847	0.151168868545149	0.0743897230679748	0.16996404515243	0	0.00885335338785062	0.557094011871777
GS_1_4-4	Erythrocyte-Prol	0.0856641303420327	0.0553577056238666	0.382663444286144	0.310659746708995	0.14740896796838	0.00198144163066317	0.0162645634399193	0	0.382663444286144
GS_1_4-5	Pre-B	0	0.0729541408978464	0	0.643696417931734	0.0801559206262174	0	0.187255420974294	0.0159380995699084	0.643696417931734
GS_1_4-6	Erythrocyte	0.294571982701389	0.124564163325722	0.160377138708713	0.25685302611473	0.162319981078485	0	0.00131370807096152	0	0.294571982701389
GS_1_4-7	Pre-B	0	0.0659597617509843	0	0.860477238844326	0.0375424260895531	0	0.036020573315136	0	0.860477238844326
GS_1_4-8	Mast	0.135914971772173	0.388138393125123	0.100088276963293	0.182292015677515	0.144566463932535	0	0.0489998785293609	0	0.388138393125123
GS_1_5-1	Erythrocyte-Prol	0.262858239191773	0.0438721143816171	0.383888257544497	0.237127004097567	0.0392413047007493	0	0.033013080083796	0	0.383888257544497
GS_1_5-2	B-Prol	0.346540207429916	0	0.0912139646991851	0.0681600282082371	0.43037671191976	0	0.063709087742902	0	0.43037671191976
GS_1_5-3	Pre-B	0.19515136793105	0.0612673676850033	0.069204072445148	0.480847035341145	0.0324917184708113	0	0.161038438126843	0	0.480847035341145
GS_1_5-4	Erythrocyte-Prol	0.311617013591599	0.03197607756191	0.319105564315249	0.102193095406757	0.235108249124485	0	0	0	0.319105564315249
GS_1_5-5	Erythrocyte	0.571803604017478	0.0266638539854216	0.146408687159684	0.112882324595909	0.0874928375200802	0	0.0547486927214272	0	0.571803604017478
GS_1_5-6	Pre-B	0.245855251302405	0	0.0232394712915265	0.485677172715706	0.218712536271315	0	0.0265155684190478	0	0.485677172715706
GS_1_5-7	Erythrocyte	0.564000245599217	0.061959699423263	0.145321741460772	0.192198326950775	0.0365199865659721	0	0	0	0.564000245599217
GS_1_5-8	Pro-B	0.174720859231061	0.183179240768313	0.0327396446235047	0.07897853285526	0.195538161951697	0.00590181367938544	0.32894174689078	0	0.32894174689078
GS_1_6-1	Erythrocyte-Prol	0.299036296198087	0.0076010029662448	0.586900615736186	0.0809735125023068	0.0254885725971757	0	0	0	0.586900615736186
GS_1_6-2	Erythrocyte-Prol	0.0922152937761512	0.0456691337163032	0.488876891865192	0.182078149720696	0.191160530921657	0	0	0	0.488876891865192
GS_1_6-3	Erythrocyte	0.375626632453259	0.0361659727500502	0.196757715713071	0.344793590605774	0.0401041764223124	0.00455199767016745	0.001999914385366	0	0.375626632453259
GS_1_6-4	Mast	0.0118094609376866	0.846730550156879	0	0.0671935055255962	0.00406548114617341	0.0333079177537884	0.0368930844798759	0	0.846730550156879
GS_1_6-5	Mast	0.00286601674657527	0.675895670761442	0	0.25654627740981	0	0.0129666243711431	0.05172541071103	0	0.675895670761442
GS_1_6-6	Neutrophil	0.0043525439965125	0.00490444886119498	0	0.0202527689978688	0.00490921496022911	0.9201035125862	0	0.0454775105979946	0.9201035125862
GS_1_6-7	Pre-B	0.343495094029522	0.102000734116984	0.06528029202118	0.438944735330241	0.0424602435586521	0	0.00781890094342051	0	0.438944735330241
GS_1_6-8	Neutrophil	0.0138368130972471	0.0329409449416996	0	0.0301822336197412	0.00591931612362988	0.904921759714639	0	0.0121989325030429	0.904921759714639
GS_1_7-1	Erythrocyte-Prol	0.272576952131342	0.118866777871189	0.479070067207511	0.0699543708013572	0.0554944239115705	0.00403740807703048	0	0	0.479070067207511
GS_1_7-2	B-Prol	0.194928018198352	0.216464573956136	0.197004199540415	0.0983966191006293	0.291492106022506	0.00136866842379422	0.000345814758167588	0	0.291492106022506
GS_1_7-3	Pre-B	0	0.10348811993055	0	0.602807963122156	0.164549597008343	0.0900072035940622	0.0391471163448888	0	0.602807963122156
GS_1_7-4	Pro-B	0.216068768588054	0.0191623601255342	0.074824418528927	0.112843383693986	0.0740909862420728	0	0.503010082821425	0	0.503010082821425
GS_1_7-5	Pre-B	0.121987502928752	0.0984676143008788	0.00350313903202859	0.383976014863926	0.0686993886786867	0.0372203214793183	0.28614601871641	0	0.383976014863926
GS_1_7-6	Erythrocyte	0.583940292575384	0.153758036144381	0.0647000826665186	0.106491681331616	0.0902692672290554	0	0.000840640053044574	0	0.583940292575384
GS_1_7-8	Pre-B	0.0119048110629395	0.0798111422419491	0.0671194910422419	0.698850671086867	0.104779297189966	0	0.0103961974909185	0.0271383898851177	0.698850671086867
GS_1_8-1	Pre-B	0	0.0343631761049671	0	0.717309819777739	0.224238211218021	0	0.0240887928992721	0	0.717309819777739
GS_1_8-2	Pre-B	0	0.0305790720970897	0	0.892633090131756	0.0513463409248936	0	0.0254414968462611	0	0.892633090131756
GS_1_8-3	B-Prol	0.219002257451372	0	0.164076517716588	0.178729400330123	0.411273466195914	0	0.0269183583060034	0	0.411273466195914
GS_1_8-4	Neutrophil	0	0	0	0.0163929314698228	0.00400611192111078	0.979600956609066	0	0	0.979600956609066
GS_1_8-5	Pre-B	0.393945882982364	0.00520915015372575	0.0407922071155472	0.412362839009489	0.124025116075986	0.00467793152682413	0.0189868731360644	0	0.412362839009489
GS_1_8-6	Pre-B	0	0.0173195482518385	0	0.934397056972929	0.00562954315565395	0	0.0426538516195783	0	0.934397056972929
GS_1_8-7	Erythrocyte	0.565719069982476	0.162755749058341	0.0192759268815932	0.101659011556136	0.148461488282914	0	0.00212875423854005	0	0.565719069982476
GS_1_8-8	Pre-B	0.387590797324702	0.0512841775527901	0.0586545847467572	0.456423811578367	0.0460466287973835	0	0	0	0.456423811578367
GS_1_9-1	Neutrophil	0.00670352101328261	0.0104436829112749	0	0.0279889382457207	0.00371923987647447	0.951144617953247	0	0	0.951144617953247
GS_1_9-2	Erythrocyte-Prol	0.172286784160201	0.0202270737619965	0.454813029475718	0.0316534045546166	0.302487104274026	0.000364935599198547	0.0181676681742428	0	0.454813029475718
GS_1_9-3	B-Prol	0.229805147479171	0.0122494597398116	0.0510916909037565	0.0489362298223842	0.581792780959392	0	0.0761246910954839	0	0.581792780959392
GS_1_9-4	Neutrophil	0	0.0253347140488681	0.00175521948191634	0.180933919455693	0.0129378072893735	0.62626393073475	0	0.152774408989399	0.62626393073475
GS_1_9-5	Neutrophil	0	0.016085871589891	0	0.037408117731247	0.0667948175000327	0.724026628658133	0	0.155684564520696	0.724026628658133
GS_1_9-6	Mast	0.0915946480482186	0.310438213640606	0.22053399300011	0.245960499936477	0.10287698304949	0	0.0285956623250983	0	0.310438213640606
GS_1_9-7	Erythrocyte-Prol	0.214863764708851	0.0811156293064131	0.291690487793118	0.233584753943118	0.178745364248499	0	0	0	0.291690487793118
GS_1_9-8	Neutrophil	0	0	0	0.0160122008579632	0.0171869427527342	0.959276833993862	0	0.00752402239544003	0.959276833993862
GS_1_10-1	Erythrocyte	0.65038361416584	0.056918706213709	0.138959763484286	0.0991655822647547	0.0539715274156932	3.67174119335953e-05	0.000564089043783699	0	0.65038361416584
GS_1_10-2	Erythrocyte-Prol	0.075088956627109	0.00496189692061553	0.511321221403929	0.230752265642209	0.134165549286706	0	0.043710110119432	0	0.511321221403929
GS_1_10-3	Pre-B	0.122533949646204	0.0414647243930841	0.182859391769607	0.374316026134723	0.26943847469622	0.0045293965987386	0.00485803676142332	0	0.374316026134723
GS_1_10-4	Erythrocyte	0.423856717162912	0.104799221791854	0.329882606582402	0.0870215178723697	0.0509517426382996	0	0.00348819395216315	0	0.423856717162912
GS_1_10-5	Pre-B	0	0.213804992074079	0	0.744373538279159	0.00293064950523168	0	0.0388908201415303	0	0.744373538279159
GS_1_10-6	Pre-B	0.158159385208504	0.197214202814938	0.180141789910615	0.399594188592038	0.0607002506488703	0.00419018282503576	0	0	0.399594188592038
GS_1_10-7	Erythrocyte	0.315421303858247	0.0404810508063629	0.201978904067275	0.308684674821493	0.0875270324093479	0.00626513468262717	0.0396418993546475	0	0.315421303858247
GS_1_10-8	Erythrocyte	0.508218148259863	0.104912453542455	0.130108530773256	0.205351475353765	0.0434748484216471	0.00793454364901366	0	0	0.508218148259863
GS_1_11-1	Erythrocyte	0.495598850318192	0.000421271916370958	0.0198358775393959	0.34821142076551	0.135932579460532	0	0	0	0.495598850318192
GS_1_11-2	Pre-B	0	0.11955084008823	0	0.716702855139048	0.0300761135190844	0	0.133265047410246	0.000405143843391494	0.716702855139048
GS_1_11-3	Neutrophil	0	0.187770744860394	0.0326120344348245	0.0600955923604581	0.000277264339689345	0.657785984593895	0.0345448155393391	0.0269135638713994	0.657785984593895
GS_1_11-4	Erythrocyte	0.358272122733437	0.144248902134786	0.242727845537086	0.212298539921663	0.0050291417676594	0.0273851947572597	0.0100382531481094	0	0.358272122733437
GS_1_11-5	Erythrocyte	0.337386676548673	0.17565085000268	0.119125318853251	0.28690077840762	0.0809363761877752	0	0	0	0.337386676548673
GS_1_11-6	Pre-B	0.288756371604763	0.0014494457460733	0.223016591957308	0.327797875592574	0.155313918359494	0.00366579673978861	0	0	0.327797875592574
GS_1_11-7	Pre-B	0.0483175204585299	0.0260502892904057	0.0312374343075279	0.78246574934826	0.00833105217452473	0	0.103597954420751	0	0.78246574934826
GS_1_11-8	Erythrocyte	0.375939287027535	0.207875575033686	0.130316220171408	0.236423805031843	0.0389647576734038	0	0.0104803550621248	0	0.375939287027535
GS_1_12-1	Pre-B	0	0.137744897585486	0	0.613710421131019	0	0	0.248544681283495	0	0.613710421131019
GS_1_12-2	Neutrophil	0	0.00103137343808838	0	0.023062528213392	0.0207614043496288	0.936644641401461	0	0.0185000525974292	0.936644641401461
GS_1_12-3	Pre-B	0.183998898495065	0	0.320536243354495	0.351736603178616	0.136275571949327	0	0.00745268302249699	0	0.351736603178616
GS_1_12-4	Pre-B	0.0572534562164062	0.0497798348053284	0.355175798549064	0.395125707991746	0.10077742182943	0	0.0418877806080263	0	0.395125707991746
GS_1_12-6	Neutrophil	0.00248749188639489	0.0880147816043687	0	0.304268406096902	0	0.476562798612699	0.123568987059784	0.00509753473985172	0.476562798612699
GS_1_12-7	Erythrocyte-Prol	0.152531841523093	0.0131057024999965	0.544955462573708	0.207300123657613	0.0821068697455894	0	0	0	0.544955462573708
GS_1_12-8	Pre-B	0	0.256541457029958	0	0.623343871437692	0.0277066734848105	0	0.0924079980475402	0	0.623343871437692
GS_2_1-1	Pre-B	0.356238596367381	0.114050796426352	0.0165027959366007	0.390385699991021	0.0161539770682779	0	0.106668134210368	0	0.390385699991021
GS_2_1-2	Pre-B	0.0309255364492784	0.0341641807860004	0	0.495639164111831	0.0563074136996576	0	0.382963704953232	0	0.495639164111831
GS_2_1-3	Neutrophil	0	0.00897093450042761	0	0.107858053300044	0.0021899192680537	0.846264269610877	0	0.0347168233205982	0.846264269610877
GS_2_1-4	Pre-B	0.064780822291678	0.393999408339177	0.00555927140658324	0.463841053047848	0.0342006364037258	0	0.0376188085109883	0	0.463841053047848
GS_2_1-5	Erythrocyte	0.397282158691852	0.128019404179294	0.00238679850940111	0.356050562543591	0.0657731381967988	0	0.0504879378790631	0	0.397282158691852
GS_2_1-6	Neutrophil	0	0.0043345452556335	0	0.0856554788921038	0	0.870621929003129	0	0.0393880468491333	0.870621929003129
GS_2_1-7	Erythrocyte	0.364118645108837	0.00929244706447854	0.112836643482701	0.322165564242477	0.140444303909538	0	0.0511423961919693	0	0.364118645108837
GS_2_1-8	Mast	0.0185258358065074	0.526288412036549	0.0333922558254801	0.152924792734419	0.120925957376795	0	0.147942746220249	0	0.526288412036549
GS_2_2-1	Pre-B	0.129632481693648	0.220041604842484	0.190478140602386	0.358329772422431	0.0593962643658194	0	0.0421217360732315	0	0.358329772422431
GS_2_2-2	Pre-B	0.147918640100356	0.0475331068339467	0.0102358040805233	0.56861185941486	0.195760970666128	0	0.0299396189041859	0	0.56861185941486
GS_2_2-3	Pre-B	0.299810314848543	0.0096755703567464	0.0284749324877248	0.35936777676558	0.302671405541405	0	0	0	0.35936777676558
GS_2_2-5	Mast	0.0321962518915503	0.507183611396856	0.0318015082211116	0.320995362561491	0.0351067724738077	0	0.0727164934551837	0	0.507183611396856
GS_2_2-6	Pre-B	0.121857722690929	0.0561968466690035	0.286008084370771	0.341814743458503	0.14721812548268	0	0.0469044773281131	0	0.341814743458503
GS_2_2-7	Erythrocyte	0.372072213565842	0.048910972108176	0.222559719743591	0.33338827240652	0.0156379880558481	0	0.00743083412002328	0	0.372072213565842
GS_2_2-8	Pre-B	0	0.139948230266121	0	0.746713065259569	0.00106624287728009	0	0.11227246159703	0	0.746713065259569
GS_2_3-1	Pre-B	0.41658296642285	0.0225245626296598	0.0362322578481152	0.482546243235679	0.00421392063627693	0	0.0379000492274195	0	0.482546243235679
GS_2_3-2	Pre-B	0.0962607054528349	0.0218372971510261	0.04584982430463	0.618630506595212	0.216963192999108	0	0.00045847349718825	0	0.618630506595212
GS_2_3-3	Erythrocyte	0.609829584732502	0.0045539512744296	0.0185370256225854	0.260232536380744	0.0762177244887675	0	0.0306291775009714	0	0.609829584732502
GS_2_3-4	Mast	0.141693898474683	0.385375038649815	0.0427984508800799	0.271825897462521	0.116880794691565	0	0.0414259198413363	0	0.385375038649815
GS_2_3-5	Pre-B	0.309317619331767	0.0236988711781336	0.0554030200633728	0.317015467304426	0.228971912203581	0	0.06559310991872	0	0.317015467304426
GS_2_3-6	Mast	0.258402450591812	0.515067367711609	0.0636154357775005	0.0531457615758795	0.0978035952911759	0	0.0119653890520237	0	0.515067367711609
GS_2_3-7	Mast	0.0692677168246081	0.780134606077179	0	0.105309013479299	0.0374705772003941	0	0.00781808641852018	0	0.780134606077179
GS_2_3-8	Mast	0.00875435549068213	0.624972522702959	0.00478084273346758	0.176415261545006	0.0277865252579703	0	0.157290492269915	0	0.624972522702959
GS_2_4-1	Neutrophil	0	0.0454176600657929	0	0.0514565788926125	0	0.900785932660923	0	0.00233982838067154	0.900785932660923
GS_2_4-3	Pre-B	0	0.055323059683214	0	0.794086197518726	0.0293771035731496	0	0.115961281213815	0.00525235801109552	0.794086197518726
GS_2_4-4	Mast	0.118138676761906	0.297679726773788	0.0067257430821593	0.279159246980966	0.211785753088972	0	0.0865108533122083	0	0.297679726773788
GS_2_4-5	Neutrophil	0	0.0191054473443011	0	0.0315083117336875	0.00974440592253836	0.81535649591705	0	0.124285339082424	0.81535649591705
GS_2_4-7	Erythrocyte	0.454572492682969	0	0.0899299683365907	0.255197568301981	0.199326283654621	0	0.000973687023839028	0	0.454572492682969
GS_2_4-8	Pre-B	0.254189564969658	0.18824863489996	0.0662479453650331	0.376847607371532	0.053040307455043	0	0.0614259399387737	0	0.376847607371532
GS_2_5-1	Pre-B	0.17119929378531	0.0414650784529378	0	0.5145332933648	0.261053769028726	0	0.0117485653682259	0	0.5145332933648
GS_2_5-2	Neutrophil	0.00401627954038101	0.0262401360175726	0	0.0575081207266679	0	0.889040743066419	0	0.0231947206489598	0.889040743066419
GS_2_5-4	Pre-B	0	0.00941789609138888	0	0.580814197800336	0.0259435361836573	0	0.383824369924618	0	0.580814197800336
GS_2_5-5	Pre-B	0.274052096537669	0.0216259535577223	0.163040649295142	0.446831294009807	0.0519361463998822	0	0.0425138601997779	0	0.446831294009807
GS_2_5-6	Erythrocyte	0.693055685307091	0	0.00760948994608865	0.155176073791896	0.112058021292487	0	0.0321007296624372	0	0.693055685307091
GS_2_5-7	Erythrocyte	0.435215965564537	0	0.00336498560752664	0.293299689819046	0.123281086591415	0	0.144838272417475	0	0.435215965564537
GS_2_5-8	Erythrocyte	0.43559498036	0.028479267432962	0.0314649958381482	0.387357957885563	0.0525364125215583	0	0.064566385961769	0	0.43559498036
GS_2_6-1	Pre-B	0.253259848074112	0.0742649659055134	0.0128435879615358	0.254055191466718	0.114418729701747	0.200143856602215	0.015755577354907	0.0752582429332518	0.254055191466718
GS_2_6-2	Pre-B	0.125140748037818	0.00266503378506686	0.0292196969093736	0.771384242069683	0.0344152976037123	0	0.0371749815943454	0	0.771384242069683
GS_2_6-4	Pre-B	0.00242805178414103	0.189331500138119	0	0.698047155770219	0.038094528878026	0	0.0720987634294946	0	0.698047155770219
GS_2_6-5	Pre-B	0.238727074724899	0.0745078080137583	0.021082728180501	0.648963963234965	0.0103452158961874	0	0.00637320994968912	0	0.648963963234965
GS_2_6-6	B-Prol	0.196045972100053	0.0075586688709964	0.0226480783639449	0.221207030115444	0.501939361198626	0	0.050600889350936	0	0.501939361198626
GS_2_6-8	Neutrophil	0	0.11953908281145	0	0.0843717998985582	0.000887084013629108	0.770689463094586	0.00733651253830099	0.0171760576434765	0.770689463094586
GS_2_7-1	Pre-B	0.0127040985554482	0.145971538318631	0	0.417052817942567	0.320291723101012	0	0.103979822082341	0	0.417052817942567
GS_2_7-2	Pre-B	0	0.0377932401888863	0.00042078634127207	0.891065734791003	0.0274274140209936	0	0.0410232769584395	0.00226954769940519	0.891065734791003
GS_2_7-4	Mast	0.00385770137422509	0.820795329959498	0	0.144792758459664	0	0	0.030554210206613	0	0.820795329959498
GS_2_7-5	Pre-B	0	0.0517667826921025	0	0.704146731502101	0.0157953410305234	0	0.228291144775273	0	0.704146731502101
GS_2_7-6	Pre-B	0.232716944916654	0.143848677406696	0.0671813272498059	0.271731656099739	0.180300513178901	0	0.104220881148205	0	0.271731656099739
GS_2_7-7	Mast	0.0217104210607569	0.812432884983068	0.00700962942667177	0.101400233517302	0.0445903107464925	0	0.0128565202657092	0	0.812432884983068
GS_2_8-1	Pre-B	0.0501226977539399	0.0391136923646234	0.029477885840098	0.719004509324389	0.115754001303422	0	0.0465272134135267	0	0.719004509324389
GS_2_8-3	Erythrocyte	0.423057962483874	0.0236130560005143	0.0320369624849024	0.395253253177769	0.0631532846123837	0	0.0628854812405571	0	0.423057962483874
GS_2_8-4	Pre-B	0.0838080404664781	0.0872159825112397	0.0211163578910361	0.626201213740129	0.0504998489106778	0	0.131158556480439	0	0.626201213740129
GS_2_8-5	Erythrocyte	0.772803065999018	0.000868867859557881	0.0220310413623248	0.148455324624685	0.0253822039238027	0	0.0304594962306114	0	0.772803065999018
GS_2_8-7	Pre-B	0	0.016892995751081	0	0.842655769620614	0.0113709969535849	0	0.12908023767472	0	0.842655769620614
GS_2_8-8	Pro-B	0.0728765717879525	0.218818691681018	0.0453458728734308	0.160673405154346	0.248293666081167	0	0.253991792422086	0	0.253991792422086
GS_2_9-1	Pre-B	0.243070521429207	0.0427367372778074	0.0208916560731832	0.639929504649065	0.00722539788367416	0	0.0461461826870626	0	0.639929504649065
GS_2_9-2	Pre-B	0.113601410334505	0.124138989287548	0.101860199030025	0.546862182089962	0.0849388347159413	0	0.0285983845420188	0	0.546862182089962
GS_2_9-3	B-Prol	0.141116578227623	0.10573201016524	0.148111645714275	0.270451873069627	0.300178678861712	0.00232913644635363	0.0320800775151697	0	0.300178678861712
GS_2_9-4	Neutrophil	0	0.0205853594292973	0	0.0802376538943375	0.0114760465522939	0.878234354941153	0	0.0094665851829185	0.878234354941153
GS_2_9-5	Pre-B	0.215923356194445	0.0320204291439502	0.123177933902228	0.556807252336983	0.0468657045755674	0	0.0252053238468262	0	0.556807252336983
GS_2_9-6	Erythrocyte	0.321893245930269	0.0165113887682221	0	0.30768141987688	0.25659996869479	0	0.0973139767298385	0	0.321893245930269
GS_2_9-7	Neutrophil	0	0	0	0.105329330497245	0.000609780099441592	0.864730993326353	0	0.0293298960769606	0.864730993326353
GS_2_9-8	B-Prol	0.0582986776927403	0.238888472332851	0.0144022871996709	0.0906822548182277	0.35277074136035	0	0.244957566596161	0	0.35277074136035
GS_2_10-1	Pre-B	0.117591485598253	0	0.0632502492170284	0.709656361830353	0.0730849891147761	0	0.0364169142395898	0	0.709656361830353
GS_2_10-2	Neutrophil	0	0.0207357329624511	0	0.0613871812596376	0	0.874086492707356	0	0.0437905930705545	0.874086492707356
GS_2_10-3	Pre-B	0.245019645737807	0.261926191382605	0.0963446541944158	0.372378249411097	0.0236614368956007	0	0.000669822378474515	0	0.372378249411097
GS_2_10-4	Pre-B	0	0.0972163728154602	0	0.846916950807894	0	0	0.0558666763766459	0	0.846916950807894
GS_2_10-5	Pre-B	0	0	0	0.858958142794705	0.0269632121181046	0	0.114078645087191	0	0.858958142794705
GS_2_10-6	Pre-B	0.0478233831092869	0.389499233387431	0.0527242486798366	0.445575154529141	0.0455815968201662	0	0.0187963834741385	0	0.445575154529141
GS_2_10-7	Neutrophil	0.00123611839668907	0.0187959278664224	0.00578760496938166	0.239379836227422	0.0432126865539881	0.621630202834034	0.00170317557273313	0.0682544475793294	0.621630202834034
GS_2_10-8	Mast	0.0205886813182365	0.540178995200033	0.0661875105637845	0.148694932454028	0.135486664232061	0.054464571579783	0.0171208592371021	0.0172777854149715	0.540178995200033
GS_2_11-1	Mast	0.0247300972690951	0.534442644712826	0.000990261918231761	0.112385378476498	0.280809318214068	0	0.0466422994092816	0	0.534442644712826
GS_2_11-2	Pre-B	0	0.0377270851215587	0.00428376033746031	0.882791703574957	0.0459082645911313	0	0.0292891863748923	0	0.882791703574957
GS_2_11-3	Erythrocyte	0.675009789555492	0.0439006712077696	0.0191674775255604	0.189860812156761	0.0584945586655811	0	0.0135666908888357	0	0.675009789555492
GS_2_11-4	Pre-B	0.279449905796144	0.0572446714855943	0	0.586155782516335	0.0665681305624713	0	0.0105815096394554	0	0.586155782516335
GS_2_11-6	Erythrocyte	0.368105763876774	0.165756998290539	0.180356171033223	0.18341328547861	0.102367781320855	0	0	0	0.368105763876774
GS_2_11-7	B-Prol	0.0540780592902539	0.131854291721945	0.000972202696429741	0.282441657147246	0.312116167293564	0	0.218537621850562	0	0.312116167293564
GS_2_11-8	Mast	0.0395157852343602	0.600107645150069	0.000377591221654719	0.206737734707076	0.118459601674613	0	0.0348016420122266	0	0.600107645150069
GS_2_12-1	Pre-B	0	0	0	0.848929400499958	0.0335128723284511	0	0.117557727171591	0	0.848929400499958
GS_2_12-2	Pro-B	0.00386099279172368	0.302643315651025	0.0884891125921054	0.103813837461628	0.00395690126911993	0	0.497235840234397	0	0.497235840234397
GS_2_12-3	B-Prol	0.27535691793528	0.163225215725563	0.0331825577533188	0.155537087121406	0.362834255298328	0	0.00986396616610423	0	0.362834255298328
GS_2_12-4	Pre-B	0	0.137021122375857	0	0.805285856499048	0.0315295178932508	0	0.0261635032318448	0	0.805285856499048
GS_2_12-5	Pre-B	0.0687569814746482	0.00434843663853428	0.0108557438851369	0.40896568845441	0.128002072887875	0	0.379071076659396	0	0.40896568845441
GS_2_12-6	Pre-B	0.297743039330528	0.264090231376901	0.000526586676300948	0.350845383117715	0.0516876949393678	0	0.035107064559187	0	0.350845383117715
GS_2_12-7	Mast	0	0.609395224965438	0.0146783405177948	0.290721757939973	0	0	0.085204676576794	0	0.609395224965438
GS_2_12-8	Neutrophil	0	0.19212987467049	0	0.0984406037311999	0	0.647441680035516	0.0411220943626994	0.0208657472000947	0.647441680035516
GS_3_1-1	Pre-B	0.25348407546313	0.00197037762734051	0.149295674526131	0.452827814634838	0.132471333234696	0	0	0.00995072451386445	0.452827814634838
GS_3_1-2	Erythrocyte	0.577778534785843	0	0.156809985103833	0.229030076456311	0.0308250275052005	0.00555637614881303	0	0	0.577778534785843
GS_3_1-3	Neutrophil	0	0.00675953863123114	0	0.0626701682248895	0.000644297834884854	0.913191055686906	0	0.0167349396220882	0.913191055686906
GS_3_1-4	Erythrocyte-Prol	0.0398756188869956	0.102940907410428	0.69888820197262	0.0571392511325251	0.100427799256614	0.000728221340816744	0	0	0.69888820197262
GS_3_1-5	Pre-B	0.323817350576609	0.0128480355907662	0.103232807557831	0.495282159337672	0.0490869356178497	0.0152210899912713	0.00051162132800054	0	0.495282159337672
GS_3_1-6	Erythrocyte	0.538072174785837	0.0100261391311146	0.0380027480238291	0.307496359304578	0.0175152399135479	0.0811039152758744	0.00778342356521879	0	0.538072174785837
GS_3_1-7	Erythrocyte	0.69162531675482	0.0114040745925753	0.228461216377601	0.0685093922750039	0	0	0	0	0.69162531675482
GS_3_1-8	Erythrocyte-Prol	0.026676655086303	0.113269771349412	0.678054059065567	0.0906754070939438	0.00226218678401057	0	0.0890619206207644	0	0.678054059065567
GS_3_2-1	Pre-B	0.283626028043301	0.101939838075603	0.10727340395067	0.436413655732907	0.0565004136682416	0	0.0142466605292776	0	0.436413655732907
GS_3_2-2	Pre-B	0.335366927140116	0.00151501121363277	0.0175074317135404	0.595270177074886	0.0503404528578253	0	0	0	0.595270177074886
GS_3_2-3	Pre-B	0.0135496728484184	0.268334910564637	0.0767642136830475	0.456799370527897	0.106666034688778	0	0.0778857976872219	0	0.456799370527897
GS_3_2-4	Pre-B	0.211602715158412	0.0581060103925734	0.0729357528399859	0.61188308751506	0.0454724340939684	0	0	0	0.61188308751506
GS_3_2-5	Pre-B	0.170153654634022	0.00441706904295596	0.0515748975120429	0.629408535119913	0.122290180815457	0.00754711452760133	0.0146085483480073	0	0.629408535119913
GS_3_2-6	B-Prol	0.128039597057594	0.0551966131685883	0.143511115141895	0.212877618719093	0.446246807762346	0.0068392374596619	0.0072890106908223	0	0.446246807762346
GS_3_2-7	Erythrocyte	0.555899087479922	0	0.0132717855675896	0.411587355897321	0.0175404597073771	0	0.00170131134779056	0	0.555899087479922
GS_3_2-8	Pre-B	0.158395775727956	0	0.121636085393296	0.634688569764101	0.076196217564232	0.00908335155041491	0	0	0.634688569764101
GS_3_3-1	Pre-B	0.145224415696789	0.0637557162025336	0.0690997373785081	0.601341976556918	0.106281194536226	0	0.0142969596290255	0	0.601341976556918
GS_3_3-2	Erythrocyte	0.65423647826403	0.0113086367407278	0.0883996220227913	0.165688423708132	0.0292568344538213	0	0.0511100048104976	0	0.65423647826403
GS_3_3-3	Pre-B	0.00148596247334761	0.0951671994882098	0.0174279945738818	0.586438243056256	0.0330982727317025	0	0.253722347007673	0.012659980668929	0.586438243056256
GS_3_3-4	Erythrocyte	0.561602643668403	0.0953132789492865	0.0256757212578386	0.207659651368337	0.0755214189371568	0.0151422130804896	0.0190850727384887	0	0.561602643668403
GS_3_3-5	Pre-B	0.161341430527811	0.0155647606595639	0.0650740054081697	0.611628630516483	0.129448087045344	0.0132295523945737	0.00371353344805424	0	0.611628630516483
GS_3_3-6	Erythrocyte	0.458196049647186	0	0.326747676152084	0.132401908510261	0.0674139063275569	0.0136445986052137	0	0.00159586075769885	0.458196049647186
GS_3_3-7	Erythrocyte	0.640447925365571	0.0567114081472852	0.171684182252375	0.0997927278798152	0.0313637563549541	0	0	0	0.640447925365571
GS_3_3-8	Neutrophil	0.0986415004432452	0.144603447927499	0	0.0955923504987909	0	0.622117245736375	0	0.03904545539409	0.622117245736375
GS_3_4-1	Erythrocyte	0.395845762374868	0.0322839408309044	0.239710759935033	0.270055078112966	0.0568553778298721	0	0.00524908091635624	0	0.395845762374868
GS_3_4-2	Neutrophil	0	0	0	0.00923927758621903	0.0642719648394208	0.920289823313942	0	0.0061989342604175	0.920289823313942
GS_3_4-3	Erythrocyte	0.416243830593512	0.023285157279577	0.0428914466406685	0.345495482140861	0.141099248580521	0	0.03098483476486	0	0.416243830593512
GS_3_4-4	Mast	0.012537022746184	0.74157062160508	0	0.12901645911102	0.0144455146005933	0.00280978500905392	0.0996205969280691	0	0.74157062160508
GS_3_4-5	Neutrophil	0.0114556771163804	0.0135065049563421	0	0.0241457232521139	0.00259668119841814	0.93617471748192	0	0.0121206959948255	0.93617471748192
GS_3_4-6	B-Prol	0.201810985619496	0	0.0737368384232421	0.200084758409389	0.305627570463719	0	0.218739847084153	0	0.305627570463719
GS_3_4-7	Pre-B	0	0.0201715451607588	0	0.865527429074496	0.114301025764745	0	0	0	0.865527429074496
GS_3_4-8	Pre-B	0	0.438430653627623	0	0.520319446817034	0.000175392903622812	0	0.0410745066517192	0	0.520319446817034
GS_3_5-1	Pre-B	0	0.135089537882424	0.00537168236992201	0.770869737319207	0.070224190242274	0	0.0184448521861727	0	0.770869737319207
GS_3_5-2	Pre-B	0	0.0187350609963733	0	0.76278959943387	0.139974551121265	0	0.0785007884484919	0	0.76278959943387
GS_3_5-3	Neutrophil	0	0	0	0.00748598582820684	0.000432893751173185	0.986108228869401	0	0.0059728915512192	0.986108228869401
GS_3_5-4	Pre-B	0.184175308504016	0.0661780677799331	0.107198147963539	0.313466236499336	0.203057159862304	0.0702545780960593	0.0556705012948114	0	0.313466236499336
GS_3_5-5	B-Prol	0.167961497910639	0.0601274299815408	0.0122638691199766	0.19714036451497	0.55594790987084	0	0.0031965304620574	0.00336239813997654	0.55594790987084
GS_3_5-6	Erythrocyte	0.566919242757234	0	0.0559051976655183	0.0471205476890226	0.307118940476834	0	0.0229360714113914	0	0.566919242757234
GS_3_5-7	Pre-B	0.0144180936456591	0.0834953068573063	0.179434613050571	0.526207207942224	0.114918334576121	0	0.0815264439281181	0	0.526207207942224
GS_3_5-8	Erythrocyte	0.452228795103526	0	0.00865331533336531	0.397828589593801	0.129695871686177	0.00408832202791915	0.00750510625521174	0	0.452228795103526
GS_3_6-1	Neutrophil	0	0.0138882082771071	0.000615965981460886	0.0525231045795111	0.00887502409188859	0.883531555282527	0	0.0405661417875052	0.883531555282527
GS_3_6-2	Erythrocyte	0.851306192233775	0.00437982981369785	0.0849226119775336	0.0502578180455406	0	0	0.00913354792945275	0	0.851306192233775
GS_3_6-3	Pre-B	0	0.0913553694389369	0	0.700232307999922	0.20723755329851	0	0	0.00117476926263002	0.700232307999922
GS_3_6-4	Erythrocyte	0.428950556322307	0.0672577285481733	0.104177867912138	0.214469061543344	0.170181579678544	0.0102034175100476	0.00475978848544548	0	0.428950556322307
GS_3_6-5	B-Prol	0.193841774589892	0	0.345348038335849	0.089311789614344	0.371498397459915	0	0	0	0.371498397459915
GS_3_6-6	Pre-B	0	0.0508974103277226	0	0.771306550089259	0.0872497404035848	0	0.0905462991794334	0	0.771306550089259
GS_3_6-7	Pre-B	0	0.0172062598072848	0	0.641431219832606	0.333230062605723	0	0	0.00813245775438714	0.641431219832606
GS_3_6-8	Pre-B	0	0.00184816686394298	0	0.77094280168116	0.0320975516936164	0	0.0203816495481129	0.174729830213167	0.77094280168116
GS_3_7-1	Pro-B	0	0.162124585295519	0	0.241881205566704	0.145241274667631	0	0.448184931104807	0.00256800336533912	0.448184931104807
GS_3_7-2	Neutrophil	0	0	0	0.0227404466685183	0.00267031486608859	0.972782070145741	0	0.0018071683196521	0.972782070145741
GS_3_7-3	B-Prol	0.312955275368239	0	0.207133655557338	0.144666056977566	0.329712651350619	0	0.00553236074623865	0	0.329712651350619
GS_3_7-4	Erythrocyte	0.686720021905828	0	0.25083678329628	0.0381341273137995	0.02192775845479	0	0.00238130902930162	0	0.686720021905828
GS_3_7-5	Neutrophil	0	0.0120563453196545	0	0.0549625641583963	0	0.930184986206368	0	0.00279610431558121	0.930184986206368
GS_3_7-6	Pre-B	0.281480142715847	0.00384707750918407	0.0323965588697905	0.584212501098325	0.0980637198068534	0	0	0	0.584212501098325
GS_3_7-7	B-Prol	0	0.00171947161293897	0	0.360580591682102	0.579587262046892	0	0.0581126746580674	0	0.579587262046892
GS_3_7-8	Pre-B	0	0.00432155601462465	0	0.827116339380961	0.151753913102711	0	0.0168081915017037	0	0.827116339380961
GS_3_8-1	Erythrocyte	0.347603006765985	0.0281314959561714	0.085889966963507	0.291379653685995	0.197714271884094	0.0258875115583148	0.0233940931859331	0	0.347603006765985
GS_3_8-2	Pre-B	0.171655135183511	0	0.0428725670844916	0.756540635582434	0.0289316621495637	0	0	0	0.756540635582434
GS_3_8-3	Erythrocyte	0.494750042285013	0.0536048925030479	0.115499445612465	0.237575911198057	0.098569708401417	0	0	0	0.494750042285013
GS_3_8-4	Pre-B	0.294690647356837	0	0.20823303009396	0.487497328863745	0.00957899368545774	0	0	0	0.487497328863745
GS_3_8-5	Pre-B	0.229062866477483	0.00154333648535475	0.212879868186291	0.325099544797645	0.215914863675242	0.00188343461883582	0	0.0136160857591474	0.325099544797645
GS_3_8-6	Erythrocyte	0.365162039037828	0.0819586664528893	0.156732260834293	0.241273618875191	0.154873414799799	0	0	0	0.365162039037828
GS_3_8-7	B-Prol	0.039758448152315	0.101519633821456	0.00428181896988527	0.312155441865961	0.521393090354662	0	0.0208915668357206	0	0.521393090354662
GS_3_8-8	Neutrophil	0	0.00373472708182502	0	0.0393511768343436	0.0103334788922339	0.919943624865206	0	0.0266369923263912	0.919943624865206
GS_3_9-1	Neutrophil	0	0	0	0.0474381271994697	0.00272286499182562	0.935582086623187	0	0.0142569211855164	0.935582086623187
GS_3_9-2	Erythrocyte	0.781612650897044	0.0351595856605411	0.0142981702884662	0.139946599176155	0.0289829939777939	0	0	0	0.781612650897044
GS_3_9-3	Erythrocyte	0.666207033703221	0	0.0783758136559289	0.205687403513235	0.0415825519673375	0.0042067668449921	0.00394043031528629	0	0.666207033703221
GS_3_9-4	Erythrocyte	0.568585903581747	0.0114496857258548	0.0462143843032618	0.165054816908718	0.17313816161339	0.0303531503894685	0	0.00520389747755975	0.568585903581747
GS_3_9-5	Erythrocyte	0.577395033509752	0.00795002017104358	0.0199750820047198	0.347569230399916	0.0439764429315955	0	0.00313419098297292	0	0.577395033509752
GS_3_9-6	Erythrocyte	0.407793345945932	0	0.128670289897698	0.369179157024925	0.0508397244956555	0.0288936139122533	0.0146238687235361	0	0.407793345945932
GS_3_9-7	Erythrocyte	0.922336827953651	0.000637005090309222	0.0547472079125135	0.0193194368216257	0	0.00295952222190092	0	0	0.922336827953651
GS_3_9-8	Erythrocyte	0.668076628392653	0.056173912316059	0.0827996794453047	0.132976754577212	0.0599730252687717	0	0	0	0.668076628392653
GS_3_10-1	Mast	0	0.523464195146521	0	0.302143554061671	0.124190233773232	0	0.0486205375328577	0.00158147948571955	0.523464195146521
GS_3_10-2	Neutrophil	0.121985404537993	0.00484540973366362	0.00203968925821836	0.0771815227510722	0.0828742561248546	0.671027634099104	0	0.0400460834950942	0.671027634099104
GS_3_10-3	Pre-B	0.0406369239872379	0.0923189796807578	0.241328093473449	0.440422344962653	0.180279519236592	0.0050141386593102	0	0	0.440422344962653
GS_3_10-4	B-Prol	0.0994686122101033	0	0.0854874447946471	0.0592697472643206	0.752171647197939	0	0.00360254853299026	0	0.752171647197939
GS_3_10-5	Erythrocyte	0.692387947721193	0	0.0472915568367209	0.104612468366815	0.061996249990339	0	0.0937117770849325	0	0.692387947721193
GS_3_10-6	Erythrocyte	0.513979135473863	0	0.0399743323646973	0.223334376046262	0.196790004782766	0	0.0259221513324121	0	0.513979135473863
GS_3_10-8	Erythrocyte	0.441223238966518	0.0148173482483556	0.108181651434373	0.349505399612078	0.0300568428589358	0.0237489127980406	0.0324666060816988	0	0.441223238966518
GS_3_11-1	Neutrophil	0.00595174061307815	0.0122247882494481	0	0.0414413644632744	0	0.916399375855775	0	0.023982730818425	0.916399375855775
GS_3_11-2	B-Prol	0.181700617515743	0	0.0468137813684473	0.294907464862954	0.476578136252855	0	0	0	0.476578136252855
GS_3_11-3	Mast	0.0366324770744938	0.816341814233812	0	0.111549077872292	0.00954345847094321	0.00865468038368226	0.0172784919647771	0	0.816341814233812
GS_3_11-4	Erythrocyte	0.70996718989066	0.00633292924324336	0.0140364775629086	0.0954059993320018	0.157360159725748	0	0.0168972442454388	0	0.70996718989066
GS_3_11-5	Erythrocyte	0.558775394577446	0.00124718847152178	0.204995707924352	0.109785215100399	0.0134749891427219	0	0.111721504783559	0	0.558775394577446
GS_3_11-6	Erythrocyte	0.426281600852917	0.0141866115416508	0	0.365992303558278	0.156632427647309	0.0191124512040108	0.0177946051958335	0	0.426281600852917
GS_3_11-7	Mast	0	0.496139232434005	0.0149006284213265	0.31151927995893	0.127101376378627	0	0.0503394828071112	0	0.496139232434005
GS_3_11-8	Pre-B	0	0.00164452993893722	0	0.748919138612752	0.215547442824269	0	0.0338888886240413	0	0.748919138612752
GS_3_12-1	Pre-B	0	0	0	0.843208786975064	0.0778805205321893	0	0.0401029898752429	0.0388077026175043	0.843208786975064
GS_3_12-3	Neutrophil	0	0	0	0.0145982336323933	0.00347483076959952	0.975946103434808	0	0.00598083216319944	0.975946103434808
GS_3_12-4	Erythrocyte	0.679441789696979	0.00518490369053708	0.0413260191297852	0.201326500421729	0.0727207870609691	0	0	0	0.679441789696979
GS_3_12-5	Erythrocyte	0.768656665557696	0.0545760099496377	0.119156114323709	0.0171992434103354	0.0349483940976976	0	0.0054635726609239	0	0.768656665557696
GS_3_12-6	Pre-B	0	0.0620261203205493	0	0.828659394624598	0.0520536714338304	0	0.0572608136210223	0	0.828659394624598
GS_3_12-7	Neutrophil	0	0.0244275279132237	0	0.148911675265392	0.00182278017269745	0.720377095863905	0.00772565059941537	0.0967352701853663	0.720377095863905
GS_3_12-8	Pre-B	0.219214290800667	0.00338624264689401	0.0582878614188389	0.318790734023013	0.184290615057293	0	0.216030256053294	0	0.318790734023013
GS_4_1-1	Pre-B	0.29779687543287	0.0341778149471846	0.23620791237894	0.382083017820021	0.036257602147855	0	0.0134767772731303	0	0.382083017820021
GS_4_1-2	Neutrophil	0.136642657756498	0.250081189295624	0	0.129667647763969	0	0.475646023215631	0.00120348916548357	0.00675899280279429	0.475646023215631
GS_4_1-4	Pre-B	0.284370621913386	0.0792422921066076	0.19476090687713	0.411914483705139	0.0227735534266074	0.0069381419711305	0	0	0.411914483705139
GS_4_1-5	Pre-B	0.216971406821058	0	0.0581651469009471	0.682224148212973	0.0336552587930297	0.00880265736211811	0.000181381909873275	0	0.682224148212973
GS_4_1-6	Erythrocyte	0.523811511809964	0.0423351963838955	0.151395229425948	0.262257086700783	0.0151963766303726	0.00340268187435607	0.00160191717468114	0	0.523811511809964
GS_4_1-7	Pre-B	0.316994563025142	0.120062200462742	0.130365082755946	0.333791607969826	0.098786545786344	0	0	0	0.333791607969826
GS_4_2-1	Mast	0	0.648306481401004	0	0.324006790054921	0	0	0.0276867285440756	0	0.648306481401004
GS_4_2-3	Erythrocyte	0.300538595512646	0.115942813279139	0.0508167158488014	0.297472650359597	0.185206748490943	0	0.0500224765088733	0	0.300538595512646
GS_4_2-4	Erythrocyte	0.481736700963741	0.0178541628910498	0.0574216406829152	0.370326067666771	0.0558325123821272	0	0.0168289154133945	0	0.481736700963741
GS_4_2-5	Pre-B	0.283898855364619	0.144965164184004	0.153480665051003	0.351993824551458	0.0588501121218896	0	0.00681137872702748	0	0.351993824551458
GS_4_2-6	Pre-B	0.0879236424844741	0.0592351674309176	0.00679035056559453	0.527816192893948	0.0478950871214965	0.0116815239304453	0.251578024251919	0.00708001132120444	0.527816192893948
GS_4_2-7	Pre-B	0.184235685085253	0.00362710176459398	0.051236700815284	0.552273572696841	0.0426677297038311	0	0.165959209934196	0	0.552273572696841
GS_4_2-8	Neutrophil	0	0.238287390445751	0	0.123807375324491	0	0.59532114814029	0.0381383252592902	0.0044457608301775	0.59532114814029
GS_4_3-1	Pre-B	0	0	0	0.752510662140438	0.0758983740011875	0	0.135598304908917	0.0359926589494574	0.752510662140438
GS_4_3-2	Pre-B	0.312003835556175	0	0.0510981584029908	0.352178041254701	0.221544494907009	0.00852279657610831	0.0509231671290858	0.00372950617392992	0.352178041254701
GS_4_3-3	Pre-B	0.336152729582855	0.0371702071319273	0.0912029301494938	0.421837261953795	0.113300642641896	0	0.000336228540032653	0	0.421837261953795
GS_4_3-4	Erythrocyte	0.479256053258962	0	0.0652403940266467	0.304922878554173	0.0422982975858708	0	0.108282376574347	0	0.479256053258962
GS_4_3-5	Pre-B	0.123218951927555	0	0.261185793441629	0.391797939382715	0.187284616795558	0.0215705791303738	0.0149421193221693	0	0.391797939382715
GS_4_3-6	Pre-B	0.399947523601587	0	0.00979774105500524	0.493991032432995	0.0843505585473824	0.0106091767920896	0.00130396757094067	0	0.493991032432995
GS_4_3-8	Erythrocyte	0.695501446408634	0.0323922854279013	0.0467484811815076	0.141241404580631	0.0468636723327934	0	0.037252710068533	0	0.695501446408634
GS_4_4-1	Pro-B	0.259485151936757	0.00741457620785056	0.00984953816317947	0.262584765743038	0.153010578777717	0	0.307655389171457	0	0.307655389171457
GS_4_4-2	Pre-B	0.119005930911663	0.155643296340233	0.176381199933442	0.476661448356947	0.054569991607763	0.007873411037648	0.00986472181230349	0	0.476661448356947
GS_4_4-3	Neutrophil	0	0	0	0.0119787184001043	0.00550843960267527	0.963882632269891	0	0.0186302097273293	0.963882632269891
GS_4_4-4	Mast	0.0135910065421909	0.758621080877974	0	0.0770130782293878	0.0777850021255107	0	0.0729898322249363	0	0.758621080877974
GS_4_4-5	Pre-B	0.12037332268916	0.0840850293792496	0.0864942017211107	0.542922895717594	0.163478570951131	0.00264597954175553	0	0	0.542922895717594
GS_4_4-6	Pre-B	0	0.0371976159352552	0	0.93211238844798	0.00557193095624442	0	0.0251180646605201	0	0.93211238844798
GS_4_4-7	Erythrocyte	0.580907956073993	0.0292236733298418	0.10198089437365	0.0817829769035982	0.0712210660130044	0.0916760157638396	0.00619886865285167	0.0370085488892208	0.580907956073993
GS_4_4-8	Erythrocyte	0.734001156054461	0.00913136932503045	0.00834753553543026	0.187062780021986	0.00419311602299964	0	0.0572640430400922	0	0.734001156054461
GS_4_5-1	Neutrophil	0	0	0	0.0684324713442853	7.30309455533276e-05	0.929838290602129	0	0.00165620710803101	0.929838290602129
GS_4_5-2	Neutrophil	0	0.00964740897963184	0	0.0111509846647733	0.00457078848092458	0.964412532431923	0	0.0102182854427479	0.964412532431923
GS_4_5-3	Pre-B	0.294257386919176	0.0157837348922006	0.0435595546054819	0.506602365349823	0.113205597098855	0.0228496326646988	0.00374172846976497	0	0.506602365349823
GS_4_5-4	B-Prol	0.283697361093282	0.0124887125983538	0.134958697177379	0.128735940447845	0.392076712904073	0	0.0480425757790664	0	0.392076712904073
GS_4_5-5	Erythrocyte	0.727258586475524	0	0.0317832039831296	0.182846756660078	0.0462831180805624	0.0036974816137156	0.00813085318699065	0	0.727258586475524
GS_4_5-6	Pre-B	0	0.0857772428770188	0	0.775449266796015	0.057290807349194	0	0.0814826829777721	0	0.775449266796015
GS_4_5-7	Erythrocyte	0.509391749524414	0.00443714702418143	0.0312028772060067	0.328911364882425	0.051438597584917	0.0289833774251007	0.045634886352955	0	0.509391749524414
GS_4_5-8	Pre-B	0.136193949786965	0.00101170350326667	0.224081274752434	0.600373328362929	0.0232671670566717	0	0.0150725765377347	0	0.600373328362929
GS_4_6-1	Pre-B	0	0.099102590118565	0	0.825072698014585	0.00675476881136209	0	0.0690699430554877	0	0.825072698014585
GS_4_6-2	Erythrocyte	0.818111546319466	0.00487186587704914	0.00447999167256179	0.110231838871869	0.0587821044439953	0	0.00352265281505907	0	0.818111546319466
GS_4_6-3	Pre-B	0.154020822599303	0.219356922690285	0.00243610277202238	0.334242341186269	0.27785717084743	0.000228927911649204	0.0118577119930417	0	0.334242341186269
GS_4_6-4	Pre-B	0	0.0876719116254202	0	0.624005054343488	0.20501504405467	0	0.0833079899764211	0	0.624005054343488
GS_4_6-5	Pre-B	0.275763366520788	0	0.311391280251834	0.409187338790113	0	0	0.00365801443726511	0	0.409187338790113
GS_4_6-6	Pre-B	0.312044778393972	0.0239901174998217	0.101759292205841	0.338769306162527	0.217710984467706	0	0.00572552127013184	0	0.338769306162527
GS_4_6-7	Erythrocyte	0.602697262584437	0.161068700206667	0.0221416027914845	0.106106187996139	0.107986246421272	0	0	0	0.602697262584437
GS_4_6-8	Erythrocyte	0.414632962578572	0.00669779814156401	0.0825085289716495	0.311983574705767	0.105947868993922	0.00024289491653381	0.077986371691991	0	0.414632962578572
GS_4_7-1	Pre-B	0.00590594437209875	0.223909655415305	0	0.704119735692443	0.00575078303736871	0	0.0603138814827843	0	0.704119735692443
GS_4_7-2	Neutrophil	0	0.355951611160868	0	0.0653291097771522	0	0.560876921980284	0.0137667952386299	0.00407556184306473	0.560876921980284
GS_4_7-3	Neutrophil	0.00105029331253438	0.141172027242257	0	0.120848765210053	0	0.7091432530142	0.0127880880271765	0.0149975731937788	0.7091432530142
GS_4_7-4	Erythrocyte	0.494852095707693	0.0086328752268865	0.0543221119353268	0.141442474561656	0.300750442568438	0	0	0	0.494852095707693
GS_4_7-5	Pre-B	0.130897205870149	0	0.0246697599448254	0.656515326784954	0.1437095759751	0	0.0442081314249711	0	0.656515326784954
GS_4_7-6	Pre-B	0.297336898627052	0.0602008249893493	0.0185002692266238	0.42296374060448	0.193743297046778	0	0.00725496950571683	0	0.42296374060448
GS_4_7-7	Neutrophil	0.0244977508154986	0.0909807431828966	0	0.155870681641843	0.0125015854649236	0.660547408981661	0	0.0556018299131768	0.660547408981661
GS_4_7-8	Pre-B	0.060864346684943	0.376263721951549	0	0.391985776631327	0.00165404006941656	0.102166005595323	0.0670661090674412	0	0.391985776631327
GS_4_8-1	Erythrocyte-Prol	0.300687833095694	0.0116078823171263	0.314113466961907	0.242040772079568	0.123823794195179	0.00750986807252134	0.000216383278004513	0	0.314113466961907
GS_4_8-2	Pre-B	0.260788866718705	0.152734122480445	0.107964456977257	0.300693147390482	0.106198256393314	0.0122154386691698	0.0594057113706273	0	0.300693147390482
GS_4_8-3	Pre-B	0.0859627451172068	0.145189435454616	0.143431862370983	0.503560155611981	0.0881423609675524	0	0.0337134404776613	0	0.503560155611981
GS_4_8-4	Pre-B	0.372694836738596	0	0.0450528169346639	0.41622664924287	0.158995017515867	0	0.00703067956800286	0	0.41622664924287
GS_4_8-5	Erythrocyte	0.338389343146423	0.0630998031400213	0.113609489799268	0.256905140140017	0.118147034846518	0.10347707983537	0.00637210909238217	0	0.338389343146423
GS_4_8-6	Pre-B	0	0.0953496047450283	0	0.858017022473664	0.0224428395097731	0	0.024190533271535	0	0.858017022473664
GS_4_8-7	Neutrophil	0	0.00663939997563606	0	0.141922893625169	0.0106337585730669	0.810072454477088	0	0.030731493349041	0.810072454477088
GS_4_8-8	Pre-B	0	0.249575407348803	0	0.743611710092331	0	0	0.00681288255886618	0	0.743611710092331
GS_4_9-1	Erythrocyte	0.389889024898733	0.124880219257906	0.0976010528425715	0.24409124569431	0.141693163972918	0	0.00184529333356118	0	0.389889024898733
GS_4_9-2	Neutrophil	0	0	0	0.0527845166044146	0	0.916361569211923	0	0.0308539141836628	0.916361569211923
GS_4_9-3	Erythrocyte	0.607707948789036	0.024455174960277	0.170164712238124	0.117357911397658	0.0675298785589957	0	0.0127843740559089	0	0.607707948789036
GS_4_9-4	Erythrocyte-Prol	0.218304879481793	0.000210962355752479	0.363543425065175	0.167243680462166	0.241546421106331	0	0.0091506315287812	0	0.363543425065175
GS_4_9-5	Erythrocyte	0.802990843863121	0.00670481299088	0.0948348704434926	0.0544842777385689	0.0335354437003727	0.00482581797267417	0.00262393329089066	0	0.802990843863121
GS_4_9-6	Pre-B	0.427733153857875	0.0162883832925552	0.0491967802842806	0.453992850958104	0.0266435895073121	0.0261452420998728	0	0	0.453992850958104
GS_4_9-7	Neutrophil	0.0257658790859224	0.0459991362960983	0	0.0810744584880199	0	0.824114540446833	0	0.0230459856831265	0.824114540446833
GS_4_9-8	Pre-B	0	0.229997759872655	0	0.56425031709354	0.0199010023809186	0	0.185850920652886	0	0.56425031709354
GS_4_10-1	Pre-B	0.444979904588421	0.00419431377807639	0.0436985411660412	0.482107599494695	0.0250196409727673	0	0	0	0.482107599494695
GS_4_10-2	Pre-B	0	0.0324341730924409	0	0.950084740290181	0.00239315199003759	0	0.0106701636902676	0.00441777093707273	0.950084740290181
GS_4_10-3	B-Prol	0.0390018155954955	0	0.0639896279435469	0.113387153497701	0.783608882280496	0	1.25206827612323e-05	0	0.783608882280496
GS_4_10-4	Neutrophil	0	0	0	0.00280237776762769	0.00953505237477088	0.987662569857601	0	0	0.987662569857601
GS_4_10-5	Erythrocyte	0.743758277348906	0	0.000446745879076568	0.118331093758817	0.128597365917891	0	0.00886651709530877	0	0.743758277348906
GS_4_10-6	Mast	0.00129890722977853	0.597949568320412	0	0.0714098597947042	0	0.197601525593127	0.131740139061978	0	0.597949568320412
GS_4_10-7	Erythrocyte-Prol	0.0918994611129594	0.112470984221836	0.573749243071912	0.150206366344729	0.0716739452485642	0	0	0	0.573749243071912
GS_4_10-8	Erythrocyte	0.469660432437381	0	0.0379237442921852	0.395851583201892	0.0720739888176756	0	0.0244902512508661	0	0.469660432437381
GS_4_11-1	Mast	0.0631560232586086	0.514007451941899	0.164634273144562	0.199044600724793	0	0	0.0591576509301375	0	0.514007451941899
GS_4_11-2	Pre-B	0.0336420608781183	0.00318003628157975	0.0161013155482708	0.717708165817086	0.0770057540995603	0.0162835748073501	0.136079092568035	0	0.717708165817086
GS_4_11-3	Erythrocyte	0.271859874541136	0.257495543615305	0.00463967554907325	0.202415008271745	0.201560581802618	0.0175320255106841	0.0444972907094396	0	0.271859874541136
GS_4_11-4	Pre-B	0	0.0990058510987596	0	0.86507594880727	0.0231248825504219	0	0.0127933175435488	0	0.86507594880727
GS_4_11-5	B-Prol	0.299043841895031	0.138062998820954	0.0626077114617426	0.189521464748434	0.30804825284457	0	0.00271573022926824	0	0.30804825284457
GS_4_11-6	Neutrophil	0.00399133774673768	0.0299304490012955	0	0.114496756410462	0.0223458103570101	0.808545801105193	0	0.0206898453793015	0.808545801105193
GS_4_11-7	Erythrocyte-Prol	0.302360015092546	0.0120620606432938	0.339852024719176	0.21351814074234	0.0936096348218308	0	0.0385981239808131	0	0.339852024719176
GS_4_11-8	Erythrocyte	0.617818410654098	0.0102741959068406	0.0603453194289934	0.0770568573262565	0.0888600003577082	0	0.145645216326104	0	0.617818410654098
GS_4_12-1	Pre-B	0	0.149168015663509	0	0.81156842947257	0.00918356955120964	0	0.0300799853127114	0	0.81156842947257
GS_4_12-2	Pre-B	0	0.280255821101689	0	0.536702557415422	0.0112172948820178	0	0.171824326600871	0	0.536702557415422
GS_4_12-3	Erythrocyte	0.570828726498821	0.0164235173064058	0.0232884702773898	0.311785756308709	0.0629883344505971	0	0.0146851951580771	0	0.570828726498821
GS_4_12-4	Mast	0.0809693931041666	0.398664157081112	0.0277284575826802	0.166012466506412	0.286963241738952	0	0.0396622839866778	0	0.398664157081112
GS_4_12-6	B-Prol	0	0.0364509365995745	0	0.292624245636908	0.382819193477032	0	0.288105624286486	0	0.382819193477032
GS_4_12-7	Neutrophil	0	0.115297337584224	0	0.0896839501586923	0	0.781951862383978	0.0130668498731055	0	0.781951862383978
GS_4_12-8	Erythrocyte	0.442002796676647	0.109726771846548	0.0253818582220435	0.275509056361827	0.105979216558729	0	0.0414003003342062	0	0.442002796676647
GS_5_1-1	Pre-B	0	0.140278470537121	0	0.839596047592963	0.00204484116011974	0	0.0180806407097949	0	0.839596047592963
GS_5_1-2	Erythrocyte	0.497118329853219	0.0257259972271545	0.10706979844693	0.346792010070097	0.0232938644025992	0	0	0	0.497118329853219
GS_5_1-3	Pre-B	0	0.0888779576787495	0	0.637188974522955	0.0026963733236509	0	0.271236694474645	0	0.637188974522955
GS_5_1-4	Erythrocyte-Prol	0.0657824783092438	0.09249782239357	0.748208926018261	0.0385025792997023	0.0510513206278279	0	0.00395687335139572	0	0.748208926018261
GS_5_1-5	Erythrocyte-Prol	0.0817054713013742	0.00450572234692811	0.838591166458116	0.0307835711530222	0.0345548323801585	0.00891837916594951	0.000940857194451433	0	0.838591166458116
GS_5_1-6	B-Prol	0.135381685727383	0.0590948401890744	0.137996968387941	0.0394752124418173	0.620072874676918	0.00797841857686531	0	0	0.620072874676918
GS_5_1-7	Erythrocyte-Prol	0.122356965213019	0.0560604386701578	0.427557994339607	0.276355076169884	0.117669525607333	0	0	0	0.427557994339607
GS_5_1-8	Pre-B	0.0851326688705362	0.0174044670818745	0.113470111355661	0.40440484156293	0.378480982704203	0	0.00110692842479554	0	0.40440484156293
GS_5_2-1	Pre-B	0	0.00833311025659665	0	0.565827259268153	0.403426181195066	0.00480738678742754	0.0176060624927564	0	0.565827259268153
GS_5_2-3	B-Prol	0.283627280978031	0.0124059287827704	0.113838537802361	0.283451835294236	0.297703935665894	0	0.00897248147670767	0	0.297703935665894
GS_5_2-4	Erythrocyte	0.801799454753365	0	0.0214266478309741	0.150489263949095	0.0174702112607966	0	0.0072226080304726	0.00159181417529666	0.801799454753365
GS_5_2-5	Neutrophil	0	0.00938433541107041	0	0.0325936677351577	0.00687668505073933	0.934615041874501	0	0.016530269928532	0.934615041874501
GS_5_2-6	Pre-B	0	0.0659132185703357	0	0.851762416345034	0.0081645980370114	0	0.0690262726819164	0.00513349436570197	0.851762416345034
GS_5_2-7	Erythrocyte-Prol	0.123653999237914	0.0186633487534057	0.684775308835402	0.107270508808894	0.0630110418304987	0	0.00262579253388589	0	0.684775308835402
GS_5_2-8	Pre-B	0	0.104387835051094	0	0.881746039703435	0.0138661252454709	0	0	0	0.881746039703435
GS_5_3-1	Erythrocyte-Prol	0.0911432246422558	0.0185560862728953	0.770627332285788	0.107245108718055	0.0120890140198616	0	0.000339234061143906	0	0.770627332285788
GS_5_3-2	Erythrocyte	0.424929343819912	0.00645321961589545	0.356347110780502	0.166570826021899	0.0456994997617919	0	0	0	0.424929343819912
GS_5_3-3	Erythrocyte	0.835790316651084	0.00878517695185861	0.0284395758036169	0.035651929795581	0.0512837545076832	0	0.0318914893134094	0.00815775697676685	0.835790316651084
GS_5_3-4	Pre-B	0	0.239772152836004	0.00399332731787564	0.670074510905465	0.0861600089406548	0	0	0	0.670074510905465
GS_5_3-6	Neutrophil	0	0	0	0.0185577571403363	0.000902244675538197	0.974937003060166	0	0.00560299512395895	0.974937003060166
GS_5_3-7	Pre-B	0.0180379386554295	0.0250072891376989	0.0536883097809385	0.684428147441502	0.177956421923961	0	0.0408818930604693	0	0.684428147441502
GS_5_3-8	Pre-B	0.242827868723256	0.149696792533463	0.190848804045461	0.252922828265058	0.117893228027197	0.0401441450033913	0	0.00566633340217336	0.252922828265058
GS_5_4-1	Erythrocyte	0.588205359921792	0.0430079841377757	0.0607839885314009	0.24750903280718	0.0590644471667245	0.000537510580614549	0.000891676854511979	0	0.588205359921792
GS_5_4-2	Erythrocyte	0.320452141984916	0.0615052272097019	0.0533562457965613	0.267793271854942	0.253813312994376	0	0.0430798001595026	0	0.320452141984916
GS_5_4-3	Neutrophil	0	0.00649380453798185	0	0.0515691421000302	0.00692435555503637	0.935012697806951	0	0	0.935012697806951
GS_5_4-4	Erythrocyte	0.521595379659491	0	0.139173642633475	0.306078034059184	0.018581638222883	0.000599702816232353	0.0139716026087347	0	0.521595379659491
GS_5_4-6	B-Prol	0.0717934025804979	0.0491157299990266	0.0460564467131088	0.0929061559032536	0.707955650022811	0.00165851798541909	0.0305140967958824	0	0.707955650022811
GS_5_4-8	Erythrocyte-Prol	0.197483069046064	0.00717775856096969	0.521969161615462	0.241268150343745	0.0321018604337589	0	0	0	0.521969161615462
GS_5_5-1	B-Prol	0.106889086574579	0.0330493698649975	0.0911799476198116	0.0517131418134378	0.66685268510412	0.00241822532922428	0.0478975436938289	0	0.66685268510412
GS_5_5-4	Pre-B	0.276196346922022	0.1014521461432	0.294656788609265	0.300071497431843	0.0134093598116671	0.00615443715363959	0.00805942392836393	0	0.300071497431843
GS_5_5-5	Erythrocyte	0.348006534861086	0.000504373670458386	0.134247692759611	0.334574858977973	0.140841086029774	0	0.0418254537010982	0	0.348006534861086
GS_5_5-6	Pre-B	0	0.120128375819439	0	0.506190861913278	0.313967241096092	0	0.042589826091864	0.0171236950793272	0.506190861913278
GS_5_5-7	Pre-B	0.237889228900377	0.0379646862898644	0.0905998617236783	0.543106411754623	0.049176262270679	0	0.0412635490607777	0	0.543106411754623
GS_5_5-8	Erythrocyte	0.420822358058068	0.0410018001364661	0.328775636945864	0.134809113726833	0.0698967482217438	0	0.00469434291102462	0	0.420822358058068
GS_5_6-1	Pre-B	0.260510629656384	0.0507511119103576	0.0651442636708442	0.477843671661084	0.14575032310133	0	0	0	0.477843671661084
GS_5_6-2	Erythrocyte	0.522824793253966	0	0.0369117262394265	0.379529085248256	0.0607343952583516	0	0	0	0.522824793253966
GS_5_6-3	Erythrocyte	0.55970995494751	0.000132467949603946	0.0207203608363441	0.169008553253113	0.212106426001454	0	0.038322237011975	0	0.55970995494751
GS_5_6-4	B-Prol	0.0768801047424909	0	0.0812601815785529	0.165419068557644	0.654025349878713	0	0.022415295242599	0	0.654025349878713
GS_5_6-5	B-Prol	0.108200570326445	0.0420156830508087	0.13340535997035	0.188268745544839	0.52016515161566	0	0.00794448949189736	0	0.52016515161566
GS_5_6-6	Neutrophil	0.0566012638624022	0.000780764809837798	0.0215134875300939	0.182819053884394	0.0455334858328213	0.68766686803529	0	0.00508507604516013	0.68766686803529
GS_5_6-7	Mast	0.222544318736632	0.344611934404124	0.0442468510195522	0.271846846317339	0.0779568596323374	0.038793189890015	0	0	0.344611934404124
GS_5_6-8	Erythrocyte-Prol	0.183466262627736	0	0.401111896710951	0.315782305787099	0.0738962393882442	0	0.0257432954859698	0	0.401111896710951
GS_5_7-1	Erythrocyte	0.609694265161667	0.0227415693713971	0.106365191497856	0.139177041596414	0.122021932372666	0	0	0	0.609694265161667
GS_5_7-2	Mast	0.0139896835400949	0.883943575338634	0.00131644554872983	0.0413921514962664	0.00946020185058509	0.0272371456777773	0.0177096096677655	0.00495118688014726	0.883943575338634
GS_5_7-3	Erythrocyte	0.813784219971556	0.0369387716080189	0.0401703843101697	0.0893634552248751	0.0170861602298223	0.00265700865555774	0	0	0.813784219971556
GS_5_7-4	Pre-B	0.175324516223845	0	0.120989252922875	0.661899935588028	0.0417862952652518	0	0	0	0.661899935588028
GS_5_7-7	Pre-B	0.19963117381443	0	0.170882097624649	0.458113190948135	0.0528475565565481	0.0736930424620919	0.0448329385941457	0	0.458113190948135
GS_5_7-8	B-Prol	0.184926261550939	0.2382225701353	0.111638654475344	0.205860384283357	0.259352129555061	0	0	0	0.259352129555061
GS_5_8-3	Pre-B	0.2996480045605	0.0160459466646361	0.148995858506623	0.518140044269993	0	0	0.0171701459982469	0	0.518140044269993
GS_5_8-4	Pre-B	0.212571826692036	0	0.157999206650543	0.308136114196391	0.3044188744347	0	0.016873978026329	0	0.308136114196391
GS_5_8-5	Mast	0.0322926485698792	0.736206635627581	0.00759650435324102	0.0564161420417398	0.0307639321522993	0.0954997568569118	0.0412243803983479	0	0.736206635627581
GS_5_8-6	B-Prol	0.018907574501002	0.132266391101812	0.0331457553564152	0.303040104415672	0.504917219011946	0	0.00772295561315371	0	0.504917219011946
GS_5_8-7	Pre-B	0.258381910843907	0.0309328345557175	0.102560789403148	0.566662590469831	0.041461874727397	0	0	0	0.566662590469831
GS_5_8-8	Erythrocyte	0.754981963865739	0.0106796665109755	0.0454396030837378	0.0345166427303209	0.152476252115623	0	0.00190587169360402	0	0.754981963865739
GS_5_9-1	Mast	0.218893253629198	0.399061329614832	0.0441743971207969	0.228446375017915	0.0914046216374706	0	0.0180200229797875	0	0.399061329614832
GS_5_9-2	Pre-B	0.118133823121708	0.0179994583112124	0.00577642574353622	0.469459593566154	0.384033417756661	0	0.00459728150072884	0	0.469459593566154
GS_5_9-3	B-Prol	0.154465922357982	0.00679236901232933	0.158624947891986	0.130699025633227	0.546306016732758	0	0.00311171837171733	0	0.546306016732758
GS_5_9-4	B-Prol	0.234105792067185	0.00819803226316341	0.0307379457406268	0.197390811007898	0.48850964460633	0	0.0410577743147972	0	0.48850964460633
GS_5_9-5	Neutrophil	0	0	0	0.0358440523558546	0.0127117464445332	0.921694103486217	0	0.0297500977133947	0.921694103486217
GS_5_9-6	Erythrocyte	0.475082171095505	0.00541119445647364	0.0366264573899057	0.38302740690103	0.0600373068953478	0	0.0398154632617381	0	0.475082171095505
GS_5_9-7	Neutrophil	0	0.00356712141179785	0	0.037282599308606	0.00642705554279289	0.952723223736803	0	0	0.952723223736803
GS_5_9-8	Pre-B	0	0.167395055638509	0	0.787670297987691	0	0	0.0449346463737999	0	0.787670297987691
GS_5_10-1	Erythrocyte	0.489735419567611	0	0.0211710576714486	0.107630653208455	0.00511548250732695	0	0.376347387045158	0	0.489735419567611
GS_5_10-3	Erythrocyte	0.266788091196707	0.0896221830766387	0.178064255527657	0.247209619502867	0.131169872233529	0	0.087145978462602	0	0.266788091196707
GS_5_10-4	B-Prol	0.129011414337874	0.00105345098043482	0.0916630485191345	0.348051342250295	0.415684593668798	0	8.43487141517144e-06	0.0145277153720481	0.415684593668798
GS_5_10-6	Pre-B	0.38678499500287	0.00533834920440653	0.112275098535337	0.39879092180124	0.0530333029131615	0.0059457048873001	0.0378316276556855	0	0.39879092180124
GS_5_10-7	Pre-B	0.248590992063643	0.0467112314091167	0.0446697013709629	0.515445599570603	0.126844980531749	0.0132654134747812	0.00447208157914396	0	0.515445599570603
GS_5_10-8	Pre-B	0	0.0107849133305346	0	0.579683294368429	0.394211475855591	0	0.0031773891259375	0.0121429273195074	0.579683294368429
GS_5_11-1	Erythrocyte-Prol	0.298033769888472	0.00331077427476624	0.627197979489269	0.0625801664379332	0.00887730990955959	0	0	0	0.627197979489269
GS_5_11-2	Pre-B	0.337175000609226	0.0090182012668367	0	0.529967188786654	0.0498373120364644	0.0220491549326519	0.0519531423681672	0	0.529967188786654
GS_5_11-3	Pre-B	0.315548185241004	0	0.0829131384543225	0.333535234221009	0.214486502792907	0	0.053516939290758	0	0.333535234221009
GS_5_11-4	Neutrophil	0.0178369914923786	0	0	0.0193845695762678	0.0182215812389926	0.885745954382382	0	0.0588109033099794	0.885745954382382
GS_5_11-5	Neutrophil	0	0.0053915011213965	0	0.0436962967116159	0.00466370160396525	0.923461627915021	0	0.0227868726480016	0.923461627915021
GS_5_11-6	Erythrocyte	0.558491032187829	0	0.027422050314053	0.268334412299626	0.13463191833616	0	0.0111205868623315	0	0.558491032187829
GS_5_11-7	Erythrocyte-Prol	0.165341068243085	0.00717731246528228	0.732214557873082	0.0518887133238712	0.0217008023281429	0	0.0216775457665372	0	0.732214557873082
GS_5_11-8	Pre-B	0.108006190675616	0.138952102896571	0.0139695797575104	0.557497158976095	0.147948413147728	0	0.03362655454648	0	0.557497158976095
GS_5_12-1	Erythrocyte-Prol	0.200239154527115	0.0395260702984629	0.346043732552984	0.124376145449177	0.283546687854602	0	0.00626820931765884	0	0.346043732552984
GS_5_12-2	Erythrocyte-Prol	0.0265649870861101	0.0074154419169278	0.773838732825808	0.123257558991759	0.0441674118463552	0	0.0247558673330405	0	0.773838732825808
GS_5_12-3	B-Prol	0.264589193945472	0.00386967748676879	0.0629985832322065	0.157963995554088	0.496118981120958	0	0.0144595686605072	0	0.496118981120958
GS_5_12-4	Neutrophil	0	0.00034830744784145	0	0.00499452035902213	0.000901018374651021	0.818723089504295	0	0.175033064314191	0.818723089504295
GS_5_12-6	Erythrocyte	0.480812286566001	0.0592668287959715	0.0176121012292981	0.252786364303188	0.180743191130658	0	0.00877922797488413	0	0.480812286566001
GS_5_12-7	Pre-B	0	0.0118973387850219	0	0.949202547569976	0.0258214567339286	0	0.0130786569110733	0	0.949202547569976
GS_5_12-8	Pre-B	0	0.0256056601385608	0	0.607748294241827	0.366646045619612	0	0	0	0.607748294241827
