orig.ident	nCount_ATAC	nFeature_ATAC	nCount_ACTIVITY	nFeature_ACTIVITY	tech	predicted.id	prediction.score.max	tSNE_1	tSNE_2	EPCAM	VIM	PTPRC	HBG1
GS_1_1-1	GS	82583	33564	38325.6361956025	14689	atac	Mast	0.473099478013694	-0.621950075873267	8.09684144447154	-0.613592699479393	-0.823974612600822	-0.114090522130813	0.857853142840857
GS_1_1-2	GS	82552	33330	38173.1590717379	14558	atac	Pre-B	0.648865866198592	5.25253085031946	0.441409445007608	0.241180242102164	-0.823974612600822	-0.114090522130813	-0.551304493497379
GS_1_1-3	GS	57546	23934	27257.5073679788	12541	atac	Erythrocyte	0.467982125103196	-2.38210298261139	5.91509343288707	0.534549259694618	-0.823974612600822	-0.114090522130813	1.34823936119951
GS_1_1-4	GS	56975	25486	28518.6992822884	12686	atac	Pre-B	0.456001765143816	-6.81230128901967	-5.18943802495321	0.490682100352355	-0.823974612600822	-0.114090522130813	-0.551304493497379
GS_1_1-5	GS	103468	36697	42572.798948876	14803	atac	Pre-B	0.885470827613254	8.03635228559548	0.911891474535755	-0.613592699479393	-0.823974612600822	-0.114090522130813	-0.551304493497379
GS_1_1-6	GS	79236	33162	37299.3021442023	13787	atac	Erythrocyte	0.37180857612354	-2.61959020218576	4.32622951547719	2.90887777150928	0.285911607815411	-0.114090522130813	-0.551304493497379
GS_1_1-8	GS	63994	26961	30901.6211876042	13211	atac	Erythrocyte	0.366534031873179	-5.23833055832525	7.13378316467769	0.416388330255914	0.353780075044456	-0.114090522130813	1.15274797131769
GS_1_2-1	GS	79854	30714	35407.7956283485	13964	atac	Pre-B	0.914589250495199	6.98768566135076	0.681740223642415	1.03147689393922	-0.823974612600822	-0.114090522130813	-0.551304493497379
GS_1_2-2	GS	51586	22225	25774.2438757916	12232	atac	Pre-B	0.769117820659584	6.61187111139098	6.14083178021226	-0.613592699479393	0.2239166857944	-0.114090522130813	-0.551304493497379
GS_1_2-4	GS	85432	34159	39411.6237414716	14792	atac	Pre-B	0.687806450850555	9.33185377201366	-1.90991360376627	0.217137386377492	-0.823974612600822	-0.114090522130813	-0.551304493497379
GS_1_2-5	GS	47748	21242	24778.5916244324	11978	atac	Erythrocyte	0.339385576673122	5.09636390311604	3.6500470192088	-0.613592699479393	-0.823974612600822	-0.114090522130813	-0.551304493497379
GS_1_2-6	GS	60073	26909	30408.5792949034	13116	atac	Erythrocyte	0.580173171539133	-10.7817836141187	1.17504729844158	-0.613592699479393	-0.823974612600822	-0.114090522130813	-0.551304493497379
GS_1_2-7	GS	96401	38685	42326.2474179786	14058	atac	Pre-B	0.520324038015063	-2.80817784177019	9.1421163177467	0.808063973232103	-0.679270457071901	-0.114090522130813	-0.551304493497379
GS_1_2-8	GS	78915	33195	37710.0331721151	14316	atac	Erythrocyte	0.335838481028066	-5.70058670083803	6.30545241055189	0.250534203333693	-0.823974612600822	-0.114090522130813	-0.551304493497379
GS_1_3-1	GS	53931	23793	26750.7172181942	12412	atac	B-Prol	0.388254423507725	-2.87694575006857	10.1728337647796	0.553182511494698	-0.823974612600822	-0.114090522130813	-0.551304493497379
GS_1_3-2	GS	95297	36776	42625.0596988085	14940	atac	Neutrophil	0.843486631298413	2.65113622619717	-10.0397579399811	0.799790403301185	0.57837051245258	-0.114090522130813	-0.551304493497379
GS_1_3-3	GS	52025	22921	26317.249982609	12454	atac	B-Prol	0.33165388250469	0.749876091544838	8.22594729698178	-0.613592699479393	-0.823974612600822	-0.114090522130813	-0.551304493497379
GS_1_3-4	GS	46136	20537	23927.3941223907	11602	atac	Pre-B	0.404380702521565	3.18903210254669	2.61127454634268	-0.613592699479393	-0.823974612600822	-0.114090522130813	-0.551304493497379
GS_1_3-5	GS	82940	33219	37901.9940264051	14221	atac	Neutrophil	0.970897022289066	4.22906086818563	-11.2646573726835	0.943158856843521	2.34152284277996	-0.114090522130813	-0.551304493497379
GS_1_3-6	GS	65464	27360	30346.4798891432	13151	atac	Pre-B	0.547472972918567	-7.24839758283015	1.49009638338429	1.24624487427532	0.217120861737229	-0.114090522130813	1.17987177414292
GS_1_3-7	GS	82720	32229	37119.8687817593	14208	atac	Neutrophil	0.97911082923071	3.06794676731245	-11.8524030505471	-0.613592699479393	2.38296331517903	-0.114090522130813	-0.551304493497379
GS_1_3-8	GS	83598	31865	35846.5386260523	14076	atac	Erythrocyte	0.445692296340365	-3.00727686841868	7.88369792573786	0.29034742666976	-0.823974612600822	-0.114090522130813	0.944219555528614
GS_1_4-1	GS	59198	25742	29861.9666049523	13023	atac	Pre-B	0.684105613672435	4.07273759414267	1.15180227889623	0.447526986046332	-0.823974612600822	-0.114090522130813	1.20426533097656
GS_1_4-2	GS	207164	65617	75007.2029892212	17631	atac	Neutrophil	0.592630506498826	3.77601551583388	-8.90249390033831	0.254770192006511	0.612437047151924	-0.114090522130813	-0.551304493497379
GS_1_4-3	GS	63111	25947	29945.4961758816	13270	atac	Mast	0.557094011871777	5.0297866405971	3.58019879721563	1.26573502177342	0.0704076818966344	-0.114090522130813	-0.551304493497379
GS_1_4-4	GS	42650	19871	22867.5146311697	11480	atac	Erythrocyte-Prol	0.382663444286144	-3.59400666434854	-7.88886738860288	0.719130170913436	-0.584885161292227	-0.114090522130813	-0.551304493497379
GS_1_4-5	GS	72956	30149	35101.0991092652	14114	atac	Pre-B	0.643696417931734	9.65344307566872	-0.0908680654047745	-0.613592699479393	0.893181382403809	-0.114090522130813	-0.551304493497379
GS_1_4-6	GS	53341	23357	27153.8751451707	12278	atac	Erythrocyte	0.294571982701389	0.342413871174871	6.21758509306378	-0.613592699479393	-0.823974612600822	-0.114090522130813	-0.551304493497379
GS_1_4-7	GS	65850	25949	30389.3389262994	12825	atac	Pre-B	0.860477238844326	9.29237128046471	0.65064422367141	-0.613592699479393	0.0833193321937047	7.53782592460807	-0.551304493497379
GS_1_4-8	GS	92341	37808	43837.7418017261	15261	atac	Mast	0.388138393125123	-1.19525841485395	1.1553841536686	0.141291401616483	-0.823974612600822	-0.114090522130813	0.697613764203653
GS_1_5-1	GS	57571	25223	29102.8703755489	12966	atac	Erythrocyte-Prol	0.383888257544497	6.42020821386393	4.31381988194469	0.471487537805567	0.373659382956659	-0.114090522130813	1.24390687398066
GS_1_5-2	GS	53589	23322	27311.2907075707	12571	atac	B-Prol	0.43037671191976	-4.71982452765066	4.87429282075435	-0.613592699479393	-0.823974612600822	-0.114090522130813	-0.551304493497379
GS_1_5-3	GS	45495	19561	22699.4188137263	11302	atac	Pre-B	0.480847035341145	-5.04474514906994	4.62448632149034	-0.613592699479393	-0.823974612600822	-0.114090522130813	-0.551304493497379
GS_1_5-4	GS	64250	25663	29399.4083319389	13077	atac	Erythrocyte-Prol	0.319105564315249	-3.69201958600905	7.58307838910651	-0.613592699479393	0.21840246713103	-0.114090522130813	-0.551304493497379
GS_1_5-5	GS	62827	27903	31860.1948738281	13406	atac	Erythrocyte	0.571803604017478	1.82931684094514	5.2851882773349	1.17624470683588	-0.823974612600822	-0.114090522130813	-0.551304493497379
GS_1_5-6	GS	58227	24853	27231.9849565396	12298	atac	Pre-B	0.485677172715706	-2.74277249189697	1.89655791918287	-0.613592699479393	-0.823974612600822	-0.114090522130813	-0.551304493497379
GS_1_5-7	GS	54256	23485	26763.992684104	12395	atac	Erythrocyte	0.564000245599217	-9.46212952977711	5.12997717225293	-0.613592699479393	-0.823974612600822	-0.114090522130813	1.37824674721728
GS_1_5-8	GS	88387	37166	42209.3887047384	15196	atac	Pro-B	0.32894174689078	1.00690838519727	0.00513568682043639	0.167522281984684	-0.0669806215769167	-0.114090522130813	-0.551304493497379
GS_1_6-1	GS	67984	28112	32229.8568121207	13239	atac	Erythrocyte-Prol	0.586900615736186	-4.83207013168374	8.31493223243558	-0.613592699479393	-0.823974612600822	-0.114090522130813	1.09119646810965
GS_1_6-2	GS	34942	16205	18306.2770472403	10168	atac	Erythrocyte-Prol	0.488876891865192	10.1280116755742	2.78230592908323	-0.613592699479393	0.540773021904146	-0.114090522130813	2.09775641014397
GS_1_6-3	GS	33088	15063	17347.0311539865	9796	atac	Erythrocyte	0.375626632453259	-8.22086880917036	5.97449363589551	-0.613592699479393	-0.823974612600822	-0.114090522130813	-0.551304493497379
GS_1_6-4	GS	118574	43825	49381.0366909039	16047	atac	Mast	0.846730550156879	-0.384747438185636	-3.23301262766774	0.06388087904958	1.57161633496754	-0.114090522130813	0.569541898825071
GS_1_6-5	GS	152562	55296	62794.0209314618	17132	atac	Mast	0.675895670761442	6.34780034842206	-4.29674923246335	0.402188984128955	-0.725793914416374	-0.114090522130813	-0.551304493497379
GS_1_6-6	GS	106223	40560	46890.5151387022	15488	atac	Neutrophil	0.9201035125862	2.97660156187389	-10.7830513113761	-0.613592699479393	0.5330448049001	-0.114090522130813	-0.551304493497379
GS_1_6-7	GS	81427	32395	35732.0608849704	13247	atac	Pre-B	0.438944735330241	-1.86177106463557	9.31229997869089	0.292913778995623	-0.823974612600822	-0.114090522130813	0.948465458006637
GS_1_6-8	GS	161431	60593	66681.9307920863	16640	atac	Neutrophil	0.904921759714639	4.17369955558568	-10.4599537246295	1.11277549682809	-0.381674758740894	-0.114090522130813	-0.551304493497379
GS_1_7-1	GS	64303	26785	30624.2697442675	13439	atac	Erythrocyte-Prol	0.479070067207511	1.90556280480331	9.08412574967766	-0.613592699479393	-0.823974612600822	-0.114090522130813	-0.551304493497379
GS_1_7-2	GS	67379	27998	32151.5814956411	13880	atac	B-Prol	0.291492106022506	-4.5147798634314	8.06726323767573	0.381302067070819	-0.823974612600822	-0.114090522130813	1.0946994912626
GS_1_7-3	GS	74462	29110	33009.1750749348	13772	atac	Pre-B	0.602807963122156	8.19991829672615	-3.57676284148716	-0.613592699479393	0.978487070219764	-0.114090522130813	-0.551304493497379
GS_1_7-4	GS	66707	27884	32270.0382819363	13596	atac	Pro-B	0.503010082821425	-4.53181984263074	3.90348971182097	1.80132532273336	-0.823974612600822	-0.114090522130813	-0.551304493497379
GS_1_7-5	GS	96831	39213	44097.3262312019	14873	atac	Pre-B	0.383976014863926	0.356606841641928	4.92362497200793	-0.613592699479393	0.426232320414415	-0.114090522130813	-0.551304493497379
GS_1_7-6	GS	68516	30035	34033.7738615646	14054	atac	Erythrocyte	0.583940292575384	-6.74269755246977	6.96823603956722	1.70843813855954	-0.823974612600822	-0.114090522130813	1.01442639457815
GS_1_7-8	GS	62086	26349	30816.4057467498	13167	atac	Pre-B	0.698850671086867	5.3998615883817	1.97264686563534	-0.613592699479393	-0.626697524797301	-0.114090522130813	-0.551304493497379
GS_1_8-1	GS	79790	29227	33609.7997034802	13798	atac	Pre-B	0.717309819777739	7.56293049168284	-2.60959238274507	-0.613592699479393	-0.823974612600822	-0.114090522130813	-0.551304493497379
GS_1_8-2	GS	83250	32268	37162.2532927232	14029	atac	Pre-B	0.892633090131756	8.34453551827137	0.63130173077259	-0.613592699479393	-0.823974612600822	-0.114090522130813	-0.551304493497379
GS_1_8-3	GS	59484	24564	28082.5852815193	12312	atac	B-Prol	0.411273466195914	-4.9160337049352	4.29022079193695	0.505463952804858	1.09066004751666	-0.114090522130813	1.30011916532742
GS_1_8-4	GS	77520	31055	35706.9066594001	14359	atac	Neutrophil	0.979600956609066	3.95264460147452	-10.7735379822442	-0.613592699479393	-0.823974612600822	-0.114090522130813	-0.551304493497379
GS_1_8-5	GS	80511	33081	37304.7910063028	14456	atac	Pre-B	0.412362839009489	-5.2114640750668	2.06494603514483	-0.613592699479393	-0.0683363074596546	-0.114090522130813	-0.551304493497379
GS_1_8-6	GS	107127	39615	45458.8018419711	15505	atac	Pre-B	0.934397056972929	7.47940962619187	-1.14681093338132	-0.613592699479393	-0.689055495937577	-0.114090522130813	-0.551304493497379
GS_1_8-7	GS	52785	23137	26230.8740245119	11562	atac	Erythrocyte	0.565719069982476	-7.90588284849791	1.99818774512553	-0.613592699479393	-0.823974612600822	-0.114090522130813	-0.551304493497379
GS_1_8-8	GS	64574	28616	32699.5319652432	13597	atac	Pre-B	0.456423811578367	3.5252521514034	4.79349560285515	0.366668098133643	-0.823974612600822	-0.114090522130813	1.07048831637928
GS_1_9-1	GS	159234	49846	57096.8961338411	16394	atac	Neutrophil	0.951144617953247	3.77399385154791	-10.3074465963086	-0.0206907719061715	0.645797195818999	-0.114090522130813	-0.551304493497379
GS_1_9-2	GS	47090	19579	22538.052116155	11317	atac	Erythrocyte-Prol	0.454813029475718	-5.77024710578059	5.58810577299813	-0.613592699479393	-0.823974612600822	-0.114090522130813	-0.551304493497379
GS_1_9-3	GS	49286	21164	24765.9519877133	12147	atac	B-Prol	0.581792780959392	-3.63968582166474	4.07974244874727	-0.613592699479393	-0.823974612600822	-0.114090522130813	-0.551304493497379
GS_1_9-4	GS	68078	28799	33213.2910730012	13503	atac	Neutrophil	0.62626393073475	0.831342454431266	-11.5280433040427	-0.613592699479393	0.0954243959627515	-0.114090522130813	1.04842973272106
GS_1_9-5	GS	61753	27276	31000.1045643361	13243	atac	Neutrophil	0.724026628658133	-0.724271493530605	-11.2873911292958	-0.613592699479393	-0.823974612600822	-0.114090522130813	1.14802523991819
GS_1_9-6	GS	106416	42292	47684.7810941124	15896	atac	Mast	0.310438213640606	-1.61160486368224	7.69612498995643	0.0858229534262963	-0.648450118711534	-0.114090522130813	-0.551304493497379
GS_1_9-7	GS	57067	23875	28036.3896482574	12737	atac	Erythrocyte-Prol	0.291690487793118	-4.72120624981914	8.07455703685873	0.507053121583932	-0.823974612600822	-0.114090522130813	1.30274836615424
GS_1_9-8	GS	98596	37917	43571.893787445	14851	atac	Neutrophil	0.959276833993862	3.49667897901203	-11.1556605909435	0.145452478306179	1.51817906497238	5.44346368352861	-0.551304493497379
GS_1_10-1	GS	73541	32488	36246.2054495187	13766	atac	Erythrocyte	0.65038361416584	1.97717107496753	4.534354691499	-0.613592699479393	0.313508743909786	-0.114090522130813	0.929583735532198
GS_1_10-2	GS	57821	23377	27096.3718504181	12201	atac	Erythrocyte-Prol	0.511321221403929	-1.72425507369381	7.38473584247436	2.1246150968721	-0.823974612600822	-0.114090522130813	1.35793296480187
GS_1_10-3	GS	38239	16662	19634.5042709601	10640	atac	Pre-B	0.374316026134723	-8.97466617733651	2.62998473459682	-0.613592699479393	-0.823974612600822	-0.114090522130813	-0.551304493497379
GS_1_10-4	GS	79122	30360	34499.7681417676	13546	atac	Erythrocyte	0.423856717162912	-1.77927191028497	9.07518323680487	0.321496130725202	-0.823974612600822	-0.114090522130813	-0.551304493497379
GS_1_10-5	GS	122751	45353	51553.0371834192	16078	atac	Pre-B	0.744373538279159	7.0208896598094	-2.23736535570271	1.07135253496516	-0.823974612600822	-0.114090522130813	-0.551304493497379
GS_1_10-6	GS	41210	18571	21115.6439283147	11123	atac	Pre-B	0.399594188592038	4.13486411414749	3.8161092219733	-0.613592699479393	-0.823974612600822	-0.114090522130813	3.4989624536482
GS_1_10-7	GS	62461	26721	30125.6545785001	13115	atac	Erythrocyte	0.315421303858247	-7.99578078614134	2.9239842138417	1.25692689083761	-0.823974612600822	-0.114090522130813	-0.551304493497379
GS_1_10-8	GS	50215	22080	25595.4123468863	12168	atac	Erythrocyte	0.508218148259863	1.20927603683609	3.10943836749268	-0.613592699479393	0.202348378264168	-0.114090522130813	1.4532631496525
GS_1_11-1	GS	66046	27891	32014.1227011167	13667	atac	Erythrocyte	0.495598850318192	-0.589389024805108	7.10051435508117	-0.613592699479393	-0.823974612600822	-0.114090522130813	-0.551304493497379
GS_1_11-2	GS	84639	33618	38389.5735089137	14618	atac	Pre-B	0.716702855139048	7.29500686284189	-2.74021628977074	-0.613592699479393	0.0266402835395154	-0.114090522130813	-0.551304493497379
GS_1_11-3	GS	87946	33848	39331.0770896123	14984	atac	Neutrophil	0.657785984593895	2.63109342015193	-7.09123417154329	-0.613592699479393	0.243664115668822	-0.114090522130813	0.825615771506976
GS_1_11-4	GS	68649	29161	33530.6271542378	13909	atac	Erythrocyte	0.358272122733437	-5.49103847230923	7.14961520966588	0.345280546349139	-0.823974612600822	-0.114090522130813	-0.551304493497379
GS_1_11-5	GS	63398	27546	31291.125341916	13280	atac	Erythrocyte	0.337386676548673	-6.54482555335242	8.18271379131459	-0.613592699479393	0.163348609433115	-0.114090522130813	1.13422215460806
GS_1_11-6	GS	54553	22402	26132.6732206103	12206	atac	Pre-B	0.327797875592574	1.13132480476988	3.11644730757072	-0.613592699479393	-0.823974612600822	-0.114090522130813	1.41805608296955
GS_1_11-7	GS	57319	24288	27892.297523407	12682	atac	Pre-B	0.78246574934826	5.10394979755587	0.536736028894484	-0.613592699479393	-0.823974612600822	-0.114090522130813	-0.551304493497379
GS_1_11-8	GS	66037	28892	32735.8785718173	13817	atac	Erythrocyte	0.375939287027535	-6.78415241101013	8.15875910375806	-0.613592699479393	-0.503471977284729	-0.114090522130813	-0.551304493497379
GS_1_12-1	GS	110402	41144	46796.2426617435	15843	atac	Pre-B	0.613710421131019	8.49255241861897	-0.872636509514595	0.0978955795352117	-0.111947110504536	-0.114090522130813	-0.551304493497379
GS_1_12-2	GS	84160	33631	38376.9429839688	14574	atac	Neutrophil	0.936644641401461	2.20053185520801	-10.7099240914294	1.50829707459095	0.580012865987644	-0.114090522130813	-0.551304493497379
GS_1_12-3	GS	76248	32617	36602.7057261754	14006	atac	Pre-B	0.351736603178616	-0.637654305955806	6.05301349401408	0.987929300748931	0.0359723490054556	-0.114090522130813	-0.551304493497379
GS_1_12-4	GS	64630	27179	31147.9625233417	13379	atac	Pre-B	0.395125707991746	3.20144716787249	-3.21637992709388	0.409277850792382	0.167309485803914	-0.114090522130813	-0.551304493497379
GS_1_12-6	GS	103665	38259	43320.4517863835	15020	atac	Neutrophil	0.476562798612699	4.24330102825351	-8.29107787162016	-0.613592699479393	-0.164157857966124	-0.114090522130813	-0.551304493497379
GS_1_12-7	GS	58672	24697	27901.4055510101	12350	atac	Erythrocyte-Prol	0.544955462573708	-1.04155895420226	6.6559204061653	-0.613592699479393	-0.62091988525641	-0.114090522130813	1.31047421971233
GS_1_12-8	GS	108482	40489	47116.7356359599	15693	atac	Pre-B	0.623343871437692	8.3471239778634	-1.82253383242995	-0.613592699479393	-0.702337124417129	-0.114090522130813	0.618533879619784
GS_2_1-1	GS	118016	42754	47620.2175636016	15895	atac	Pre-B	0.390385699991021	-0.960891312896549	-0.507197378606132	-0.613592699479393	0.931977739597371	-0.114090522130813	-0.551304493497379
GS_2_1-2	GS	89277	33762	38039.9645727409	14944	atac	Pre-B	0.495639164111831	4.41287535137485	-1.51132057847645	1.52254798093457	-0.673916963465886	-0.114090522130813	-0.551304493497379
GS_2_1-3	GS	80713	30705	35201.0748710672	14302	atac	Neutrophil	0.846264269610877	1.30478084055945	-8.6800579096734	-0.613592699479393	0.777833941330379	-0.114090522130813	-0.551304493497379
GS_2_1-4	GS	95012	38711	41927.7887182266	15162	atac	Pre-B	0.463841053047848	-0.0272311166100457	-1.81613185336672	-0.613592699479393	-0.0624035059849085	-0.114090522130813	-0.551304493497379
GS_2_1-5	GS	74847	30082	33389.0948873526	14149	atac	Erythrocyte	0.397282158691852	-1.98134141284983	-1.08500298004019	1.11078938049215	-0.823974612600822	-0.114090522130813	-0.551304493497379
GS_2_1-6	GS	107729	38966	44065.4455778699	15668	atac	Neutrophil	0.870621929003129	2.06965727027616	-8.16405062083556	-0.613592699479393	-0.072177032281795	-0.114090522130813	-0.551304493497379
GS_2_1-7	GS	93152	34736	38925.5785486939	14810	atac	Erythrocyte	0.364118645108837	-3.18728866520906	-1.74321344135294	-0.613592699479393	0.789357796023369	-0.114090522130813	-0.551304493497379
GS_2_1-8	GS	137330	50952	55018.4902426806	16779	atac	Mast	0.526288412036549	-0.889882583540157	-2.31494187421304	-6.49577944683026e-05	0.36232242114489	-0.114090522130813	0.463746687318345
GS_2_2-1	GS	88395	34408	39053.3973231101	14955	atac	Pre-B	0.358329772422431	-2.78640024467718	-1.16438528486507	0.905554560183231	0.242823018704128	-0.114090522130813	0.834369988443889
GS_2_2-2	GS	51561	22248	24806.162870736	12301	atac	Pre-B	0.56861185941486	-1.67294978164017	-4.84045699415245	-0.613592699479393	-0.58050072523318	-0.114090522130813	-0.551304493497379
GS_2_2-3	GS	66932	26787	30241.2128743493	13510	atac	Pre-B	0.35936777676558	-7.88209086386965	-0.367645433206706	-0.613592699479393	-0.623049213834553	-0.114090522130813	-0.551304493497379
GS_2_2-5	GS	96888	38236	42926.7911957803	15438	atac	Mast	0.507183611396856	-0.526907033268923	-1.25123554405321	-0.613592699479393	0.142711157004779	-0.114090522130813	-0.551304493497379
GS_2_2-6	GS	69826	27544	30717.4427232412	13623	atac	Pre-B	0.341814743458503	-2.93236782334105	-1.97029260753578	-0.613592699479393	-0.823974612600822	-0.114090522130813	-0.551304493497379
GS_2_2-7	GS	82409	33575	37481.907632577	14707	atac	Erythrocyte	0.372072213565842	-1.28962615388657	0.825536188011997	0.957353538830587	-0.823974612600822	-0.114090522130813	-0.551304493497379
GS_2_2-8	GS	145722	49249	55244.8084264105	17010	atac	Pre-B	0.746713065259569	4.53687110220082	-1.97877881865764	0.979913955845212	-0.823974612600822	-0.114090522130813	-0.551304493497379
GS_2_3-1	GS	87744	33410	37405.3096947924	14742	atac	Pre-B	0.482546243235679	-1.53869303423115	0.209610007319918	2.05812719302872	0.0464944827440967	-0.114090522130813	-0.551304493497379
GS_2_3-2	GS	63775	26879	29928.734530333	13313	atac	Pre-B	0.618630506595212	-6.24137718815073	-4.47021870542109	1.26655882751275	0.912997660782768	-0.114090522130813	-0.551304493497379
GS_2_3-3	GS	92835	37492	41178.4859302476	15050	atac	Erythrocyte	0.609829584732502	-3.97478292839124	0.115814214033528	0.18509630132959	0.90583123477002	-0.114090522130813	1.85487746459833
GS_2_3-4	GS	68313	27881	31149.480800388	13705	atac	Mast	0.385375038649815	-1.84386985289851	-1.38594324961863	2.42088494384119	0.167267311933395	-0.114090522130813	-0.551304493497379
GS_2_3-5	GS	70775	30051	32965.1592813886	13906	atac	Pre-B	0.317015467304426	0.216247770366449	-0.943786743494078	2.30532802622367	-0.823974612600822	-0.114090522130813	-0.551304493497379
GS_2_3-6	GS	77254	28240	31508.5233228366	13447	atac	Mast	0.515067367711609	-2.03792418118522	-1.1893445700963	0.399046846745462	0.15739441725518	-0.114090522130813	-0.551304493497379
GS_2_3-7	GS	102141	37335	42205.266966578	15657	atac	Mast	0.780134606077179	-0.59223514596056	-2.62456090008037	0.167591000318752	-0.0460043201551953	-0.114090522130813	-0.551304493497379
GS_2_3-8	GS	115296	42849	47608.7235116962	16384	atac	Mast	0.624972522702959	-0.929326814762769	-1.80055800381869	0.0868402466333577	1.09493612054811	-0.114090522130813	-0.551304493497379
GS_2_4-1	GS	119382	42847	49053.518207426	16002	atac	Neutrophil	0.900785932660923	2.54166667606334	-8.89249720332971	-0.613592699479393	1.32573140335844	-0.114090522130813	-0.551304493497379
GS_2_4-3	GS	76697	29249	33540.4002102096	14126	atac	Pre-B	0.794086197518726	7.80485326143916	0.216801817875815	0.345034626659431	-0.823974612600822	-0.114090522130813	1.0346968121439
GS_2_4-4	GS	79041	32904	35832.0886283645	14599	atac	Mast	0.297679726773788	1.08782374430423	-2.98965883852663	-0.613592699479393	-0.823974612600822	-0.114090522130813	-0.551304493497379
GS_2_4-5	GS	95037	36209	41769.8247875307	15195	atac	Neutrophil	0.81535649591705	1.70249716544468	-9.15848222464484	0.823734590804791	-0.677381977901139	-0.114090522130813	-0.551304493497379
GS_2_4-7	GS	65506	27181	30884.0637214589	13434	atac	Erythrocyte	0.454572492682969	-5.51059503354723	1.75031768270698	-0.613592699479393	-0.823974612600822	-0.114090522130813	1.1535927092161
GS_2_4-8	GS	89735	33404	37889.4200501394	14913	atac	Pre-B	0.376847607371532	-2.9845976473267	-2.65912871438871	2.47754201015752	1.75808488516915	-0.114090522130813	2.02496032523541
GS_2_5-1	GS	77745	29475	33670.1980944301	14299	atac	Pre-B	0.5145332933648	-0.103369234166817	1.10586401328354	-0.613592699479393	-0.823974612600822	-0.114090522130813	1.02931303425126
GS_2_5-2	GS	126715	42553	48989.843415886	15894	atac	Neutrophil	0.889040743066419	3.55290384698664	-9.43362922931275	0.644107646403642	-0.823974612600822	-0.114090522130813	-0.551304493497379
GS_2_5-4	GS	107048	38457	43632.7557182869	15421	atac	Pre-B	0.580814197800336	5.31001819539601	-1.69916980759389	-0.613592699479393	-0.823974612600822	-0.114090522130813	-0.551304493497379
GS_2_5-5	GS	78488	29975	34160.6354962696	14175	atac	Pre-B	0.446831294009807	-2.15842664483732	0.607737164520843	0.329682917187266	-0.645534824748906	-0.114090522130813	-0.551304493497379
GS_2_5-6	GS	60394	24392	27909.2972366861	13004	atac	Erythrocyte	0.693055685307091	-3.0464252746695	0.233587112076737	1.37152596004067	0.2999974429458	-0.114090522130813	1.31002075129632
GS_2_5-7	GS	67521	27396	30977.0135734206	13380	atac	Erythrocyte	0.435215965564537	-5.75985751053835	0.35143802783134	-0.613592699479393	-0.640570532720363	-0.114090522130813	1.14913019306843
GS_2_5-8	GS	111279	40255	45334.3342779145	15849	atac	Erythrocyte	0.43559498036	-1.74660977365335	-0.328820272004665	0.728996328528212	-0.823974612600822	-0.114090522130813	-0.551304493497379
GS_2_6-1	GS	66887	27696	30708.4417063668	13630	atac	Pre-B	0.254055191466718	0.0978266357776914	-6.95052053173946	-0.613592699479393	-0.402846646249386	-0.114090522130813	-0.551304493497379
GS_2_6-2	GS	57347	24011	26654.2313338876	12743	atac	Pre-B	0.771384242069683	-5.56023117599506	-1.02048972711553	0.556799353557306	0.345094925053126	-0.114090522130813	-0.551304493497379
GS_2_6-4	GS	98027	36838	41778.2163887658	15440	atac	Pre-B	0.698047155770219	2.18638689469475	-2.72959000542671	0.82349565884952	0.0587741657321627	-0.114090522130813	-0.551304493497379
GS_2_6-5	GS	64722	26388	29571.4416796879	13485	atac	Pre-B	0.648963963234965	-3.91926351214731	-2.92100713296296	-0.613592699479393	0.213141564300919	-0.114090522130813	-0.551304493497379
GS_2_6-6	GS	69431	27850	31515.1740056487	13682	atac	B-Prol	0.501939361198626	-5.41026961733491	1.79757697823881	1.1917228142716	0.456755392278324	-0.114090522130813	-0.551304493497379
GS_2_6-8	GS	165007	55302	62140.9316601761	17249	atac	Neutrophil	0.770689463094586	2.11268789169191	-8.50523902187038	-0.0654054164216401	0.338926950678646	-0.114090522130813	-0.551304493497379
GS_2_7-1	GS	113903	41629	46257.4110422148	15994	atac	Pre-B	0.417052817942567	1.54995229306625	-2.85248292046582	0.105422524049777	-0.220015805726779	-0.114090522130813	-0.551304493497379
GS_2_7-2	GS	81434	29757	33365.6231016604	14004	atac	Pre-B	0.891065734791003	3.99911803674506	-1.32361067458098	1.74274410120317	-0.823974612600822	-0.114090522130813	-0.551304493497379
GS_2_7-4	GS	146237	53302	59740.1599674878	17200	atac	Mast	0.820795329959498	-0.751643894577299	-3.56036748466419	1.26944741502856	0.204134868955321	-0.114090522130813	-0.551304493497379
GS_2_7-5	GS	99168	35933	40922.9976098289	15214	atac	Pre-B	0.704146731502101	5.44798100697932	-1.77543112918364	0.848267082407162	0.523134959096748	-0.114090522130813	-0.551304493497379
GS_2_7-6	GS	80369	33007	36505.9958825145	14578	atac	Pre-B	0.271731656099739	-2.84300526995519	-2.06311804650871	0.991366523265061	0.306572948254006	-0.114090522130813	-0.551304493497379
GS_2_7-7	GS	133149	46106	50235.4156918819	16268	atac	Mast	0.812432884983068	-1.09876943220696	-3.15842547402887	-0.613592699479393	-0.156404685179294	-0.114090522130813	-0.551304493497379
GS_2_8-1	GS	81648	31681	35715.8200998361	14501	atac	Pre-B	0.719004509324389	-4.76292731532578	-1.87790183450059	0.293279050316828	-0.823974612600822	-0.114090522130813	0.949069781268189
GS_2_8-3	GS	72782	30206	33742.3972500277	14001	atac	Erythrocyte	0.423057962483874	-1.30506688075841	-0.222423391087185	0.3399800250632	-0.823974612600822	-0.114090522130813	-0.551304493497379
GS_2_8-4	GS	74861	30049	33763.5723653295	14224	atac	Pre-B	0.626201213740129	-2.63232524024946	-3.45075174128851	1.72218647580439	-0.0201706373771794	-0.114090522130813	-0.551304493497379
GS_2_8-5	GS	92038	35829	40068.9040824642	15002	atac	Erythrocyte	0.772803065999018	-5.65163656146451	0.186045728022924	-0.613592699479393	-0.823974612600822	-0.114090522130813	1.90965342669206
GS_2_8-7	GS	142906	44434	51026.9130251148	16402	atac	Pre-B	0.842655769620614	6.17204574682473	-1.2308867154769	0.601342670135765	-0.823974612600822	-0.114090522130813	-0.551304493497379
GS_2_8-8	GS	96568	38694	42761.906623563	15565	atac	Pro-B	0.253991792422086	-0.841970571976419	-2.09193605195334	0.158419163511928	0.76231766293469	-0.114090522130813	-0.551304493497379
GS_2_9-1	GS	76498	30767	34249.0930476	13948	atac	Pre-B	0.639929504649065	-0.780378126348985	-0.25526403853696	-0.613592699479393	0.0880895689337063	-0.114090522130813	-0.551304493497379
GS_2_9-2	GS	60343	24554	27208.3469087221	12875	atac	Pre-B	0.546862182089962	-5.04882538509961	-1.76987199931052	-0.613592699479393	-0.823974612600822	-0.114090522130813	-0.551304493497379
GS_2_9-3	GS	56058	24618	27520.3655920667	12811	atac	B-Prol	0.300178678861712	-4.2615010180456	-3.82540624963694	0.525119027244998	0.279573463027097	-0.114090522130813	-0.551304493497379
GS_2_9-4	GS	117881	43236	48602.1930731675	15922	atac	Neutrophil	0.878234354941153	1.73925405724421	-8.66135231713178	0.0737817368289249	2.21884695345353	-0.114090522130813	-0.551304493497379
GS_2_9-5	GS	53423	21656	24687.3699150158	12252	atac	Pre-B	0.556807252336983	-2.61629341098895	-1.21893599592289	-0.613592699479393	0.586197604610249	-0.114090522130813	-0.551304493497379
GS_2_9-6	GS	57383	24146	27046.6445981507	12870	atac	Erythrocyte	0.321893245930269	-2.72002710272035	-0.441922485077564	0.542228712384691	-0.823974612600822	-0.114090522130813	1.36094463431344
GS_2_9-7	GS	99729	35617	41394.6761078841	15039	atac	Neutrophil	0.864730993326353	2.53722876369948	-9.53588927314566	-0.613592699479393	1.69344456689904	-0.114090522130813	-0.551304493497379
GS_2_9-8	GS	84837	34119	38231.9788654675	15057	atac	B-Prol	0.35277074136035	-1.26143001692081	-2.50260185556638	0.240006770736201	0.0297578097950427	-0.114090522130813	0.86093344020469
GS_2_10-1	GS	80681	31776	35480.3151800594	14381	atac	Pre-B	0.709656361830353	-3.63754192509874	-3.47756709756909	-0.613592699479393	-0.0551568728525659	-0.114090522130813	-0.551304493497379
GS_2_10-2	GS	90063	33154	38293.7983875778	14709	atac	Neutrophil	0.874086492707356	2.23570223351491	-9.46776058682597	0.238776937142461	0.694032992960827	-0.114090522130813	-0.551304493497379
GS_2_10-3	GS	74217	27702	31362.0287702577	13660	atac	Pre-B	0.372378249411097	-2.30425037484357	6.73541732440674	-0.613592699479393	-0.630037877647487	-0.114090522130813	1.13089333263895
GS_2_10-4	GS	97322	35357	40425.1574677259	15255	atac	Pre-B	0.846916950807894	4.69847019468041	-1.67082885893968	-0.613592699479393	-0.0116648579891562	-0.114090522130813	-0.551304493497379
GS_2_10-5	GS	109485	38207	43789.6226949372	15406	atac	Pre-B	0.858958142794705	6.30760681719104	-1.56086562660931	-0.613592699479393	0.0226799619718474	-0.114090522130813	-0.551304493497379
GS_2_10-6	GS	64450	27207	30512.1814246145	13474	atac	Pre-B	0.445575154529141	0.392380169383624	-2.31775675672644	1.2383108306934	-0.823974612600822	-0.114090522130813	-0.551304493497379
GS_2_10-7	GS	59002	24310	27527.5705785158	12930	atac	Neutrophil	0.621630202834034	0.55487111090382	-7.84973470550058	1.39273164608543	1.40838220397659	-0.114090522130813	-0.551304493497379
GS_2_10-8	GS	93661	36607	40512.718904479	15184	atac	Mast	0.540178995200033	-1.74683752120286	-3.51123213771582	0.196873951994199	-0.823974612600822	-0.114090522130813	-0.551304493497379
GS_2_11-1	GS	107716	42456	46493.562599174	15658	atac	Mast	0.534442644712826	-1.50831205411532	-2.65013521506844	-0.613592699479393	0.6505698495155	-0.114090522130813	-0.551304493497379
GS_2_11-2	GS	80163	31386	35262.2014085266	14407	atac	Pre-B	0.882791703574957	7.78306311942422	2.63724688355642	2.17173369151631	0.681049478207005	-0.114090522130813	-0.551304493497379
GS_2_11-3	GS	72309	30137	32865.9569550244	14053	atac	Erythrocyte	0.675009789555492	-3.75941803022975	-2.51939332526805	1.76909251127102	-0.823974612600822	-0.114090522130813	2.33773444230235
GS_2_11-4	GS	81419	31624	35296.438725558	14587	atac	Pre-B	0.586155782516335	-0.418519664286425	0.28568999075718	-0.613592699479393	0.226681816979537	-0.114090522130813	-0.551304493497379
GS_2_11-6	GS	72347	29677	33487.3954657474	14132	atac	Erythrocyte	0.368105763876774	-3.20304650118129	-1.94508009273502	0.346369910443553	-0.823974612600822	-0.114090522130813	-0.551304493497379
GS_2_11-7	GS	58600	24701	27632.6986118932	13077	atac	B-Prol	0.312116167293564	-3.9437640933419	-3.68378176292633	-0.613592699479393	0.470473268430321	-0.114090522130813	1.3260485368506
GS_2_11-8	GS	153507	56244	60128.3390592901	17129	atac	Mast	0.600107645150069	-1.76134608887308	-2.43825873335679	0.873376700219867	0.246020652220355	-0.114090522130813	-0.551304493497379
GS_2_12-1	GS	150473	51109	57568.5207202486	16943	atac	Pre-B	0.848929400499958	6.42113726587269	-1.78712691629261	-0.02517911192262	0.244370570557403	-0.114090522130813	-0.551304493497379
GS_2_12-2	GS	108132	39611	45046.9430344276	15876	atac	Pro-B	0.497235840234397	-0.839744726245421	-1.76172149849774	0.736164106417003	-0.823974612600822	-0.114090522130813	-0.551304493497379
GS_2_12-3	GS	78148	31290	34961.3776891528	14093	atac	B-Prol	0.362834255298328	-2.00674913161879	-2.95368806421821	1.04837059640296	0.146998330615398	-0.114090522130813	-0.551304493497379
GS_2_12-4	GS	119873	44482	49779.0432180488	16209	atac	Pre-B	0.805285856499048	4.16319871092246	-2.28466984685787	0.0589309387046478	-0.823974612600822	-0.114090522130813	0.561352468338534
GS_2_12-5	GS	74506	30218	33583.5800501532	13984	atac	Pre-B	0.40896568845441	-4.83784433337353	-1.75924698848686	-0.613592699479393	-0.823974612600822	-0.114090522130813	1.03290170228077
GS_2_12-6	GS	118265	44490	49016.4925337559	16049	atac	Pre-B	0.350845383117715	-0.835088797934061	-1.27629528453365	0.0684792060944013	0.0503459440588632	-0.114090522130813	-0.551304493497379
GS_2_12-7	GS	92729	35199	39691.5038421928	15031	atac	Mast	0.609395224965438	0.889174327451771	-1.76156489665238	-0.613592699479393	-0.823974612600822	-0.114090522130813	-0.551304493497379
GS_2_12-8	GS	176692	57200	64192.722691125	17596	atac	Neutrophil	0.647441680035516	2.79627192674539	-8.40713003613729	0.382801236915994	0.32366817933058	-0.114090522130813	0.32865464916523
GS_3_1-1	GS	54049	23264	26752.4764605447	12198	atac	Pre-B	0.452827814634838	2.63370404455279	9.44140127524387	-0.613592699479393	-0.823974612600822	-0.114090522130813	-0.551304493497379
GS_3_1-2	GS	52734	23662	26775.4703536356	11802	atac	Erythrocyte	0.577778534785843	-1.55192588911005	-7.46189536884866	0.552258252969799	1.87454484662631	-0.114090522130813	1.37753801114428
GS_3_1-3	GS	114518	42133	48372.7464969707	15781	atac	Neutrophil	0.913191055686906	3.45269328510383	-9.4308251118041	-0.613592699479393	2.51621800189874	-0.114090522130813	-0.551304493497379
GS_3_1-4	GS	52005	22635	26169.029126935	12152	atac	Erythrocyte-Prol	0.69888820197262	-1.49770388774941	9.56289045846869	0.575335800032227	1.46779988061377	-0.114090522130813	1.41571866672754
GS_3_1-5	GS	39352	17143	19503.0350517405	10070	atac	Pre-B	0.495282159337672	3.24204775075077	9.73500490452148	-0.613592699479393	-0.823974612600822	-0.114090522130813	-0.551304493497379
GS_3_1-6	GS	40243	18213	20677.0887677939	10976	atac	Erythrocyte	0.538072174785837	3.57899645345302	3.99373111513785	-0.613592699479393	-0.823974612600822	-0.114090522130813	-0.551304493497379
GS_3_1-7	GS	57499	24346	27859.2223138579	12436	atac	Erythrocyte	0.69162531675482	-6.84055425123141	7.0513518537108	-0.613592699479393	-0.823974612600822	-0.114090522130813	-0.551304493497379
GS_3_1-8	GS	84155	33449	37782.5758336902	14417	atac	Erythrocyte-Prol	0.678054059065567	-0.0352933037933695	7.43266989250531	0.249055465613539	0.0387753100133917	-0.114090522130813	0.875904056520847
GS_3_2-1	GS	83842	31260	35671.4388426216	14043	atac	Pre-B	0.436413655732907	-2.49419924021994	8.66452316648344	-0.613592699479393	-0.823974612600822	-0.114090522130813	0.950723717071651
GS_3_2-2	GS	65145	28217	31422.3742964225	12807	atac	Pre-B	0.595270177074886	1.90647175897234	1.20581504767943	-0.613592699479393	0.0330398345712762	-0.114090522130813	1.12807059592677
GS_3_2-3	GS	58250	23726	26567.3542423926	12334	atac	Pre-B	0.456799370527897	10.0143655520261	2.64654401364587	0.560075405215937	-0.823974612600822	-0.114090522130813	1.39047110133555
GS_3_2-4	GS	55454	23703	26198.0014024808	11895	atac	Pre-B	0.61188308751506	-7.10187957158303	-2.7292559679086	-0.613592699479393	-0.823974612600822	-0.114090522130813	-0.551304493497379
GS_3_2-5	GS	39003	17760	20084.190241574	10606	atac	Pre-B	0.629408535119913	-9.04752051622976	8.4375655250129	-0.613592699479393	-0.823974612600822	-0.114090522130813	-0.551304493497379
GS_3_2-6	GS	52976	22888	25835.7576507964	12349	atac	B-Prol	0.446246807762346	-1.87939734507121	9.99491281535644	-0.613592699479393	-0.823974612600822	-0.114090522130813	-0.551304493497379
GS_3_2-7	GS	41491	17956	20604.5454607496	10365	atac	Erythrocyte	0.555899087479922	-1.09090953795773	4.69601989827664	-0.613592699479393	-0.823974612600822	-0.114090522130813	-0.551304493497379
GS_3_2-8	GS	59687	25649	28609.3883829355	12639	atac	Pre-B	0.634688569764101	-7.58394402352403	-0.116527423511007	-0.613592699479393	-0.823974612600822	-0.114090522130813	-0.551304493497379
GS_3_3-1	GS	49564	21053	23952.2951565405	11796	atac	Pre-B	0.601341976556918	3.10966542109795	9.75900231482511	-0.613592699479393	0.455769371420497	-0.114090522130813	-0.551304493497379
GS_3_3-2	GS	43054	19131	21800.5938055458	11088	atac	Erythrocyte	0.65423647826403	-5.82473233358396	6.39096422590665	1.77793131354388	-0.823974612600822	-0.114090522130813	1.74345498613015
GS_3_3-3	GS	56594	23038	26910.9143006021	12335	atac	Pre-B	0.586438243056256	9.29625345384423	-2.19761886969219	-0.613592699479393	-0.823974612600822	-0.114090522130813	-0.551304493497379
GS_3_3-4	GS	32464	14897	16982.2171212472	9775	atac	Erythrocyte	0.561602643668403	-2.37453108971686	1.23424853500129	-0.613592699479393	0.796151909771877	-0.114090522130813	-0.551304493497379
GS_3_3-5	GS	36159	16444	18187.9565572132	9504	atac	Pre-B	0.611628630516483	1.71804868802991	0.00561704262810573	-0.613592699479393	-0.823974612600822	-0.114090522130813	-0.551304493497379
GS_3_3-6	GS	35404	16127	18283.9304979358	9945	atac	Erythrocyte	0.458196049647186	6.80977522604754	6.28179241776855	-0.613592699479393	-0.823974612600822	10	-0.551304493497379
GS_3_3-7	GS	60028	25015	27311.8416456574	11777	atac	Erythrocyte	0.640447925365571	-6.24387498638074	3.31094144587552	-0.613592699479393	0.618570781511871	8.27797426412803	2.78822859207099
GS_3_3-8	GS	158404	52394	58961.370331641	16870	atac	Neutrophil	0.622117245736375	4.39051950277851	-9.58527669101042	-0.613592699479393	0.376535526734216	-0.114090522130813	0.400909401787471
GS_3_4-1	GS	43367	18661	21452.4179303829	11008	atac	Erythrocyte	0.395845762374868	0.573420948829106	4.4052454294236	-0.613592699479393	-0.543898559796361	-0.114090522130813	-0.551304493497379
GS_3_4-2	GS	75661	30539	35652.1429844054	13897	atac	Neutrophil	0.920289823313942	2.23278909102914	-11.6268920286315	-0.613592699479393	1.95644756727457	-0.114090522130813	-0.551304493497379
GS_3_4-3	GS	32316	15113	17042.2749572907	9381	atac	Erythrocyte	0.416243830593512	-7.3386886351783	6.11519486789181	-0.613592699479393	0.866954705787254	-0.114090522130813	-0.551304493497379
GS_3_4-4	GS	148690	54137	58567.3135238927	16845	atac	Mast	0.74157062160508	-0.402452259415145	-3.08182078887096	-0.0344631278065722	2.36275638032368	-0.114090522130813	-0.551304493497379
GS_3_4-5	GS	140783	47636	55167.9432897663	16030	atac	Neutrophil	0.93617471748192	3.7752759540763	-10.2215777752873	-0.00159598580754381	1.94674863423057	-0.114090522130813	-0.551304493497379
GS_3_4-6	GS	60656	23844	26677.9617153954	11953	atac	B-Prol	0.305627570463719	-3.40761026943602	2.20031881586435	-0.613592699479393	-0.823974612600822	-0.114090522130813	-0.551304493497379
GS_3_4-7	GS	61134	25254	29264.4093946137	12421	atac	Pre-B	0.865527429074496	7.76578477022525	1.29430360485711	-0.613592699479393	-0.823974612600822	-0.114090522130813	-0.551304493497379
GS_3_4-8	GS	92454	34201	38040.4064946366	14188	atac	Pre-B	0.520319446817034	6.79356668570023	-3.84226524587766	0.243840642293219	0.680226709237243	-0.114090522130813	-0.551304493497379
GS_3_5-1	GS	62718	25623	29084.9956463597	13209	atac	Pre-B	0.770869737319207	8.01169326088524	2.56440720904421	-0.613592699479393	0.0937301344487995	-0.114090522130813	-0.551304493497379
GS_3_5-2	GS	78495	31221	36230.8226244822	13765	atac	Pre-B	0.76278959943387	6.80729667311019	-0.543421113123973	2.11915930209346	-0.823974612600822	-0.114090522130813	-0.551304493497379
GS_3_5-3	GS	61709	25057	28935.8653302525	12844	atac	Neutrophil	0.986108228869401	3.3582089600319	-12.3853707422137	-0.613592699479393	0.551371927648511	-0.114090522130813	-0.551304493497379
GS_3_5-4	GS	51364	23041	25252.9584061031	11879	atac	Pre-B	0.313466236499336	1.77638496766118	7.37880113044362	-0.613592699479393	1.28107736689468	-0.114090522130813	-0.551304493497379
GS_3_5-5	GS	35374	16875	18922.1024399243	10230	atac	B-Prol	0.55594790987084	-6.09272069694315	-3.53689419129689	2.03604374623354	-0.528469259239406	-0.114090522130813	-0.551304493497379
GS_3_5-6	GS	50452	22751	25701.5432933826	12363	atac	Erythrocyte	0.566919242757234	-9.88472804650519	4.36687167400764	-0.613592699479393	-0.823974612600822	-0.114090522130813	1.44620800181735
GS_3_5-7	GS	36713	16698	18816.0824937583	10270	atac	Pre-B	0.526207207942224	3.36457520078756	-1.0119076998115	-0.613592699479393	-0.823974612600822	-0.114090522130813	-0.551304493497379
GS_3_5-8	GS	50044	21489	24067.2695505216	11719	atac	Erythrocyte	0.452228795103526	-1.7519970302973	4.07822312157542	-0.613592699479393	-0.823974612600822	-0.114090522130813	3.12510082721404
GS_3_6-1	GS	58965	25107	28723.6555991195	12904	atac	Neutrophil	0.883531555282527	0.476893697440133	-11.0301609591765	2.01359711263119	-0.823974612600822	-0.114090522130813	-0.551304493497379
GS_3_6-2	GS	45608	20825	23561.8691226697	11391	atac	Erythrocyte	0.851306192233775	0.71009531175418	4.84976211178787	-0.613592699479393	0.278483000227575	-0.114090522130813	1.59887686539998
GS_3_6-3	GS	69827	27440	31502.403724084	13348	atac	Pre-B	0.700232307999922	6.75785467877353	2.03170949251078	-0.613592699479393	-0.630879045417351	-0.114090522130813	-0.551304493497379
GS_3_6-4	GS	45595	20071	22560.7378721344	11407	atac	Erythrocyte	0.428950556322307	0.243300960492678	3.6951091570619	-0.613592699479393	-0.704146908273199	-0.114090522130813	-0.551304493497379
GS_3_6-5	GS	45918	18122	20285.1296021018	10366	atac	B-Prol	0.371498397459915	-9.20756612720629	7.54251419977893	-0.613592699479393	1.63164637087971	-0.114090522130813	-0.551304493497379
GS_3_6-6	GS	77369	30753	35680.3346885426	14209	atac	Pre-B	0.771306550089259	9.4095492594657	0.501724570013841	-0.613592699479393	0.666636824608603	-0.114090522130813	-0.551304493497379
GS_3_6-7	GS	55569	22925	26545.5271938091	12319	atac	Pre-B	0.641431219832606	10.2340044553935	-2.72076080829415	-0.613592699479393	-0.823974612600822	-0.114090522130813	-0.551304493497379
GS_3_6-8	GS	81502	32435	37208.2871523587	14186	atac	Pre-B	0.77094280168116	9.06130350981215	-2.32456239196249	0.96674134863975	0.729906901377773	-0.114090522130813	-0.551304493497379
GS_3_7-1	GS	60735	25430	28937.04305601	12997	atac	Pro-B	0.448184931104807	9.83681557452547	-1.19393617328663	0.476867593809285	-0.823974612600822	-0.114090522130813	-0.551304493497379
GS_3_7-2	GS	141768	46107	52976.481390175	16041	atac	Neutrophil	0.972782070145741	3.48519150054077	-10.4963748123612	-0.613592699479393	1.49197452637745	-0.114090522130813	-0.551304493497379
GS_3_7-3	GS	45124	19846	22803.5245787589	11082	atac	B-Prol	0.329712651350619	-9.86058409722599	2.91295292404391	-0.613592699479393	-0.823974612600822	-0.114090522130813	-0.551304493497379
GS_3_7-4	GS	54862	22632	25797.1445922371	11981	atac	Erythrocyte	0.686720021905828	-9.43142742126582	5.48185421652649	-0.613592699479393	1.21949918120895	-0.114090522130813	1.4398955809595
GS_3_7-5	GS	99160	36485	41961.4596651468	14820	atac	Neutrophil	0.930184986206368	2.10790989865325	-9.88471006289983	0.17167750291403	1.91875148288414	-0.114090522130813	-0.551304493497379
GS_3_7-6	GS	30114	13993	15621.5618364153	9249	atac	Pre-B	0.584212501098325	-3.80784203470048	5.78447152249659	-0.613592699479393	-0.823974612600822	-0.114090522130813	-0.551304493497379
GS_3_7-7	GS	46267	18990	22182.46386023	11214	atac	B-Prol	0.579587262046892	10.6710390166752	-0.0453073201526821	-0.613592699479393	0.500890321069901	-0.114090522130813	-0.551304493497379
GS_3_7-8	GS	74630	29196	33695.6568381827	13613	atac	Pre-B	0.827116339380961	7.00357366676669	0.752140690157284	-0.613592699479393	-0.823974612600822	-0.114090522130813	-0.551304493497379
GS_3_8-1	GS	43041	19413	21914.3408328637	10709	atac	Erythrocyte	0.347603006765985	5.88366084733895	6.85461650678649	5.03295479257503	-0.823974612600822	-0.114090522130813	-0.551304493497379
GS_3_8-2	GS	48087	20774	23712.3397861941	11689	atac	Pre-B	0.756540635582434	2.50439340642559	2.73941805670952	-0.613592699479393	-0.823974612600822	-0.114090522130813	1.58737396232843
GS_3_8-3	GS	30135	14133	16256.4804746768	9442	atac	Erythrocyte	0.494750042285013	-7.60877483527463	-4.9104028148152	-0.613592699479393	0.882918200580665	-0.114090522130813	-0.551304493497379
GS_3_8-4	GS	38115	17225	19641.4464840463	10381	atac	Pre-B	0.487497328863745	-9.46911442889331	-2.73416133471946	0.898278477285905	0.64120967290402	-0.114090522130813	-0.551304493497379
GS_3_8-5	GS	50617	21581	24027.1662306826	10984	atac	Pre-B	0.325099544797645	1.48202035006162	10.5070250561509	4.39888921438141	-0.823974612600822	-0.114090522130813	-0.551304493497379
GS_3_8-6	GS	34355	15880	17770.5395031452	9532	atac	Erythrocyte	0.365162039037828	7.88611253722845	-5.92648402637465	4.8096973528761	0.765472224356426	-0.114090522130813	-0.551304493497379
GS_3_8-7	GS	40526	17465	20078.5212585825	10523	atac	B-Prol	0.521393090354662	9.70803073868557	-4.55956924633383	-0.613592699479393	-0.823974612600822	-0.114090522130813	-0.551304493497379
GS_3_8-8	GS	65360	27384	31127.5170519402	13186	atac	Neutrophil	0.919943624865206	-0.117181029733727	-11.2412733509078	0.409864233558681	2.75808910592042	-0.114090522130813	-0.551304493497379
GS_3_9-1	GS	84761	33837	38463.5899919848	14417	atac	Neutrophil	0.935582086623187	1.64684502748429	-10.4887509875994	0.235417355981587	1.25249773543125	-0.114090522130813	-0.551304493497379
GS_3_9-2	GS	43002	19810	21853.100792575	10468	atac	Erythrocyte	0.781612650897044	2.07635990766786	8.14807998097685	-0.613592699479393	2.10739183173015	-0.114090522130813	3.39836178331876
GS_3_9-3	GS	36088	16050	18154.0188349118	9534	atac	Erythrocyte	0.666207033703221	-2.48319841543002	11.361148089357	-0.613592699479393	0.996290399407177	-0.114090522130813	2.11573881900504
GS_3_9-4	GS	51136	22682	24752.396916956	11525	atac	Erythrocyte	0.568585903581747	-1.38826001451227	-7.81371882572333	-0.613592699479393	-0.823974612600822	-0.114090522130813	-0.551304493497379
GS_3_9-5	GS	32556	15157	17285.3120818062	9483	atac	Erythrocyte	0.577395033509752	-8.94559599348366	-3.21303572603661	-0.613592699479393	-0.501717640757153	-0.114090522130813	4.12116079727524
GS_3_9-6	GS	40772	18916	21737.5185688514	11249	atac	Erythrocyte	0.407793345945932	5.23157792301592	7.67070856963571	1.78302822057463	0.910430192938575	-0.114090522130813	-0.551304493497379
GS_3_9-7	GS	115647	44499	50613.440923241	15256	atac	Erythrocyte	0.922336827953651	-7.22931885719206	2.67679064120516	-0.613592699479393	-0.613413333507689	-0.114090522130813	-0.551304493497379
GS_3_9-8	GS	46774	21052	23898.2447243405	11348	atac	Erythrocyte	0.668076628392653	-2.24757251964487	4.04481370328545	-0.613592699479393	-0.823974612600822	-0.114090522130813	-0.551304493497379
GS_3_10-1	GS	65901	25449	29000.0056002296	12667	atac	Mast	0.523464195146521	9.20501255426136	1.47719739929354	-0.613592699479393	0.0961001889405838	-0.114090522130813	-0.551304493497379
GS_3_10-2	GS	50652	21565	24583.7492495276	12097	atac	Neutrophil	0.671027634099104	-0.0978217554197074	-9.47403181566328	-0.613592699479393	-0.823974612600822	-0.114090522130813	-0.551304493497379
GS_3_10-3	GS	34176	15761	18046.5762066591	10048	atac	Pre-B	0.440422344962653	-5.10100242868299	-5.38510991958529	-0.613592699479393	-0.823974612600822	-0.114090522130813	2.12857831270193
GS_3_10-4	GS	45420	18830	21294.4101817473	10887	atac	B-Prol	0.752171647197939	-9.28799742965496	4.04895948622572	-0.613592699479393	-0.541900553944203	-0.114090522130813	-0.551304493497379
GS_3_10-5	GS	29562	13239	15230.7749297336	8686	atac	Erythrocyte	0.692387947721193	-5.18152392362791	3.51984290704498	-0.613592699479393	-0.823974612600822	-0.114090522130813	-0.551304493497379
GS_3_10-6	GS	56008	22599	25352.1285910498	11489	atac	Erythrocyte	0.513979135473863	-6.53157509847921	4.33921111672551	-0.613592699479393	0.39591259536973	-0.114090522130813	-0.551304493497379
GS_3_10-8	GS	47498	21116	23764.6015235203	11637	atac	Erythrocyte	0.441223238966518	1.82804163896026	2.94571658800462	-0.613592699479393	-0.823974612600822	-0.114090522130813	-0.551304493497379
GS_3_11-1	GS	132829	46281	52615.7766662452	15893	atac	Neutrophil	0.916399375855775	3.50023230121488	-9.69145667224226	-0.613592699479393	1.24170805092414	-0.114090522130813	-0.551304493497379
GS_3_11-2	GS	41378	18146	20960.2279476864	10728	atac	B-Prol	0.476578136252855	-2.08159967940677	-6.70651553063364	-0.613592699479393	0.960983994892218	-0.114090522130813	1.81960657836544
GS_3_11-3	GS	154207	54717	59713.4828696759	17079	atac	Mast	0.816341814233812	-0.778721463431866	-3.50862506660867	-0.613592699479393	0.771228374861485	-0.114090522130813	-0.551304493497379
GS_3_11-4	GS	41488	17874	20254.3011391216	10311	atac	Erythrocyte	0.70996718989066	-2.50882820544587	5.56906921348972	-0.613592699479393	-0.823974612600822	-0.114090522130813	-0.551304493497379
GS_3_11-5	GS	40241	17401	20059.6831840051	10300	atac	Erythrocyte	0.558775394577446	-7.62727610509243	3.20635716407383	-0.613592699479393	-0.823974612600822	-0.114090522130813	-0.551304493497379
GS_3_11-6	GS	34849	15931	18061.9070946418	10079	atac	Erythrocyte	0.426281600852917	1.76645941745228	3.00369470264406	3.67628153513352	2.18605113907943	-0.114090522130813	-0.551304493497379
GS_3_11-7	GS	47107	20044	22450.1605624711	11156	atac	Mast	0.496139232434005	10.1633746364817	1.31623122537144	-0.613592699479393	1.44406633854105	-0.114090522130813	-0.551304493497379
GS_3_11-8	GS	105416	37346	42748.7481403946	14901	atac	Pre-B	0.748919138612752	7.72954707596628	-1.66984665954866	-0.613592699479393	1.79329863601798	-0.114090522130813	-0.551304493497379
GS_3_12-1	GS	65247	26200	29900.9967980933	12896	atac	Pre-B	0.843208786975064	9.5674053398394	-1.02196492830212	-0.613592699479393	-0.823974612600822	-0.114090522130813	-0.551304493497379
GS_3_12-3	GS	59746	24934	28795.1260112415	12833	atac	Neutrophil	0.975946103434808	3.17308722638744	-12.5302362954404	-0.613592699479393	1.95214200436195	-0.114090522130813	-0.551304493497379
GS_3_12-4	GS	46743	20436	23025.8699181976	11478	atac	Erythrocyte	0.679441789696979	-7.70795332354834	5.35432350477673	-0.613592699479393	0.669241759367418	-0.114090522130813	-0.551304493497379
GS_3_12-5	GS	76294	33118	36659.2975624432	13670	atac	Erythrocyte	0.768656665557696	1.42654728322393	5.24472009259418	-0.613592699479393	-0.0774647890764748	-0.114090522130813	0.914755769492267
GS_3_12-6	GS	71908	27846	31940.3964837145	13265	atac	Pre-B	0.828659394624598	9.03098775795696	0.0958037045369988	-0.613592699479393	-0.633457338732196	-0.114090522130813	-0.551304493497379
GS_3_12-7	GS	80367	29476	34533.1377709641	13997	atac	Neutrophil	0.720377095863905	4.12667102245748	-9.18474112363296	-0.613592699479393	1.45777610926907	-0.114090522130813	-0.551304493497379
GS_3_12-8	GS	66028	25745	29287.6237734604	12773	atac	Pre-B	0.318790734023013	-3.70318136710144	3.70123812876703	-0.613592699479393	-0.823974612600822	-0.114090522130813	-0.551304493497379
GS_4_1-1	GS	104301	36693	41515.4915663087	14818	atac	Pre-B	0.382083017820021	-2.62888956640196	8.09748781108147	0.179264593692784	-0.823974612600822	-0.114090522130813	0.760438524744289
GS_4_1-2	GS	170749	53882	60977.2164745588	16830	atac	Neutrophil	0.475646023215631	4.67735064159712	-9.50579776925342	-0.0556995326272012	0.272742727994816	-0.114090522130813	0.371702046071874
GS_4_1-4	GS	100793	39930	43996.7806494356	14693	atac	Pre-B	0.411914483705139	-1.16119894008479	4.74015138926637	-0.613592699479393	0.540577931555726	-0.114090522130813	-0.551304493497379
GS_4_1-5	GS	74447	31204	33372.5438832569	12074	atac	Pre-B	0.682224148212973	-10.2970867496305	4.44490931970395	-0.613592699479393	-0.196859040144945	-0.114090522130813	-0.551304493497379
GS_4_1-6	GS	63586	26829	30234.745261098	13041	atac	Erythrocyte	0.523811511809964	-3.23570671036907	8.54200096297726	1.25163421093822	1.75747714612963	-0.114090522130813	1.1854364808948
GS_4_1-7	GS	109073	40997	45596.8220923764	15268	atac	Pre-B	0.333791607969826	-2.71595670981771	8.27093011402801	1.70018264866577	0.553588974127873	-0.114090522130813	1.6592219721173
GS_4_2-1	GS	105711	39490	44239.1910140022	15392	atac	Mast	0.648306481401004	6.33134258708495	-2.63520483696833	0.135093931963797	0.623693282351575	-0.114090522130813	-0.551304493497379
GS_4_2-3	GS	70636	28916	32526.4634286202	13746	atac	Erythrocyte	0.300538595512646	-10.696205764724	1.076990887141	1.14710796875721	0.958299850080173	-0.114090522130813	2.36168732566377
GS_4_2-4	GS	56823	24487	27679.8162360538	12697	atac	Erythrocyte	0.481736700963741	-9.79904947687381	-0.31847694365474	-0.613592699479393	-0.823974612600822	-0.114090522130813	-0.551304493497379
GS_4_2-5	GS	76312	29988	33989.6040209024	13477	atac	Pre-B	0.351993824551458	-2.17660175249122	8.58187717055615	-0.613592699479393	0.823516365471953	-0.114090522130813	2.2612394476189
GS_4_2-6	GS	74480	31711	35474.951382938	14114	atac	Pre-B	0.527816192893948	3.06765735289421	1.45297742832639	0.298731369944812	0.0601767029022225	-0.114090522130813	-0.551304493497379
GS_4_2-7	GS	91146	37251	42248.9987591443	15261	atac	Pre-B	0.552273572696841	-2.6189342928252	1.8935669397914	0.166862514435156	-0.04315754195407	-0.114090522130813	-0.551304493497379
GS_4_2-8	GS	182139	60112	67539.89295906	17500	atac	Neutrophil	0.59532114814029	3.11442450886774	-8.33423661186034	0.339294807398748	1.31556919801072	-0.114090522130813	-0.551304493497379
GS_4_3-1	GS	118393	44057	48599.3800423727	15651	atac	Pre-B	0.752510662140438	7.35801848401827	-2.59769367341417	-0.613592699479393	-0.139157186611267	-0.114090522130813	-0.551304493497379
GS_4_3-2	GS	63656	26918	30221.9385674299	13114	atac	Pre-B	0.352178041254701	-8.15011822738139	-0.445516529594445	-0.613592699479393	-0.622924622828103	-0.114090522130813	1.18607659273269
GS_4_3-3	GS	54629	24451	27419.1446866267	12585	atac	Pre-B	0.421837261953795	-2.4108293629521	-6.20802632180747	0.528731854823217	-0.823974612600822	8.24974712125375	1.33861475373224
GS_4_3-4	GS	77221	32721	35812.1511409937	13354	atac	Erythrocyte	0.479256053258962	6.46596607164434	8.3113772917807	-0.613592699479393	0.791192363763553	-0.114090522130813	-0.551304493497379
GS_4_3-5	GS	48230	20925	23391.0474440067	11156	atac	Pre-B	0.391797939382715	-6.41352140632312	4.37008513269264	-0.613592699479393	-0.566291755138299	-0.114090522130813	1.61208800814769
GS_4_3-6	GS	57074	25878	28565.8615247097	12324	atac	Pre-B	0.493991032432995	-7.65175176835775	-2.38258356420512	-0.613592699479393	0.244673593265635	-0.114090522130813	-0.551304493497379
GS_4_3-8	GS	87897	34541	38760.9798284005	14576	atac	Erythrocyte	0.695501446408634	-7.78981367000576	3.0850993986583	-0.613592699479393	-0.823974612600822	-0.114090522130813	1.97755895571182
GS_4_4-1	GS	67019	27632	31547.0341324346	13039	atac	Pro-B	0.307655389171457	-5.97383126974548	0.909933329677282	0.397966253510716	0.156347192960607	-0.114090522130813	-0.551304493497379
GS_4_4-2	GS	70226	29381	33138.856635845	13118	atac	Pre-B	0.476661448356947	-5.97078190251543	9.55962819086674	1.12116685387018	0.144551552881557	-0.114090522130813	2.31876903931955
GS_4_4-3	GS	80735	31007	36001.695235188	14124	atac	Neutrophil	0.963882632269891	3.23276876382181	-10.7962443390476	-0.613592699479393	2.99723894521462	-0.114090522130813	-0.551304493497379
GS_4_4-4	GS	131922	47659	52105.3259551502	16208	atac	Mast	0.758621080877974	-0.917986531620637	-2.95961466929449	0.0313905673245863	0.636031462083352	-0.114090522130813	-0.551304493497379
GS_4_4-5	GS	43582	19421	22119.0678446062	11300	atac	Pre-B	0.542922895717594	-6.67549145335046	-5.0843206003907	-0.613592699479393	0.480265892636922	-0.114090522130813	-0.551304493497379
GS_4_4-6	GS	83424	32296	37241.5517444425	14503	atac	Pre-B	0.93211238844798	7.48550454964558	-0.288757174586239	-0.613592699479393	-0.823974612600822	-0.114090522130813	-0.551304493497379
GS_4_4-7	GS	50928	23069	25900.5559676351	12288	atac	Erythrocyte	0.580907956073993	-5.30171246946597	-8.60707380505004	-0.613592699479393	0.191828105124785	-0.114090522130813	-0.551304493497379
GS_4_4-8	GS	89820	35690	40041.8385362201	14696	atac	Erythrocyte	0.734001156054461	-0.660916954543719	5.64913926134879	0.205416793122244	-0.823974612600822	-0.114090522130813	1.91102115391043
GS_4_5-1	GS	101292	39055	45026.1835404721	15421	atac	Neutrophil	0.929838290602129	1.28702534870643	-10.0065747149266	-0.613592699479393	-0.204857863346274	-0.114090522130813	-0.551304493497379
GS_4_5-2	GS	95998	38635	43617.3891357179	15080	atac	Neutrophil	0.964412532431923	0.753391707782465	-9.85572217563735	-0.613592699479393	2.61015532971379	-0.114090522130813	-0.551304493497379
GS_4_5-3	GS	52893	23261	26570.4957136408	12457	atac	Pre-B	0.506602365349823	-9.75650647476725	-0.359084005305292	-0.613592699479393	-0.823974612600822	-0.114090522130813	-0.551304493497379
GS_4_5-4	GS	70317	28571	32453.7454997197	13683	atac	B-Prol	0.392076712904073	-4.99208664349661	6.99162996850692	1.15024092882896	0.425509669606704	-0.114090522130813	-0.551304493497379
GS_4_5-5	GS	50610	22522	24989.2336328741	11731	atac	Erythrocyte	0.727258586475524	-9.61676585066056	2.593231369048	-0.613592699479393	0.562282294164471	-0.114090522130813	1.49454349910113
GS_4_5-6	GS	95850	37077	42448.33618255	15165	atac	Pre-B	0.775449266796015	7.5838605177289	-0.867753650720099	0.163559146263495	-0.823974612600822	-0.114090522130813	-0.551304493497379
GS_4_5-7	GS	45202	21122	23526.7168626879	11982	atac	Erythrocyte	0.509391749524414	-3.46742282887144	-7.40122504542364	-0.613592699479393	0.437111937918319	-0.114090522130813	-0.551304493497379
GS_4_5-8	GS	81331	32912	36867.6080263574	14157	atac	Pre-B	0.600373328362929	-1.43098477773054	6.76638791222712	0.978590373317546	-0.823974612600822	-0.114090522130813	0.907391048517316
GS_4_6-1	GS	121457	43016	49232.0028436604	15767	atac	Pre-B	0.825072698014585	7.72292637166366	-1.42660363274526	-0.613592699479393	-0.823974612600822	-0.114090522130813	-0.551304493497379
GS_4_6-2	GS	74821	32856	36571.7336617046	13750	atac	Erythrocyte	0.818111546319466	0.487447643690625	1.33034831987749	-0.613592699479393	0.765236343548663	-0.114090522130813	0.917873906772987
GS_4_6-3	GS	61051	26444	29741.68610147	13270	atac	Pre-B	0.334242341186269	-6.38420331325888	-3.94945826112579	-0.613592699479393	-0.823974612600822	-0.114090522130813	-0.551304493497379
GS_4_6-4	GS	102126	39663	44486.299699706	15381	atac	Pre-B	0.624005054343488	5.63457368614429	-2.41679037652473	0.131329646524338	0.000250418994842086	-0.114090522130813	-0.551304493497379
GS_4_6-5	GS	42982	18574	21528.5425536792	11014	atac	Pre-B	0.409187338790113	-1.58646692045949	3.76512172402403	-0.613592699479393	-0.823974612600822	-0.114090522130813	-0.551304493497379
GS_4_6-6	GS	66793	28394	31660.397396247	13436	atac	Pre-B	0.338769306162527	-3.58058990129399	5.22082232648261	1.18517474050866	-0.823974612600822	-0.114090522130813	-0.551304493497379
GS_4_6-7	GS	71489	30621	34404.3822957324	13696	atac	Erythrocyte	0.602697262584437	-6.45578949547988	-3.05993255502002	-0.613592699479393	-0.658423338994318	-0.114090522130813	-0.551304493497379
GS_4_6-8	GS	75283	31436	35731.4037313614	14139	atac	Erythrocyte	0.414632962578572	-4.19076302815073	0.606703504198082	-0.613592699479393	0.701326334389536	-0.114090522130813	-0.551304493497379
GS_4_7-1	GS	112440	41562	47406.4090148663	15643	atac	Pre-B	0.704119735692443	8.4271643844469	-0.743756107734443	-0.613592699479393	-0.823974612600822	-0.114090522130813	0.612028002755612
GS_4_7-2	GS	160408	56487	64039.2598430432	17362	atac	Neutrophil	0.560876921980284	3.35794349785064	-7.46747527014652	0.384891978475363	-0.823974612600822	-0.114090522130813	-0.551304493497379
GS_4_7-3	GS	142122	53092	58682.0237308113	16814	atac	Neutrophil	0.7091432530142	2.9525344910787	-8.28540645680779	-0.613592699479393	1.45298688690475	-0.114090522130813	-0.551304493497379
GS_4_7-4	GS	96800	38242	42445.5097728311	14512	atac	Erythrocyte	0.494852095707693	-7.62950583960585	5.00923491671732	-0.613592699479393	1.09708028360601	-0.114090522130813	-0.551304493497379
GS_4_7-5	GS	53382	22138	25706.3923254971	12051	atac	Pre-B	0.656515326784954	-5.18164190690195	0.441519294343128	-0.613592699479393	1.22498400130373	-0.114090522130813	-0.551304493497379
GS_4_7-6	GS	59302	24972	27780.4854239906	12403	atac	Pre-B	0.42296374060448	-3.69585439325204	6.11417270749668	0.515939494302815	1.39325153770641	-0.114090522130813	-0.551304493497379
GS_4_7-7	GS	63948	26200	29554.2799835863	13196	atac	Neutrophil	0.660547408981661	0.84223789526393	-12.7483697915219	-0.613592699479393	1.016141294437	-0.114090522130813	-0.551304493497379
GS_4_7-8	GS	107937	42624	44659.0099487528	14684	atac	Pre-B	0.391985776631327	5.36713937429529	-4.76482022733341	-0.613592699479393	2.26827686255607	-0.114090522130813	1.6980131201932
GS_4_8-1	GS	62144	25416	29069.436088568	12645	atac	Erythrocyte-Prol	0.314113466961907	-5.6314110706146	2.29353000495788	0.472567962502065	1.33257421641855	-0.114090522130813	-0.551304493497379
GS_4_8-2	GS	73424	30610	34348.1251779061	13868	atac	Pre-B	0.300693147390482	-0.651791316388447	8.34592199785502	-0.613592699479393	0.110370472854108	-0.114090522130813	-0.551304493497379
GS_4_8-3	GS	71850	28689	32107.7561990352	13213	atac	Pre-B	0.503560155611981	0.571297676769947	-4.94868454562098	0.3824915063387	-0.823974612600822	-0.114090522130813	-0.551304493497379
GS_4_8-4	GS	62704	26355	29774.4627318518	12899	atac	Pre-B	0.41622664924287	-3.90372603080438	-1.09509765410335	-0.613592699479393	-0.823974612600822	-0.114090522130813	-0.551304493497379
GS_4_8-5	GS	57011	24411	27393.5777755711	11810	atac	Erythrocyte	0.338389343146423	-6.47663133582999	10.1511776728646	0.529648060621566	-0.823974612600822	-0.114090522130813	-0.551304493497379
GS_4_8-6	GS	66931	26951	31118.0779296303	13429	atac	Pre-B	0.858017022473664	6.35139187178595	0.279903399838934	2.42296863438708	-0.823974612600822	-0.114090522130813	-0.551304493497379
GS_4_8-7	GS	70739	29302	33514.6904187602	13881	atac	Neutrophil	0.810072454477088	1.16551301645618	-12.732604103352	0.345681835162853	0.135029742088262	-0.114090522130813	-0.551304493497379
GS_4_8-8	GS	130903	45818	51899.1761183501	16108	atac	Pre-B	0.743611710092331	7.3380111133744	-1.19477723591343	0.0337394773721421	0.00702360527498064	-0.114090522130813	-0.551304493497379
GS_4_9-1	GS	85042	37193	39944.0899607567	14335	atac	Erythrocyte	0.389889024898733	-5.54558147491628	-2.85283180870684	0.207212891110072	0.572274271929155	-0.114090522130813	-0.551304493497379
GS_4_9-2	GS	119958	46182	52652.2906049376	16023	atac	Neutrophil	0.916361569211923	2.75022916955622	-9.5038989829989	-0.613592699479393	0.903777584170324	-0.114090522130813	-0.551304493497379
GS_4_9-3	GS	49186	21169	24208.3483792331	11628	atac	Erythrocyte	0.607707948789036	-7.7439157941348	5.00746785861621	0.656693505282294	0.253073628640444	-0.114090522130813	1.55032094983823
GS_4_9-4	GS	66850	28190	31677.2483685912	13395	atac	Erythrocyte-Prol	0.363543425065175	-10.6850009008191	4.38991841422542	-0.613592699479393	0.586568541026909	-0.114090522130813	1.11625295926344
GS_4_9-5	GS	42929	19187	21994.4596384286	11019	atac	Erythrocyte	0.802990843863121	-6.6446248314543	10.2098136545314	-0.613592699479393	0.550196495108531	-0.114090522130813	1.72658477171505
GS_4_9-6	GS	61608	27394	30397.0425476868	13221	atac	Pre-B	0.453992850958104	0.928857789369383	1.28540471613333	0.431267844901104	-0.823974612600822	-0.114090522130813	1.17736538938111
GS_4_9-7	GS	141928	49989	57003.8676800919	16564	atac	Neutrophil	0.824114540446833	4.04705423222294	-9.62203076676545	1.33949812411525	2.44404232659224	-0.114090522130813	-0.551304493497379
GS_4_9-8	GS	142807	52807	59613.7564925633	16840	atac	Pre-B	0.56425031709354	6.67449549641218	-2.03452543763845	-0.0438802887349673	0.380737093905754	-0.114090522130813	0.391256398147647
GS_4_10-1	GS	43177	18990	21624.3057922527	11172	atac	Pre-B	0.482107599494695	5.32267772816999	7.86900075632816	-0.613592699479393	-0.823974612600822	-0.114090522130813	-0.551304493497379
GS_4_10-2	GS	82095	31926	36354.2079288418	14269	atac	Pre-B	0.950084740290181	7.92529337253821	-0.445782087683532	-0.613592699479393	-0.0718176466121842	-0.114090522130813	-0.551304493497379
GS_4_10-3	GS	47723	20972	23818.4893104924	11843	atac	B-Prol	0.783608882280496	-11.2011402463555	4.27341676631602	-0.613592699479393	1.22671495213819	-0.114090522130813	-0.551304493497379
GS_4_10-4	GS	88834	34269	39490.7361759639	14647	atac	Neutrophil	0.987662569857601	2.46869953272439	-11.6385660922766	-0.613592699479393	3.53948780684073	-0.114090522130813	-0.551304493497379
GS_4_10-5	GS	52282	21698	24745.7707698412	11195	atac	Erythrocyte	0.743758277348906	-4.44385078950283	3.0819695790794	-0.613592699479393	-0.823974612600822	-0.114090522130813	-0.551304493497379
GS_4_10-6	GS	149091	55488	61887.3867377518	17087	atac	Mast	0.597949568320412	4.31448093071705	-6.38779539960739	-0.613592699479393	0.963594721328366	-0.114090522130813	-0.551304493497379
GS_4_10-7	GS	45772	19668	22477.5948324663	11154	atac	Erythrocyte-Prol	0.573749243071912	-4.04038188488028	1.20553498752323	-0.613592699479393	-0.823974612600822	-0.114090522130813	1.68561417904855
GS_4_10-8	GS	73444	31712	35440.106508186	13945	atac	Erythrocyte	0.469660432437381	2.01232910533038	-1.31047217207692	4.02999033630594	-0.589762805796298	-0.114090522130813	-0.551304493497379
GS_4_11-1	GS	132936	48272	54081.760910061	16631	atac	Mast	0.514007451941899	-1.38004933696689	8.61243201650492	-0.613592699479393	-0.823974612600822	-0.114090522130813	0.479916830572865
GS_4_11-2	GS	84790	35887	39333.2986774835	14191	atac	Pre-B	0.717708165817086	4.74414066702395	-3.5029091908895	-0.613592699479393	0.667047697753414	-0.114090522130813	-0.551304493497379
GS_4_11-3	GS	74543	31586	35707.6103845936	14291	atac	Erythrocyte	0.271859874541136	-0.0438499304182203	1.55916882914478	-0.613592699479393	0.189270159424556	-0.114090522130813	-0.551304493497379
GS_4_11-4	GS	89169	33719	38307.0706997192	14292	atac	Pre-B	0.86507594880727	7.81726402099575	-0.382016701979621	-0.613592699479393	-0.823974612600822	-0.114090522130813	-0.551304493497379
GS_4_11-5	GS	43640	19719	21971.1597227035	10826	atac	B-Prol	0.30804825284457	-7.79759420102229	1.73123204132681	-0.613592699479393	4.81254131699537	-0.114090522130813	-0.551304493497379
GS_4_11-6	GS	70882	29094	33013.17968094	13446	atac	Neutrophil	0.808545801105193	2.60840129148089	-13.6146690644503	0.358484829527752	-0.823974612600822	-0.114090522130813	1.05694950485214
GS_4_11-7	GS	106486	42812	45256.9875635537	14037	atac	Erythrocyte-Prol	0.339852024719176	-1.16645051872228	2.39429763510555	-0.613592699479393	-0.688465157756793	-0.114090522130813	0.662106407686278
GS_4_11-8	GS	80301	31796	36072.0921573804	14326	atac	Erythrocyte	0.617818410654098	-4.8134374597131	6.22207710989632	-0.613592699479393	0.0749219712888803	-0.114090522130813	-0.551304493497379
GS_4_12-1	GS	104983	37929	43738.5871388722	15155	atac	Pre-B	0.81156842947257	8.00693261375879	-0.664953549076405	0.769798702808844	-0.823974612600822	-0.114090522130813	-0.551304493497379
GS_4_12-2	GS	78945	30294	34275.2877819615	14077	atac	Pre-B	0.536702557415422	6.79585137275182	-0.266107853809891	1.07503346802036	2.33285415191711	-0.114090522130813	-0.551304493497379
GS_4_12-3	GS	97006	38793	43281.0241221005	14334	atac	Erythrocyte	0.570828726498821	-6.79052525579128	4.65821173497212	0.150058258246227	-0.823974612600822	-0.114090522130813	-0.551304493497379
GS_4_12-4	GS	70190	29664	32985.110900422	13412	atac	Mast	0.398664157081112	-3.1211461193399	-4.11272429025789	-0.613592699479393	-0.823974612600822	-0.114090522130813	1.05815184229732
GS_4_12-6	GS	118421	40791	46690.4926874582	15423	atac	B-Prol	0.382819193477032	9.62393527760377	-0.931289543817388	-0.613592699479393	1.03196035627603	-0.114090522130813	-0.551304493497379
GS_4_12-7	GS	127605	45729	52648.8301927759	16001	atac	Neutrophil	0.781951862383978	3.63106525801457	-8.08519634079771	-0.613592699479393	-0.707182148094158	-0.114090522130813	-0.551304493497379
GS_4_12-8	GS	88421	33976	39106.7673787324	14634	atac	Erythrocyte	0.442002796676647	-2.45679795919402	3.64264991118626	-0.613592699479393	0.241564780216515	-0.114090522130813	-0.551304493497379
GS_5_1-1	GS	71370	27753	32016.9930853113	13296	atac	Pre-B	0.839596047592963	8.14100042640676	0.248123098375346	-0.613592699479393	0.0188659690986467	-0.114090522130813	-0.551304493497379
GS_5_1-2	GS	37697	16780	18955.4897869775	9783	atac	Erythrocyte	0.497118329853219	-5.09682497562867	11.5883431909873	4.62810306702282	-0.823974612600822	-0.114090522130813	3.82688388029048
GS_5_1-3	GS	233806	66191	74013.1417181045	17499	atac	Pre-B	0.637188974522955	7.1237765155465	-1.61311082202057	0.265142516516765	-0.357539945205313	-0.114090522130813	-0.551304493497379
GS_5_1-4	GS	43597	18403	21029.5525239188	10717	atac	Erythrocyte-Prol	0.748208926018261	-2.4384029771069	10.9130443313474	-0.613592699479393	-0.823974612600822	-0.114090522130813	1.81313143130635
GS_5_1-5	GS	45905	19475	21656.4492753439	10102	atac	Erythrocyte-Prol	0.838591166458116	-0.443214676080368	9.34673957501588	-0.613592699479393	1.96612023154838	-0.114090522130813	-0.551304493497379
GS_5_1-6	GS	37578	16779	18763.9876603151	10085	atac	B-Prol	0.620072874676918	-6.47675904519362	10.7554381555748	-0.613592699479393	1.79215627625451	-0.114090522130813	2.0451514858331
GS_5_1-7	GS	44686	20583	22286.3958894253	10822	atac	Erythrocyte-Prol	0.427557994339607	2.99621911112591	5.35532748733082	-0.613592699479393	-0.823974612600822	-0.114090522130813	-0.551304493497379
GS_5_1-8	GS	47437	20963	23722.6705786875	11601	atac	Pre-B	0.40440484156293	1.88669610203863	8.21094141144012	-0.613592699479393	-0.823974612600822	-0.114090522130813	-0.551304493497379
GS_5_2-1	GS	56319	22684	26356.1511674411	12089	atac	Pre-B	0.565827259268153	10.4942081829023	-0.971954568553122	-0.613592699479393	-0.823974612600822	-0.114090522130813	1.40377609166428
GS_5_2-3	GS	41450	18168	21092.8111913545	10754	atac	B-Prol	0.297703935665894	8.44817874437088	4.53205836382289	-0.613592699479393	-0.823974612600822	-0.114090522130813	1.80725403056277
GS_5_2-4	GS	40906	17392	19739.5430864447	9698	atac	Erythrocyte	0.801799454753365	-8.99706660424083	-0.148602973682923	-0.613592699479393	-0.823974612600822	-0.114090522130813	1.93981253596174
GS_5_2-5	GS	58619	24069	27175.5979741899	11817	atac	Neutrophil	0.934615041874501	2.86506130849972	-12.7964482453903	-0.613592699479393	0.150120685119824	-0.114090522130813	-0.551304493497379
GS_5_2-6	GS	93486	34623	39982.8121955113	14302	atac	Pre-B	0.851762416345034	8.01711888865248	-1.73176367132951	-0.613592699479393	-0.823974612600822	-0.114090522130813	-0.551304493497379
GS_5_2-7	GS	52369	20272	22704.9836998382	10502	atac	Erythrocyte-Prol	0.684775308835402	-2.06811849804892	8.37052747292734	-0.613592699479393	-0.823974612600822	-0.114090522130813	1.66684263953374
GS_5_2-8	GS	87708	31984	36749.0211264241	14097	atac	Pre-B	0.881746039703435	7.98516626571343	0.966904933473839	-0.613592699479393	-0.823974612600822	-0.114090522130813	-0.551304493497379
GS_5_3-1	GS	37575	16285	18415.223105389	9692	atac	Erythrocyte-Prol	0.770627332285788	-0.495544867025506	2.03385015159372	0.979893808614844	-0.823974612600822	-0.114090522130813	2.08503980156732
GS_5_3-2	GS	36490	15588	18172.8294606376	9704	atac	Erythrocyte	0.424929343819912	-11.5055056613128	1.41027461215752	2.96784306923016	-0.823974612600822	-0.114090522130813	-0.551304493497379
GS_5_3-3	GS	48701	22003	24937.3873540507	10440	atac	Erythrocyte	0.835790316651084	6.54460796788747	8.41010911160195	3.88877778344556	-0.823974612600822	8.95578809498422	1.498154008615
GS_5_3-4	GS	54127	22352	25603.477580952	12051	atac	Pre-B	0.670074510905465	8.49601894824565	4.25132441500953	-0.613592699479393	0.202067495252202	-0.114090522130813	-0.551304493497379
GS_5_3-6	GS	67288	27143	31651.6736502492	12961	atac	Neutrophil	0.974937003060166	2.68387061004763	-12.7020809145997	-0.613592699479393	0.0512330673069826	-0.114090522130813	-0.551304493497379
GS_5_3-7	GS	75197	30290	34530.6100787281	13543	atac	Pre-B	0.684428147441502	5.66272148542221	-0.437966619609008	-0.613592699479393	0.246803044967291	-0.114090522130813	-0.551304493497379
GS_5_3-8	GS	51078	22652	24879.281196829	11338	atac	Pre-B	0.252922828265058	-0.139314810684218	3.61592413126595	-0.613592699479393	1.44646597819079	-0.114090522130813	1.50221576677961
GS_5_4-1	GS	36112	15945	18139.6549788272	9908	atac	Erythrocyte	0.588205359921792	-3.73590543160556	7.02241499365041	-0.613592699479393	-0.823974612600822	-0.114090522130813	-0.551304493497379
GS_5_4-2	GS	35661	16035	18576.0318622001	9766	atac	Erythrocyte	0.320452141984916	6.2347802801898	2.79761266588397	0.968684479795472	-0.823974612600822	-0.114090522130813	-0.551304493497379
GS_5_4-3	GS	44743	19310	21898.1776832061	11037	atac	Neutrophil	0.935012697806951	2.09337302640686	-12.6969380827803	-0.613592699479393	-0.823974612600822	-0.114090522130813	-0.551304493497379
GS_5_4-4	GS	40028	18580	20298.3240429786	10008	atac	Erythrocyte	0.521595379659491	-10.2907153558368	-0.226237049175173	1.90577184999973	1.59863990431973	-0.114090522130813	-0.551304493497379
GS_5_4-6	GS	31986	15196	16758.4454313342	9444	atac	B-Prol	0.707955650022811	2.00727992454815	6.09610576168082	-0.613592699479393	0.813489553547213	-0.114090522130813	2.29291229098201
GS_5_4-8	GS	56489	23015	26148.0352305352	11566	atac	Erythrocyte-Prol	0.521969161615462	-4.08252361515925	9.48013932780221	0.576151218388419	0.329029769667056	-0.114090522130813	-0.551304493497379
GS_5_5-1	GS	26655	12816	14412.9938944794	8641	atac	B-Prol	0.66685268510412	-3.643141591887	-8.13888162295877	-0.613592699479393	-0.823974612600822	-0.114090522130813	-0.551304493497379
GS_5_5-4	GS	39152	17844	20097.6980584242	10110	atac	Pre-B	0.300071497431843	-5.65976150536359	9.49059512971028	-0.613592699479393	-0.823974612600822	-0.114090522130813	-0.551304493497379
GS_5_5-5	GS	62004	24904	28536.4665436896	11962	atac	Erythrocyte	0.348006534861086	9.78559896030522	-4.6366348116707	-0.613592699479393	-0.611397586884652	-0.114090522130813	-0.551304493497379
GS_5_5-6	GS	58396	24521	28031.3292705151	12545	atac	Pre-B	0.506190861913278	8.098976780021	1.58146744534148	-0.613592699479393	-0.823974612600822	-0.114090522130813	-0.551304493497379
GS_5_5-7	GS	29712	13561	15224.7257378961	9003	atac	Pre-B	0.543106411754623	3.90939787669878	-0.119054616441984	-0.613592699479393	-0.823974612600822	-0.114090522130813	-0.551304493497379
GS_5_5-8	GS	46878	20185	23229.0481893562	11378	atac	Erythrocyte	0.420822358058068	-7.14996341515522	8.53684564040754	-0.613592699479393	1.38737244507924	-0.114090522130813	-0.551304493497379
GS_5_6-1	GS	42856	19075	21642.2895675913	10593	atac	Pre-B	0.477843671661084	-5.0824361110015	11.5488150551699	-0.613592699479393	0.568699465831648	-0.114090522130813	1.75741932562309
GS_5_6-2	GS	34601	15696	18194.8791519864	9935	atac	Erythrocyte	0.522824793253966	-8.24214944318771	8.78907444829397	-0.613592699479393	-0.823974612600822	-0.114090522130813	-0.551304493497379
GS_5_6-3	GS	59874	27027	28844.7803801119	11652	atac	Erythrocyte	0.55970995494751	-8.89699528070255	5.10593008156299	1.32144794629424	-0.823974612600822	-0.114090522130813	-0.551304493497379
GS_5_6-4	GS	35729	15863	18000.4795656911	9802	atac	B-Prol	0.654025349878713	0.361152926635002	3.22803553271836	-0.613592699479393	1.83629769488278	-0.114090522130813	-0.551304493497379
GS_5_6-5	GS	43248	17679	19971.1285720792	10131	atac	B-Prol	0.52016515161566	-0.434085423343599	9.04646827017722	0.877761326508602	1.77102175857602	-0.114090522130813	1.91606668182399
GS_5_6-6	GS	65024	29092	32218.8761442421	12542	atac	Neutrophil	0.68766686803529	1.88959295464885	-12.0667577649954	-0.613592699479393	1.29556425087437	-0.114090522130813	-0.551304493497379
GS_5_6-7	GS	99291	40536	45173.2431770686	14933	atac	Mast	0.344611934404124	-0.707513395717725	10.3102775705659	0.12106200455714	-0.697196004080587	-0.114090522130813	-0.551304493497379
GS_5_6-8	GS	36405	16752	19406.0623924954	10324	atac	Erythrocyte-Prol	0.401111896710951	10.3853094974861	4.16602977195492	0.913281016532018	0.699098788466327	-0.114090522130813	-0.551304493497379
GS_5_7-1	GS	35941	15451	17985.781198429	9691	atac	Erythrocyte	0.609694265161667	4.41040029810106	7.70489789704811	-0.613592699479393	-0.823974612600822	-0.114090522130813	2.13589917891344
GS_5_7-2	GS	91971	36373	41489.3922802133	15138	atac	Mast	0.883943575338634	1.18077808319536	-4.02203725022353	0.179713172484404	-0.823974612600822	-0.114090522130813	-0.551304493497379
GS_5_7-3	GS	33022	15026	17170.1795910844	9520	atac	Erythrocyte	0.813784219971556	-5.39883206722484	-8.6473166182904	1.0724673513827	-0.823974612600822	-0.114090522130813	2.23819813087244
GS_5_7-4	GS	40715	17832	19665.4261552091	10028	atac	Pre-B	0.661899935588028	-3.29143537251988	-4.84675156954303	-0.613592699479393	2.45910338298276	-0.114090522130813	-0.551304493497379
GS_5_7-7	GS	25414	12121	13753.5933089654	7856	atac	Pre-B	0.458113190948135	7.11970907698557	-8.2488739953508	-0.613592699479393	-0.823974612600822	-0.114090522130813	-0.551304493497379
GS_5_7-8	GS	45189	19457	22095.1563834158	10756	atac	B-Prol	0.259352129555061	-4.78121482046179	9.87049000300364	-0.613592699479393	0.544997054097297	-0.114090522130813	1.71792077357569
GS_5_8-3	GS	30645	14219	16326.5056483338	9157	atac	Pre-B	0.518140044269993	-9.58754204659126	-2.66211532441172	-0.613592699479393	-0.823974612600822	-0.114090522130813	2.35271160474635
GS_5_8-4	GS	38572	16722	18373.418120318	9199	atac	Pre-B	0.308136114196391	-4.75100750389034	-6.2918458752529	-0.613592699479393	-0.823974612600822	-0.114090522130813	-0.551304493497379
GS_5_8-5	GS	106237	42187	45206.3300362704	15577	atac	Mast	0.736206635627581	-0.742399146202478	-3.95027914936466	0.120574624077162	1.52002828101659	-0.114090522130813	-0.551304493497379
GS_5_8-6	GS	41531	18875	21604.8416174922	11043	atac	B-Prol	0.504917219011946	9.89150091894443	2.28617098781913	-0.613592699479393	-0.823974612600822	-0.114090522130813	-0.551304493497379
GS_5_8-7	GS	27702	13414	14409.3145686329	8264	atac	Pre-B	0.566662590469831	-6.06401353486933	-7.25469208176257	-0.613592699479393	-0.823974612600822	-0.114090522130813	-0.551304493497379
GS_5_8-8	GS	65608	26851	29154.3660015769	12508	atac	Erythrocyte	0.754981963865739	-3.24980193872352	7.6880416581199	4.85445469603433	2.76552566731568	-0.114090522130813	1.2411607414743
GS_5_9-1	GS	56862	25303	27862.590400541	12177	atac	Mast	0.399061329614832	-1.95535587854781	-4.37167066805139	4.35911898862821	-0.823974612600822	-0.114090522130813	1.31270784309265
GS_5_9-2	GS	29397	13274	14743.1794690413	8335	atac	Pre-B	0.469459593566154	11.3944943342582	0.00111054524611816	-0.613592699479393	-0.823974612600822	-0.114090522130813	-0.551304493497379
GS_5_9-3	GS	29609	14077	15395.1955980107	9080	atac	B-Prol	0.546306016732758	2.47062262854901	-4.77723793309567	-0.613592699479393	-0.823974612600822	-0.114090522130813	-0.551304493497379
GS_5_9-4	GS	40747	17727	19906.3482980838	9976	atac	B-Prol	0.48850964460633	-6.72059153931709	-1.06995283895233	-0.613592699479393	1.99264984851171	-0.114090522130813	3.67596923562458
GS_5_9-5	GS	53086	22613	26114.4984436042	12071	atac	Neutrophil	0.921694103486217	0.827974383634582	-11.4098018646035	0.577456155182885	3.16611545711266	-0.114090522130813	-0.551304493497379
GS_5_9-6	GS	69219	32310	35707.0400135449	12896	atac	Erythrocyte	0.475082171095505	-5.50808453050184	-0.0794721112578265	1.62688392050705	-0.823974612600822	-0.114090522130813	-0.551304493497379
GS_5_9-7	GS	61832	25368	29722.6579073738	12858	atac	Neutrophil	0.952723223736803	3.65952748149873	-11.9630525350072	-0.613592699479393	2.70375093649889	-0.114090522130813	-0.551304493497379
GS_5_9-8	GS	142857	56055	60293.7779977476	15016	atac	Pre-B	0.787670297987691	8.42115846873432	-0.898660040552576	-0.613592699479393	2.41934590461704	-0.114090522130813	-0.551304493497379
GS_5_10-1	GS	24742	11517	13055.2057193204	7888	atac	Erythrocyte	0.489735419567611	-4.58108052705895	2.13437339940744	-0.613592699479393	-0.823974612600822	-0.114090522130813	5.09516913125992
GS_5_10-3	GS	28005	12922	14653.7865425449	8700	atac	Erythrocyte	0.266788091196707	5.29343874748196	5.53848915235543	-0.613592699479393	-0.823974612600822	-0.114090522130813	2.6106973563175
GS_5_10-4	GS	28349	13165	14885.0286019293	8714	atac	B-Prol	0.415684593668798	1.51265884594531	10.6900824525594	-0.613592699479393	-0.823974612600822	-0.114090522130813	-0.551304493497379
GS_5_10-6	GS	28610	13318	15382.502264731	8930	atac	Pre-B	0.39879092180124	-3.29159566625096	3.31294432369032	-0.613592699479393	-0.823974612600822	-0.114090522130813	-0.551304493497379
GS_5_10-7	GS	23589	11036	12344.1088741709	7534	atac	Pre-B	0.515445599570603	11.0984833339608	-3.35912568970219	-0.613592699479393	-0.823974612600822	-0.114090522130813	-0.551304493497379
GS_5_10-8	GS	67419	26418	30238.4322875285	13095	atac	Pre-B	0.579683294368429	8.18279239551682	-2.9801624550902	-0.613592699479393	0.0873140970496732	-0.114090522130813	-0.551304493497379
GS_5_11-1	GS	42856	17972	20637.4813040526	10456	atac	Erythrocyte-Prol	0.627197979489269	-9.1713364844677	7.71134645681067	-0.613592699479393	-0.533278545270705	-0.114090522130813	-0.551304493497379
GS_5_11-2	GS	31513	14501	16125.5090950098	8779	atac	Pre-B	0.529967188786654	3.67985867481048	6.62445581981905	-0.613592699479393	-0.823974612600822	-0.114090522130813	-0.551304493497379
GS_5_11-3	GS	42248	18596	21249.7927602453	10833	atac	Pre-B	0.333535234221009	-9.40788355195321	6.42778115561326	-0.613592699479393	-0.823974612600822	-0.114090522130813	1.79279578169024
GS_5_11-4	GS	42425	18780	21660.8737975498	10591	atac	Neutrophil	0.885745954382382	1.6657277561408	-13.5661721870086	-0.613592699479393	2.52270600242509	-0.114090522130813	-0.551304493497379
GS_5_11-5	GS	57169	23208	26775.0732598627	11748	atac	Neutrophil	0.923461627915021	2.76357224137934	-12.4237650340364	-0.613592699479393	0.189822686390774	-0.114090522130813	-0.551304493497379
GS_5_11-6	GS	29177	13086	14955.9954117006	8857	atac	Erythrocyte	0.558491032187829	-1.49877660616115	-11.5034270712648	-0.613592699479393	-0.823974612600822	-0.114090522130813	-0.551304493497379
GS_5_11-7	GS	27096	12328	14179.2368997713	8357	atac	Erythrocyte-Prol	0.732214557873082	-6.5673430621253	0.387103905793498	-0.613592699479393	-0.823974612600822	-0.114090522130813	-0.551304493497379
GS_5_11-8	GS	93912	36181	39304.859255882	14773	atac	Pre-B	0.557497158976095	0.0864318864652119	-4.09651207549052	-0.613592699479393	1.55639754260928	-0.114090522130813	-0.551304493497379
GS_5_12-1	GS	45761	18482	21395.498890672	10877	atac	Erythrocyte-Prol	0.346043732552984	-9.13153603214657	7.37376682690128	-0.613592699479393	-0.823974612600822	-0.114090522130813	-0.551304493497379
GS_5_12-2	GS	81132	31957	35585.2245786332	13353	atac	Erythrocyte-Prol	0.773838732825808	0.21402256315622	7.36386226355073	-0.613592699479393	-0.823974612600822	-0.114090522130813	-0.551304493497379
GS_5_12-3	GS	51236	21867	25083.9236201778	11216	atac	B-Prol	0.496118981120958	-8.27051296349043	-2.45267751264835	-0.613592699479393	-0.823974612600822	-0.114090522130813	-0.551304493497379
GS_5_12-4	GS	85306	33893	38258.0283822934	13764	atac	Neutrophil	0.818723089504295	2.13777404995111	-10.9986338158845	-0.613592699479393	0.606122060040672	-0.114090522130813	0.860075340121397
GS_5_12-6	GS	38982	17958	20361.4322705657	10851	atac	Erythrocyte	0.480812286566001	-1.75777120079856	-5.24342722062737	-0.613592699479393	2.53869518036536	-0.114090522130813	-0.551304493497379
GS_5_12-7	GS	65676	26828	31035.4943978695	13070	atac	Pre-B	0.949202547569976	8.91255336800327	0.821058675828807	-0.613592699479393	0.0666052250598122	-0.114090522130813	-0.551304493497379
GS_5_12-8	GS	74223	27871	31885.4801255002	13204	atac	Pre-B	0.607748294241827	10.9674798729566	-1.53513120076339	0.388568516385508	0.173282318829762	-0.114090522130813	-0.551304493497379
