predicted.id	prediction.score.B.CD83	prediction.score.T.TNFAIP3	prediction.score.NKT	prediction.score.B.HLA.DRB5	prediction.score.Erythrocyte.Prol	prediction.score.MPP	prediction.score.B.Prol	prediction.score.DC.Macro	prediction.score.T.GIMAP7	prediction.score.Erythrocyte	prediction.score.max
PZ_1_1-1	Erythrocyte-Prol	0.00257153349117053	0.000761819592031375	0.000511919843186018	0	0.541455803253043	0.454698923820569	0	0	0	0	0.541455803253043
PZ_1_1-2	B-CD83	0.486944662217903	0.0358663483317839	0	0.309053549281968	0	0.113193507250857	0	0	0.0549419329174877	0	0.486944662217903
PZ_1_1-3	NKT	0.00810048574882235	0.0419603483734539	0.920887285789903	0.00543342518530573	0	0	0	0	0.0236184549025147	0	0.920887285789903
PZ_1_1-4	T-TNFAIP3	0.219855170704387	0.616671468217555	0.0400824601749275	0.0136289766309575	0	0.0131329781011395	0	0.0105950587703242	0.086033887400709	0	0.616671468217555
PZ_1_1-5	B-HLA-DRB5	0.423698637478706	0.00904211878059104	0.0110841992137565	0.5504003519434	0	0.00577469258354616	0	0	0	0	0.5504003519434
PZ_1_1-6	B-CD83	0.517734285157186	0.0384461811690107	0.000711259540048672	0.302635761606829	0	0.128785411538215	0	0	0.011687100988711	0	0.517734285157186
PZ_1_1-7	NKT	0.00809501668438812	0.0221124947091827	0.921289013108267	0.0139274368140457	0	0.00815134318100211	0	0	0.0264246955031138	0	0.921289013108267
PZ_1_1-8	MPP	0.0149485860512639	0.00617061452204648	0.00370327302464116	0	0.400029503745526	0.575148022656522	0	0	0	0	0.575148022656522
PZ_1_2-1	B-CD83	0.629624629471841	0.204863970487921	0.0149334817208676	0.130523567814753	0	0.0157613163451959	0	0	0.00429303415942248	0	0.629624629471841
PZ_1_2-2	B-HLA-DRB5	0.369277980026141	0.0530752379824034	0.148352378873546	0.410905694592483	0	0.013596744294279	0	0	0.00479196423114678	0	0.410905694592483
PZ_1_2-3	B-CD83	0.889233960092018	0.0565598724098834	0.0163114098956937	0.0286970528818853	0	0.00286349351496738	0	0	0.00633421120555134	0	0.889233960092018
PZ_1_2-5	B-HLA-DRB5	0.191386100659485	0.00988958900937318	0.00172064545419065	0.615058585520106	0	0.024386200853003	0	0	0.00401038728649111	0.15354849121735	0.615058585520106
PZ_1_2-6	DC/Macro	0.0141655671945459	0	0.0789041224935866	0	0	0.0519053013900219	0	0.85268501032286	0.00233999859898554	0	0.85268501032286
PZ_1_2-7	B-CD83	0.593706769105448	0.0124813788980764	0.0107659520414361	0.380340172829307	0	0	0	0	0.00270572712573231	0	0.593706769105448
PZ_1_2-8	MPP	0.00665599649497044	0.0120386522198416	0.00723079996578279	0	0.249490444064057	0.724584107255348	0	0	0	0	0.724584107255348
PZ_1_3-1	B-CD83	0.436674622206512	0.020751357660052	0.0128767325068699	0.413019368167362	0	0.111109554048029	0	0	0.0055683654111753	0	0.436674622206512
PZ_1_3-2	MPP	0.00675956243105767	0	0	0.00255817012562407	0.0144614070507086	0.974796455920439	0	0	0.00142440447217102	0	0.974796455920439
PZ_1_3-3	MPP	0.0268691627534989	0.0394984002589197	0	0.0524616336574757	0	0.705827480799695	0	0.0631187738666773	0.10632712203026	0.00589742663347302	0.705827480799695
PZ_1_3-4	NKT	0	0.00408757645445943	0.959216812853379	0	0	0	0	0	0.0366956106921608	0	0.959216812853379
PZ_1_3-5	MPP	0.0813477561178314	0.0105515166445175	0.00549271682953375	0.0464032749070829	0.00569573722406076	0.472751217973367	0	0.197358971151516	0.0284056132564498	0.151993195895641	0.472751217973367
PZ_1_3-6	DC/Macro	0.0108460434906118	0.0138805825190741	0	0.0383805805572064	0	0.347193000179449	0	0.532088212289235	0.0490651050393478	0.00854647592507586	0.532088212289235
PZ_1_3-7	DC/Macro	0.0108250569047673	0	0.0309033951604349	0	0	0	0	0.958271547934797	0	0	0.958271547934797
PZ_1_3-8	Erythrocyte	0.00924761023653855	0	0	0.0128124807817534	0.204999069077451	0.00427100260265582	0.00811785572139046	0	0	0.760551981580211	0.760551981580211
PZ_1_4-1	MPP	0.0827667102420057	0	3.16867329106823e-06	0.0193361955632737	0	0.491612100863097	0	0.405090921246523	0.00119090341180994	0	0.491612100863097
PZ_1_4-3	T-GIMAP7	0.0103392425637335	0.220947484955374	0.135458210120301	0.0938787228266405	0	0.196849256347885	0	0	0.342527083186067	0	0.342527083186067
PZ_1_4-4	B-CD83	0.458197678493334	0.0432869333952537	0.034884525325857	0.429720085643322	0	0.0135459152960782	0	0	0.0203648618461545	0	0.458197678493334
PZ_1_4-5	T-GIMAP7	0.00703901094472732	0.295632031174576	0.0233246754426648	0.0406955021151371	0	0	0	0	0.633308780322894	0	0.633308780322894
PZ_1_4-6	B-CD83	0.545143456432147	0.0410031396608299	0.0113803331110433	0.39856189708891	0	0	0	0	0	0.00391117370706884	0.545143456432147
PZ_1_4-7	B-CD83	0.543391411231837	0.0240255730860459	0.0050490559953266	0.271774615009199	0	0.144004641901564	0	0	0.0117547027760282	0	0.543391411231837
PZ_1_4-8	NKT	0.0400545783377302	0.0153206120150518	0.505022807918048	0.0371776433972433	0.040562243560184	0.360559902811996	0	0	0.00130221195974678	0	0.505022807918048
PZ_1_5-1	B-CD83	0.489021169462823	0.00877309151642082	0.0185393689668576	0.229695769964832	0	0.165454012877324	0	0	0.0885165872117434	0	0.489021169462823
PZ_1_5-2	B-HLA-DRB5	0.236450637208412	0.0673546789157118	0.0452096453868066	0.542141683244759	0	0.0180676641973168	0	0	0.0907756910469935	0	0.542141683244759
PZ_1_5-3	B-CD83	0.515842325035382	0.086563185638174	0.0854521696099881	0.169138554154776	0	0	0	0	0.0256387126047642	0.117365052956916	0.515842325035382
PZ_1_5-4	MPP	0	0	0.0706439192540722	8.15239662475633e-05	0	0.615565057526999	0	0.311336699143063	0.00237280010961864	0	0.615565057526999
PZ_1_5-5	NKT	0.0157074687423391	0.00976346650858644	0.893216603106322	0.044149374703361	0	0.0350474436883252	0	0	0.00211564325106664	0	0.893216603106322
PZ_1_5-6	DC/Macro	0.0625723994049982	0.000208971040354692	0.180316036456618	0.00181028864475221	0	0	0	0.752012441110306	0.00307986334297099	0	0.752012441110306
PZ_1_5-7	Erythrocyte-Prol	0.00588516803384596	0.00761619845977243	0.00457253678491687	0.00969029152418802	0.746210059332954	0.156357183956049	0	0	0	0.0696685619082733	0.746210059332954
PZ_1_5-8	B-HLA-DRB5	0.332900267969106	0.0552368514736284	0.0440020941174916	0.459552346812588	0	0.0858357682194003	0	0	0.0224726714077866	0	0.459552346812588
PZ_1_6-1	Erythrocyte	0.00974632089119335	0.0065672786406092	0.00394136871255481	0.00886638401550945	0.3644323883155	0.0990563060230976	0.00635945514110209	0	0	0.501030498260433	0.501030498260433
PZ_1_6-2	B-CD83	0.473684383399288	0.065388892967352	0.0942204343297126	0.143970624636061	0	0.0258149489416744	0	0	0.184303003184012	0.0126177125419	0.473684383399288
PZ_1_6-3	B-CD83	0.551478966989258	0.00331907761200851	0.055387882564321	0.382059120191587	0	0	0	0	0.00775495264282525	0	0.551478966989258
PZ_1_6-4	Erythrocyte-Prol	0.0324219887012537	0.00827363994582126	0.00786533709778957	0.0104398467323442	0.449932406962278	0.399884759631115	0	0	0	0.0911820209293976	0.449932406962278
PZ_1_6-5	B-CD83	0.38934016170428	0.0133323896433889	0.319540796520227	0.267467702297914	0	0.0080348926153221	0	0	0.00228405721886899	0	0.38934016170428
PZ_1_6-6	DC/Macro	0.0278528657376392	0.000389456764380047	0.0142919914130995	0	0	0	0	0.957465686084881	0	0	0.957465686084881
PZ_1_6-7	B-CD83	0.651967734788327	0.0941158634481856	0.00581652054593797	0.243059131289188	0	0.00116970439450753	0	0	0.00387104553385339	0	0.651967734788327
PZ_1_6-8	T-TNFAIP3	0.0160437162142613	0.520064025210819	0.043759941077167	0.00973867755949439	0	0	0	0	0.410393639938258	0	0.520064025210819
PZ_1_7-1	B-CD83	0.54114641856347	0.0106026795720238	0.00360729552954039	0.271399062752123	0	0.16553538507513	0	0	0.00770915850771288	0	0.54114641856347
PZ_1_7-3	DC/Macro	0.00678336180334283	0	0.0523145191750273	0	0	0	0	0.940902119021629	0	0	0.940902119021629
PZ_1_7-4	NKT	0.0319266320117767	0.0427464298157406	0.733480629488797	0.0527409462504315	0	0.137389170835815	0	0	0.001716191597439	0	0.733480629488797
PZ_1_7-5	B-CD83	0.45867882940945	0.010618324732385	0.0425269530896602	0.431454490395035	0	0.0401424053500346	0	0	0.0165789970234359	0	0.45867882940945
PZ_1_7-6	B-CD83	0.554736274332515	0.0352848959650107	0.0163880618239485	0.386853467201702	0	0.00673730067682324	0	0	0	0	0.554736274332515
PZ_1_7-7	B-CD83	0.663592088571718	0	0	0.0667769897352051	0	0.263919909686831	0	0	0.00571101200624517	0	0.663592088571718
PZ_1_7-8	DC/Macro	0.0199608470400227	0	0.0251102064730834	0.00617241569253785	0	0	0	0.948756530794356	0	0	0.948756530794356
PZ_1_8-1	MPP	0.362017685169515	0.0149411710341643	0	0.18543195023561	0	0.426289306833996	0	0	0.0113198867267153	0	0.426289306833996
PZ_1_8-2	MPP	0.0213069216663707	0	0.00325841002982804	0.00334533160710889	0.172901647347085	0.797324911598227	0	0	0.00186277775137929	0	0.797324911598227
PZ_1_8-3	B-CD83	0.630229926116593	0	0.00133814686955914	0.137537476013917	0	0.0063390975516517	0	0	0.224555353448278	0	0.630229926116593
PZ_1_8-4	MPP	0.00811270751971489	0.10198331661307	0.0155169247203594	0.0211305049935111	0	0.445609519342807	0	0	0.407647026810537	0	0.445609519342807
PZ_1_8-5	B-HLA-DRB5	0.289588750010589	0.00654380659069773	0.00161548519846313	0.325196192899457	0	0.0814859895853126	0	0	0.295569775715481	0	0.325196192899457
PZ_1_8-6	T-GIMAP7	0.00997311542962082	0.387343250803845	0.0217170909144489	0.0478902107570675	0	0	0	0	0.533076332095018	0	0.533076332095018
PZ_1_8-7	B-CD83	0.324400909441562	0.00828832646837909	0.00937223997619579	0.0534761194492589	0.0473117806521896	0.285103528028557	0.0469065622803281	0	0.00251961538141092	0.222620918322118	0.324400909441562
PZ_1_8-8	B-CD83	0.483517676236543	0.0830867119046921	0.0940063812966888	0.284539421776304	0	0.00196317144220944	0	0	0.0528866373435626	0	0.483517676236543
PZ_1_9-1	B-CD83	0.589551489193606	0.0144974551183983	0.00648838335000062	0.286064607007626	0	0.0114295624115882	0	0	0.0919685029187803	0	0.589551489193606
PZ_1_9-2	DC/Macro	0.0594369602594423	0	0.222577581332702	0	0	0	0	0.715926375807747	0.00205908260010868	0	0.715926375807747
PZ_1_9-3	MPP	0.00955680562810591	0	0	0.0129221195181334	0.00432956395620653	0.966137041433355	0	0	0.00705446946419895	0	0.966137041433355
PZ_1_9-5	Erythrocyte	0.0178317497162542	0.00215265054070046	0.00129175291170338	0.0357742732481975	0.382942084335307	0.041305441491836	0.0274032444967788	0	0	0.491298803259222	0.491298803259222
PZ_1_9-6	DC/Macro	0.0570452543586829	0	0.0951656719080619	0.00664305789543884	0	0.218741676014256	0	0.618299053306843	0.00410528651671766	0	0.618299053306843
PZ_1_9-7	MPP	0.00769662577328484	0.0011346980281163	0.00152910826988302	0	0.029980121874959	0.959659446053757	0	0	0	0	0.959659446053757
PZ_1_9-8	B-CD83	0.458626489560551	0.00703397814727267	0.000425699981008249	0.277769543996676	0	0.247949484787279	0	0	0.00645550265267146	0.00173930087454171	0.458626489560551
PZ_1_10-2	T-TNFAIP3	0.065080525952517	0.480658817945599	0.0177995221797768	0.0109152363071062	0	0	0	0	0.425545897615001	0	0.480658817945599
PZ_1_10-3	B-CD83	0.582513775167104	0.0341827432590458	0	0.38330348157385	0	0	0	0	0	0	0.582513775167104
PZ_1_10-4	MPP	0.0180481272624435	0.0451451083745416	0.0271809877040044	0	0.101285543498742	0.808340233160269	0	0	0	0	0.808340233160269
PZ_1_10-5	DC/Macro	0.0311818341497996	0.000918751060249043	0.0760210515071354	0.000823370763135485	0	0	0	0.882400637455527	0.00865435506415297	0	0.882400637455527
PZ_1_10-6	B-CD83	0.822631889266741	0.0520705687975999	0.0743542490355733	0.0448968166078386	0	0	0	0.00604647629224765	0	0	0.822631889266741
PZ_1_10-7	B-HLA-DRB5	0.297711530070115	0.0431580102797011	0.0309370348407688	0.568901605230314	0	0.0544517703016281	0	0	0.00484004927747214	0	0.568901605230314
PZ_1_10-8	B-CD83	0.610237591971711	0.126015362342743	0.0209483587857332	0.109166257741984	0	0.0405471529451729	0	0	0.0930852762126559	0	0.610237591971711
PZ_1_11-1	B-HLA-DRB5	0.276402886703452	0.00587457502827172	0	0.695125168761242	0	0.0225973695070344	0	0	0	0	0.695125168761242
PZ_1_11-2	MPP	0.0232588810227576	0.0217484601094037	0.00261587215101018	0.0993552370623611	0	0.702441499736494	0	0	0.150580049917974	0	0.702441499736494
PZ_1_11-3	B-CD83	0.851668398442227	0.00953704281125568	0.000225659141328094	0.118083856616548	0	0	0	0	0.0204850429886414	0	0.851668398442227
PZ_1_11-4	NKT	0.0181361922754203	0.0273491050985866	0.51011278680532	0.211613028409292	0	0.218992418781009	0	0	0.0137964686303719	0	0.51011278680532
PZ_1_11-5	DC/Macro	0.0355044240538166	0	0.0621845094570733	0	0	0	0	0.89982376353768	0.00248730295143015	0	0.89982376353768
PZ_1_11-6	MPP	0.124250229351768	0.00998736281286898	0.00548654524010644	0.00421042170872405	0.00932256680404332	0.638800047855847	0	0	0.195807558340683	0.0121352678859602	0.638800047855847
PZ_1_11-7	T-TNFAIP3	0.00312455880479691	0.67282391477652	0.0327428000152284	0.00662789412453252	0	0	0	0	0.284680832278921	0	0.67282391477652
PZ_1_11-8	B-CD83	0.530481577335049	0.0247615517481515	0.00153539724463159	0.399893738495677	0	0.0163488740665737	0	0	0.0269788611099178	0	0.530481577335049
PZ_1_12-1	MPP	0.0786602005765358	0	0	0.00831731491692026	0.0844731401319498	0.823909817786031	0	0	0.00463952658856418	0	0.823909817786031
PZ_1_12-2	B-HLA-DRB5	0.398388590378491	0.0643789538841689	0.0126082046082552	0.444861173313225	0	0.0487515276065989	0	0	0.0310115502092603	0	0.444861173313225
PZ_1_12-3	B-CD83	0.654798961406512	0.188746841980285	0	0.154446325860085	0	0	0	0	0.00200787075311665	0	0.654798961406512
PZ_1_12-4	Erythrocyte-Prol	0.00307831492740413	0.00348125723129361	0.00208986273755006	0.00336472113041044	0.776696560622611	0.200980084448765	0	0	0	0.0103091989019666	0.776696560622611
PZ_1_12-5	B-HLA-DRB5	0.300019046715384	0	0.221896031706736	0.438941748695627	0	0.0126267961783926	0.0204585423453151	0	0.00605783435854545	0	0.438941748695627
PZ_1_12-6	B-CD83	0.703899207988441	0.198268585658378	0.0165244286097029	0.0813077777434785	0	0	0	0	0	0	0.703899207988441
PZ_1_12-7	B-HLA-DRB5	0.331127204179567	0.0964919850793634	0.0145134201060162	0.512594709286309	0	0.0423091042515252	0	0	0.00296357709721909	0	0.512594709286309
PZ_1_12-8	NKT	0.0198279648437714	0.180753689848156	0.473782383163889	0.0610815010015881	0.0150228169398479	0.204988653482917	0	0	0.0445429907198311	0	0.473782383163889
PZ_2_1-1	B-CD83	0.585539072687916	0.0056930654747542	0	0.145192722104896	0	0.0101631684978037	0.153462588273257	0	0.0999493829613735	0	0.585539072687916
PZ_2_1-2	DC/Macro	0.1376855406423	0	0.0236671058556332	0.000950524272182293	0	0	0	0.837696829229884	0	0	0.837696829229884
PZ_2_1-3	T-TNFAIP3	0.191627431328631	0.325994460186336	0	0.0861883290015884	0	0.154812029934586	0.0415171978972398	0	0.066082919690429	0.13377763196119	0.325994460186336
PZ_2_1-4	B-CD83	0.95044903860516	0.00914996196384496	0	0.0340710448020627	0	0.00390226519469209	0	0	0.00242768943424063	0	0.95044903860516
PZ_2_1-5	B-HLA-DRB5	0.199209340391836	0.00209848692027423	0.0162440511575831	0.403615449973691	0	0.147405194370364	0.230886808856446	0	0.000540668329805998	0	0.403615449973691
PZ_2_1-6	Erythrocyte	0.0294732304998387	0.00448724704928021	0	0.0117657126014208	0.450962420770505	0	0	0	0.000691695190638963	0.502619693888316	0.502619693888316
PZ_2_1-7	B-CD83	0.469540885274875	0.0177327229375129	0.127858478066253	0.321247239480683	0	0.0167705435098845	0.0167705435098845	0	0.030079587220907	0	0.469540885274875
PZ_2_2-1	Erythrocyte-Prol	0.00428882961368287	0	0	0	0.701342353532961	0.294368816853356	0	0	0	0	0.701342353532961
PZ_2_2-2	DC/Macro	0.0176219285072028	0	0.00515201815659397	0	0	0	0	0.977226053336202	0	0	0.977226053336202
PZ_2_2-3	Erythrocyte	0.00980504557538406	0.0051863415680486	0	0.00344927519716666	0.407496457023607	0	0.00348124548247624	0.00358157107223949	0.000799922233784292	0.566200141847294	0.566200141847294
PZ_2_2-4	DC/Macro	0.174801567088998	0.0526531694374276	0.00789656916738295	0.0115538773026726	0	0	0	0.753094817003519	0	0	0.753094817003519
PZ_2_2-5	DC/Macro	0.00449804457912333	0	0.00429313992449553	0	0	0	0	0.991208815496381	0	0	0.991208815496381
PZ_2_2-6	NKT	0.00696829590336478	0	0.991925761485952	0	0	0	0	0	0.00110594261068339	0	0.991925761485952
PZ_2_2-7	Erythrocyte-Prol	0.00654571671078104	0	0	0.00471063021570683	0.854287398267556	0.134456254805956	0	0	0	0	0.854287398267556
PZ_2_2-8	Erythrocyte	0.0359281017149296	0.115478222656166	0.00651148352257365	0.0185933401620595	0.279190341568322	0.0198560928334065	0.00732933326260251	0	0.0291619797126819	0.487951104567258	0.487951104567258
PZ_2_3-1	B-CD83	0.556997829905372	0	0.0154901440642686	0.372148630588974	0	0	0.0440764503206869	0	0.0112869451206985	0	0.556997829905372
PZ_2_3-2	B-CD83	0.500496681047696	0	8.77523895644309e-05	0.498359257761154	0	0	0	0	0.00105630880158513	0	0.500496681047696
PZ_2_3-3	B-CD83	0.671788897965243	0.0116681126130187	0.0189050782945533	0.290862333573119	0	0	0	0	0.00677557755406589	0	0.671788897965243
PZ_2_3-4	NKT	0.0281221320831842	0.290685020656341	0.479763054885345	0.0302659934635157	0	0	0.00222431158433337	0.0121508524392877	0.156788634887993	0	0.479763054885345
PZ_2_3-5	B-CD83	0.564185410874435	0.0527263439990272	0.0561721550548962	0.0808270829073482	0	0	0	0.0438299799826316	0.202259027181662	0	0.564185410874435
PZ_2_3-6	T-TNFAIP3	0.00523704856614678	0.568685912213822	0.00951065988372467	0.00292731723338482	0	0	0	0	0.413639062102922	0	0.568685912213822
PZ_2_3-7	MPP	0.00673729201335899	0	0.00405417917244685	0.00747583904664071	0	0.980117892312491	0	0	0.00161479745506246	0	0.980117892312491
PZ_2_3-8	T-TNFAIP3	0	0.701873651370912	0.0702076535399657	0.00276738866601519	0	0	0	0	0.225151306423106	0	0.701873651370912
PZ_2_4-1	NKT	0.206889292659525	0.206863093535436	0.336276532326254	0.0155244112795567	0	0	0	0	0.234446670199229	0	0.336276532326254
PZ_2_4-2	B-HLA-DRB5	0.385161977371137	0.00371452881871275	0.0102519061149862	0.584069427543695	0	0.00693553346193742	0.00326016833875184	0.00660645835078035	0	0	0.584069427543695
PZ_2_4-3	B-CD83	0.418172944095647	0	0.00259758017668143	0.267712098344764	0	0.101902934549314	0	0.177121680256483	0.0324927625771113	0	0.418172944095647
PZ_2_4-4	Erythrocyte	0.166756706462125	0.0175486037789212	0.0296670908822537	0.11976525915469	0.115684263298364	0.0518683698628403	0.107185653840922	0	0.0138851081669424	0.377638944552942	0.377638944552942
PZ_2_4-5	Erythrocyte	0.0535025259238726	0.00307522309849727	0.0642236833454195	0.134177758489356	0.140091414935099	0.15150583745515	0.081042189482082	0	0.173393740790869	0.198987626479654	0.198987626479654
PZ_2_4-6	Erythrocyte-Prol	0.0497773325936435	0.084445766690244	0	0.0372415650658158	0.232007754755146	0.191776949484548	0.0462082083885874	0	0.171599080952278	0.186943342069738	0.232007754755146
PZ_2_4-7	B-CD83	0.828938217377902	0.00824449870786337	0.00369804412069441	0.149159420332164	0	0	0	0.00995981946137644	0	0	0.828938217377902
PZ_2_4-8	T-TNFAIP3	0.00732463178428387	0.652001512385947	0.0581160537081245	0	0	0	0	0	0.282557802121645	0	0.652001512385947
PZ_2_5-1	NKT	0.000805876465459476	0.00849919663585672	0.987133679339814	0.00356124755886996	0	0	0	0	0	0	0.987133679339814
PZ_2_5-2	DC/Macro	0.0443325389817642	0	0.0318628225561922	0.0132031077081931	0	0	0	0.910432672655129	0.000168858098721284	0	0.910432672655129
PZ_2_5-3	B-CD83	0.40869053996734	0.00425556217049547	0	0.240790436658317	0	0	0.0314605033769657	0	0.314802957826882	0	0.40869053996734
PZ_2_5-4	B-CD83	0.827250467797197	0.00668136067133023	0	0.162702683395227	0	0.00106409854735177	0	0.00191438617604276	0.000387003412850044	0	0.827250467797197
PZ_2_5-5	B-HLA-DRB5	0.128326765868776	0.154175779106966	0.0214121443980067	0.249852545034819	0.125768382595993	0.0193804794854543	0.00172879498833731	0.00327281009945063	0.059614505627974	0.236467792794222	0.249852545034819
PZ_2_5-6	Erythrocyte-Prol	0.000558203205249236	0	0	0.00915868434140224	0.815213268105613	0.132757541607661	0	0	0	0.0423123027400752	0.815213268105613
PZ_2_5-7	B-CD83	0.751460984656549	0.0579096062259719	0.0170582094651862	0.134223973417673	0	0	0	0.0210452546047805	0.0183019716298397	0	0.751460984656549
PZ_2_5-8	Erythrocyte-Prol	0.22698722164837	0.0762532077746521	0	0.0442537383234387	0.434346467985813	0	0.0048496801153866	0	0.0148319594963097	0.198477724656031	0.434346467985813
PZ_2_6-1	B-CD83	0.806778860483851	0.00151222991082369	0.0564327756295034	0.0707955716295973	0	0	0	0	0.0644805623462246	0	0.806778860483851
PZ_2_6-3	B-CD83	0.602904151294936	0.0644451024141798	0.143453781045694	0.144696138810133	0	0.00273834838619574	0	0.00492529923603435	0.0368371788128273	0	0.602904151294936
PZ_2_6-4	B-HLA-DRB5	0.315452650227466	0.00114850876870892	0	0.662219847615837	0	0	0	0	0.0211789933879882	0	0.662219847615837
PZ_2_6-5	B-CD83	0.533797753491015	0.0127443611031246	0.00423147758215318	0.411294544935714	0	0.0144980427312595	0.0234338201567336	0	0	0	0.533797753491015
PZ_2_6-6	B-CD83	0.520820491383671	0.026471964370874	0.0340213221609811	0.406712666187671	0	0.00427921250257909	0	0.00769434339422349	0	0	0.520820491383671
PZ_2_6-7	B-CD83	0.783791906413702	0.0202588376130208	0.0063646991942934	0.188681332220126	0	0	0.000903224558856944	0	0	0	0.783791906413702
PZ_2_6-8	DC/Macro	0.0209662242142833	0	0.0250382050369658	0	0	0	0	0.953995570748752	0	0	0.953995570748752
PZ_2_7-1	Erythrocyte-Prol	0.0938399494280305	0	0.0817396743327609	0.041812718425237	0.499135468812891	0.031078262170548	0.0502655008577175	0	0.0485302371119552	0.15359818886086	0.499135468812891
PZ_2_7-2	NKT	0.0459085050646246	0	0.939308889879849	0	0	0	0	0	0.0147826050555263	0	0.939308889879849
PZ_2_7-3	MPP	0.20750582352811	0.0255220957681359	0.0253808853783695	0.233839273950127	0.00144994530958547	0.263892095193276	0.00701358562684862	0	0.0323541615862407	0.203042133659307	0.263892095193276
PZ_2_7-4	NKT	0.145733798910952	0.107971897972899	0.715094435182426	0.0147322522181354	0	0	0	0	0.0164676157155875	0	0.715094435182426
PZ_2_7-5	B-CD83	0.819464385426529	0.0315690197784662	0.0185408962017748	0.0672876590362973	0	0.0315690197784662	0.0315690197784662	0	0	0	0.819464385426529
PZ_2_7-6	B-CD83	0.503929363513723	0.00628592502073794	0.0111131525373491	0.264551463847565	0	0.0027285461923017	0.143871002353072	0.00490580313297477	0.0626147434022763	0	0.503929363513723
PZ_2_7-7	DC/Macro	0.0449471986037097	0	0.0263646011769893	0	0	0	0	0.928688200219301	0	0	0.928688200219301
PZ_2_7-8	NKT	0.11083578603157	0.203200595623706	0.537263652798894	0.0142573849396299	0	0	0	0	0.1344425806062	0	0.537263652798894
PZ_2_8-1	B-CD83	0.533422121961108	0	0	0.374077738761681	0	0	0.0560596434344753	0	0.0364404958427362	0	0.533422121961108
PZ_2_8-2	NKT	0.0111274606088041	0.125170772377411	0.655803390767245	0.15906562957791	0	0	0.0122737869834354	0	0.0365589596851939	0	0.655803390767245
PZ_2_8-3	B-CD83	0.295815010255568	0.104386743284135	0.0535209545348827	0.00633606055618551	0.284052888787035	0	0	0.114190085117654	0.0901474519243202	0.0515508055402197	0.295815010255568
PZ_2_8-4	NKT	0.00517465271364385	0.0515940702062983	0.902320437533986	0	0	0	0	0	0.0409108395460725	0	0.902320437533986
PZ_2_8-5	Erythrocyte-Prol	0.053727669792915	0.000891265581392262	0.091416409653985	0.0524104111868397	0.391856400545877	0.046285031219745	0.071097755599862	0	0.0201050659884009	0.272209990430983	0.391856400545877
PZ_2_8-6	T-TNFAIP3	0.00599926399751557	0.425104305194711	0	0.0129954678774592	0.10710335803609	0.00443919146581809	0.00720114070606605	0	0.308017974713327	0.129139298009012	0.425104305194711
PZ_2_8-7	B-CD83	0.868615864381177	0	0.0126395600721431	0.101086098471558	0	0.00414671963727458	0	0	0.0091876903011091	0.00432406713673833	0.868615864381177
PZ_2_8-8	DC/Macro	0.00840514231421153	0	0	0	0	0	0	0.991594857685789	0	0	0.991594857685789
PZ_2_9-1	DC/Macro	0.0228141871174319	0.00189364822890222	0.0151791748973959	0.00862796324181125	0	0	0	0.951166776708623	0.000318249805835616	0	0.951166776708623
PZ_2_9-2	Erythrocyte-Prol	0.212580126191589	0.0422928477813194	0.0176466720886631	0.13508298019167	0.43842749266402	0	0.0117798781386612	0	0.120635101318208	0.0215549016258685	0.43842749266402
PZ_2_9-4	MPP	0	0	0	0.00463438724333748	0	0.984788003968189	0	0	0.0105776087884733	0	0.984788003968189
PZ_2_9-5	T-TNFAIP3	0.411324666136447	0.434629520464591	0.00338715642211845	0.0721029446143302	0	0	0.0118107747187062	0	0.0667449376438067	0	0.434629520464591
PZ_2_9-6	B-CD83	0.59303150434571	0.0265420136713303	0	0.358118572412884	0	0	0.00158850155081097	0	0.0207194080192642	0	0.59303150434571
PZ_2_9-7	B-CD83	0.735589114557882	0.0368145407720999	0.0069410790023492	0.208975891952384	0	0	0	0	0.0116793737152847	0	0.735589114557882
PZ_2_9-8	Erythrocyte-Prol	0.0377796776423933	0.00803976890802194	0	0.00758385543316907	0.588756134316436	0	0.0066709276132177	0	0.0139647440263548	0.337204892060407	0.588756134316436
PZ_2_10-1	T-GIMAP7	0	0.493952878826268	0.00993919408562687	0.000771176006725309	0	0	0	0	0.495336751081379	0	0.495336751081379
PZ_2_10-2	B-CD83	0.934412464806687	0.00539931294027735	0.00082364229771426	0.0577417094510848	0	0	0	0	0.00162287050423592	0	0.934412464806687
PZ_2_10-3	B-CD83	0.436384478661557	0.0443065022294826	0.0446655686142271	0.319251045283026	0	0.00277987505861033	0.0997649765571859	0.00499763642026548	0.0478499171756457	0	0.436384478661557
PZ_2_10-4	DC/Macro	0.00420760104451229	0	0.00171724782134663	0.00670341592795509	0	0	0	0.987371735206185	0	0	0.987371735206185
PZ_2_10-5	NKT	0.0106520650334714	0	0.940601374782808	0.00111034913884642	0	0	0	0	0.0476362110448736	0	0.940601374782808
PZ_2_10-6	B-CD83	0.778046058029413	0	0.00350597235933553	0.199815465322566	0	0	0.00317135694177456	0	0.0154611473469108	0	0.778046058029413
PZ_2_10-7	T-TNFAIP3	0.00255165848096106	0.792978235183502	0.0229886561255659	0	0	0	0	0	0.181481450209971	0	0.792978235183502
PZ_2_10-8	NKT	0.000237905408231284	0.0272961794054719	0.970563701677844	0	0	0	0	0	0.00190221350845301	0	0.970563701677844
PZ_2_11-2	NKT	0.00869606990811496	0.0119787703036276	0.903052061465867	0.0217397414476469	0	0	0	0	0.0545333568747438	0	0.903052061465867
PZ_2_11-3	MPP	0.0100449418661112	0	0.00901296210405762	0.00301811774606804	0	0.935236122576048	0	0.0410091348928195	0.00167872081489533	0	0.935236122576048
PZ_2_11-4	B-CD83	0.581870421722833	0.00175440024298767	0.00117807029541273	0.214718462462243	0	0	0.0506880746130691	0	0.104041215969495	0.0457493546939596	0.581870421722833
PZ_2_11-5	B-CD83	0.655087773351827	0	0.0321047785595542	0.211090130376777	0	0.0147490996917826	0.0238580588275437	0	0.0631101591925151	0	0.655087773351827
PZ_2_11-6	B-CD83	0.575059056665661	0.159680049667868	0.00980075245255931	0.205722087950465	0	0.0179571742267906	0.018269064057693	0.0135118149789625	0	0	0.575059056665661
PZ_2_11-7	B-CD83	0.717324006367436	0.0389535750565369	0	0.162653674826606	0	0.0434584881175426	0	0	0.0376102556318788	0	0.717324006367436
PZ_2_11-8	B-CD83	0.760860273247136	0.0205966291578437	0.0334913732789945	0.172464842101462	0	0.0125868822145637	0	0	0	0	0.760860273247136
PZ_2_12-1	DC/Macro	0	0	0.00527381487201689	0	0	0	0	0.994726185127983	0	0	0.994726185127983
PZ_2_12-2	DC/Macro	0.0562087137449112	0.0126151932158387	0.0168139643074741	0.0638890171212297	0	0	0	0.850473111610546	0	0	0.850473111610546
PZ_2_12-3	T-TNFAIP3	0.2968848971657	0.433950355412352	0.0118109661069397	0.0583351191068253	0	0.00964903109159529	0	0.0525669069476213	0.136802724168966	0	0.433950355412352
PZ_2_12-4	DC/Macro	0.0224960920118695	0	0.0167734953300792	0	0	0	0	0.960730412658051	0	0	0.960730412658051
PZ_2_12-5	T-TNFAIP3	0.00367143529412144	0.587140910853351	0.00900524086736672	0.095978955892847	0	0	0	0	0.304203457092314	0	0.587140910853351
PZ_2_12-6	Erythrocyte	0.00872642641176235	0.077663367636913	0.00601016505901973	0.00692345909155992	0.338289933675955	0.00839775444968515	0.00476912418002581	0	0.0768735536577013	0.472346215837377	0.472346215837377
PZ_2_12-7	MPP	0.00679012320151321	0	0.00183880290743938	0	0.394775173276744	0.596595900614303	0	0	0	0	0.596595900614303
PZ_2_12-8	B-CD83	0.872782694969519	0	0.0560562622660702	0.0444435695393096	0	0	0	0	0.0267174732251013	0	0.872782694969519
PZ_3_1-1	DC/Macro	0.00802810270656117	0	0.000449454356369177	0	0	0	0	0.99152244293707	0	0	0.99152244293707
PZ_3_1-2	Erythrocyte	0.0423711508090295	0	0.00436044388378779	0.0207453918172453	0.288875835162442	0.0214746699299597	0.0372616564069838	0.0106368230903722	0.11300134367219	0.46127268522799	0.46127268522799
PZ_3_1-3	DC/Macro	0	0	0	0	0	0	0	1	0	0	1
PZ_3_1-5	B-CD83	0.81450393242046	0	0.00282716634978059	0.0899454903096652	0	0	0.0103778710297609	0	0.0823455398903334	0	0.81450393242046
PZ_3_1-7	B-CD83	0.752995461384813	0.00756551901139367	0	0.228817399748474	0	0.00392713033181182	0	0	0.0066944895235064	0	0.752995461384813
PZ_3_1-8	Erythrocyte-Prol	0.0117824702124731	0	0	0	0.624150440836416	0.0272887209942631	0.0132669636331065	0	0	0.323511404323742	0.624150440836416
PZ_3_2-1	MPP	0.00455802922617418	0	0	0	0.0253110485238104	0.970130922250015	0	0	0	0	0.970130922250015
PZ_3_2-2	B-CD83	0.813716683895692	0.00313850067287765	0.0472945543669653	0.0643726397221305	0	0	0.00223609645267357	0	0.069241524889661	0	0.813716683895692
PZ_3_2-3	B-CD83	0.638249309410948	0	0.00818302374605668	0.0971042884042068	0	0	0	0	0.256463378438788	0	0.638249309410948
PZ_3_2-4	B-CD83	0.602294857279599	0.00641992322878606	0	0.121277918545356	0	0.262531090332089	0	0	0.0074762106141699	0	0.602294857279599
PZ_3_2-5	NKT	0.000208875173409836	0.0139332802638595	0.983679035873578	0.00217880868915391	0	0	0	0	0	0	0.983679035873578
PZ_3_2-6	T-GIMAP7	0	0.214017006428786	0.391254010191816	0	0	0	0	0	0.394728983379398	0	0.394728983379398
PZ_3_2-7	B-CD83	0.764156482967607	0.0590408142295885	0	0.0774805022551896	0	0.0436539056922319	0.0556682948553828	0	0	0	0.764156482967607
PZ_3_2-8	DC/Macro	0.00221020377266977	0	0.00909396480927639	0	0	0	0	0.988695831418053	0	0	0.988695831418053
PZ_3_3-1	DC/Macro	0.0693470240365872	0.00402798519464805	0.0326224419992018	0.0756336228367542	0	0.169667341183348	0	0.643963558962163	0.00473802578729695	0	0.643963558962163
PZ_3_3-2	NKT	0	0.0187668985895288	0.981233101410471	0	0	0	0	0	0	0	0.981233101410471
PZ_3_3-3	B-CD83	0.880206238727072	0.0372694602829574	0	0.0210123957535953	0	0.00827865686590651	0.0315442361569104	0.0148587961217715	0.00683021609178671	0	0.880206238727072
PZ_3_3-4	MPP	0.00382865145073041	0	0	0.00692481817687725	0	0.924533102168966	0	0.0112598505600354	0.0534535776433911	0	0.924533102168966
PZ_3_3-5	T-TNFAIP3	0	0.691172218763402	0.0456472971349323	0.0163843066171211	0	0	0	0	0.246796177484545	0	0.691172218763402
PZ_3_3-6	DC/Macro	0.00994096117839286	0	0.00307894161041301	0	0	0	0	0.986980097211194	0	0	0.986980097211194
PZ_3_3-7	B-HLA-DRB5	0.350198706360097	0.0224910891984214	0	0.5496584123394	0	0.0516192717058846	0	0	0.026032520396198	0	0.5496584123394
PZ_3_3-8	Erythrocyte	0.00350414165862177	0	0.000509150807281803	0.0129362839669097	0.306281744678443	0.000763415933814069	0.0116362428532258	0	0.00089047100134787	0.663478549100356	0.663478549100356
PZ_3_4-1	Erythrocyte	0.153785483389024	0.0310116242755542	0.0108584139856234	0.0703788310242	0.283812479340297	0.00401703273626154	0	0	0.0107612366635225	0.435374898585518	0.435374898585518
PZ_3_4-2	Erythrocyte-Prol	0	0	0	0.00294921035447506	0.855104075077032	0.135373472025312	0	0	0	0.00657324254318055	0.855104075077032
PZ_3_4-3	Erythrocyte-Prol	0.00243376394808089	0	0	0.00818206473052398	0.611021992635517	0.00713482023433945	0.0123963098072122	0.000815713670745441	0.0451213064248553	0.312894028548726	0.611021992635517
PZ_3_4-4	MPP	0	0	0	0.00450823077197245	0	0.994887426850293	0	0	0.000604342377733868	0	0.994887426850293
PZ_3_4-5	B-CD83	0.471925537883859	0.0387188029960651	0.125104126453465	0.289875768480693	0	0	0	0.0410829011231099	0.0175307348788543	0.0157621281839536	0.471925537883859
PZ_3_4-6	NKT	0	0.0152561238122633	0.965661603031118	0	0	0	0	0	0.019082273156618	0	0.965661603031118
PZ_3_4-7	DC/Macro	0.00506935052269033	0	0.00457799238322125	0	0	0	0	0.990352657094089	0	0	0.990352657094089
PZ_3_4-8	NKT	0	0.0531909143673748	0.928011177432264	0	0	0	0	0	0.0187979082003608	0	0.928011177432264
PZ_3_5-1	T-GIMAP7	0.210302913738783	0.0267887400639552	0.0206861909134753	0.0528442106472945	0.231356414582715	0.00810888864832948	0.0100534466492178	0.0170474572837218	0.328279462700317	0.0945322747721909	0.328279462700317
PZ_3_5-2	T-GIMAP7	0.308061405653102	0.0224279127419822	0.143437798570905	0.0270387716037368	0	0.019177458092394	0.019177458092394	0	0.460679195245486	0	0.460679195245486
PZ_3_5-3	NKT	0.00591542697737182	0.000373901389124679	0.976360384257083	0	0	0	0	0	0.0173502873764207	0	0.976360384257083
PZ_3_5-4	B-CD83	0.802048333082897	0.00244582085755143	0.0829602302666635	0.0855456306761633	0	0	0.0267026934970467	0	0.000297291619677719	0	0.802048333082897
PZ_3_5-5	B-CD83	0.724831224485746	0.0325093174717466	0.0229691793569295	0.0744416499703505	0	0	0.00210349631374722	0.0135031544623989	0.129641977939082	0	0.724831224485746
PZ_3_5-6	NKT	0	0.010749134702651	0.950669042580404	0.000539955156120193	0	0	0	0	0.0380418675608247	0	0.950669042580404
PZ_3_5-7	Erythrocyte-Prol	0.00436896823162756	0.00136578163601329	0.000819633264092137	0	0.797902098855643	0.154869094813961	0	0	0	0.0406744231986635	0.797902098855643
PZ_3_5-8	B-CD83	0.523012126020618	0.00571236520947866	0.00551979940991238	0.178128036710596	0	0	0	0.287627672649395	0	0	0.523012126020618
PZ_3_6-1	B-CD83	0.84125465384517	0.00782815034355759	0	0.131921471455245	0	0	0	0	0.00259459529304829	0.0164011290629798	0.84125465384517
PZ_3_6-2	B-CD83	0.849952222515178	0	0.0268793860070696	0.123168391477752	0	0	0	0	0	0	0.849952222515178
PZ_3_6-3	DC/Macro	0.104420393086632	0	0.0717165913083425	0.0243508824490348	0	0	0	0.799112487590628	0.000399645565361788	0	0.799112487590628
PZ_3_6-4	B-CD83	0.898606054181769	0.00173751249809208	0	0.0922789278158689	0	0.00347482803211888	0	0	0.00390267747215012	0	0.898606054181769
PZ_3_6-5	MPP	0.0777668822762293	0	0.0811479694068449	0.0175185065609497	0.172284604879522	0.495439880376356	0	0	0.0713807500616892	0.0844614064384095	0.495439880376356
PZ_3_6-6	B-CD83	0.492967700551699	0	0.0863794180833142	0.103695608688106	0	0	0	0	0.316957272676881	0	0.492967700551699
PZ_3_6-7	T-TNFAIP3	0.0191162753016022	0.842739214469667	0.0445589384616272	0	0	0	0	0	0.0935855717671036	0	0.842739214469667
PZ_3_6-8	MPP	0.00466370661130827	0	0	0	0	0.99138443051255	0	0.00142216849430388	0	0.00252969438183771	0.99138443051255
PZ_3_7-1	DC/Macro	0.260852905785672	0	0.0480876756573656	0.256173859807566	0	0	0.0252930399799987	0.385152994774404	0.0244395239949943	0	0.385152994774404
PZ_3_7-2	DC/Macro	0.0550522059221642	0.0109265912161099	0.0444485249863194	0.0104533834971395	0	0	0	0.878683458782788	0.000435835595478821	0	0.878683458782788
PZ_3_7-3	B-CD83	0.614517686987067	0.0872395730757733	0	0.245571956331609	0	0.0526707836055507	0	0	0	0	0.614517686987067
PZ_3_7-4	NKT	0.0861038204147563	0.0196920721432193	0.858355202915615	0	0	0	0	0	0.0358489045264098	0	0.858355202915615
PZ_3_7-5	NKT	0.053619672258213	0.0956602042217928	0.359456605979366	0.0633969132980278	0	0	0	0.00304847425410718	0.264742191466993	0.1600759385215	0.359456605979366
PZ_3_7-6	Erythrocyte	0.0825905742866712	0.00543634371088975	0.00363085279246092	0.0944272037231783	0.224452435120613	0.0666590906180111	0.134115707618351	0	0.00989544989176791	0.378792342238057	0.378792342238057
PZ_3_7-7	B-CD83	0.625072861137537	0.0196044736965979	0	0.322296449305293	0	0.0219715130630693	0	0	0.0110547027975032	0	0.625072861137537
PZ_3_7-8	MPP	0.000292621205656078	0	0.000292621205656078	0.000255125859861647	0	0.999159631728826	0	0	0	0	0.999159631728826
PZ_3_8-1	B-CD83	0.732336516210005	0.0108032743069215	0.00300862524403516	0.163740299069691	0	0.0775223230875416	0	0	0.0125889620818054	0	0.732336516210005
PZ_3_8-2	B-CD83	0.383169737526688	0.215266277655345	0.183674295453067	0.175095991621634	0	0.00689039656547664	0.0221449542038599	0.0123648049569343	0.00139354201699384	0	0.383169737526688
PZ_3_8-3	NKT	0	0.00391337417690497	0.957709152317793	0	0	0	0	0	0.0383774735053026	0	0.957709152317793
PZ_3_8-4	Erythrocyte-Prol	0.0188211515697779	0	0	0.00166707247457075	0.887235127234205	0.00949750238471924	0.00163841596572309	0	0	0.0811407303710032	0.887235127234205
PZ_3_8-5	MPP	0.00571161502954515	0.00185373738328277	0.00111258039634136	0	0.0932438982416442	0.898078168949187	0	0	0	0	0.898078168949187
PZ_3_8-6	Erythrocyte	0.00402720463148179	0	0.00692046397238861	0.00461589320429294	0.313615711651117	0.00789141134803513	0.00552980351486316	0	0.00918462179552321	0.648214889882298	0.648214889882298
PZ_3_8-7	MPP	0.305574610528723	0.00827272721395133	0.00753734758697594	0.154965028747787	0	0.406731863794575	0	0.0591159230674362	0.0578024990605517	0	0.406731863794575
PZ_3_8-8	NKT	0	0.0215864151533434	0.904261325079053	0.00756911981231213	0	0	0	0	0.0665831399552915	0	0.904261325079053
PZ_3_9-1	B-CD83	0.758700127396406	0	0.000174913246323555	0.229301925434051	0	0	0.0118230339232194	0	0	0	0.758700127396406
PZ_3_9-2	T-TNFAIP3	0	0.95278185888004	0.0015719111152492	0.00948281233995076	0	0	0	0	0.0361634176647605	0	0.95278185888004
PZ_3_9-3	T-TNFAIP3	0.434104427327242	0.473060880406869	0	0.0395466496292863	0	0.00912424490768034	0	0.0163746686558057	0.0277891290731169	0	0.473060880406869
PZ_3_9-4	T-GIMAP7	0.0169989130027203	0.0479291531929813	0.0589412267601273	0.0212547393973278	0.017432331002758	0.248279295862632	0.0285744383438145	0	0.505251491056001	0.055338411381638	0.505251491056001
PZ_3_9-5	Erythrocyte-Prol	0.155088047661433	0.167429609564744	0.00475861243411944	0.0844368428644087	0.272902867023561	0.0555954404610459	0.103654081051636	0.00214433422193115	0.147282144378591	0.00670802033852917	0.272902867023561
PZ_3_9-6	Erythrocyte-Prol	0.00127794097355768	0.000181221837320459	0.000665494946189547	0.000911267380279173	0.772920902827002	0.224043172035651	0	0	0	0	0.772920902827002
PZ_3_9-7	DC/Macro	0.055300775685395	0	0.00163465947514085	0	0	0	0	0.943064564839464	0	0	0.943064564839464
PZ_3_9-8	B-CD83	0.426304414030239	0	0.0265666659490552	0.0701359115189328	0.130234400916749	0.00928361167231457	0.0441535960964171	0	0.20875979740709	0.084561602409203	0.426304414030239
PZ_3_10-1	MPP	0.00556802361196556	0	0	0	0.314123679114436	0.680308297273599	0	0	0	0	0.680308297273599
PZ_3_10-2	B-CD83	0.480014554293106	0.141187644538497	0.0127576831690387	0.0785386880107929	0	0.140679204818338	0.146822225170228	0	0	0	0.480014554293106
PZ_3_10-3	T-GIMAP7	0.168798593174553	0	0	0.257892905841344	0	0.0111581489121302	0	0.00936780494644937	0.552782547125523	0	0.552782547125523
PZ_3_10-4	Erythrocyte	0.237709087021531	0.0034294650878962	0.0507269061969897	0.0160719160155225	0.131334877374527	0.02787289274163	0	0.0561975559449903	0.16244229088453	0.314215008732384	0.314215008732384
PZ_3_10-5	NKT	0.0160853842186206	0.0199312138501542	0.918053480645647	0	0	0	0	0	0.0459299212855784	0	0.918053480645647
PZ_3_10-6	DC/Macro	0.011810834746528	0	0.0205278107186124	0	0	0	0	0.967512854902308	0.000148499632551628	0	0.967512854902308
PZ_3_10-7	B-CD83	0.541648459664362	0	0	0.421300947224759	0	0	0.0310806618871736	0	0.00596993122370478	0	0.541648459664362
PZ_3_10-8	T-GIMAP7	0.235333072991289	0	0.0939984751808872	0.0894943927256757	0	0	0	0	0.470067935001217	0.111106124100931	0.470067935001217
PZ_3_11-1	B-CD83	0.790441509058765	0.0525978397675005	0	0.122658249005934	0	0	0	0	0.0343024021678012	0	0.790441509058765
PZ_3_11-2	B-HLA-DRB5	0.353171996849356	0	0.00350925587896789	0.625460748449832	0	0	0	0	0.0178579988218441	0	0.625460748449832
PZ_3_11-3	MPP	0.196287112533347	0.00569077052366038	0	0.0574627725804865	0	0.725409451937106	0	0.00443805014180062	0.0107118422835994	0	0.725409451937106
PZ_3_11-4	B-CD83	0.479792853643838	0.0324084522611512	0.00291943089422135	0.300711833051679	0	0.00483540896320389	0.0840591627178123	0	0.0952728584680941	0	0.479792853643838
PZ_3_11-5	B-CD83	0.598360953648672	0.0212207298572507	0.0547506536977256	0.275296330649366	0	0.014079171557514	0.00857050942615026	0.0252669541400825	0.00245469702323852	0	0.598360953648672
PZ_3_11-6	B-CD83	0.895623004266969	0	0.00327450554215326	0.0818625197139865	0	0.019239970476891	0	0	0	0	0.895623004266969
PZ_3_11-7	B-CD83	0.516460016377228	0.0968106920926703	0.00198979481642988	0.242518190968841	0	0.032863329861398	0	0	0.109357975883433	0	0.516460016377228
PZ_3_11-8	Erythrocyte-Prol	0	0.00374391265861965	0.0019438934613131	0.0642988824678248	0.431466176971753	0.00291223321230331	0.0758373484719865	0	0.0100544415603694	0.409743111195829	0.431466176971753
PZ_3_12-1	MPP	0	0	0	0.0242712308152263	0	0.930011679346822	0	0.0321481900840787	0.0135688997538728	0	0.930011679346822
PZ_3_12-2	Erythrocyte	0.0354735722941258	0.00215665697536544	0.00151331889065694	0.0400944815425367	0.152725196478345	0.0313767107294287	0.0585688415875777	0.00610586941434982	0.00262574532625118	0.669359606761363	0.669359606761363
PZ_3_12-3	Erythrocyte	0.0576316069509274	0.114515111827415	0.0239930979513184	0.050956651677276	0.296252988482969	0.0203249818077545	0.000300380068838095	0	0.0484767489908422	0.387548432242659	0.387548432242659
PZ_3_12-4	Erythrocyte	0.0105136404500518	0.0412297045804709	0	0.0609730140027162	0.240226135778266	0	0.00208330375617764	0.00482997840751384	0.0458790319579589	0.594265191066845	0.594265191066845
PZ_3_12-5	NKT	0.00124211595693805	0.000166590437550034	0.990925642317141	0.00495243349025881	0	0	0	0	0.00271321779811281	0	0.990925642317141
PZ_3_12-6	T-TNFAIP3	0.0816614042615305	0.530343930767337	0	0.0751221907951023	0	0	0	0	0.31287247417603	0	0.530343930767337
PZ_3_12-7	B-HLA-DRB5	0.296125362321258	0.00426221879116709	0	0.619703848291917	0	0	0	0	0.0799085705956578	0	0.619703848291917
PZ_3_12-8	DC/Macro	0.203126389625822	0.0074771393412313	0.098549739859155	0.00583840552808031	0	0	0	0.684593036866179	0.00041528877953146	0	0.684593036866179
PZ_4_1-1	NKT	0	0.00635802527012552	0.984556466267912	0	0	0	0	0	0.00908550846196254	0	0.984556466267912
PZ_4_1-2	T-TNFAIP3	0	0.740965078163664	0.0194464615294622	0	0	0	0	0	0.239588460306874	0	0.740965078163664
PZ_4_1-4	NKT	0	0	0.978107043441823	0	0	0	0	0	0.0218929565581768	0	0.978107043441823
PZ_4_1-5	DC/Macro	0	0	0	0	0	0	0	0.999999999999999	0	0	0.999999999999999
PZ_4_1-6	B-CD83	0.211672442539974	0.122943935570561	0.108697423079381	0.0506066911370795	0.203427207574455	0.0293345429765745	0	0.0104107227740581	0.106173090960707	0.15673394338721	0.211672442539974
PZ_4_2-1	DC/Macro	0.00521560628491848	0	0.00427221280910507	0	0	0	0	0.990512180905977	0	0	0.990512180905977
PZ_4_2-2	DC/Macro	0.00276500185285357	0	0.000541120139891657	0	0	0	0	0.996693878007255	0	0	0.996693878007255
PZ_4_2-3	NKT	0	0.00356071429449205	0.989750347393829	0	0	0	0	0	0.00668893831167984	0	0.989750347393829
PZ_4_2-4	B-CD83	0.532522120616681	0.021687228892838	0.00756422665570139	0.353754049812327	0	0.0278600579313469	0.0392387106536701	0	0.0173736054374358	0	0.532522120616681
PZ_4_2-5	DC/Macro	0.280875667790008	0.0403953663869188	0.0341229521969466	0.0833851068977343	3.81125849447593e-05	0.0277449162610237	0.0449894200696779	0.415329893260425	0.0731185645523213	0	0.415329893260425
PZ_4_2-6	DC/Macro	0.000481715000285293	0	0.00931695454578592	0	0	0	0	0.990201330453929	0	0	0.990201330453929
PZ_4_2-7	NKT	0.0101357958850344	0.0140650957418278	0.895293694277314	0	0	0	0.000614689492588297	0	0.0798907246032352	0	0.895293694277314
PZ_4_3-1	B-CD83	0.899695708528722	0.013787131994843	0	0.0598025703984431	0	0	0.00515506505306692	0.020360129225202	0.0011993947997221	0	0.899695708528722
PZ_4_3-2	DC/Macro	0.0378188065483443	0.0476920866624114	0.00201133662766469	0.0108088839543818	0	0.128061827313932	0	0.758349500089209	0.0150214005876912	0.000236158216365346	0.758349500089209
PZ_4_3-3	B-CD83	0.592835108090506	0.00693047999193256	0	0.400132833065459	0	0	0	0	0.000101578852102394	0	0.592835108090506
PZ_4_3-4	B-Prol	0.139783144711534	0.22112341209747	0.0191273405669658	0.074431045236994	0	0.197359245309852	0.345117049067419	0	0.00305876300976524	0	0.345117049067419
PZ_4_3-5	T-GIMAP7	0.0119983647409051	0.146792379832547	0.153866707168446	0.0105466446798339	0.0954459659668389	0	0	0	0.536947356223493	0.044402581387935	0.536947356223493
PZ_4_3-6	T-GIMAP7	0.191919982460071	0.0686711834285531	0.0304645657881342	0.0425388203419215	0.0406622222486249	0.0440058364132841	0.024966040982046	0	0.496011413418099	0.0607599349192656	0.496011413418099
PZ_4_3-7	NKT	0	0.00533657327213261	0.989171546273553	0.00539882072012323	0	0	0	0	9.30597341911849e-05	0	0.989171546273553
PZ_4_3-8	T-TNFAIP3	0.000992247980137497	0.550751592341649	0.0427561788365303	0	0	0	0	0	0.405499980841683	0	0.550751592341649
PZ_4_4-1	Erythrocyte-Prol	0.23366469853039	0.0320687465973817	0	0.0664079768107519	0.283393912386301	0	0	0	0.109633897619911	0.274830768055264	0.283393912386301
PZ_4_4-2	NKT	0.0400041270636282	0.0111733837382689	0.670678430654903	0.00325970442297647	0	0	0	0	0.274884354120224	0	0.670678430654903
PZ_4_4-3	Erythrocyte	0.0249706924314577	0.0181821372952145	0.00172939360313999	0.0481467619474068	0.291731380726269	0.0247640450158102	0.0421332212678037	0.00391753897196132	0.0280632165174619	0.516361612223475	0.516361612223475
PZ_4_4-4	T-TNFAIP3	0	0.90078777553293	0.00462443272440003	0.00843123923563126	0	0	0	0	0.086156552507038	0	0.90078777553293
PZ_4_4-5	DC/Macro	0.0418477733158437	0.0623440899225304	0.00871562929487806	0.0179376317961679	0	0.000822073380792285	0	0.847947926784897	0.0203848755048912	0	0.847947926784897
PZ_4_4-6	Erythrocyte-Prol	0.105377141008773	0.036253158859558	0.0015847013700703	0.0467161010619217	0.50512435080852	0.0163880010696223	0.0320380814487572	0	0.0714894317535992	0.185029032619178	0.50512435080852
PZ_4_4-7	NKT	0	0.0012212018637416	0.991207900897758	0	0	0	0	0	0.00757089723850014	0	0.991207900897758
PZ_4_4-8	Erythrocyte	0.0391232067861611	0.0754044586676584	0	0.132748474454684	0.152735912277249	0.0921435847809567	0.174642354956742	0	0.021466365243516	0.311735642833033	0.311735642833033
PZ_4_5-1	B-Prol	0.125040576318915	0.0172772841486332	0	0.0693893536125026	0	0.0330567534128719	0.75066936989206	0	0.00456666261501749	0	0.75066936989206
PZ_4_5-2	B-CD83	0.706199536575099	0.0427164401716677	0.106905949753956	0.0283102668389614	0	0.0411087466930822	0.0607839801994947	0	0.0139750797677385	0	0.706199536575099
PZ_4_5-3	B-CD83	0.816681966248167	0.00394016787242315	0.00108871024859588	0.0543927643423809	0	0	0.0562140203758176	0	0.0676823709126152	0	0.816681966248167
PZ_4_5-4	B-CD83	0.513679416923612	0	0.026579703277862	0.404366434175908	0	0	0	0	0.0553744456226178	0	0.513679416923612
PZ_4_5-5	MPP	0.114168091590334	0.00771438140032939	0	0.021403661347429	0	0.445308716955178	0.00188765502839717	0.0237781523176582	0.385739341360674	0	0.445308716955178
PZ_4_5-7	T-GIMAP7	0.0675609306877173	0.386624059286177	0.00545174260523794	0	0.0803092377530285	0.00163996572074069	0	0.00543093139180738	0.397178267000274	0.0558048655550171	0.397178267000274
PZ_4_5-8	B-CD83	0.647213022037641	0	0	0.182315347019462	0	0.0263274174365884	0.0202970662372008	0	0.123847147269108	0	0.647213022037641
PZ_4_6-1	B-CD83	0.928570501389995	0.0519199284757788	0.0195095701342267	0	0	0	0	0	0	0	0.928570501389995
PZ_4_6-2	T-TNFAIP3	0.0208319012928609	0.42671952875067	0.0182218816044625	0.0481545508380933	0.0699295245861484	0	0	0	0.380625142060447	0.0355174708673178	0.42671952875067
PZ_4_6-3	B-Prol	0.0997325888257937	0.13408296381417	0.184398247506838	0.0906935824618788	0	0.117408786216974	0.19508955705322	0	0.10937927873541	0.0692149953857154	0.19508955705322
PZ_4_6-4	B-CD83	0.683303266712182	0.00955615924161062	0.227856043367773	0.0681668994320363	0	0	0	0	0.0111176312463976	0	0.683303266712182
PZ_4_6-5	B-CD83	0.662026876712953	0	0	0.280405940133589	0	0.00941063975964358	0.0103405981594516	0.0168664685268701	0.020949476707492	0	0.662026876712953
PZ_4_6-6	MPP	0.0146377322544292	0.00539076562582745	0.0012356321393892	0	0.0736921351602163	0.879846921616992	0	0	0.025196813203146	0	0.879846921616992
PZ_4_6-7	Erythrocyte	0.194969245592104	0.0970955225220309	0.0072576426462602	0.045383129227406	0.0423142407029261	0	0	0.00930862874448023	0.0235935528972694	0.580078037667523	0.580078037667523
PZ_4_6-8	T-TNFAIP3	0.0300938051831623	0.614550224253929	0.0029964558609824	0.0401576964258918	0.00900675891937019	0.0196481998053322	0.0366479522472498	0	0.22432365943816	0.022575247865923	0.614550224253929
PZ_4_7-1	B-HLA-DRB5	0.115811533891044	0.00924129407047284	0.0392598502523001	0.447201404079529	0.0419526811939397	0.0837186562791766	0.157562056261979	0.0239545711654488	0.0716367542115449	0.00966119859456567	0.447201404079529
PZ_4_7-2	B-CD83	0.410674032394669	0.0204701670752101	0.0497359506244102	0.314815786915225	0.00711642884414784	0	0	0.0346110966445831	0.0729256197463078	0.0896509177554464	0.410674032394669
PZ_4_7-3	B-CD83	0.859874880658298	0.0493401880175705	0	0.0717913922577887	0	0.00471411219868964	0	0.0121926896326668	0.00208673723498644	0	0.859874880658298
PZ_4_7-4	B-CD83	0.79161466662826	0	0.000586713549579985	0.185136033569437	0	0.0150629869178418	0	0	0.00759959933488113	0	0.79161466662826
PZ_4_7-5	NKT	0.0960505523838782	0.0336382659666351	0.441945107613386	0.0167472880930353	0.0503798311526347	0	0.00801096657624258	0.0203954667139446	0.309421295323503	0.0234112261767407	0.441945107613386
PZ_4_7-6	B-CD83	0.246987484852004	0.0387604884770123	0.0580949723057287	0.113238850258103	0.234429715334715	0	0.0768786834068927	0.0807123755776786	0.0730541813769851	0.0778432484108797	0.246987484852004
PZ_4_7-7	B-CD83	0.652699528498077	0	0	0.0576878508831476	0	0	0.282209034528014	0	0.00740358609076177	0	0.652699528498077
PZ_4_7-8	B-CD83	0.573209279991605	0.363944650306601	0	0.04151152489972	0	0.0213345448020749	0	0	0	0	0.573209279991605
PZ_4_8-1	T-TNFAIP3	0.00308579208217945	0.711601382007287	0	0.00562598353205874	0.0331944849100083	0	0	0	0.206250203323844	0.0402421541446225	0.711601382007287
PZ_4_8-2	Erythrocyte-Prol	0.054019762645521	0.0287013796587768	0.00847132719358881	0.0226178832628067	0.484835243709518	0.0126734380808793	0.0147657141306468	0	0.0486376265258243	0.325277624792438	0.484835243709518
PZ_4_8-3	B-CD83	0.843805873473733	0.0426278833185601	0	0.0980338463971603	0	0.015532396810546	0	0	0	0	0.843805873473733
PZ_4_8-4	T-TNFAIP3	0.0283530582832027	0.415865366570781	0.0156933810117782	0	0.19790088697344	0.176908799618399	0	0.0140199170572734	0.136595119597895	0.0146634708872317	0.415865366570781
PZ_4_8-5	B-CD83	0.571874033439307	0.00878800492708161	0.00336356186830238	0.209028756039283	0.0923926780452504	0.0273421089989593	0.0596250343386329	0	0.00550030006556184	0.0220855222776216	0.571874033439307
PZ_4_8-7	B-CD83	0.858002512112513	0.0111863635952675	0.00105334033199383	0.125343070798192	0	0	0	0.000699691609726657	0.00371502155230672	0	0.858002512112513
PZ_4_8-8	T-TNFAIP3	0.000100780111767514	0.929131885425922	0.0150394895443492	0	0	0	0	0	0.0557278449179616	0	0.929131885425922
PZ_4_9-1	Erythrocyte	0.102586121712093	0.015304063993225	0.0485639003431891	0.224588598249294	0.215563103307231	0	0	0	0.0734343504507725	0.319959861944195	0.319959861944195
PZ_4_9-3	Erythrocyte-Prol	0.0523675936023862	0.00994570418922577	0	0.00201125755383051	0.646269185988575	0	0.00603487275621284	0	0.0152014329849168	0.268169952924852	0.646269185988575
PZ_4_9-4	T-TNFAIP3	0	0.947932075499544	0.00999254614020015	0	0	0	0	0	0.042075378360256	0	0.947932075499544
PZ_4_9-5	B-CD83	0.742136740339656	0.00656528486668287	0	0.216195628479035	0	0.0111085369921584	0.00410072499062203	0.0198930843318462	0	0	0.742136740339656
PZ_4_9-6	B-CD83	0.661329691461666	0.00579914931233742	0.00267186608274883	0.286425664487854	0	0	0.031464242363869	0	0.0123093862915243	0	0.661329691461666
PZ_4_9-7	T-GIMAP7	0.11761487135797	0.320067044533247	0.0259714194153354	0.019306079316423	0.0301835526465445	0	0	0	0.472836114183533	0.0140209185469468	0.472836114183533
PZ_4_10-1	B-CD83	0.59992013124616	0.022864916717782	0.0160366649584282	0.315448453642066	0	0.022864916717782	0.022864916717782	0	0	0	0.59992013124616
PZ_4_10-2	T-TNFAIP3	0.0140354217459553	0.571400563802028	0.12598191698644	0	0	0	0	0.0109990371811049	0.277583060284472	0	0.571400563802028
PZ_4_10-3	Erythrocyte-Prol	0.00155395521837723	0	0	0.00177375148851269	0.776478211929701	0.220194081363409	0	0	0	0	0.776478211929701
PZ_4_10-4	B-HLA-DRB5	0.369786682852376	0	0	0.480212722456793	0	0	0.0355343563586297	0	0.114466238332201	0	0.480212722456793
PZ_4_10-6	B-CD83	0.374494750631058	0.189386019735795	0.0110735702801818	0.0399369627502334	0.341985416881925	0.00169701681497353	0	0.000768655778306219	0.0124937993492063	0.0281638077783204	0.374494750631058
PZ_4_10-8	Erythrocyte	0.0464332954258391	0.00312843405014516	0.0265547902529467	0.0144873397909557	0.210000044710022	0.010461587564268	0.0195030675281611	0.00713648745751057	0.0181839684800306	0.644110984740121	0.644110984740121
PZ_4_11-1	NKT	0	0.0855249541899299	0.617016261582522	0	0	0	0	0	0.297458784227548	0	0.617016261582522
PZ_4_11-2	MPP	0.00190562992398331	0.0227052037865802	0.00126223876781268	0.0168404183557731	0	0.805600461208034	0	0.0052348622801142	0.146347844151889	0.000103341525812967	0.805600461208034
PZ_4_11-3	Erythrocyte-Prol	0.157419101164837	0.0643403823257806	0.0142964253198019	0.14989745618308	0.30857422859306	0.0123724060021403	0	0.00504383559024618	0.0558879014902962	0.232168263330758	0.30857422859306
PZ_4_11-4	B-CD83	0.512691843281246	0.00724182496998106	0.0563580084132381	0.030046981484879	0.238416941219761	0	0	0.0114748796428314	0.0217233706126995	0.122046150375364	0.512691843281246
PZ_4_11-5	NKT	0.0197339504151803	0.00291089932513439	0.834891721111496	0	0	0	0	0	0.14246342914819	0	0.834891721111496
PZ_4_11-6	B-CD83	0.719783243889321	0.0198508983995096	0	0.205188575087813	0	0.0277547866526927	0	0	0.0274224959706632	0	0.719783243889321
PZ_4_11-7	Erythrocyte	0.017495577727188	0.189068984606144	0.000446709049221835	0.00666782613986612	0.190694745507042	0.000669949592212702	0.0102267667171903	0	0.203104846601449	0.381624594059685	0.381624594059685
PZ_4_11-8	T-TNFAIP3	0.118873002222909	0.813849058535105	0.00584280311447947	0.000317098279369914	0	0	0	0	0.0611180378481372	0	0.813849058535105
PZ_4_12-1	B-CD83	0.620028405280927	0.00338331128781617	0	0.354385036662508	0	0	0	0	0	0.0222032467687494	0.620028405280927
PZ_4_12-2	NKT	0.000976830922073905	0.0229009192764966	0.968333921251773	0	0	0	0	0	0.00778832854965681	0	0.968333921251773
PZ_4_12-3	Erythrocyte	0.0803059682768563	0.0814611123597534	0.0202152642479006	0.0566800313792834	0.256815899804995	0.0167110362150466	0	0	0.0416081296377447	0.44620255807842	0.44620255807842
PZ_4_12-4	MPP	0.000629972792603796	0	0.000810675686803724	0.00271839330406558	0	0.930313581583336	0	0.0606840937624124	0.00484328287077839	0	0.930313581583336
PZ_4_12-5	NKT	0.00182813768758475	0	0.88460846555644	0.10872845384836	0	0	0	0	0.00483494290761562	0	0.88460846555644
PZ_4_12-6	B-CD83	0.633802144949352	0.000112296553939266	0	0.293794737507885	0	0.0679060223618465	0	0	0.00438479862697722	0	0.633802144949352
PZ_4_12-7	B-CD83	0.86682378684023	0.0125786642866712	0	0.0438365562654025	0	0.00300969617110525	0	0.00541313175479035	0.0683381646818009	0	0.86682378684023
PZ_5_1-1	B-CD83	0.962426826228183	0	0.00492394140710611	0.0314166425328474	0	0	0	0	0.00123258983186308	0	0.962426826228183
PZ_5_1-2	DC/Macro	0.275077216158435	0.000861227188187999	0.0810834300591911	0.003094831308986	0	0	0	0.639883295285201	0	0	0.639883295285201
PZ_5_1-3	B-CD83	0.878420281222943	0.00127093575415489	0	0.0779984380185701	0	0.0407855935076419	0	0	0.00152475149669028	0	0.878420281222943
PZ_5_1-4	Erythrocyte-Prol	0	0	0	0.00177889904629005	0.815705814771309	0.175342562280697	0	0	0	0.00717272390170382	0.815705814771309
PZ_5_1-5	NKT	0	0	0.999689958489815	0.000310041510184975	0	0	0	0	0	0	0.999689958489815
PZ_5_1-6	NKT	0	0.173964792195458	0.646986067833105	0	0	0	0	0	0.179049139971438	0	0.646986067833105
PZ_5_1-8	NKT	0	0.053506382827887	0.850302358629984	0	0	0	0	0	0.096191258542129	0	0.850302358629984
PZ_5_2-1	B-HLA-DRB5	0.303350354732005	0.00737038031497118	0.0130852232641831	0.676194041688841	0	0	0	0	0	0	0.676194041688841
PZ_5_2-2	Erythrocyte-Prol	0.00114440202121259	7.65700728989886e-05	4.59429922332482e-05	0.000456540577665408	0.787468607812523	0.210807936523467	0	0	0	0	0.787468607812523
PZ_5_2-3	NKT	0	0.0397890696109891	0.938070764869286	0.00847464346176504	0	0	0	0	0.0136655220579602	0	0.938070764869286
PZ_5_2-4	DC/Macro	0.012255135620499	0	0	0.00782759955658106	0	0.267096373137964	0	0.709771083071033	0.00304980861392293	0	0.709771083071033
PZ_5_2-5	T-TNFAIP3	0.00444926561903134	0.443394048336336	0.176412977301455	0.00156734429554776	0	0	0	0	0.37417636444763	0	0.443394048336336
PZ_5_2-6	B-CD83	0.904358661240345	0	0.0011221257111502	0.0489432527185331	0	0.0455759603299718	0	0	0	0	0.904358661240345
PZ_5_2-7	B-CD83	0.593909169758143	0	0	0.40560637106077	0	0	0	0	0.000484459181087274	0	0.593909169758143
PZ_5_2-8	B-CD83	0.68924754685873	0.00970016749833355	0.000617046943289712	0.265152381316791	0	0.0352828573828562	0	0	0	0	0.68924754685873
PZ_5_3-1	T-TNFAIP3	0	0.6349857935864	0.00368206775809506	0.0152366383158594	0	0	0	0	0.346095500339646	0	0.6349857935864
PZ_5_3-2	NKT	0.038231523663734	0.0442620837677658	0.867241476526175	0.0156217805377792	0	0	0	0	0.0346431355045463	0	0.867241476526175
PZ_5_3-3	T-GIMAP7	0.08609347957928	0.0565281690787354	0.00344160963374246	0.0115410767257096	0	0.0668233413124332	0	0.00372927284611293	0.771843050823986	0	0.771843050823986
PZ_5_3-4	Erythrocyte	0.0907244434593241	0.0758588812468343	0.00479758925071933	0.0185753231769705	0.162826776596163	0	0	0.2402715370915	0.0489193364828973	0.358026112695592	0.358026112695592
PZ_5_3-5	B-CD83	0.766928304867705	0.00237450459335845	0	0.108981704371857	0	0.118946365267823	0	0	0.00276912089925724	0	0.766928304867705
PZ_5_3-6	B-CD83	0.848839798503835	0.00601082248457088	0	0.0712290122309751	0	0.00829376195772711	0.00755219995519579	0.0148803723610601	0.0431940325066358	0	0.848839798503835
PZ_5_3-7	B-CD83	0.555067005999176	0.179107225596884	9.8612641760398e-06	0.265792897661477	0	0	0	0	2.30094782878301e-05	0	0.555067005999176
PZ_5_3-8	NKT	0	0.409483337511392	0.451518779893247	0	0	0	0	0	0.138997882595361	0	0.451518779893247
PZ_5_4-1	NKT	0	0.0212508719826577	0.968486442724947	0.00423505040052498	0	0	0	0	0.00602763489187033	0	0.968486442724947
PZ_5_4-2	B-CD83	0.788229310470559	0.0181011699065176	0.104566184265662	0.0891033353572616	0	0	0	0	0	0	0.788229310470559
PZ_5_4-3	NKT	0.0378848225535395	0.0163869353506254	0.808258496026764	0	0	0	0	0	0.137469746069071	0	0.808258496026764
PZ_5_4-4	Erythrocyte-Prol	0.106607674474902	0.0758964949710857	0.0285398456922222	0.021488128947443	0.480264272691184	0.107989611448268	0.00604559777207931	0	0.101264691667968	0.0719036823348464	0.480264272691184
PZ_5_4-5	B-HLA-DRB5	0.423899470741443	0	0.00602814944469602	0.510172242581279	0	0.0544354848229498	0	0	0.00546465240963192	0	0.510172242581279
PZ_5_4-6	B-CD83	0.659285536393386	0.00906079219597432	0	0.253695606002152	0	0.0779580654084877	0	0	0	0	0.659285536393386
PZ_5_4-7	B-CD83	0.48030504867197	0.0594096160815025	0.141351631323683	0.152164914230265	0	0	0	0	0.0642555710848899	0.10251321860769	0.48030504867197
PZ_5_4-8	B-CD83	0.521087278186135	0.437248248839914	0	0.0175835595256106	0	0.0240809134483406	0	0	0	0	0.521087278186135
PZ_5_5-1	DC/Macro	0.00690544783625777	0	0.000230097134470891	0	0	0	0	0.992864455029271	0	0	0.992864455029271
PZ_5_5-2	NKT	0.0124585271399785	0.0414211696960615	0.747039560035318	0.0304530065767128	0	0	0	0	0.16862773655193	0	0.747039560035318
PZ_5_5-3	B-CD83	0.566759130399322	0.000606774395553578	0	0.0897014043838602	0	0.342224934910024	0	0	0.000707755911241088	0	0.566759130399322
PZ_5_5-4	T-TNFAIP3	0.0144917169676421	0.641997042572948	0.156266934651021	0	0	0	0	0	0.187244305808388	0	0.641997042572948
PZ_5_5-5	Erythrocyte	0.0178995054425003	0.00701008186448054	0.00169875700944118	0.0073129826145329	0.214724118246631	0.00254452751207333	0.00782171995739099	0	0.00659406073079593	0.734394246622154	0.734394246622154
PZ_5_5-6	Erythrocyte	0.0138563384457846	0	0.00329389091337231	0.0296303740500542	0.435166339965904	0.00493112294748799	0.0312788754629261	0	0.00574732175742498	0.476095736457045	0.476095736457045
PZ_5_5-7	B-CD83	0.70795713658949	0.145282522775381	0	0.0326949738437197	0	0	0	0.00221277066857457	0.111852596122835	0	0.70795713658949
PZ_5_5-8	DC/Macro	0.0124899863411019	0	0.00996737436006818	0.0121756695531279	0	0.112788517088959	0	0.841972793163273	0.000714926364538783	0.00989073312893113	0.841972793163273
PZ_5_6-1	NKT	0.00117831824546041	0.0196846174599252	0.966976115647237	0	0	0	0	0	0.0121609486473776	0	0.966976115647237
PZ_5_6-2	B-CD83	0.746929061118219	0	0	0.193106448024237	0	0.0599644908575446	0	0	0	0	0.746929061118219
PZ_5_6-3	B-CD83	0.803184020585815	0.0765737414729266	0	0.114003932953209	0	0	0	0	0.00623830498804903	0	0.803184020585815
PZ_5_6-4	B-CD83	0.898537844857057	0.00604905579573728	0	0.0441602444450749	0	0.0448055739568155	0	0	0.00644728094531523	0	0.898537844857057
PZ_5_6-5	Erythrocyte-Prol	0.0196423072327548	0	0	0.00395773954617272	0.793246429223641	0.0334999463435385	0.00692824615576963	0	0	0.142725331498123	0.793246429223641
PZ_5_6-6	T-TNFAIP3	0.272687739535441	0.315447741488877	0.0068074527389776	0.0826318367728388	0.00442803089353012	0.0135720033328316	0.0181212663972374	0	0.170700366454344	0.115603562385922	0.315447741488877
PZ_5_6-7	B-HLA-DRB5	0.349114022544233	0	0.00162949529027029	0.620501842166128	0	0.00572522906748317	0	0	0.0230294109318862	0	0.620501842166128
PZ_5_6-8	B-CD83	0.265053279606182	0.0771202390366661	0.0364280709959972	0.122739374459761	0.160000475836011	0.0440783925830232	0.0641367190113101	0.0101410873216036	0.0448294181620035	0.175472942987443	0.265053279606182
PZ_5_7-1	B-CD83	0.839522150416385	0.0495433883386093	0	0.0822107861342597	0	0.0150256681665455	0.0136980069442009	0	0	0	0.839522150416385
PZ_5_7-2	B-CD83	0.625851498290912	0.000934445048688285	0	0.3732140566604	0	0	0	0	0	0	0.625851498290912
PZ_5_7-3	MPP	0.00622835991787861	0	0	0.00189719974407072	0.0153376814426074	0.975481268803454	0	0	0.00105549009198925	0	0.975481268803454
PZ_5_7-4	B-CD83	0.840931125002686	0	0.0323317541990566	0.0617517694947938	0	0	0	0	0.0649853513034639	0	0.840931125002686
PZ_5_7-5	NKT	0	0.204016678731254	0.795616991768767	0	0	0	0	0	0.000366329499978562	0	0.795616991768767
PZ_5_7-6	Erythrocyte	0.148163077524542	0.00822020278181182	0.0143318459048122	0.0625497588790298	0.317663524726938	0.0214297311591232	0.0178182426653254	0	0.0567881763021779	0.35303544005624	0.35303544005624
PZ_5_7-7	B-CD83	0.603493603090226	0.0174542849481851	0.00405437519470564	0.374997736766882	0	0	0	0	0	0	0.603493603090226
PZ_5_7-8	B-Prol	0.0516293227197905	0.0684935455329614	0	0.151895951672488	0.13461806716948	0.1471979982106	0.277161108722129	0	0.0231058468568664	0.145898159115685	0.277161108722129
PZ_5_8-1	NKT	0.0216988434316007	0.12969302136527	0.481245573622289	0.0259620871679272	0	0	0	0	0.341400474412913	0	0.481245573622289
PZ_5_8-2	B-CD83	0.628163358282561	0.067205198526205	0.0164617410099899	0.266924656362717	0	0	0	0	0.0212450458185267	0	0.628163358282561
PZ_5_8-3	NKT	0.00887086882456697	0.0453730341377152	0.945756097037718	0	0	0	0	0	0	0	0.945756097037718
PZ_5_8-4	Erythrocyte-Prol	0.0205092795410901	0.00141509931198838	0.00308301275806194	0.0055110252219045	0.750353806792429	0.0033783762089075	0	0.00806773784438073	0.00393873844602402	0.203742923875214	0.750353806792429
PZ_5_8-5	B-CD83	0.673942235225339	0.025497697321434	0.14980703221269	0.0846251817204125	0	0.0240196546617533	0.0421081988583717	0	0	0	0.673942235225339
PZ_5_8-6	B-CD83	0.590198925373375	0	0	0.402033433088928	0	0.0077676415376971	0	0	0	0	0.590198925373375
PZ_5_8-7	B-CD83	0.731284303948337	0.00601364951399508	0.116366395367016	0.120052616734634	0	0	0.0214126707878239	0	0.00487036364819343	0	0.731284303948337
PZ_5_8-8	B-CD83	0.469163140305041	0.0202354036732502	0.00805644414418573	0.247011162147596	0	0.0145761113873681	0.0439157860643651	0	0.197041952278194	0	0.469163140305041
PZ_5_9-1	B-CD83	0.660836764828366	0.164818716440423	0	0.114656556773658	0	0	0.00175368091572913	0	0.0579342810418239	0	0.660836764828366
PZ_5_9-2	B-CD83	0.833534833729565	0.00454976992411867	0.0180887205123177	0.142835261973522	0	0	0	0	0.000991413860475762	0	0.833534833729565
PZ_5_9-3	Erythrocyte	0.0238943477827215	0.00278689989743045	0	0.00530251532110366	0.450263961689066	0	0.00780362827404837	0	0.00495743595039045	0.504991211085239	0.504991211085239
PZ_5_9-4	Erythrocyte	0.0111528473772759	0.0117275222886585	0	0.0364790986628033	0.214211746307163	0.036526384384943	0.0681835138469665	0	0.0129472977880795	0.60877158934411	0.60877158934411
PZ_5_9-5	B-Prol	0.26780763788958	0.0199504206364888	0	0.196935866870945	0	0.00951778993727731	0.485903777996629	0	0.0198845066690804	0	0.485903777996629
PZ_5_9-6	Erythrocyte	0.0127774820875982	0.00133989363149254	0.00299276012608697	0.0140986531755651	0.251337959831157	0.00491938532596931	0.00623683243517135	0	0.00356416154756318	0.702732871839396	0.702732871839396
PZ_5_9-7	Erythrocyte-Prol	0.0776252502426718	0	0	0.00549424722637853	0.582171474411996	0.0078467736936963	0.00583862507802355	0	0	0.321023629347233	0.582171474411996
PZ_5_9-8	T-TNFAIP3	0.0374958022375008	0.680563100826863	0.219555177683102	0.0123204416648085	0	0	0	0	0.0500654775877251	0	0.680563100826863
PZ_5_10-1	B-CD83	0.667078579362192	0	0.00932623535880416	0.0838033293401023	0	0.0148290505966172	5.0800379107462e-06	0.0266111464013197	0.198346578903054	0	0.667078579362192
PZ_5_10-2	B-CD83	0.786699932545883	0	0	0.212520389350368	0	0	0	0	0.000779678103749671	0	0.786699932545883
PZ_5_10-3	B-CD83	0.645152133813645	0.0430462371129355	0.0211401134039133	0.26094776893883	0	9.50713152704781e-05	0.00575472940273937	0.000171122167840252	0.0236928238448259	0	0.645152133813645
PZ_5_10-4	DC/Macro	0	0	0	0	0	0	0	1	0	0	1
PZ_5_10-5	Erythrocyte	0.0390150663873329	0.0242641428407681	0.0563818780500816	0.0307717623198906	0.289519532956018	0.0682531893515486	0	0	0.0876133332493209	0.40418109484504	0.40418109484504
PZ_5_10-6	B-CD83	0.874653158818575	0	0	0.113747092992948	0	0.00414929442938335	0	0.00745045375909373	0	0	0.874653158818575
PZ_5_10-7	Erythrocyte-Prol	0.0403261804122969	0.0358392673887704	0.17129357794994	0.00515190830454935	0.660372200899505	0	0.000305026685350913	0.00527273579472837	0.0814391025648596	0	0.660372200899505
PZ_5_10-8	B-CD83	0.760796782724143	0	0	0.199904111211044	0	0.00218308401452912	0	0.00392618501257603	0.0331898370377076	0	0.760796782724143
PZ_5_11-2	Erythrocyte-Prol	0.0248955048735808	0.000171048522628961	0.00369777136874454	0.0275797478977845	0.452360710631451	0.0136671221818131	0.0367241954083106	0	0.00467759647534958	0.436226302640338	0.452360710631451
PZ_5_11-3	T-TNFAIP3	0.000265561475846084	0.675470359734617	0.0124255938015164	0.00765089860547836	0	0	0	0	0.304187586382542	0	0.675470359734617
PZ_5_11-4	Erythrocyte-Prol	0.00160559274621821	0	0.000838454389381901	0.0149284230043385	0.563008750122892	0.00125678132375008	0.0163062344187447	0	0.00146572010187433	0.4005900438928	0.563008750122892
PZ_5_11-5	B-CD83	0.935767369227793	0	0.000851578009812759	0.0613837415802853	0	0	0	0	0.00199731118210843	0	0.935767369227793
PZ_5_11-6	MPP	0.00211163420481851	0	0.00103432790543725	0.00374474466833082	0	0.982338849346578	0	0	0.0107704438748356	0	0.982338849346578
PZ_5_11-7	MPP	0.157097948273868	0.00806961922466607	0.00915628658053723	0.110078899313138	0.144388457731264	0.548800536961631	0	0.00193088313652337	0.00655429260714071	0.0139230761712313	0.548800536961631
PZ_5_11-8	DC/Macro	0.000999767971179693	0	0.00020019659448484	0	0	0	0	0.998800035434335	0	0	0.998800035434335
PZ_5_12-1	B-CD83	0.674476777244644	0.00273883015237265	0.00593510111111683	0.244935388771901	0	0.067879796888706	0	0	0.00403410583125889	0	0.674476777244644
PZ_5_12-2	DC/Macro	0.025937081801006	0	0.0391169631908958	0.00173959341288947	0	0	0	0.932617885199725	0.000588476395483175	0	0.932617885199725
PZ_5_12-3	DC/Macro	0.20639981291661	0.112825482616518	0.112869468097312	0	0	0	0	0.56790523636956	0	0	0.56790523636956
PZ_5_12-4	DC/Macro	0	0	0	0	0	0	0	1	0	0	1
PZ_5_12-5	B-CD83	0.521905744630254	0.0812288644281352	0.302361652963584	0.068838760438489	0	0	0	0	0.0256649775395379	0	0.521905744630254
PZ_5_12-6	B-CD83	0.777788621221104	0	0	0.220542444606581	0	0	0	0	0.00166893417231538	0	0.777788621221104
PZ_5_12-7	NKT	0.213231685624504	0	0.73172424345751	0.0550440709179858	0	0	0	0	0	0	0.73172424345751
PZ_5_12-8	B-HLA-DRB5	0.405772632607584	0.00976869220054618	0	0.573088142707191	0	0	0	0	0.0113705324846786	0	0.573088142707191
