human	501_S26_L004_cell1	1361926	203569	25956	5609	1126792	152158	586	151572	22	9416	8.4333
human	501_S26_L004_cell2	1331673	311759	22143	7433	990338	101256	706	100550	23	8590	7.7667
human	501_S26_L004_cell3	44763	9141	786	984	33852	26043	324	25719	17	5011	4.9500
human	501_S26_L004_cell4	1117178	248033	19783	5470	843892	130846	706	130140	18	8949	6.9000
human	501_S26_L004_cell5	1046760	212235	17369	5678	811478	88713	475	88238	17	8293	6.7833
human	501_S26_L004_cell6	974239	212878	14963	3616	742782	104642	463	104179	19	9086	6.5500
human	501_S26_L004_cell7	56058	9419	917	5290	40432	31745	605	31140	19	5314	4.7500
human	501_S26_L004_cell8	624421	101610	10713	2165	509933	105087	443	104644	17	8193	6.0833
human	501_S26_L004_cell9	1593541	305509	26354	8373	1253305	144976	724	144252	22	9281	8.3167
human	501_S26_L004_cell10	2499364	493366	47419	10246	1948333	167564	817	166747	22	9672	11.3833
human	501_S26_L004_cell11	61233	12494	1007	4683	43049	32190	507	31683	19	5472	4.7500
human	501_S26_L004_cell12	1756917	320825	40120	5613	1390359	216290	951	215339	19	9665	9.1667
human	501_S26_L004_cell13	1663203	309464	27116	3962	1322661	160544	486	160058	18	9661	8.9333
human	501_S26_L004_cell14	1490353	311790	29047	2610	1146906	168632	414	168218	16	9674	8.5333
human	501_S26_L004_cell15	1602982	315110	29812	8748	1249312	168646	755	167891	18	9396	8.2667
human	501_S26_L004_cell16	961181	137900	19364	3750	800167	143366	520	142846	17	8871	6.8167
human	501_S26_L004_cell17	928485	189200	16186	1919	721180	83350	293	83057	15	8050	6.5833
human	501_S26_L004_cell18	32151	5964	443	3848	21896	17323	479	16844	14	4065	4.6833
human	501_S26_L004_cell19	438136	78022	7229	751	352134	71324	205	71119	14	7644	5.6333
human	501_S26_L004_cell20	603935	101687	10503	1921	489824	94651	381	94270	18	7346	5.9000
human	501_S26_L004_cell21	781288	148346	12000	1909	619033	84580	259	84321	15	8172	6.2833
human	501_S26_L004_cell22	472567	79843	8954	1006	382764	75549	224	75325	15	7782	5.5833
human	501_S26_L004_cell23	873937	144109	16489	1435	711904	121373	307	121066	16	8863	7.2000
human	501_S26_L004_cell24	14264	2419	208	819	10818	9412	228	9184	13	2943	4.3833
human	501_S26_L004_cell25	1422260	261506	27942	9474	1123338	137677	733	136944	20	9137	7.8667
human	501_S26_L004_cell26	82282	13349	1323	13376	54234	36264	894	35370	24	5812	4.8333
human	501_S26_L004_cell27	1178709	237450	22511	5413	913335	113777	546	113231	17	9046	7.2167
human	501_S26_L004_cell28	1636889	269664	33298	9671	1324256	201698	952	200746	19	9686	8.4667
human	501_S26_L004_cell29	81123	14153	1397	8432	57141	41715	594	41121	20	6190	4.8500
human	501_S26_L004_cell30	1305858	224993	26931	3991	1049943	150474	531	149943	19	9691	7.6000
human	501_S26_L004_cell31	1706358	299015	35798	5169	1366376	189770	690	189080	19	9796	9.0833
human	501_S26_L004_cell32	934591	154678	18377	3038	758498	129541	550	128991	21	8869	6.6333
human	501_S26_L004_cell33	723902	127389	10752	1714	584047	75077	282	74795	15	7673	6.1500
human	501_S26_L004_cell34	782891	135210	14192	2246	631243	68272	375	67897	20	7546	6.3167
human	501_S26_L004_cell35	599237	230878	7416	752	360191	75882	187	75695	13	7958	5.9833
human	501_S26_L004_cell36	485822	100544	8647	1071	375560	95141	345	94796	13	7749	5.7000
human	501_S26_L004_cell37	828932	144359	13937	971	669665	105287	216	105071	17	8725	7.0500
human	501_S26_L004_cell38	445000	90716	7313	818	346153	61843	213	61630	12	7581	5.5667
human	501_S26_L004_cell39	599228	112855	9766	1487	475120	73012	276	72736	16	7601	5.9000
human	501_S26_L004_cell40	337792	64528	5819	712	266733	53353	199	53154	10	6852	5.3500
human	501_S26_L004_cell41	1847021	257140	35019	7038	1547824	196407	673	195734	17	9788	9.3167
human	501_S26_L004_cell42	86916	14186	1437	11739	59554	40049	863	39186	21	6008	4.8333
human	501_S26_L004_cell43	68843	13884	1130	3556	50273	36127	531	35596	18	5752	4.8000
human	501_S26_L004_cell44	1687115	263044	32883	6029	1385159	213779	820	212959	17	10000	8.9500
human	501_S26_L004_cell45	948169	167259	17611	4642	758657	97131	508	96623	21	8484	6.6500
human	501_S26_L004_cell46	985428	157466	19938	3067	804957	135325	472	134853	21	9043	6.7833
human	501_S26_L004_cell47	92942	15715	1529	6596	69102	49934	741	49193	24	6365	4.8833
human	501_S26_L004_cell48	42348	6506	712	4553	30577	24391	628	23763	16	4848	4.7500
human	501_S26_L004_cell49	98841	17642	1938	428	78833	52579	264	52315	11	6490	4.9000
human	501_S26_L004_cell50	72184	12774	1135	11385	46890	32722	877	31845	21	5563	4.8333
human	501_S26_L004_cell51	3072213	605523	62742	12376	2391572	194559	854	193705	22	10346	12.2667
human	501_S26_L004_cell52	1708199	332452	33031	9685	1333031	213796	1095	212701	23	9829	8.7000
human	501_S26_L004_cell53	1561639	297669	35770	7190	1221010	126843	584	126259	22	9106	8.2500
human	501_S26_L004_cell54	1616406	240727	31036	3950	1340693	183909	543	183366	22	9753	8.4167
human	501_S26_L004_cell55	2956473	446302	67066	4374	2438731	379650	713	378937	22	11471	14.7833
human	501_S26_L004_cell56	1187085	218783	24337	6998	936967	147320	878	146442	20	9044	7.2500
human	501_S26_L004_cell57	1230561	227157	18068	6876	978460	130327	711	129616	20	8976	7.3333
human	501_S26_L004_cell58	2397874	406485	44233	9440	1937716	178736	878	177858	21	9838	10.8333
human	501_S26_L004_cell59	157270	50111	2469	12317	92373	48442	661	47781	22	6475	4.9833
human	501_S26_L004_cell60	1590160	291218	30310	5251	1263381	199195	821	198374	24	9931	8.6167
human	501_S26_L004_cell61	173447	80004	2597	3277	87569	50739	488	50251	18	6867	5.0333
human	501_S26_L004_cell62	70192	12594	1244	4501	51853	38194	554	37640	23	6033	4.8167
human	501_S26_L004_cell63	1818586	345305	32719	5147	1435415	198729	651	198078	28	9999	9.1500
human	501_S26_L004_cell64	47178	7521	810	4662	34185	26695	640	26055	18	4971	4.7500
human	501_S26_L004_cell65	957852	168463	16259	4401	768729	119215	559	118656	20	8929	6.8500
human	501_S26_L004_cell66	1126150	159824	19942	5111	941273	110880	640	110240	20	8932	7.0333
human	501_S26_L004_cell67	1191789	219202	23459	4604	944524	105137	495	104642	18	8849	7.5167
human	501_S26_L004_cell68	852438	162840	15052	4020	670526	121765	644	121121	18	8688	6.5500
human	501_S26_L004_cell69	1158503	226698	19995	1807	910003	132017	354	131663	16	9356	7.4667
human	501_S26_L004_cell70	731259	127449	13670	2382	587758	99285	376	98909	21	8618	6.2000
human	501_S26_L004_cell71	1166440	226589	19597	3117	917137	138533	530	138003	24	9101	7.2333
human	501_S26_L004_cell72	663262	110575	12255	1438	538994	115014	368	114646	15	8557	6.2333
human	501_S26_L004_cell73	1586866	230025	31017	5794	1320030	195204	766	194438	19	9645	9.0000
human	501_S26_L004_cell74	2140317	291072	48305	6552	1794388	214959	925	214034	27	10260	9.8500
human	501_S26_L004_cell75	1466363	299955	25344	10060	1131004	132606	835	131771	20	9237	7.9833
human	501_S26_L004_cell76	102047	18371	1941	5980	75755	55229	1041	54188	22	6731	4.8667
human	501_S26_L004_cell77	1212672	228891	24921	3736	955124	147386	533	146853	18	9403	7.4333
human	501_S26_L004_cell78	652998	122574	13459	2395	514570	116717	495	116222	17	8905	6.0833
human	501_S26_L004_cell79	2345709	365989	49336	4535	1925849	321531	803	320728	18	10966	12.4167
human	501_S26_L004_cell80	1211794	178805	23324	3204	1006461	214442	624	213818	15	9808	8.0000
human	501_S26_L004_cell81	1810289	309584	36361	6994	1457350	177316	669	176647	21	9548	9.0167
human	501_S26_L004_cell82	69983	11098	1011	13290	44584	32218	801	31417	22	5473	4.7833
human	501_S26_L004_cell83	2124339	359193	35403	5203	1724540	149500	537	148963	18	9549	9.7333
human	501_S26_L004_cell84	1561412	291441	30143	6436	1233392	194441	864	193577	20	9722	8.6500
human	501_S26_L004_cell85	1865446	297348	37375	3811	1526912	160021	434	159587	21	9691	9.2167
human	501_S26_L004_cell86	859128	183288	16022	3364	656454	96755	451	96304	16	8505	6.5000
human	501_S26_L004_cell87	2380236	467195	42148	5411	1865482	222969	613	222356	22	10273	11.0000
human	501_S26_L004_cell88	1066924	202520	20957	4964	838483	132502	569	131933	20	8821	7.0833
human	501_S26_L004_cell89	1684748	272388	28283	3236	1380841	191981	518	191463	19	9866	9.2000
human	501_S26_L004_cell90	1530876	326350	24395	7112	1173019	118188	740	117448	25	8967	7.9167
human	501_S26_L004_cell91	1864805	399695	32962	2234	1429914	219062	470	218592	13	10703	10.0667
human	501_S26_L004_cell92	67749	11897	1162	4910	49780	39151	820	38331	25	5897	4.7833
human	501_S26_L004_cell93	1372603	247974	24076	1569	1098984	179520	385	179135	20	10174	9.2167
human	501_S26_L004_cell94	684044	142986	12666	1800	526592	105769	396	105373	18	8784	6.1333
human	501_S26_L004_cell95	1042464	171696	22822	4344	843602	142953	653	142300	18	8761	6.9167
human	501_S26_L004_cell96	34628	5500	559	3182	25387	20689	622	20067	20	4481	4.7000
human	502_S27_L005_cell1	1473210	241752	29439	6425	1195594	171989	674	171315	17	9387	8.2833
human	502_S27_L005_cell2	1790551	273888	37895	5699	1473069	188782	647	188135	17	10045	8.9333
human	502_S27_L005_cell3	1688727	335911	28755	6819	1317242	121205	558	120647	20	9231	8.3333
human	502_S27_L005_cell4	1218382	245606	21557	3844	947375	163832	631	163201	17	9480	7.2500
human	502_S27_L005_cell5	1376621	238936	25332	4023	1108330	131910	427	131483	16	9152	8.3000
human	502_S27_L005_cell6	869173	161036	15035	2354	690748	120403	448	119955	16	9001	6.6500
human	502_S27_L005_cell7	1212873	220603	22923	3529	965818	125691	489	125202	19	8457	7.4167
human	502_S27_L005_cell8	677460	219596	10818	1043	446003	86912	234	86678	14	8074	6.1167
human	502_S27_L005_cell9	2057856	353280	37504	5421	1661651	194678	673	194005	20	9897	9.9000
human	502_S27_L005_cell10	1842308	344834	34895	7777	1454802	167098	747	166351	26	9774	9.6500
human	502_S27_L005_cell11	1953962	432841	34161	8727	1478233	133210	594	132616	20	9469	9.2000
human	502_S27_L005_cell12	1822562	290816	37261	4389	1490096	236838	686	236152	18	9971	9.5167
human	502_S27_L005_cell13	1164713	228092	22746	4903	908972	107977	452	107525	20	8888	7.4167
human	502_S27_L005_cell14	1102245	184040	20296	3124	894785	135355	417	134938	17	9001	7.2833
human	502_S27_L005_cell15	1724393	289839	35492	7104	1391958	177118	664	176454	18	9476	8.8333
human	502_S27_L005_cell16	1062127	411207	15316	2642	632962	129930	476	129454	17	9095	7.1167
human	502_S27_L005_cell17	1088234	216117	16492	1545	854080	132266	368	131898	15	8950	7.7000
human	502_S27_L005_cell18	1099633	223130	19446	4017	853040	105052	478	104574	20	8676	7.1000
human	502_S27_L005_cell19	1435486	283940	24812	3313	1123421	120166	374	119792	15	9207	8.0167
human	502_S27_L005_cell20	1101451	391141	13970	1492	694848	140069	363	139706	17	9201	7.3333
human	502_S27_L005_cell21	851182	147832	13817	1375	688158	91165	290	90875	16	8349	6.4833
human	502_S27_L005_cell22	568812	100714	10530	1252	456316	83840	269	83571	15	8045	5.8333
human	502_S27_L005_cell23	841272	183167	14923	2364	640818	98942	419	98523	14	8369	6.4000
human	502_S27_L005_cell24	440727	75923	8476	866	355462	74178	229	73949	12	7397	5.5833
human	502_S27_L005_cell25	1509016	291638	31216	8143	1178019	144915	733	144182	24	9118	8.1500
human	502_S27_L005_cell26	67312	11499	1077	9522	45214	32046	742	31304	20	5488	4.7667
human	502_S27_L005_cell27	2335426	394214	41965	7760	1891487	188832	603	188229	24	10127	10.7333
human	502_S27_L005_cell28	1677272	324703	33666	7410	1311493	178485	821	177664	19	9580	8.6667
human	502_S27_L005_cell29	1560118	273008	30059	5652	1251399	125522	500	125022	26	9177	8.2667
human	502_S27_L005_cell30	1210069	191022	26988	3723	988336	139407	457	138950	15	9198	7.4333
human	502_S27_L005_cell31	100830	17036	1904	8563	73327	46550	728	45822	20	6354	4.9000
human	502_S27_L005_cell32	919250	142043	18699	3576	754932	128416	521	127895	19	8987	6.7167
human	502_S27_L005_cell33	819336	151222	13981	2108	652025	93463	299	93164	16	8117	6.5167
human	502_S27_L005_cell34	952564	184791	16940	2158	748675	98989	381	98608	19	8652	6.7833
human	502_S27_L005_cell35	589435	119651	9494	1244	459046	89860	248	89612	11	8119	6.1500
human	502_S27_L005_cell36	871906	141097	16438	1372	712999	138338	370	137968	17	8865	6.8167
human	502_S27_L005_cell37	886933	143992	12846	1456	728639	109232	222	109010	12	8869	6.9000
human	502_S27_L005_cell38	440990	80951	7608	1108	351323	64991	223	64768	13	7581	5.5833
human	502_S27_L005_cell39	805969	141973	14805	1385	647806	100744	333	100411	14	8250	6.4000
human	502_S27_L005_cell40	344530	66990	6443	814	270283	62510	231	62279	9	7444	5.4667
human	502_S27_L005_cell41	1669338	262531	30048	4878	1371881	180378	645	179733	18	9529	8.9667
human	502_S27_L005_cell42	1695640	341853	30026	7976	1315785	133278	741	132537	20	9173	8.9167
human	502_S27_L005_cell43	94345	16961	1463	8930	66991	46446	603	45843	26	6236	4.8667
human	502_S27_L005_cell44	91712	17000	1743	324	72645	47169	209	46960	12	6495	4.8500
human	502_S27_L005_cell45	85449	15794	1424	5691	62540	40296	534	39762	21	6039	4.8500
human	502_S27_L005_cell46	854426	188958	14704	3176	647588	105379	484	104895	18	8670	6.4833
human	502_S27_L005_cell47	57083	9532	900	6677	39974	29175	715	28460	19	5137	4.7833
human	502_S27_L005_cell48	788025	152662	15387	2609	617367	103735	455	103280	18	8490	6.3333
human	502_S27_L005_cell49	1820204	300052	34111	6321	1479720	155885	582	155303	21	9248	8.8167
human	502_S27_L005_cell50	1323356	298302	24117	11548	989389	95612	803	94809	22	8536	7.4333
human	502_S27_L005_cell51	2494314	456692	48508	1753	1987361	414428	632	413796	20	12145	14.5167
human	502_S27_L005_cell52	76924	15621	1474	472	59357	39176	280	38896	13	5946	4.8000
human	502_S27_L005_cell53	1421978	292078	26242	9869	1093789	112680	619	112061	20	8973	7.7500
human	502_S27_L005_cell54	2262165	470393	38749	3674	1749349	240586	522	240064	18	10653	10.9667
human	502_S27_L005_cell55	1787809	286090	37096	5776	1458847	233046	724	232322	22	10246	9.2167
human	502_S27_L005_cell56	1222059	182240	25557	3432	1010830	168774	588	168186	16	9561	7.5333
human	502_S27_L005_cell57	93502	16305	1508	2522	73167	45188	500	44688	17	6172	4.8333
human	502_S27_L005_cell58	126500	21655	2257	4994	97594	54830	715	54115	23	6829	4.9000
human	502_S27_L005_cell59	1585545	329698	29211	4431	1222205	161727	596	161131	17	9840	8.7333
human	502_S27_L005_cell60	78694	14877	1505	302	62010	40351	200	40151	12	6103	4.7667
human	502_S27_L005_cell61	884076	173016	16642	2184	692234	110118	417	109701	17	8796	6.4833
human	502_S27_L005_cell62	226242	81042	3529	414	141257	65416	256	65160	12	7628	5.1500
human	502_S27_L005_cell63	776108	136929	15260	3686	620233	127555	602	126953	20	8705	6.4000
human	502_S27_L005_cell64	500354	83587	10977	2117	403673	94394	476	93918	17	7779	5.7333
human	502_S27_L005_cell65	75961	12048	1208	4152	58553	38803	510	38293	19	5832	4.8000
human	502_S27_L005_cell66	1706634	334568	28867	4584	1338615	161093	562	160531	18	9693	8.9333
human	502_S27_L005_cell67	1516201	300219	27512	5259	1183211	124785	458	124327	20	9176	8.4667
human	502_S27_L005_cell68	53596	10162	961	202	42271	29636	152	29484	12	5399	4.7500
human	502_S27_L005_cell69	1328749	201894	23026	3420	1100409	136185	429	135756	20	9164	7.7500
human	502_S27_L005_cell70	661625	111379	10301	2148	537797	89177	361	88816	18	8145	6.0000
human	502_S27_L005_cell71	1585917	304510	30386	1774	1249247	243401	443	242958	15	10763	9.2833
human	502_S27_L005_cell72	642510	96322	12791	1615	531782	113022	322	112700	18	8500	6.0667
human	502_S27_L005_cell73	111800	17455	1938	7546	84861	52458	690	51768	19	6425	4.9000
human	502_S27_L005_cell74	1573607	312770	27348	10416	1223073	132720	743	131977	20	9101	8.0333
human	502_S27_L005_cell75	2773605	530462	53104	6946	2183093	204949	673	204276	22	10476	12.2667
human	502_S27_L005_cell76	53505	10627	988	287	41603	29570	194	29376	10	5303	4.7500
human	502_S27_L005_cell77	2281029	493074	41007	2513	1744435	243557	463	243094	18	10827	11.5833
human	502_S27_L005_cell78	1488363	294510	28314	6319	1159220	145211	655	144556	21	9495	8.0833
human	502_S27_L005_cell79	1658510	340842	30260	5283	1282125	189581	647	188934	17	9870	9.5500
human	502_S27_L005_cell80	722565	149028	15125	2420	555992	110207	455	109752	17	8630	6.2667
human	502_S27_L005_cell81	2253682	329636	39349	6235	1878462	223313	652	222661	18	10176	10.7333
human	502_S27_L005_cell82	1956509	419110	34607	7222	1495570	139902	680	139222	20	9488	9.5833
human	502_S27_L005_cell83	2233339	562205	38525	7769	1624840	159882	559	159323	19	10064	10.1500
human	502_S27_L005_cell84	73826	13728	1497	299	58302	38180	186	37994	12	6024	4.7833
human	502_S27_L005_cell85	1916138	682135	25653	3640	1204710	168272	412	167860	18	10044	9.5667
human	502_S27_L005_cell86	1014592	210295	17390	4409	782498	102529	457	102072	16	8660	6.7500
human	502_S27_L005_cell87	1765400	342961	34786	3607	1384046	189525	586	188939	18	9745	9.3667
human	502_S27_L005_cell88	51333	9240	908	4285	36900	25574	512	25062	18	5024	4.7667
human	502_S27_L005_cell89	1305518	231047	23238	3320	1047913	147223	551	146672	18	9156	8.4167
human	502_S27_L005_cell90	1618099	273894	29179	7461	1307565	141701	678	141023	24	9318	8.2667
human	502_S27_L005_cell91	2634683	475809	48477	2497	2107900	306723	489	306234	20	11404	13.1833
human	502_S27_L005_cell92	1192457	231272	20875	4380	935930	158857	693	158164	17	9076	7.3667
human	502_S27_L005_cell93	1058501	214696	20332	4211	819262	119888	465	119423	19	8928	7.0333
human	502_S27_L005_cell94	779604	157798	13988	2819	604999	99833	433	99400	15	8487	6.2667
human	502_S27_L005_cell95	71277	11815	1330	5713	52419	36095	693	35402	20	5641	4.8333
human	502_S27_L005_cell96	28130	5492	449	2914	19275	15466	456	15010	18	3947	4.7333
human	503_S28_L006_cell1	64748	9580	946	9505	44717	28907	588	28319	19	5149	4.7500
human	503_S28_L006_cell2	1355068	240449	27393	4766	1082460	145299	626	144673	20	9221	7.5667
human	503_S28_L006_cell3	1416623	279824	28115	6639	1102045	141620	580	141040	18	9435	7.8167
human	503_S28_L006_cell4	1540382	298810	28116	2624	1210832	234716	465	234251	13	10129	8.5667
human	503_S28_L006_cell5	1046721	177789	21115	2513	845304	125968	360	125608	18	9065	6.8333
human	503_S28_L006_cell6	39431	6145	714	1891	30681	21616	338	21278	15	4740	4.7333
human	503_S28_L006_cell7	542910	112973	11006	2816	416115	74281	474	73807	17	7315	5.7833
human	503_S28_L006_cell8	432635	81085	8056	2013	341481	85628	351	85277	15	7766	5.5500
human	503_S28_L006_cell9	80631	12026	1310	10288	57007	30880	543	30337	24	5425	4.7833
human	503_S28_L006_cell10	1738437	369265	32904	6088	1330180	145112	590	144522	19	9538	8.9667
human	503_S28_L006_cell11	1675956	294573	30790	6501	1344092	144112	596	143516	24	9761	8.4000
human	503_S28_L006_cell12	1949914	365823	42443	5508	1536140	279070	789	278281	19	10243	9.9167
human	503_S28_L006_cell13	1160243	219568	20778	3151	916746	137241	390	136851	16	9396	7.2833
human	503_S28_L006_cell14	990887	162463	18941	2265	807218	136232	381	135851	17	9122	6.8167
human	503_S28_L006_cell15	1377415	206956	30225	4264	1135970	182265	613	181652	18	9354	7.6333
human	503_S28_L006_cell16	878937	122421	18700	2629	735187	152574	460	152114	16	9173	6.6000
human	503_S28_L006_cell17	38582	7250	583	2316	28433	19434	370	19064	17	4319	4.7500
human	503_S28_L006_cell18	843803	159679	14368	2540	667216	89338	410	88928	18	8125	6.3833
human	503_S28_L006_cell19	1054705	169128	18542	2013	865022	116735	373	116362	18	8990	6.9833
human	503_S28_L006_cell20	705204	121704	12639	1875	568986	130532	503	130029	19	8521	6.2167
human	503_S28_L006_cell21	576230	121189	9302	1497	444242	65754	238	65516	16	7722	5.9000
human	503_S28_L006_cell22	442877	82869	7879	970	351159	70086	232	69854	16	7831	5.5500
human	503_S28_L006_cell23	86249	47767	810	438	37234	21738	165	21573	10	4909	4.8333
human	503_S28_L006_cell24	280651	75509	4364	676	200102	52456	205	52251	15	6898	5.2167
human	503_S28_L006_cell25	3063561	578833	56321	5729	2422678	230519	587	229932	23	10623	12.2167
human	503_S28_L006_cell26	1696369	317284	33615	6645	1338825	168402	652	167750	18	9896	8.5000
human	503_S28_L006_cell27	125358	23696	1970	8738	90954	51724	754	50970	19	6756	4.9167
human	503_S28_L006_cell28	1967750	297353	41287	3638	1625472	377315	903	376412	21	10993	10.6167
human	503_S28_L006_cell29	1339490	242012	25373	3172	1068933	152421	474	151947	17	9680	7.6833
human	503_S28_L006_cell30	835479	120788	18146	2798	693747	133688	539	133149	18	9244	6.4667
human	503_S28_L006_cell31	1396936	269376	27949	4000	1095611	181899	619	181280	19	9839	8.0000
human	503_S28_L006_cell32	57429	8417	1156	3436	44420	31573	573	31000	13	5509	4.7500
human	503_S28_L006_cell33	641067	92396	11343	1515	535813	78836	271	78565	14	8028	6.0833
human	503_S28_L006_cell34	842438	141511	13974	2422	684531	89622	366	89256	17	8270	6.9500
human	503_S28_L006_cell35	904821	184515	13208	1937	705161	88863	335	88528	17	8393	6.8667
human	503_S28_L006_cell36	47081	11567	655	2079	32780	24113	498	23615	19	4982	4.8667
human	503_S28_L006_cell37	24175	11378	230	2281	10286	8275	252	8023	15	2844	4.7833
human	503_S28_L006_cell38	330455	68979	5061	775	255640	53207	190	53017	13	7363	5.4000
human	503_S28_L006_cell39	764609	145650	13818	1069	604072	103365	303	103062	18	8361	6.6000
human	503_S28_L006_cell40	388242	54388	6702	573	326579	84159	180	83979	13	7974	5.5667
human	503_S28_L006_cell41	1109693	189228	20080	4590	895795	130896	520	130376	19	9190	7.1500
human	503_S28_L006_cell42	1838248	289360	34816	5248	1508824	190826	629	190197	19	10038	9.8333
human	503_S28_L006_cell43	1886857	310271	34844	6499	1535243	162873	596	162277	22	9877	9.3000
human	503_S28_L006_cell44	1731058	268041	33581	4856	1424580	242577	759	241818	23	10431	9.1167
human	503_S28_L006_cell45	876636	167955	17675	2416	688590	115075	392	114683	19	9106	6.3833
human	503_S28_L006_cell46	758358	125591	13784	2768	616215	111370	422	110948	12	8891	6.0000
human	503_S28_L006_cell47	898935	186521	15109	2587	694718	125056	522	124534	18	9052	6.5167
human	503_S28_L006_cell48	598270	86851	11943	2486	496990	104590	481	104109	15	8463	5.6167
human	503_S28_L006_cell49	1422103	195455	28354	6959	1191335	146842	628	146214	20	9312	7.7333
human	503_S28_L006_cell50	134734	21301	2718	8982	101733	56427	701	55726	23	6946	4.5500
human	503_S28_L006_cell51	1907738	380676	35281	10510	1481271	125930	704	125226	21	9413	8.8167
human	503_S28_L006_cell52	123431	21716	2168	10301	89246	55853	1045	54808	24	6734	4.4000
human	503_S28_L006_cell53	1180320	192727	22849	4439	960305	108819	428	108391	16	8864	7.3333
human	503_S28_L006_cell54	913334	173284	17282	4631	718137	97597	519	97078	19	8713	6.4667
human	503_S28_L006_cell55	1723576	318315	33447	6315	1365499	187496	704	186792	17	9913	8.5500
human	503_S28_L006_cell56	1382789	166053	26343	2698	1187695	212486	477	212009	15	10363	8.0333
human	503_S28_L006_cell57	983925	177800	19376	6281	780468	110279	634	109645	19	8667	6.6500
human	503_S28_L006_cell58	115587	16959	2188	7745	88695	51983	740	51243	22	6724	4.4333
human	503_S28_L006_cell59	2013924	360744	39930	6902	1606348	153069	640	152429	22	9886	9.2167
human	503_S28_L006_cell60	2005789	297190	40780	4592	1663227	248613	684	247929	17	10271	9.5500
human	503_S28_L006_cell61	1127787	220065	21760	3049	882913	105388	464	104924	17	9075	6.9333
human	503_S28_L006_cell62	31651	5105	494	3317	22735	17453	489	16964	22	4271	4.1500
human	503_S28_L006_cell63	1283502	242434	23546	4401	1013121	158896	563	158333	16	9571	7.3167
human	503_S28_L006_cell64	680582	112408	14172	3108	550894	111515	446	111069	17	8594	6.0333
human	503_S28_L006_cell65	1303619	207740	25782	3564	1066533	137453	453	137000	14	9630	7.4667
human	503_S28_L006_cell66	1170452	203689	21325	5692	939746	106820	586	106234	23	8873	6.9500
human	503_S28_L006_cell67	89122	14218	1394	5552	67958	40626	526	40100	18	6103	4.3333
human	503_S28_L006_cell68	83556	13764	1422	4379	63991	42412	645	41767	20	6231	4.3167
human	503_S28_L006_cell69	75350	26111	960	4820	43459	27047	396	26651	17	5325	4.2333
human	503_S28_L006_cell70	487909	110350	7632	2002	367925	63375	345	63030	14	7254	5.2333
human	503_S28_L006_cell71	543887	303369	5298	3110	232110	57892	496	57396	22	7345	5.4333
human	503_S28_L006_cell72	666601	102551	13650	1685	548715	116505	339	116166	17	8735	5.8000
human	503_S28_L006_cell73	2229339	494907	39042	3754	1691636	263032	578	262454	21	11569	10.9500
human	503_S28_L006_cell74	1782341	364242	33520	9715	1374864	152936	774	152162	17	9678	8.7500
human	503_S28_L006_cell75	2324931	486915	42111	8357	1787548	178797	677	178120	21	10327	10.2000
human	503_S28_L006_cell76	2768442	540710	54681	4621	2168430	387998	783	387215	20	11569	13.7333
human	503_S28_L006_cell77	1460961	247008	30274	3751	1179928	143262	447	142815	15	9546	7.6500
human	503_S28_L006_cell78	1215394	229224	22681	4685	958804	124653	531	124122	19	9124	7.1500
human	503_S28_L006_cell79	1778946	284619	33785	5694	1454848	195921	597	195324	19	10059	8.5333
human	503_S28_L006_cell80	1125343	140531	24506	2448	957858	184401	442	183959	20	9631	7.0667
human	503_S28_L006_cell81	1196714	184235	24038	4111	984330	123230	455	122775	17	8941	7.1167
human	503_S28_L006_cell82	2119116	378319	45369	6742	1688686	155410	638	154772	20	9621	9.4833
human	503_S28_L006_cell83	1743298	384462	30436	5997	1322403	137778	528	137250	19	9749	8.5500
human	503_S28_L006_cell84	1783379	267296	37499	5866	1472718	228867	728	228139	20	10038	9.0000
human	503_S28_L006_cell85	889507	174344	16029	3911	695223	88620	428	88192	16	8412	6.3167
human	503_S28_L006_cell86	572382	116555	10102	2904	442821	74758	397	74361	18	7812	5.6500
human	503_S28_L006_cell87	1656377	293398	32771	3931	1326277	181422	521	180901	17	9919	8.5333
human	503_S28_L006_cell88	735504	113540	14584	2400	604980	114340	332	114008	20	8722	6.0000
human	503_S28_L006_cell89	1012289	177752	19270	6565	808702	110021	580	109441	17	8390	6.6333
human	503_S28_L006_cell90	1450395	185775	29582	5085	1229953	154212	545	153667	18	9333	7.9333
human	503_S28_L006_cell91	1667014	284214	29211	5398	1348191	142964	572	142392	25	9420	8.1667
human	503_S28_L006_cell92	1328299	262989	24720	4266	1036324	173521	661	172860	21	9401	7.6833
human	503_S28_L006_cell93	948161	189774	16652	2328	739407	105155	360	104795	22	8815	6.5667
human	503_S28_L006_cell94	1090648	116394	22564	3106	948584	135545	399	135146	20	9116	6.8833
human	503_S28_L006_cell95	57759	11553	1023	5041	40142	27274	583	26691	17	5235	4.2167
human	503_S28_L006_cell96	750669	148984	12938	2252	586495	109660	385	109275	19	8648	6.0333
human	504_S29_L007_cell1	1035762	159755	17383	3135	855489	142286	515	141771	18	9024	6.9167
human	504_S29_L007_cell2	64184	10181	1102	5772	47129	35519	687	34832	24	5802	4.2500
human	504_S29_L007_cell3	1276722	264757	22979	4893	984093	112682	489	112193	16	9081	7.5500
human	504_S29_L007_cell4	767891	128236	14849	375	624431	283257	277	282980	13	10587	8.5833
human	504_S29_L007_cell5	408886	80067	7726	1194	319899	70434	272	70162	20	7620	5.2833
human	504_S29_L007_cell6	790539	129652	14991	1555	644341	126060	351	125709	21	9034	6.2667
human	504_S29_L007_cell7	44882	7972	760	2780	33370	26713	513	26200	18	5096	4.1667
human	504_S29_L007_cell8	682992	101083	14015	1243	566651	157063	332	156731	14	8880	6.2000
human	504_S29_L007_cell9	947565	170148	16252	3573	757592	102811	487	102324	19	8299	6.5333
human	504_S29_L007_cell10	47745	7173	772	7868	31932	25484	717	24767	24	4946	4.2167
human	504_S29_L007_cell11	47794	7628	756	5799	33611	25711	480	25231	17	4965	4.1833
human	504_S29_L007_cell12	1805642	298690	36384	4816	1465752	234990	813	234177	19	9992	9.1333
human	504_S29_L007_cell13	517929	155472	8237	2129	352091	57291	339	56952	13	7216	5.4333
human	504_S29_L007_cell14	815506	134610	16000	2149	662747	108086	376	107710	13	8801	6.1000
human	504_S29_L007_cell15	44177	8327	677	3774	31399	19946	564	19382	21	4548	4.1833
human	504_S29_L007_cell16	754459	122600	16155	2937	612767	121353	446	120907	16	8525	5.9500
human	504_S29_L007_cell17	424047	94294	6543	828	322382	59604	174	59430	13	7030	5.4000
human	504_S29_L007_cell18	641041	132206	10418	1403	497014	76231	306	75925	17	7916	5.8500
human	504_S29_L007_cell19	859429	177662	13325	1125	667317	93784	252	93532	17	8491	6.4833
human	504_S29_L007_cell20	691006	106142	13499	657	570708	144519	232	144287	13	9033	6.3500
human	504_S29_L007_cell21	39881	12432	479	42	26928	19564	37	19527	8	4689	4.1833
human	504_S29_L007_cell22	108378	24618	1655	393	81712	23567	143	23424	11	5295	4.3333
human	504_S29_L007_cell23	468340	94679	8120	986	364555	70297	222	70075	14	7672	5.3500
human	504_S29_L007_cell24	267749	51877	4234	380	211258	53909	149	53760	16	6971	4.7333
human	504_S29_L007_cell25	1626865	216789	30747	4368	1374961	191060	546	190514	22	9643	8.6667
human	504_S29_L007_cell26	2054014	393277	38483	7156	1615098	182903	660	182243	24	10145	9.4000
human	504_S29_L007_cell27	2002322	418338	34929	8453	1540602	136244	677	135567	24	9590	9.0500
human	504_S29_L007_cell28	81267	13815	1305	10547	55600	43748	1072	42676	23	6273	4.3167
human	504_S29_L007_cell29	1115317	245277	22811	2977	844252	122409	400	122009	13	9371	6.9667
human	504_S29_L007_cell30	1350495	227072	27787	4235	1091401	164390	521	163869	18	9930	7.8833
human	504_S29_L007_cell31	1909218	392306	36850	4583	1475479	223616	616	223000	20	10543	10.2500
human	504_S29_L007_cell32	930544	135016	20460	3143	771925	149367	526	148841	17	9088	6.6667
human	504_S29_L007_cell33	400762	81361	5919	569	312913	59819	183	59636	13	7296	5.2000
human	504_S29_L007_cell34	543494	86736	10636	868	445254	76046	249	75797	15	8025	5.5333
human	504_S29_L007_cell35	806706	121954	14239	934	669579	99026	204	98822	16	8495	6.5667
human	504_S29_L007_cell36	562353	139798	8001	615	413939	95635	203	95432	14	8534	5.8667
human	504_S29_L007_cell37	16347	7954	192	26	8175	7085	20	7065	6	2605	4.1000
human	504_S29_L007_cell38	401408	152655	4941	272	243540	59533	110	59423	9	7830	5.1500
human	504_S29_L007_cell39	13237	2684	203	846	9504	8553	225	8328	13	2783	4.1000
human	504_S29_L007_cell40	193651	42908	2845	555	147343	36896	143	36753	14	6142	4.5833
human	504_S29_L007_cell41	1111540	190886	17123	4559	898972	127928	553	127375	18	8937	7.0000
human	504_S29_L007_cell42	2186249	405125	44052	7046	1730026	212546	710	211836	20	10295	10.6667
human	504_S29_L007_cell43	1563869	308208	26181	6562	1222918	125405	668	124737	20	9370	8.0000
human	504_S29_L007_cell44	2177410	477943	38665	3928	1656874	259827	721	259106	23	10652	10.6000
human	504_S29_L007_cell45	1142348	219842	21721	2883	897902	118144	435	117709	18	9198	7.1167
human	504_S29_L007_cell46	878562	154673	16808	2375	704706	111868	380	111488	18	8980	6.2667
human	504_S29_L007_cell47	1372446	241061	24744	4105	1102536	162643	587	162056	19	9607	7.6000
human	504_S29_L007_cell48	744727	126177	16368	1684	600498	124789	417	124372	19	9267	6.1167
human	504_S29_L007_cell49	696598	95187	14512	1739	585160	121889	390	121499	14	8795	5.9667
human	504_S29_L007_cell50	2827598	442663	65817	6338	2312780	234119	685	233434	27	10510	11.9833
human	504_S29_L007_cell51	66206	9996	1003	10143	45064	32911	672	32239	20	5543	4.2333
human	504_S29_L007_cell52	2517199	505674	47058	7841	1956626	266894	889	266005	24	10251	11.3167
human	504_S29_L007_cell53	1142604	241669	22290	3935	874710	96075	431	95644	20	8696	6.8500
human	504_S29_L007_cell54	39208	7229	619	4324	27036	21696	539	21157	21	4845	4.1500
human	504_S29_L007_cell55	1861137	291505	40256	7387	1521989	197002	816	196186	20	9628	8.9000
human	504_S29_L007_cell56	35007	5518	615	4735	24139	19780	615	19165	19	4375	4.2000
human	504_S29_L007_cell57	1588397	207478	32408	4381	1344130	189012	568	188444	21	9660	8.4333
human	504_S29_L007_cell58	1809396	242728	36948	5497	1524223	187082	743	186339	20	9921	9.0000
human	504_S29_L007_cell59	1561726	298867	28676	7747	1226436	130313	708	129605	23	9352	8.1167
human	504_S29_L007_cell60	92467	16455	1576	7713	66723	51208	1090	50118	22	6656	4.3167
human	504_S29_L007_cell61	952457	211750	17107	3571	720029	98213	446	97767	19	8870	6.6167
human	504_S29_L007_cell62	49150	9633	905	2493	36119	28555	485	28070	21	5454	4.1833
human	504_S29_L007_cell63	1792764	274721	40306	4735	1473002	226896	713	226183	17	10126	9.1833
human	504_S29_L007_cell64	887240	113406	17755	2208	753871	172830	454	172376	19	9408	6.6333
human	504_S29_L007_cell65	1018234	135350	19643	2058	861183	130402	379	130023	15	9037	6.9167
human	504_S29_L007_cell66	1212613	226235	22443	4200	959735	121083	589	120494	18	9240	7.3833
human	504_S29_L007_cell67	1317301	206866	21989	3737	1084709	125073	483	124590	22	9122	7.6000
human	504_S29_L007_cell68	1326223	230584	22497	2758	1070384	189000	555	188445	23	9961	7.9500
human	504_S29_L007_cell69	919000	170407	16563	2164	729866	98397	342	98055	18	8820	6.4000
human	504_S29_L007_cell70	634197	97357	11737	1518	523585	96675	334	96341	15	8652	5.7000
human	504_S29_L007_cell71	1115334	195081	20123	2073	898057	147001	415	146586	16	9367	7.4333
human	504_S29_L007_cell72	468786	62591	9495	1352	395348	86675	308	86367	15	7992	5.3500
human	504_S29_L007_cell73	1701170	358919	27907	6265	1308079	148123	585	147538	18	9295	8.4333
human	504_S29_L007_cell74	2546245	475253	48571	10046	2012375	179948	797	179151	20	9920	10.5167
human	504_S29_L007_cell75	3570003	505724	71303	9869	2983107	239216	719	238497	23	10726	14.2500
human	504_S29_L007_cell76	2477298	441896	47407	9146	1978849	264373	1169	263204	23	10450	10.9500
human	504_S29_L007_cell77	1392656	286287	29381	6264	1070724	111152	479	110673	17	9067	7.6333
human	504_S29_L007_cell78	947630	180488	17473	5063	744606	104548	557	103991	21	8865	6.5833
human	504_S29_L007_cell79	932906	273944	15578	2917	640467	130593	532	130061	16	9525	6.6833
human	504_S29_L007_cell80	1560243	275730	32183	4158	1248172	190931	627	190304	22	9829	9.1000
human	504_S29_L007_cell81	1048016	326300	17482	299	703935	116256	124	116132	12	9742	7.1667
human	504_S29_L007_cell82	52845	8123	880	6803	37039	28864	634	28230	20	5236	4.2667
human	504_S29_L007_cell83	1689712	243539	34099	5577	1406497	122729	555	122174	24	8925	8.2333
human	504_S29_L007_cell84	1550665	279742	30978	6562	1233383	185780	829	184951	19	9462	8.1167
human	504_S29_L007_cell85	884463	199267	16271	4268	664657	76442	418	76024	19	8010	6.0833
human	504_S29_L007_cell86	1131066	179393	21091	2304	928278	135315	357	134958	20	9423	6.9000
human	504_S29_L007_cell87	1668960	304303	28838	3568	1332251	169341	490	168851	20	9620	8.4000
human	504_S29_L007_cell88	924193	125192	20149	1403	777449	164387	327	164060	15	9291	6.6833
human	504_S29_L007_cell89	483810	72035	9627	2627	399521	104343	571	103772	15	7628	5.4167
human	504_S29_L007_cell90	2013829	283896	41026	4535	1684372	260246	770	259476	17	9990	9.5333
human	504_S29_L007_cell91	63252	10018	1016	6673	45545	34437	666	33771	28	5681	4.2333
human	504_S29_L007_cell92	1291394	228218	26946	5265	1030965	192125	814	191311	20	9395	7.8667
human	504_S29_L007_cell93	948972	191252	15273	2650	739797	107937	387	107550	13	8775	6.8000
human	504_S29_L007_cell94	1030989	187712	19098	1336	822843	178074	334	177740	19	9947	7.2167
human	504_S29_L007_cell95	993453	218515	20088	2512	752338	135306	549	134757	23	9195	6.6167
human	504_S29_L007_cell96	608641	112451	12277	1888	482025	104222	400	103822	20	8186	5.6500
