human	PD10Mono1cell1	13949281	2666750	281151	117418	10883962	697125	6411	690714	34	13655	33.4833
human	PD10Mono1cell2	1917548	865759	10605	429184	612000	28135	9661	18474	31	2769	7.7333
human	PD10Mono1cell3	1772601	957731	7562	302842	504466	23909	7052	16857	40	2812	7.4000
human	PD10Mono1cell4	1397638	872568	16037	168968	340065	15188	3832	11356	27	2136	6.5833
human	PD10Mono1cell5	1580560	679729	6708	368109	526014	23519	8508	15011	32	2100	6.9666
human	PD10Mono1cell6	2430105	1311734	12301	379813	726257	28726	8751	19975	37	2696	8.7500
human	PD10Mono1cell7	4150550	2214426	24967	558991	1352166	46679	11449	35230	36	3534	12.4166
human	PD10Mono1cell8	372723	32003	55	337887	2778	9719	8020	1699	31	844	4.6000
human	PD10Mono1cell9	2718171	1375450	12071	446808	883842	48076	11083	36993	39	5261	9.6166
human	PD10Mono1cell10	1751048	785148	10808	411308	543784	27191	10165	17026	33	2302	7.5500
human	PD10Mono1cell11	1108412	557870	7239	201495	341808	21104	5874	15230	35	2733	5.9833
human	PD10Mono1cell12	501082	298399	2463	61450	138770	8723	2266	6457	27	1633	4.6166
human	PD10Mono1cell13	2380446	1152731	17395	359196	851124	35453	9219	26234	36	3169	8.6166
human	PD10Mono1cell14	2942928	1643513	14026	421772	863617	37761	10409	27352	35	3146	10.0000
human	PD10Mono1cell15	3708479	2033741	17157	388913	1268668	45668	9195	36473	31	3536	11.5333
human	PD10Mono1cell16	2181610	1218299	9928	257676	695707	28682	7222	21460	31	2717	8.2500
human	PD10Mono1cell17	1894960	855824	10471	388961	639704	27206	8359	18847	31	2840	7.7166
human	PD10Mono1cell18	564739	234633	3892	157682	168532	10463	4297	6166	32	1381	4.9000
human	PD10Mono1cell19	1405311	698825	7052	276352	423082	18854	6187	12667	28	1963	6.6500
human	PD10Mono1cell20	1184242	683168	4841	158642	337591	12939	3558	9381	25	1765	6.1166
human	PD10Mono1cell21	1763666	813660	7913	375059	567034	23469	7614	15855	31	2456	7.3000
human	PD10Mono1cell22	683845	409015	3899	91116	179815	12512	3425	9087	31	2235	5.0833
human	PD10Mono1cell23	2306598	1193074	12915	430861	669748	26346	9056	17290	29	2513	8.5333
human	PD10Mono1cell24	2379735	1260567	9257	302994	806917	28931	6905	22026	33	2812	8.5666
human	PD10Mono1cell25	3085857	1419228	14365	449064	1203200	47099	10683	36416	34	3973	10.2833
human	PD10Mono1cell26	2418257	1200734	10846	420817	785860	33757	9947	23810	34	3033	8.7833
human	PD10Mono1cell27	1583547	748401	9362	230998	594786	26723	6374	20349	27	2916	6.9166
human	PD10Mono1cell28	341510	204593	4340	58467	74110	5730	2056	3674	27	1123	4.3333
human	PD10Mono1cell29	2671070	1513924	9943	405856	741347	31187	9686	21501	37	2754	9.3666
human	PD10Mono1cell30	2215497	1207374	12491	320868	674764	32326	8621	23705	33	3244	8.2833
human	PD10Mono1cell31	2950313	1481957	8637	488907	970812	39870	11083	28787	33	3247	10.0166
human	PD10Mono1cell32	2150956	1069703	7808	315287	758158	32096	7862	24234	29	2937	8.0666
human	PD10Mono1cell33	2099312	1139204	9279	319032	631797	37935	11303	26632	32	2924	8.3666
human	PD10Mono1cell34	901098	318950	2998	317217	261933	22716	10964	11752	33	1463	5.9666
human	PD10Mono1cell35	1039893	524835	4481	240581	269996	21437	8632	12805	29	1854	6.0166
human	PD10Mono1cell36	359071	179379	642	110437	68613	7946	4157	3789	26	823	4.4666
human	PD10Mono1cell37	2640244	1338972	11558	329643	960071	50213	12122	38091	29	2771	9.7500
human	PD10Mono1cell38	830975	347525	2890	233300	247260	21326	9349	11977	35	1702	5.5833
human	PD10Mono1cell39	2584920	1434348	11035	411471	728066	43840	14195	29645	33	2785	9.6000
human	PD10Mono1cell40	1457281	604303	17399	292854	542725	36366	11103	25263	34	2697	6.9500
human	PD10Mono1cell41	2570737	1293078	5682	449224	822753	91636	28975	62661	28	3443	12.0500
human	PD10Mono1cell42	2224826	1148743	6605	452572	616906	81619	30867	50752	33	2468	11.6500
human	PD10Mono1cell43	1390326	712923	4714	309740	362949	49172	20688	28484	37	2051	7.9000
human	PD10Mono1cell44	864593	507561	1026	169666	186340	25713	10250	15463	28	1559	5.7000
human	PD10Mono1cell45	477171	183975	2410	152895	137891	26991	13091	13900	28	1496	5.0666
human	PD10Mono1cell46	1461229	364490	17282	409229	670228	77298	26878	50420	33	2482	8.7166
human	PD10Mono1cell47	2488720	536072	41136	468941	1442571	133487	27586	105901	34	3946	10.9166
human	PD10Mono1cell48	1759943	856478	7314	333418	562733	67433	22771	44662	30	2463	9.3166
human	PD10Mono1cell49	2559099	1270644	12817	410243	865395	48797	14009	34788	36	3138	9.6000
human	PD10Mono1cell50	1724358	714553	6198	453569	550038	37700	15068	22632	31	2139	7.9666
human	PD10Mono1cell51	1164470	507679	5055	300800	350936	25307	10148	15159	29	1834	6.3166
human	PD10Mono1cell52	554411	279174	1937	144976	128324	10397	4860	5537	24	1018	4.7666
human	PD10Mono1cell53	1032927	347620	3364	390273	291670	25625	13295	12330	31	1558	6.1500
human	PD10Mono1cell54	2474419	1285154	8507	399645	781113	45955	13716	32239	30	2965	9.2000
human	PD10Mono1cell55	38838	13939	49	20753	4097	4113	2467	1646	31	796	3.8333
human	PD10Mono1cell56	2060754	1163258	13803	235590	648103	35225	8619	26606	33	2682	8.0166
human	PD10Mono1cell57	1103449	595337	6108	220744	281260	50195	18652	31543	40	3066	7.2166
human	PD10Mono1cell58	1093117	265416	3700	472101	351900	71455	35848	35607	32	1913	10.7666
human	PD10Mono1cell59	1189275	555724	3027	270917	359607	52771	20357	32414	31	2363	7.6500
human	PD10Mono1cell60	1027656	643757	3282	97175	283442	30918	7921	22997	31	1654	5.9666
human	PD10Mono1cell61	1155227	412967	4855	324175	413230	64518	26238	38280	33	1897	8.0666
human	PD10Mono1cell62	2151956	1173626	8046	462311	507973	74094	31390	42704	33	2598	11.5166
human	PD10Mono1cell63	2999482	1604536	10728	471041	913177	98839	30767	68072	39	3161	13.3833
human	PD10Mono1cell64	1662528	970585	9585	240426	441932	58773	19227	39546	31	2542	8.3500
human	PD10Mono1cell65	2219476	1042469	9509	481317	686181	38256	12854	25402	29	3228	8.6666
human	PD10Mono1cell66	1157729	218745	10124	445773	483087	29138	11742	17396	32	2065	6.2500
human	PD10Mono1cell67	1421988	542102	18528	242194	619164	31642	7148	24494	37	3028	6.5333
human	PD10Mono1cell68	17879	10483	14	6157	1225	1119	750	369	19	229	3.7000
human	PD10Mono1cell69	1018118	437157	2937	358960	219064	18280	10057	8223	32	1329	5.9333
human	PD10Mono1cell70	316072	118176	989	156761	40146	8010	5544	2466	32	780	4.2833
human	PD10Mono1cell71	357682	48393	30	305709	3550	9640	8771	869	35	485	4.6000
human	PD10Mono1cell72	2159506	1117819	10591	283011	748085	34710	8355	26355	32	3004	8.0500
human	PD10Mono1cell73	2085942	1026093	13207	350201	696441	40904	11566	29338	32	3255	8.2333
human	PD10Mono1cell74	2080575	1065534	20874	389479	604688	37782	12405	25377	28	2626	8.3666
human	PD10Mono1cell75	1055576	484702	3997	251964	314913	22095	8462	13633	29	1876	6.0000
human	PD10Mono1cell76	126498	69928	1165	22618	32787	4086	1421	2665	29	928	3.9333
human	PD10Mono1cell77	2099936	1058395	8414	349405	683722	37747	11581	26166	35	2519	8.1833
human	PD10Mono1cell78	1337812	566677	9746	262876	498513	30915	9090	21825	34	2676	6.4833
human	PD10Mono1cell79	79930	30489	447	23598	25396	7140	2556	4584	31	1637	3.8000
human	PD10Mono1cell80	727012	75081	13196	316118	322617	25144	10364	14780	31	2017	5.2833
human	PD10Mono1cell81	1880587	998039	14776	307293	560479	78769	24125	54644	35	3225	9.5500
human	PD10Mono1cell82	609154	128458	1894	320386	158416	42854	25964	16890	29	1496	7.4000
human	PD10Mono1cell83	289712	147297	1790	46347	94278	19209	5901	13308	31	1957	4.2666
human	PD10Mono1cell84	760307	465585	6158	131799	156765	24006	9517	14489	25	1241	5.5500
human	PD10Mono1cell85	1068736	303323	7302	385594	372517	68294	31520	36774	30	2084	9.3000
human	PD10Mono1cell86	1811130	825311	10572	338168	637079	85075	25637	59438	36	3086	9.9666
human	PD10Mono1cell87	1652072	302928	16815	466335	865994	103528	31076	72452	34	3032	10.2166
human	PD10Mono1cell88	352633	46203	7291	97834	201305	34576	10043	24533	32	2323	4.6166
human	PD10Mono1cell89	1089287	520724	4197	228021	336345	26896	9093	17803	31	2521	6.0333
human	PD10Mono1cell90	1405655	603824	6911	291475	503445	35205	11064	24141	31	2289	6.8666
human	PD10Mono1cell91	224544	55589	2206	81889	84860	9938	4165	5773	29	1468	4.0500
human	PD10Mono1cell92	16346	9907	19	5950	470	1004	746	258	22	168	3.6500
human	PD10Mono1cell93	400335	38707	3842	156928	200858	17891	6785	11106	32	1660	4.3833
human	PD10Mono1cell94	1734380	980542	6568	279111	468159	33607	10563	23044	26	2657	7.5000
human	PD10Mono1cell95	185775	54898	2037	28559	100281	13549	2447	11102	31	2554	3.9000
human	PD10Mono1cell96	214245	39332	2348	70311	102254	11327	3799	7528	29	1610	4.1000
human	PD10Mono2cell1	2153995	1101442	10640	381794	660119	29530	8615	20915	31	2914	8.2500
human	PD10Mono2cell2	2593852	1403336	19746	403699	767071	31989	9318	22671	33	3084	9.3333
human	PD10Mono2cell3	2102557	1051009	11424	297604	742520	31233	7244	23989	32	3319	8.0666
human	PD10Mono2cell4	1519159	888160	5549	141486	483964	17581	3518	14063	28	2389	6.6833
human	PD10Mono2cell5	2566203	1394052	13780	394116	764255	30873	8707	22166	36	2999	9.0000
human	PD10Mono2cell6	4258950	2345630	38989	414470	1459861	53274	9865	43409	32	4439	12.5333
human	PD10Mono2cell7	3117633	1580242	26864	457485	1053042	37991	9843	28148	33	3178	10.2000
human	PD10Mono2cell8	1488267	731209	6756	275636	474666	21120	6719	14401	29	2308	6.7000
human	PD10Mono2cell9	667729	338228	3251	123029	203221	15255	5038	10217	34	2153	5.0333
human	PD10Mono2cell10	2023728	1069065	8259	397388	549016	29860	10392	19468	33	2803	8.1000
human	PD10Mono2cell11	1088250	580524	5768	193139	308819	19745	6173	13572	33	2671	5.9166
human	PD10Mono2cell12	1037282	602181	4371	132404	298326	13860	3451	10409	27	2017	5.7000
human	PD10Mono2cell13	2439497	1247924	16323	368515	806735	35169	9441	25728	35	3217	8.8000
human	PD10Mono2cell14	3362403	1890312	25345	391836	1054910	44349	10371	33978	37	3759	10.7166
human	PD10Mono2cell15	3235082	1426409	21139	426418	1361116	52021	10362	41659	39	4046	10.3166
human	PD10Mono2cell16	2034292	1078315	14895	236972	704110	32400	6734	25666	32	3376	7.8833
human	PD10Mono2cell17	1869044	962406	6823	377457	522358	24085	8342	15743	36	2409	7.6333
human	PD10Mono2cell18	2807003	1558545	17486	340426	890546	31753	7540	24213	30	3083	9.4333
human	PD10Mono2cell19	1092080	562338	6721	212666	310355	17070	5526	11544	35	2332	6.0000
human	PD10Mono2cell20	1179425	715165	3883	106019	354358	14120	2800	11320	25	2302	6.0333
human	PD10Mono2cell21	3160800	1619906	22283	341629	1176982	39046	7413	31633	34	3538	10.1500
human	PD10Mono2cell22	3601415	1874629	20487	373353	1332946	46739	9025	37714	39	4011	11.1500
human	PD10Mono2cell23	1962341	990109	9569	337789	624874	25604	7565	18039	31	2620	7.7166
human	PD10Mono2cell24	1967052	1146063	10304	258240	552445	23937	6047	17890	30	2891	7.7666
human	PD10Mono2cell25	1553903	809408	10189	280677	453629	24513	7598	16915	34	2716	6.9333
human	PD10Mono2cell26	2875980	1490482	13046	379821	992631	39284	9266	30018	35	3445	9.7833
human	PD10Mono2cell27	1823093	1005476	11856	227784	577977	27586	6526	21060	34	3113	7.4000
human	PD10Mono2cell28	150511	70620	337	60456	19098	3451	2150	1301	25	591	3.9833
human	PD10Mono2cell29	1740196	836866	12508	293546	597276	25979	7460	18519	32	2589	7.2333
human	PD10Mono2cell30	2334036	1272706	20324	300906	740100	32219	8092	24127	34	3213	8.5333
human	PD10Mono2cell31	2479858	1328500	9038	363594	778726	32482	9091	23391	35	3065	8.9333
human	PD10Mono2cell32	2108808	1181544	10308	257875	659081	28923	6969	21954	34	3115	8.0333
human	PD10Mono2cell33	2454685	1233054	15275	339917	866439	48555	11296	37259	32	3435	9.3333
human	PD10Mono2cell34	826261	239769	3238	333880	249374	22737	11320	11417	31	1566	5.8166
human	PD10Mono2cell35	1283123	681894	4530	211119	385580	25505	7993	17512	27	2232	6.4333
human	PD10Mono2cell36	864871	532989	2806	73350	255726	15263	3150	12113	23	2056	5.3333
human	PD10Mono2cell37	724735	216550	2761	227681	277743	19515	8348	11167	32	1474	5.2833
human	PD10Mono2cell38	2323141	1338565	9172	314971	660433	40102	11342	28760	34	3168	8.7000
human	PD10Mono2cell39	1532903	722082	6886	345072	458863	29906	11485	18421	31	2122	7.1000
human	PD10Mono2cell40	2436557	1104584	30216	204624	1097133	54309	7725	46584	31	3863	8.7666
human	PD10Mono2cell41	2704507	1426449	9166	344205	924687	99740	24583	75157	34	3200	12.3500
human	PD10Mono2cell42	3403194	1951284	24134	458053	969723	114580	32543	82037	34	3215	15.1833
human	PD10Mono2cell43	1414791	768354	3436	271856	371145	52693	18935	33758	31	2523	7.9500
human	PD10Mono2cell44	1383179	914844	3067	140149	325119	34958	9345	25613	25	2210	6.8666
human	PD10Mono2cell45	69497	29562	29	34949	4957	6817	5050	1767	31	795	3.9000
human	PD10Mono2cell46	3741454	2241349	17225	499953	982927	102925	30920	72005	32	3244	15.5833
human	PD10Mono2cell47	3477498	2019571	17424	435703	1004800	101003	26676	74327	33	3403	13.5500
human	PD10Mono2cell48	2332319	1340526	8969	248845	733979	78771	18345	60426	38	3030	9.8833
human	PD10Mono2cell49	2108108	1101948	16097	350472	639591	39188	12328	26860	33	2657	8.6666
human	PD10Mono2cell50	1238974	506683	15076	323888	393327	29284	11606	17678	31	2135	6.6000
human	PD10Mono2cell51	1721820	938266	11928	234718	536908	33735	8761	24974	28	3023	7.3166
human	PD10Mono2cell52	1035415	605075	2590	155718	272032	15697	4836	10861	30	1735	5.7500
human	PD10Mono2cell53	53694	19674	64	31169	2787	3737	2659	1078	25	581	3.7500
human	PD10Mono2cell54	2808931	1503606	21561	345275	938489	51352	12482	38870	33	3175	9.9000
human	PD10Mono2cell55	3129153	1744275	12512	434553	937813	50124	13980	36144	34	3168	10.7333
human	PD10Mono2cell56	1193451	460099	6950	233601	492801	30612	8630	21982	27	2454	6.1833
human	PD10Mono2cell57	2097150	1107013	11985	323302	654850	87370	25074	62296	34	3229	10.8666
human	PD10Mono2cell58	3026970	1520111	23826	339052	1143981	141069	28030	113039	30	4029	13.4000
human	PD10Mono2cell59	1210671	616199	4613	265661	324198	53578	20767	32811	35	2459	7.8333
human	PD10Mono2cell60	603195	301292	2903	135331	163669	26652	10396	16256	27	1573	5.1500
human	PD10Mono2cell61	478620	250368	3597	74426	150229	29024	9472	19552	32	2026	4.8166
human	PD10Mono2cell62	3046238	1676622	18870	371945	978801	110628	28253	82375	32	3564	13.2666
human	PD10Mono2cell63	4036059	2279060	21946	489798	1245255	129873	32344	97529	33	3628	16.7333
human	PD10Mono2cell64	69348	22749	202	28438	17959	8707	4451	4256	32	1284	3.7500
human	PD10Mono2cell65	2604040	1513999	8484	356860	724697	37073	10486	26587	32	2910	9.3166
human	PD10Mono2cell66	2057562	842409	21057	385515	808581	39785	10897	28888	35	2850	8.2500
human	PD10Mono2cell67	2140629	1093639	16404	241853	788733	37636	7445	30191	31	3268	8.2333
human	PD10Mono2cell68	1476014	913399	6126	165946	390543	19927	4957	14970	28	2294	6.6333
human	PD10Mono2cell69	3361959	953903	49828	452151	1906077	77682	12389	65293	35	4143	10.5666
human	PD10Mono2cell70	2464002	1264330	11058	386659	801955	39862	11574	28288	30	2966	9.1000
human	PD10Mono2cell71	148189	53785	671	48615	45118	7593	3043	4550	31	1565	3.9666
human	PD10Mono2cell72	2104426	1205007	9339	194010	696070	33619	6271	27348	35	3245	8.0000
human	PD10Mono2cell73	2150330	1153718	15349	321824	659439	38851	10620	28231	33	3073	8.3500
human	PD10Mono2cell74	2412294	1100665	25388	360415	925826	50200	11936	38264	30	3537	9.0833
human	PD10Mono2cell75	912618	193620	9213	243513	466272	31488	8899	22589	35	2945	5.6166
human	PD10Mono2cell76	147007	95460	1526	20097	29924	3795	1438	2357	19	915	3.8833
human	PD10Mono2cell77	181673	52000	962	66986	61725	8748	3773	4975	29	1416	3.9500
human	PD10Mono2cell78	3194666	1755620	16179	333770	1089097	54385	11606	42779	34	3717	10.5333
human	PD10Mono2cell79	509870	277987	4480	44658	182745	17884	3257	14627	30	3227	4.5833
human	PD10Mono2cell80	1756441	947900	11007	236863	560671	32793	8387	24406	37	2819	7.2833
human	PD10Mono2cell81	498834	158766	1680	195984	142404	34136	18092	16044	30	1650	5.8000
human	PD10Mono2cell82	1681138	860093	14677	315243	491125	79124	26646	52478	31	2382	10.2833
human	PD10Mono2cell83	542516	256394	3235	150051	132836	29963	13827	16136	37	1662	5.4333
human	PD10Mono2cell84	997917	630543	14624	118589	234161	30101	8650	21451	24	1718	5.9166
human	PD10Mono2cell85	1259040	581516	3085	232662	441777	65523	21846	43677	38	2091	7.9000
human	PD10Mono2cell86	202759	99582	1408	38832	62937	15808	5861	9947	35	1747	4.0500
human	PD10Mono2cell87	794670	202519	5615	268050	318486	52006	21015	30991	34	2121	6.7500
human	PD10Mono2cell88	180459	69437	1140	33410	76472	16495	5148	11347	29	1644	3.9166
human	PD10Mono2cell89	1022879	511210	6871	134714	370084	26486	6245	20241	32	2568	5.7166
human	PD10Mono2cell90	14882	4790	11	9715	366	1723	1457	266	27	204	3.5333
human	PD10Mono2cell91	290937	148913	2769	49628	89627	9327	2995	6332	27	1410	4.1333
human	PD10Mono2cell92	13502	8743	18	3881	860	881	584	297	22	210	3.5333
human	PD10Mono2cell93	144344	24881	1044	94226	24193	6334	4702	1632	28	521	3.9000
human	PD10Mono2cell94	106741	57770	7	47837	1127	3531	3139	392	30	278	3.7666
human	PD10Mono2cell95	162475	72616	772	42633	46454	6807	2982	3825	32	1143	3.8666
human	PD10Mono2cell96	126548	19282	16	106648	602	5047	4842	205	28	158	3.8833
human	PD10Mono3cell1	3359755	2006055	13885	460026	879789	33740	9576	24164	31	3080	10.6666
human	PD10Mono3cell2	787676	163792	3507	414354	206023	16625	8841	7784	32	1697	5.3333
human	PD10Mono3cell3	1194881	244285	16370	386756	547470	23853	8020	15833	31	2476	6.0333
human	PD10Mono3cell4	895693	526286	4139	158884	206384	9920	3533	6387	22	1489	5.5166
human	PD10Mono3cell5	1785738	825466	6098	389492	564682	23551	8729	14822	33	2174	7.4000
human	PD10Mono3cell6	3682864	2146558	18315	481774	1036217	38394	10619	27775	31	3175	11.5166
human	PD10Mono3cell7	4627722	2658793	28022	589923	1350984	45688	11762	33926	37	3593	13.5333
human	PD10Mono3cell8	1936454	988607	7543	322650	617654	25295	7302	17993	35	2621	7.6833
human	PD10Mono3cell9	1757558	849469	8388	317929	581772	28591	8474	20117	32	2698	7.3000
human	PD10Mono3cell10	3000096	1692525	22372	435525	849674	36923	10777	26146	34	3122	10.1000
human	PD10Mono3cell11	1855893	943357	17293	293905	601338	29097	7980	21117	35	3023	7.4500
human	PD10Mono3cell12	1021103	630330	10698	109917	270158	12353	3103	9250	28	1738	5.5333
human	PD10Mono3cell13	2773890	1492034	13635	328354	939867	36543	8753	27790	37	2944	9.3166
human	PD10Mono3cell14	1801344	891800	7730	346957	554857	27472	9653	17819	35	2396	7.4500
human	PD10Mono3cell15	1849941	870435	11857	255878	711771	33428	7386	26042	29	3457	7.3833
human	PD10Mono3cell16	2950437	1743153	20319	344051	842914	34857	8769	26088	33	3111	9.7333
human	PD10Mono3cell17	2900934	1543048	18730	347375	991781	35716	7845	27871	34	3374	9.5333
human	PD10Mono3cell18	3179789	1756184	12904	433837	976864	32686	9057	23629	32	2885	10.1500
human	PD10Mono3cell19	1308368	644813	5224	298961	359370	17569	6569	11000	31	2083	6.2833
human	PD10Mono3cell20	1279733	758332	3127	167477	350797	13838	3833	10005	24	1882	6.1000
human	PD10Mono3cell21	3902035	2165938	36310	453769	1246018	41249	9142	32107	29	3432	11.6166
human	PD10Mono3cell22	3774216	1980629	31178	464265	1298144	43797	9936	33861	33	3306	11.4333
human	PD10Mono3cell23	2307092	979451	13141	594570	719930	30384	11675	18709	29	2457	8.5333
human	PD10Mono3cell24	2289020	1245877	12208	309835	721100	26827	7044	19783	34	2588	8.2000
human	PD10Mono3cell25	3086597	1726725	10585	396597	952690	37863	9965	27898	35	3280	10.0500
human	PD10Mono3cell26	2901908	1681118	24917	374210	821663	34238	9264	24974	34	3239	9.6500
human	PD10Mono3cell27	1284416	653454	5637	233325	392000	21700	6415	15285	31	2590	6.2666
human	PD10Mono3cell28	907891	521598	6708	99340	280245	12682	2845	9837	27	1931	5.3500
human	PD10Mono3cell29	1284699	181762	14040	430761	658136	29858	10214	19644	34	2349	6.3500
human	PD10Mono3cell30	3808712	2186779	24664	476804	1120465	43402	11512	31890	35	3237	11.7333
human	PD10Mono3cell31	2043619	964034	8759	404094	666732	30076	9434	20642	35	2997	7.8166
human	PD10Mono3cell32	2220423	1199273	11098	309265	700787	29494	8065	21429	35	2723	8.3166
human	PD10Mono3cell33	1963771	1035606	13120	273593	641452	33859	9078	24781	33	2670	7.8333
human	PD10Mono3cell34	2127175	1064234	13963	356961	692017	36955	11318	25637	28	2493	8.2333
human	PD10Mono3cell35	1795406	850846	11172	273390	659998	36390	8889	27501	27	3191	7.4166
human	PD10Mono3cell36	1146494	631900	2298	141516	370780	19391	4937	14454	27	2081	5.8833
human	PD10Mono3cell37	2905692	1533247	15852	409494	947099	50959	13665	37294	31	2850	10.0500
human	PD10Mono3cell38	3710381	1934478	34329	441350	1300224	66385	14793	51592	32	3653	11.9500
human	PD10Mono3cell39	2917095	1406730	10195	462059	1038111	53895	14605	39290	35	3236	10.1333
human	PD10Mono3cell40	2470107	1375412	15944	303650	775101	41635	10377	31258	34	2900	8.9333
human	PD10Mono3cell41	2870836	1332107	16018	459601	1063110	111479	29318	82161	34	3394	13.3833
human	PD10Mono3cell42	1990741	777222	13545	531808	668166	86237	33975	52262	35	2329	12.7000
human	PD10Mono3cell43	1878767	991671	10148	312198	564750	67034	21049	45985	27	2900	9.1833
human	PD10Mono3cell44	339225	152199	319	145276	41431	14318	9274	5044	30	923	4.5500
human	PD10Mono3cell45	3795492	1829440	27180	464417	1474455	136675	31392	105283	35	3346	16.7166
human	PD10Mono3cell46	4239078	2376430	24324	440769	1397555	124911	27730	97181	34	3597	15.4833
human	PD10Mono3cell47	3811348	1942332	22227	531834	1314955	123913	30880	93033	36	3625	15.2000
human	PD10Mono3cell48	2513642	1260558	15769	399129	838186	88642	25217	63425	28	3064	11.1666
human	PD10Mono3cell49	3217528	1764255	17093	421485	1014695	51485	13695	37790	33	2974	10.8500
human	PD10Mono3cell50	2893880	1511013	17082	431509	934276	50622	14423	36199	31	2546	10.2666
human	PD10Mono3cell51	2401515	1223287	15067	314796	848365	43714	10975	32739	33	3062	8.7500
human	PD10Mono3cell52	735691	412533	7549	129418	186191	12476	4485	7991	23	1344	5.0500
human	PD10Mono3cell53	161852	44614	300	70074	46864	7466	4143	3323	29	947	3.8666
human	PD10Mono3cell54	861296	393832	5168	288725	173571	19178	10738	8440	31	1466	5.6833
human	PD10Mono3cell55	1543820	443820	11507	363604	724889	41630	12579	29051	30	2642	7.1333
human	PD10Mono3cell56	2952728	1624802	14370	323026	990530	51311	11636	39675	32	3123	10.0666
human	PD10Mono3cell57	960425	450653	4204	154444	351124	47873	14544	33329	33	2463	6.3833
human	PD10Mono3cell58	2998555	1554950	25573	473181	944851	121507	34817	86690	30	3182	15.1666
human	PD10Mono3cell59	1754016	954228	12303	253853	533632	68865	19761	49104	35	2978	8.7166
human	PD10Mono3cell60	904052	521664	5189	110090	267109	29528	8292	21236	27	1698	5.5666
human	PD10Mono3cell61	2059408	1050232	7069	316279	685828	89888	25616	64272	34	2955	10.0166
human	PD10Mono3cell62	1616660	520574	9816	500815	585455	79279	33208	46071	30	2578	11.0000
human	PD10Mono3cell63	388317	101611	1702	185050	99954	26767	15667	11100	38	1686	5.0166
human	PD10Mono3cell64	1260389	410288	9883	285784	554434	68515	20736	47779	33	2543	7.4500
human	PD10Mono3cell65	3063425	1707222	18032	424688	913483	42580	11878	30702	33	2840	10.2333
human	PD10Mono3cell66	3925681	2186206	17642	514321	1207512	52094	13868	38226	33	3027	12.1500
human	PD10Mono3cell67	2013792	1068083	12488	375087	558134	29279	10097	19182	28	2382	7.9833
human	PD10Mono3cell68	1195839	666617	2530	224304	302388	16561	6087	10474	26	1541	6.1166
human	PD10Mono3cell69	3296958	1614755	27632	559963	1094608	48310	14258	34052	34	3105	10.8166
human	PD10Mono3cell70	1481364	772637	6882	347340	354505	23416	10175	13241	31	2075	6.8500
human	PD10Mono3cell71	3441801	1667470	25074	562400	1186857	51612	14828	36784	27	3213	11.2333
human	PD10Mono3cell72	1095027	415729	6597	283050	389651	22358	8495	13863	35	2019	5.8833
human	PD10Mono3cell73	3228912	1682766	17733	483868	1044545	52026	14545	37481	33	3181	11.0333
human	PD10Mono3cell74	467047	172203	1742	137943	155159	15289	6241	9048	32	1604	4.6000
human	PD10Mono3cell75	1279890	684652	6277	245190	343771	24114	8773	15341	37	2226	6.3833
human	PD10Mono3cell76	142529	87204	2234	12645	40446	4016	1191	2825	27	959	3.8333
human	PD10Mono3cell77	657383	117780	5157	251461	282985	22289	9292	12997	32	1739	5.0833
human	PD10Mono3cell78	183048	90617	131	66552	25748	6866	4060	2806	32	1111	3.9333
human	PD10Mono3cell79	2849257	1406097	20250	470133	952777	46961	13831	33130	33	3054	10.0333
human	PD10Mono3cell80	322651	112702	1621	120510	87818	10468	5253	5215	33	1258	4.2500
human	PD10Mono3cell81	2316044	1136123	14108	286058	879755	105228	22777	82451	37	3373	10.6000
human	PD10Mono3cell82	775526	196605	4715	332044	242162	50359	26886	23473	31	1577	8.2000
human	PD10Mono3cell83	298204	104971	1572	99787	91874	20786	10082	10704	28	1560	4.3833
human	PD10Mono3cell84	615415	234105	5722	109677	265911	31496	8385	23111	29	1867	4.9500
human	PD10Mono3cell85	253045	61007	26	189125	2887	19373	18384	989	31	444	5.1166
human	PD10Mono3cell86	716905	306297	4474	199402	206732	37099	17527	19572	33	1468	6.0000
human	PD10Mono3cell87	1284038	483555	10110	338646	451727	63446	24937	38509	30	2251	8.6000
human	PD10Mono3cell88	272436	153236	1539	38256	79405	16716	5366	11350	33	1918	4.1500
human	PD10Mono3cell89	79541	20708	346	39945	18542	4974	2958	2016	30	763	3.7166
human	PD10Mono3cell90	1032276	634161	9803	84971	303341	21554	4690	16864	36	2430	5.7000
human	PD10Mono3cell91	715500	296272	9957	81089	328182	25576	4260	21316	37	3263	4.9666
human	PD10Mono3cell92	229601	130987	927	15442	82245	6753	1291	5462	22	1393	3.9500
human	PD10Mono3cell93	71661	16248	247	43604	11562	4067	2947	1120	33	449	3.7000
human	PD10Mono3cell94	194107	82413	7	110532	1155	6250	5796	454	34	309	3.9833
human	PD10Mono3cell95	1057680	567105	11404	64138	415033	30461	3834	26627	29	3401	5.6500
human	PD10Mono3cell96	307570	136991	3720	34100	132759	13389	2518	10871	27	2322	4.2333
human	PD10Mono4cell1	2670764	1414681	24368	411572	820143	36409	8243	28166	32	4264	9.1500
human	PD10Mono4cell2	2473695	1315095	11372	423747	723481	35023	9020	26003	33	4212	8.7500
human	PD10Mono4cell3	1069392	424805	6820	266778	370989	18482	5915	12567	30	2483	5.7166
human	PD10Mono4cell4	391745	268281	2763	12349	108352	10164	1026	9138	25	2801	4.2833
human	PD10Mono4cell5	2895389	1279438	22106	347084	1246761	42927	7661	35266	31	4218	9.5000
human	PD10Mono4cell6	2784100	1512624	26289	338784	906403	49172	7531	41641	34	5736	9.3500
human	PD10Mono4cell7	893174	225338	8261	290626	368949	26275	6468	19807	31	3941	5.4000
human	PD10Mono4cell8	2979251	1198388	33633	309756	1437474	71298	6356	64942	33	6345	9.5166
human	PD10Mono4cell9	1966980	1021235	5699	337610	602436	27434	8135	19299	34	2664	7.7333
human	PD10Mono4cell10	2295957	1205960	11630	394040	684327	30496	9235	21261	30	2829	8.4500
human	PD10Mono4cell11	1250982	656625	4490	230597	359270	19908	6252	13656	34	2489	6.1666
human	PD10Mono4cell12	951168	594862	5979	112663	237664	10750	2881	7869	26	1616	5.4666
human	PD10Mono4cell13	2455813	1292338	13732	307741	842002	31814	7374	24440	32	2743	8.5833
human	PD10Mono4cell14	2836235	1445698	18565	394812	977160	39496	9368	30128	35	3503	9.4833
human	PD10Mono4cell15	3182281	1609941	23227	449841	1099272	41165	10139	31026	31	3462	10.2333
human	PD10Mono4cell16	1825491	970854	7689	222596	624352	26021	5848	20173	33	2820	7.2666
human	PD10Mono4cell17	2279125	1167866	7970	393773	709516	28280	8091	20189	34	2743	8.3500
human	PD10Mono4cell18	1594581	838989	10365	234712	510515	21688	5422	16266	30	2520	6.7833
human	PD10Mono4cell19	1072002	552745	6167	189754	323336	16085	4750	11335	30	2297	5.7333
human	PD10Mono4cell20	955604	526352	9634	167663	251955	11719	3589	8130	27	1798	5.5000
human	PD10Mono4cell21	1282337	389870	9310	412817	470340	21145	8518	12627	33	1972	6.3000
human	PD10Mono4cell22	1647270	730658	7896	360568	548148	22677	7666	15011	33	1981	7.0500
human	PD10Mono4cell23	2558753	1181271	11458	486079	879945	31559	9743	21816	35	2518	8.9166
human	PD10Mono4cell24	1752947	955131	5931	258033	533852	21906	6124	15782	34	2498	7.1166
human	PD10Mono4cell25	2611222	1390512	15619	323977	881114	34284	7588	26696	35	3232	8.9333
human	PD10Mono4cell26	2429277	1231889	14265	423042	760081	31214	9244	21970	32	2957	8.6666
human	PD10Mono4cell27	487474	179607	1108	176293	130466	10328	4708	5620	29	1363	4.6166
human	PD10Mono4cell28	1269160	706907	13441	170257	378555	14809	3708	11101	27	2070	6.1833
human	PD10Mono4cell29	2277056	1135653	16016	348194	777193	31107	8167	22940	30	2754	8.2333
human	PD10Mono4cell30	789598	358519	3661	196376	231042	15158	5665	9493	32	2077	5.1500
human	PD10Mono4cell31	2929276	1296695	12310	510490	1109781	41307	10877	30430	32	3245	9.7166
human	PD10Mono4cell32	1064573	416771	10243	271914	365645	19815	6462	13353	33	2238	5.8000
human	PD10Mono4cell33	797404	273703	4486	256124	263091	20415	8778	11637	29	1667	5.3833
human	PD10Mono4cell34	2106924	1114291	11390	350961	630282	38088	11678	26410	27	2627	8.3500
human	PD10Mono4cell35	1273840	651997	7753	250860	363230	24484	8395	16089	34	2101	6.3500
human	PD10Mono4cell36	660788	312139	3382	140092	205175	13114	4792	8322	28	1198	4.8666
human	PD10Mono4cell37	1188667	443059	9242	299734	436632	27309	10087	17222	32	1822	6.1666
human	PD10Mono4cell38	1791177	790220	10716	386650	603591	38625	13064	25561	29	2461	7.7000
human	PD10Mono4cell39	2001759	906329	13511	393764	688155	38065	12834	25231	33	2380	8.1666
human	PD10Mono4cell40	1166270	613989	5156	215943	331182	22685	7592	15093	30	1942	6.0500
human	PD10Mono4cell41	2214666	1166222	9365	354955	684124	70758	21576	49182	35	2681	9.9833
human	PD10Mono4cell42	2975481	1702084	28993	378036	866368	94988	24595	70393	29	3030	12.6500
human	PD10Mono4cell43	618953	210723	2538	301699	103993	29130	18700	10430	30	1342	6.1666
human	PD10Mono4cell44	1459857	821937	7778	200781	429361	41580	10656	30924	28	2384	7.0333
human	PD10Mono4cell45	2465177	1261868	12070	426284	764955	82065	26774	55291	33	2559	11.3166
human	PD10Mono4cell46	3310111	1874716	13195	365881	1056319	93928	22739	71189	32	3090	12.2166
human	PD10Mono4cell47	3747393	1937924	21619	541934	1245916	111281	29357	81924	36	3353	14.4500
human	PD10Mono4cell48	710964	152386	6171	264608	287799	39275	17207	22068	31	1694	5.9666
human	PD10Mono4cell49	1668899	815467	13567	330357	509508	31623	10540	21083	28	2479	7.3333
human	PD10Mono4cell50	2460057	1259040	16249	420127	764641	45082	13112	31970	30	3050	9.2666
human	PD10Mono4cell51	1042956	576437	4948	191490	270081	19959	6790	13169	34	2216	5.8166
human	PD10Mono4cell52	1439183	735919	9727	180324	513213	24311	5603	18708	25	2342	6.5333
human	PD10Mono4cell53	3000103	1573419	30480	442191	954013	49979	13431	36548	33	2913	10.2166
human	PD10Mono4cell54	2264466	1135022	12598	386472	730374	39519	12162	27357	33	2641	8.5333
human	PD10Mono4cell55	2999554	1337069	18298	521987	1122200	55790	15561	40229	34	3033	10.5500
human	PD10Mono4cell56	2101445	1065440	9212	323801	702992	38651	10486	28165	35	2671	8.1166
human	PD10Mono4cell57	2533122	1033468	33177	348796	1117681	117153	23569	93584	35	3632	11.4500
human	PD10Mono4cell58	2335202	1074742	14594	388249	857617	102214	28393	73821	33	3059	11.7500
human	PD10Mono4cell59	1327436	639875	4187	250900	432474	52282	17679	34603	31	2259	7.6333
human	PD10Mono4cell60	869856	473265	2695	133096	260800	29619	8707	20912	27	1823	5.6166
human	PD10Mono4cell61	3059857	1500832	17985	428491	1112549	117389	29996	87393	30	3226	14.2666
human	PD10Mono4cell62	2863985	1494852	25925	319087	1024121	102968	22069	80899	33	3884	11.5000
human	PD10Mono4cell63	2672487	1453702	13774	441948	763063	84159	26798	57361	33	2898	11.9000
human	PD10Mono4cell64	1529085	700085	14413	242198	572389	63341	17100	46241	27	2691	7.6666
human	PD10Mono4cell65	1497831	728877	8653	240750	519551	26622	7025	19597	32	2502	6.7166
human	PD10Mono4cell66	2600493	1394724	13875	485946	705948	36114	12054	24060	32	2547	9.4500
human	PD10Mono4cell67	908956	463223	2656	201489	241588	16012	6040	9972	31	1919	5.4166
human	PD10Mono4cell68	1354724	691259	5008	151365	507092	19242	4228	15014	28	2102	6.1500
human	PD10Mono4cell69	2013578	702428	25774	408409	876967	38100	10741	27359	30	2601	7.8000
human	PD10Mono4cell70	297093	128911	362	118700	49120	7694	4556	3138	37	875	4.2000
human	PD10Mono4cell71	2677579	1244530	19552	428776	984721	42744	11048	31696	30	3292	9.2166
human	PD10Mono4cell72	555554	185987	3475	113144	252948	14615	4189	10426	31	1957	4.6166
human	PD10Mono4cell73	767519	174432	6155	251128	335804	23266	8112	15154	32	2271	5.2333
human	PD10Mono4cell74	1177881	460266	9116	301304	407195	25096	9345	15751	30	1994	6.1333
human	PD10Mono4cell75	651053	232855	7350	88720	322128	21278	4100	17178	27	2870	4.8166
human	PD10Mono4cell76	942535	533536	5003	122481	281515	13465	3754	9711	24	1548	5.4166
human	PD10Mono4cell77	2607490	1371729	11774	324913	899074	43869	10263	33606	30	2992	9.2833
human	PD10Mono4cell78	194317	98444	904	53678	41291	7482	3371	4111	32	1364	3.9166
human	PD10Mono4cell79	1149095	303869	5039	430943	409244	29010	12296	16714	32	2199	6.3166
human	PD10Mono4cell80	1072194	371739	9588	237733	453134	26775	7833	18942	35	2384	5.9666
human	PD10Mono4cell81	475619	164231	3048	179833	128507	28008	14694	13314	33	1413	5.3333
human	PD10Mono4cell82	2328766	1223467	12189	354307	738803	101182	27332	73850	32	3073	12.1000
human	PD10Mono4cell83	143485	43038	288	80265	19894	11632	8191	3441	34	801	4.0500
human	PD10Mono4cell84	284443	166982	1035	30168	86258	11495	3443	8052	23	1049	4.1333
human	PD10Mono4cell85	432892	231969	1511	75102	124310	23478	9023	14455	26	1366	4.6500
human	PD10Mono4cell86	2720190	1431321	21918	319972	946979	102837	23257	79580	35	3642	11.3666
human	PD10Mono4cell87	1318189	481235	9953	356554	470447	60454	23822	36632	34	2012	8.3833
human	PD10Mono4cell88	44066	22772	90	16110	5094	4814	2887	1927	37	846	3.6666
human	PD10Mono4cell89	79032	29704	393	27934	21001	4407	2187	2220	26	661	3.6666
human	PD10Mono4cell90	726919	352637	2666	114887	256729	18071	5090	12981	31	1665	5.0833
human	PD10Mono4cell91	126035	30381	1349	28991	65314	7680	2221	5459	34	1420	3.7333
human	PD10Mono4cell92	23841	13671	46	8208	1916	1106	774	332	20	204	3.5666
human	PD10Mono4cell93	224629	108395	1735	31703	82796	8584	2270	6314	22	1524	3.9333
human	PD10Mono4cell94	698998	376413	4540	111737	206308	15375	4974	10401	32	1695	5.0500
human	PD10Mono4cell95	145308	40930	534	45742	58102	7117	2914	4203	26	1029	3.8166
human	PD10Mono4cell96	181673	35888	2391	14183	129211	16682	1481	15201	28	3045	3.8500
human	PD10Mono5cell1	3603352	1935051	25090	454349	1188862	45248	11133	34115	32	3258	11.1833
human	PD10Mono5cell2	4022575	2114150	34168	638781	1235476	48163	14375	33788	31	3160	12.3500
human	PD10Mono5cell3	2242229	1139264	11571	405521	685873	31018	9704	21314	32	2655	8.3000
human	PD10Mono5cell4	1385348	787527	3085	206445	388291	15953	4779	11174	31	1772	6.4000
human	PD10Mono5cell5	4161262	1897617	37819	569390	1656436	55424	13014	42410	32	3244	12.2166
human	PD10Mono5cell6	2306922	944141	8162	563726	790893	35009	13135	21874	33	2303	8.6500
human	PD10Mono5cell7	4848317	2276869	29166	746979	1795303	62248	16604	45644	35	3487	14.1166
human	PD10Mono5cell8	3047249	1570750	26964	455026	994509	38751	10816	27935	36	2857	10.0166
human	PD10Mono5cell9	1874446	836234	5911	388592	643709	32806	10815	21991	30	2388	7.7500
human	PD10Mono5cell10	1311620	707472	4721	176155	423272	25007	6699	18308	30	2514	6.3333
human	PD10Mono5cell11	1624109	853144	8840	257948	504177	27690	8099	19591	36	2724	7.0333
human	PD10Mono5cell12	94809	58308	234	17792	18475	3443	1270	2173	23	881	3.7333
human	PD10Mono5cell13	3437490	1430754	35100	473726	1497910	57422	12385	45037	31	3471	10.7666
human	PD10Mono5cell14	3542552	1730654	23713	525122	1263063	53691	14207	39484	29	3245	11.4000
human	PD10Mono5cell15	2146729	918465	9458	487193	731613	37221	12920	24301	36	2697	8.3500
human	PD10Mono5cell16	2072870	914991	24703	325312	807864	38368	9601	28767	33	3020	7.9666
human	PD10Mono5cell17	651209	226483	3318	232343	189065	12952	6127	6825	29	1480	4.9666
human	PD10Mono5cell18	2393580	1199798	10900	511555	671327	28908	10685	18223	29	2157	8.9166
human	PD10Mono5cell19	2001292	939268	12282	333855	715887	29198	8011	21187	31	2650	7.7666
human	PD10Mono5cell20	1233355	573540	6769	162229	490817	16567	3928	12639	27	1928	5.9833
human	PD10Mono5cell21	1029730	336447	3923	319421	369939	18410	7492	10918	30	1813	5.7500
human	PD10Mono5cell22	4227067	2184807	20206	473940	1548114	52108	11222	40886	29	3505	12.4666
human	PD10Mono5cell23	4451631	2275719	29270	621280	1525362	52746	13142	39604	35	3357	13.1000
human	PD10Mono5cell24	3022902	1548709	16727	334969	1122497	40705	7896	32809	32	3319	9.6833
human	PD10Mono5cell25	3431496	1737307	28606	447683	1217900	50426	12211	38215	27	3468	10.9333
human	PD10Mono5cell26	3100893	1428850	25931	546387	1099725	46537	13391	33146	33	3140	10.3666
human	PD10Mono5cell27	1706420	853841	9235	337211	506133	27767	9548	18219	31	2529	7.3000
human	PD10Mono5cell28	1353314	754002	8120	166983	424209	18210	4552	13658	23	2061	6.3500
human	PD10Mono5cell29	3965823	1954216	26456	544013	1441138	56341	13535	42806	34	3443	12.0500
human	PD10Mono5cell30	1520925	582841	16296	393073	528715	28208	10661	17547	34	2308	6.9333
human	PD10Mono5cell31	2004237	959509	12183	499600	532945	29483	12291	17192	32	2269	8.1666
human	PD10Mono5cell32	2794457	1470573	21980	323045	978859	39424	9137	30287	33	2960	9.4666
human	PD10Mono5cell33	2039007	1030547	8796	359772	639892	41754	13561	28193	25	2555	8.3000
human	PD10Mono5cell34	1269120	499119	5975	359364	404662	31540	13258	18282	30	1818	6.7166
human	PD10Mono5cell35	1546677	727727	10704	319633	488613	35580	12325	23255	32	2536	7.1666
human	PD10Mono5cell36	770148	445644	3608	136794	184102	14200	5103	9097	25	1498	5.1333
human	PD10Mono5cell37	882661	290907	3392	307192	281170	24732	11975	12757	27	1477	5.7666
human	PD10Mono5cell38	1057245	467086	1761	259348	329050	25245	10743	14502	36	1738	6.0000
human	PD10Mono5cell39	2777371	1305523	19046	516972	935830	55579	17571	38008	33	2747	10.1333
human	PD10Mono5cell40	1048825	445412	5529	249871	348013	25699	9729	15970	28	1660	5.9500
human	PD10Mono5cell41	2855392	1375938	16584	535155	927715	110661	37100	73561	34	2591	15.1666
human	PD10Mono5cell42	1270084	621060	4560	235563	408901	64802	20712	44090	33	2595	8.0166
human	PD10Mono5cell43	1768115	810623	9175	364984	583333	76602	26443	50159	31	2639	9.8000
human	PD10Mono5cell44	1652441	926918	13685	210109	501729	51506	13564	37942	30	2250	7.6666
human	PD10Mono5cell45	4170720	1935282	19880	525434	1690124	171525	38862	132663	33	3293	19.1000
human	PD10Mono5cell46	3891201	2145943	29599	511351	1204308	128252	34167	94085	32	3272	16.5166
human	PD10Mono5cell47	2117620	1136821	7294	293077	680428	79118	22290	56828	30	2977	10.0666
human	PD10Mono5cell48	1682840	725904	14399	350963	591574	73979	25778	48201	31	2165	9.1666
human	PD10Mono5cell49	1341440	580808	5547	375343	379742	32764	14184	18580	36	1975	6.8833
human	PD10Mono5cell50	2511732	1035726	15450	609366	851190	58899	21612	37287	30	2519	10.5166
human	PD10Mono5cell51	2054440	813005	13438	396483	831514	51780	15106	36674	31	2861	8.5333
human	PD10Mono5cell52	1277515	756936	7232	134508	378839	21496	5320	16176	23	1950	6.1833
human	PD10Mono5cell53	1046356	503941	8570	172601	361244	27287	8095	19192	35	2205	5.7666
human	PD10Mono5cell54	3273922	1679046	23127	557452	1014297	62997	20402	42595	37	2953	11.6000
human	PD10Mono5cell55	1017509	245435	5734	466748	299592	30816	17770	13046	35	1558	6.6000
human	PD10Mono5cell56	907181	410591	5328	126307	364955	24850	6092	18758	30	2426	5.3500
human	PD10Mono5cell57	3348853	1636450	23362	508463	1180578	151537	39631	111906	32	3609	16.5500
human	PD10Mono5cell58	3571078	1837437	13378	563049	1157214	154711	45259	109452	32	3075	20.0166
human	PD10Mono5cell59	1052068	459477	2943	293779	295869	56598	25563	31035	36	2256	8.3166
human	PD10Mono5cell60	1136693	488086	12825	161692	474090	53050	12365	40685	27	2193	6.4000
human	PD10Mono5cell61	2520451	1287488	11874	386446	834643	115712	34878	80834	33	2689	13.7500
human	PD10Mono5cell62	1208749	574202	2904	303972	327671	54943	25603	29340	35	1991	8.1833
human	PD10Mono5cell63	2484329	1095780	18457	458482	911610	106901	33395	73506	31	2627	12.9166
human	PD10Mono5cell64	817883	223779	4110	316511	273483	53577	26166	27411	36	1697	7.5000
human	PD10Mono5cell65	2840217	1237130	13359	573487	1016241	50235	16624	33611	30	2693	10.0833
human	PD10Mono5cell66	2795577	1395950	23458	521149	855020	47112	15617	31495	38	2548	10.1333
human	PD10Mono5cell67	1364465	559406	13181	296238	495640	28233	9673	18560	28	2039	6.5000
human	PD10Mono5cell68	331229	205179	329	44201	81520	6785	2248	4537	28	1172	4.2500
human	PD10Mono5cell69	328023	118145	24	193463	16391	8414	7011	1403	29	585	4.3833
human	PD10Mono5cell70	1149913	492977	4026	382080	270830	22208	11889	10319	30	1537	6.3166
human	PD10Mono5cell71	400324	267162	43	127485	5634	7311	5869	1442	34	899	4.5166
human	PD10Mono5cell72	1602460	290022	33164	381231	898043	44939	12148	32791	30	2534	6.8500
human	PD10Mono5cell73	684794	240671	4778	178138	261207	22106	7957	14149	31	2122	5.0666
human	PD10Mono5cell74	873030	202944	3786	401599	264701	27310	14358	12952	34	1502	6.0000
human	PD10Mono5cell75	2062784	948287	16449	409280	688768	44064	14703	29361	32	2760	8.5666
human	PD10Mono5cell76	959916	369169	10935	125148	454664	24332	4709	19623	27	2318	5.4166
human	PD10Mono5cell77	464723	80265	5952	166279	212227	19654	7609	12045	35	1875	4.5500
human	PD10Mono5cell78	892787	278982	6123	382319	225363	25176	13686	11490	34	1573	5.9500
human	PD10Mono5cell79	3129424	1395391	14024	669573	1050436	61561	21757	39804	37	2937	11.4833
human	PD10Mono5cell80	221516	79593	59	137468	4396	7918	6417	1501	32	796	4.0833
human	PD10Mono5cell81	1671161	837809	11206	311360	510786	81531	27932	53599	32	2364	10.2000
human	PD10Mono5cell82	395754	123333	3432	125942	143047	36860	15631	21229	30	1756	5.2000
human	PD10Mono5cell83	1757666	898416	8309	283452	567489	82860	25010	57850	33	2753	9.6333
human	PD10Mono5cell84	772422	434309	2107	109378	226628	31397	9249	22148	25	1586	5.3833
human	PD10Mono5cell85	768244	320333	3107	157635	287169	51530	18505	33025	32	1997	6.0666
human	PD10Mono5cell86	746434	260188	2405	379533	104308	43609	31660	11949	33	1471	8.3833
human	PD10Mono5cell87	1519258	339517	12215	468159	699367	98607	36833	61774	32	2503	11.3666
human	PD10Mono5cell88	112627	55295	731	43760	12841	8530	6327	2203	32	603	3.8500
human	PD10Mono5cell89	396647	85965	990	158652	151040	16793	7891	8902	31	1114	4.5166
human	PD10Mono5cell90	1221996	422282	13093	282352	504269	40759	13003	27756	29	2353	6.6000
human	PD10Mono5cell91	444575	187456	2554	78978	175587	16773	4723	12050	29	2066	4.4333
human	PD10Mono5cell92	88288	52811	350	8561	26566	3521	934	2587	21	895	3.7000
human	PD10Mono5cell93	1735034	1006432	10768	196778	521056	37169	9515	27654	30	2427	7.4833
human	PD10Mono5cell94	926799	526471	7339	72311	320678	25618	4656	20962	30	2982	5.4000
human	PD10Mono5cell95	55383	22096	224	18984	14079	4103	2171	1932	27	754	3.6333
human	PD10Mono5cell96	57609	29647	13	27097	852	2786	2459	327	30	238	3.6666
human	PD10Mono6cell1	3360848	1798265	13893	445445	1103245	34528	8539	25989	34	3189	10.4666
human	PD10Mono6cell2	3658745	1891601	16624	455394	1295126	38549	8404	30145	33	3427	11.0166
human	PD10Mono6cell3	1592361	796694	8279	323773	463615	19416	6360	13056	28	2317	6.8666
human	PD10Mono6cell4	1420056	849242	8158	199105	363551	13664	3743	9921	26	2093	6.4666
human	PD10Mono6cell5	2458807	1251424	14133	474049	719201	26343	8614	17729	30	2500	8.6333
human	PD10Mono6cell6	3010651	1633028	18203	530329	829091	30573	9616	20957	25	2687	10.0166
human	PD10Mono6cell7	2223973	955580	17761	514037	736595	26136	8890	17246	31	2356	8.2833
human	PD10Mono6cell8	2023933	920346	11641	330836	761110	23673	6500	17173	35	2401	7.6666
human	PD10Mono6cell9	2677002	1464011	13660	434475	764856	30998	9323	21675	32	2900	9.2500
human	PD10Mono6cell10	2626989	1460730	19754	423758	722747	30915	9040	21875	30	3083	9.0833
human	PD10Mono6cell11	1766076	986370	5868	253300	520538	22726	6133	16593	28	2526	7.1500
human	PD10Mono6cell12	1290084	802920	5281	176413	305470	13285	3886	9399	23	1914	6.2500
human	PD10Mono6cell13	2534510	1383776	10812	376631	763291	26639	8080	18559	33	2442	8.7500
human	PD10Mono6cell14	2981798	1545684	28017	434036	974061	36033	9151	26882	32	3071	9.7833
human	PD10Mono6cell15	2133538	1175084	5960	465664	486830	23981	9492	14489	32	2358	8.2000
human	PD10Mono6cell16	1702405	1005902	8664	227413	460426	20271	5606	14665	33	2532	7.0833
human	PD10Mono6cell17	2448983	1306990	12829	380175	748989	25153	7445	17708	33	2562	8.6333
human	PD10Mono6cell18	3079531	1772613	10498	449550	846870	28073	8013	20060	27	2859	10.1000
human	PD10Mono6cell19	1914254	1022564	4895	384668	502127	21239	7370	13869	32	2400	7.5166
human	PD10Mono6cell20	123735	80387	1346	11009	30993	3038	820	2218	22	859	3.8166
human	PD10Mono6cell21	2465660	1153321	21194	447167	843978	27450	8112	19338	33	2438	8.5500
human	PD10Mono6cell22	2996341	1642999	20221	414008	919113	30628	7661	22967	34	3022	9.6166
human	PD10Mono6cell23	1850066	838438	18403	411410	581815	21680	7381	14299	30	2213	7.4500
human	PD10Mono6cell24	1133521	482880	2944	236672	411025	15217	4870	10347	34	1827	5.8166
human	PD10Mono6cell25	1557018	571242	5733	424593	555450	23615	8829	14786	30	1993	6.8500
human	PD10Mono6cell26	3254708	1768728	25586	570811	889583	33943	10877	23066	35	2912	10.6000
human	PD10Mono6cell27	1836907	982369	7022	316116	531400	22414	6957	15457	29	2485	7.3833
human	PD10Mono6cell28	1193291	673137	3660	161643	354851	13651	3283	10368	30	1961	5.9000
human	PD10Mono6cell29	2604041	1315636	22899	419138	846368	30534	8628	21906	38	2871	8.9500
human	PD10Mono6cell30	3379637	1868467	16526	464391	1030253	36503	9635	26868	31	3066	10.6333
human	PD10Mono6cell31	2421764	1113991	15121	560912	731740	30392	10599	19793	37	2767	8.6833
human	PD10Mono6cell32	1713539	936803	11384	257889	507463	20057	5700	14357	33	2278	7.0666
human	PD10Mono6cell33	1186401	457658	6121	371516	351106	24841	10821	14020	32	1963	6.2666
human	PD10Mono6cell34	1512059	741093	3903	304703	462360	28099	9496	18603	29	2075	6.9166
human	PD10Mono6cell35	1121185	487206	6867	311453	315659	22290	9291	12999	30	1960	6.0833
human	PD10Mono6cell36	741160	462001	1637	87860	189662	10788	2806	7982	22	1458	5.0166
human	PD10Mono6cell37	1808160	850913	8796	267326	681125	31866	8337	23529	30	2177	7.3166
human	PD10Mono6cell38	2663655	1460140	15981	380639	806895	41801	12117	29684	39	2710	9.4166
human	PD10Mono6cell39	1000429	479703	5632	132560	382534	18438	4385	14053	22	1836	5.5333
human	PD10Mono6cell40	1017339	456152	6461	201578	353148	19565	6809	12756	36	1667	5.7000
human	PD10Mono6cell41	3577197	1919322	21430	457023	1179422	104166	25757	78409	31	3188	14.2500
human	PD10Mono6cell42	2469793	1401196	6243	377455	684899	77117	24055	53062	29	2716	11.3000
human	PD10Mono6cell43	659300	256978	3881	244356	154085	26962	14540	12422	28	1416	5.7500
human	PD10Mono6cell44	475025	259241	3265	83637	128882	15575	5488	10087	23	1286	4.5500
human	PD10Mono6cell45	4046459	1934728	24871	485558	1601302	131946	29715	102231	31	3352	16.6333
human	PD10Mono6cell46	69701	44128	61	21041	4471	4565	3001	1564	31	780	3.6333
human	PD10Mono6cell47	1073028	341163	7464	359645	364756	45662	19916	25746	32	1910	7.0500
human	PD10Mono6cell48	2717645	1609581	9128	343060	755876	69712	19696	50016	37	2494	10.7666
human	PD10Mono6cell49	2771323	1467855	11667	412709	879092	42963	11930	31033	32	2761	9.6500
human	PD10Mono6cell50	2052585	998731	5609	416053	632192	34226	11956	22270	30	2142	8.1666
human	PD10Mono6cell51	605107	223976	5182	216936	159013	14656	7106	7550	30	1400	4.8833
human	PD10Mono6cell52	1106036	738835	1976	113187	252038	13203	3507	9696	24	1592	5.7500
human	PD10Mono6cell53	941706	359105	2357	419154	161090	18744	11993	6751	26	1011	5.9666
human	PD10Mono6cell54	463811	201629	3992	85443	172747	14840	3926	10914	34	2334	4.4500
human	PD10Mono6cell55	3051830	1672988	11450	516193	851199	41376	13574	27802	31	2458	10.3166
human	PD10Mono6cell56	55959	29266	4	25880	809	2394	1960	434	29	289	3.6000
human	PD10Mono6cell57	2037467	999230	8628	380926	648683	75478	24823	50655	31	2617	10.1666
human	PD10Mono6cell58	1164797	151929	18104	391101	603663	84595	27598	56997	28	2646	8.6500
human	PD10Mono6cell59	1681051	801748	7390	395287	476626	61316	24178	37138	30	2415	10.0333
human	PD10Mono6cell60	1291004	726513	6020	146836	411635	36893	9214	27679	27	1931	6.5500
human	PD10Mono6cell61	1216881	477290	6184	335232	398175	57092	24037	33055	34	2141	8.1500
human	PD10Mono6cell62	953205	226946	13759	205877	506623	55849	14631	41218	27	2552	6.2166
human	PD10Mono6cell63	1560121	191198	21091	390744	957088	96389	24655	71734	31	3011	8.8500
human	PD10Mono6cell64	75911	31530	30	41452	2899	6276	4855	1421	34	671	3.7166
human	PD10Mono6cell65	2300211	1235944	16652	385212	662403	32076	9839	22237	32	2836	8.4833
human	PD10Mono6cell66	3072388	1567582	13979	414592	1076235	42026	10330	31696	34	2983	10.1833
human	PD10Mono6cell67	2049207	1163471	10980	335574	539182	25508	8259	17249	32	2313	7.9166
human	PD10Mono6cell68	1019028	582372	4565	139403	292688	13807	3660	10147	27	1709	5.6000
human	PD10Mono6cell69	1030538	438463	8769	162266	421040	20313	5100	15213	30	2404	5.5500
human	PD10Mono6cell70	198660	92359	516	64663	41122	6046	2998	3048	30	1133	3.9333
human	PD10Mono6cell71	64911	35077	139	22450	7245	3584	2054	1530	30	810	3.6666
human	PD10Mono6cell72	2694694	1546514	11603	346646	789931	31835	8786	23049	30	2506	9.1833
human	PD10Mono6cell73	1132191	398768	2656	448990	281777	23700	12146	11554	30	1599	6.4500
human	PD10Mono6cell74	754610	415711	4331	106754	227814	15894	4539	11355	28	2031	5.0333
human	PD10Mono6cell75	1106637	516697	8505	260520	320915	20516	7654	12862	30	2017	5.9500
human	PD10Mono6cell76	87659	52549	12	32821	2277	2144	1598	546	22	348	3.7000
human	PD10Mono6cell77	1006368	340000	2954	330479	332935	21395	9695	11700	36	1641	5.8666
human	PD10Mono6cell78	247753	156958	62	84042	6691	5759	4017	1742	28	870	4.0833
human	PD10Mono6cell79	2834125	1507455	19956	452595	854119	43661	13719	29942	35	2580	10.0000
human	PD10Mono6cell80	206553	29330	1193	114573	61457	7721	4357	3364	32	974	3.9500
human	PD10Mono6cell81	428680	113409	1078	188417	125776	27682	14737	12945	33	1292	5.2166
human	PD10Mono6cell82	862685	507252	4140	116442	234851	37534	12124	25410	32	1786	5.9000
human	PD10Mono6cell83	991557	472271	7754	185292	326240	43919	13970	29949	30	2345	6.3166
human	PD10Mono6cell84	172367	106692	895	27477	37303	6815	2796	4019	23	796	3.8500
human	PD10Mono6cell85	122736	38209	18	82820	1689	9935	9239	696	32	376	3.9666
human	PD10Mono6cell86	477158	227614	1788	66630	181126	25362	6131	19231	27	1355	5.5500
human	PD10Mono6cell87	2094070	1021254	17484	327004	728328	82586	22022	60564	34	3337	9.5833
human	PD10Mono6cell88	41734	18896	27	21503	1308	3728	3147	581	32	358	3.6333
human	PD10Mono6cell89	34745	18812	32	12367	3534	2348	1477	871	29	383	3.5666
human	PD10Mono6cell90	296447	128860	1538	69553	96496	8893	3701	5192	29	995	4.1333
human	PD10Mono6cell91	28808	18357	12	9290	1149	1652	1211	441	26	207	3.5333
human	PD10Mono6cell92	50019	29811	62	6385	13761	1809	706	1103	18	478	3.5833
human	PD10Mono6cell93	107509	38677	10	67855	967	3826	3431	395	29	229	3.7833
human	PD10Mono6cell94	1007501	528409	8134	148483	322475	20641	5744	14897	32	2107	5.6500
human	PD10Mono6cell95	1870907	1074759	14460	91516	690172	39407	4344	35063	33	4265	7.2333
human	PD10Mono6cell96	75987	27574	628	15113	32672	5290	1527	3763	29	1284	3.6666
human	PD10Mono7cell1	4375160	2494151	29132	500218	1351659	41330	9524	31806	36	3368	12.6666
human	PD10Mono7cell2	3089319	1368795	19817	497581	1203126	38707	9618	29089	34	3128	9.8666
human	PD10Mono7cell3	1395406	704734	5012	293218	392442	18954	6347	12607	34	2261	6.4333
human	PD10Mono7cell4	982759	566015	3965	125988	286791	10559	2922	7637	26	1500	5.5166
human	PD10Mono7cell5	2245828	1003181	10804	376936	854907	27844	7461	20383	32	2520	8.3333
human	PD10Mono7cell6	3297656	1868428	25821	455879	947528	33424	9358	24066	32	2932	10.5166
human	PD10Mono7cell7	4877038	2350145	38519	531744	1956630	55243	9850	45393	31	4224	13.2333
human	PD10Mono7cell8	1531034	408333	17179	313075	792447	25392	6321	19071	31	2580	6.5500
human	PD10Mono7cell9	1968232	844475	19444	399925	704388	32260	9171	23089	33	3136	7.7833
human	PD10Mono7cell10	2503110	1300548	10447	422865	769250	31092	9112	21980	33	3023	8.8166
human	PD10Mono7cell11	1871172	930501	8678	291727	640266	27746	7070	20676	32	2966	7.4666
human	PD10Mono7cell12	861423	486914	5464	114754	254291	11422	2988	8434	24	1804	5.2666
human	PD10Mono7cell13	195910	44797	112	145905	5096	5929	4363	1566	31	771	3.9666
human	PD10Mono7cell14	3148742	1729640	15626	409333	994143	36330	9121	27209	31	3116	10.2500
human	PD10Mono7cell15	3100717	1594673	21254	456696	1028094	38748	9539	29209	32	3312	9.9833
human	PD10Mono7cell16	1386501	327133	21849	208642	828877	31027	5232	25795	31	3176	6.1000
human	PD10Mono7cell17	2152838	1127586	11288	352141	661823	25903	7404	18499	26	2862	8.1166
human	PD10Mono7cell18	1784186	811050	10315	338071	624750	24130	7121	17009	29	2530	7.2166
human	PD10Mono7cell19	238109	85592	2433	89483	60601	6020	2902	3118	27	1003	4.0500
human	PD10Mono7cell20	1293823	782483	12609	135418	363313	13337	3034	10303	25	1985	6.1166
human	PD10Mono7cell21	2542818	1149516	23677	365336	1004289	32865	7487	25378	29	3122	8.7500
human	PD10Mono7cell22	680277	189332	539	406358	84048	11718	8294	3424	31	979	5.1000
human	PD10Mono7cell23	2848239	1336807	21921	459245	1030266	35169	8917	26252	29	2809	9.4666
human	PD10Mono7cell24	471478	106634	5761	210917	148166	9370	4801	4569	31	1174	4.5000
human	PD10Mono7cell25	1892713	837358	9257	393136	652962	28431	8640	19791	33	2695	7.5833
human	PD10Mono7cell26	2102748	898695	16042	566700	621311	27156	10577	16579	35	2342	8.1333
human	PD10Mono7cell27	2022039	1042256	12445	289628	677710	27854	6700	21154	31	3157	7.6833
human	PD10Mono7cell28	325863	147391	2511	37391	138570	7048	1476	5572	25	1605	4.1500
human	PD10Mono7cell29	1574293	733227	13618	264762	562686	21352	6201	15151	33	2342	6.8000
human	PD10Mono7cell30	3721995	1828178	22700	502806	1368311	47494	10540	36954	36	3692	11.6500
human	PD10Mono7cell31	215041	131426	679	24564	58372	7771	2436	5335	26	1768	3.9166
human	PD10Mono7cell32	428358	65608	4761	152032	205957	12250	4362	7888	35	1796	4.3166
human	PD10Mono7cell33	1657212	633729	14033	394926	614524	39912	13328	26584	30	2753	7.5166
human	PD10Mono7cell34	2912256	1446248	20616	372988	1072404	56192	13228	42964	26	3157	10.1000
human	PD10Mono7cell35	1616504	572497	20153	235754	788100	44429	8685	35744	29	3561	6.8500
human	PD10Mono7cell36	859558	525816	6878	116457	210407	14180	4216	9964	24	1722	5.3333
human	PD10Mono7cell37	1730535	710292	15787	165598	838858	45106	6800	38306	31	3429	7.0500
human	PD10Mono7cell38	2412263	1296963	11991	390333	712976	44042	14298	29744	34	2603	9.0666
human	PD10Mono7cell39	2656823	1311043	15859	369975	959946	50783	12475	38308	30	3184	9.4000
human	PD10Mono7cell40	673037	81076	6307	225232	360422	25235	8372	16863	31	1733	4.9666
human	PD10Mono7cell41	1796587	343884	25999	517232	909472	91999	28776	63223	33	2677	9.9000
human	PD10Mono7cell42	2578829	1369107	14338	487451	707933	81339	28932	52407	34	2403	11.6500
human	PD10Mono7cell43	1584622	551744	13602	248007	771269	71723	14976	56747	30	3560	7.6166
human	PD10Mono7cell44	239496	108981	31	127846	2638	8890	7675	1215	28	616	4.2500
human	PD10Mono7cell45	1016468	340979	2786	426533	246170	43951	25328	18623	28	1565	7.8000
human	PD10Mono7cell46	4237691	1993703	26062	555126	1662800	133893	30312	103581	32	3765	15.9333
human	PD10Mono7cell47	2448210	1108048	13263	355715	971184	81788	19784	62004	35	3245	10.0833
human	PD10Mono7cell48	2030623	1074975	14539	256462	684647	65965	16325	49640	30	2800	8.7000
human	PD10Mono7cell49	1773316	878426	7149	524419	363322	30389	15125	15264	35	1909	8.0000
human	PD10Mono7cell50	1218157	393343	14083	385369	425362	27850	11761	16089	32	1772	6.4333
human	PD10Mono7cell51	203441	71348	652	89870	41571	6928	4085	2843	31	963	3.9333
human	PD10Mono7cell52	1163269	620563	13224	123643	405839	19484	4181	15303	29	2185	5.8500
human	PD10Mono7cell53	2831090	953642	28791	383270	1465387	64000	11262	52738	34	3628	9.3833
human	PD10Mono7cell54	2252556	1068473	14062	397823	772198	39344	11902	27442	30	2649	8.5166
human	PD10Mono7cell55	3038003	1599237	13752	347313	1077701	48193	10273	37920	24	3424	9.7833
human	PD10Mono7cell56	77407	27246	42	46549	3570	3348	2702	646	34	402	3.6333
human	PD10Mono7cell57	2023660	845191	14227	403977	760265	86485	25416	61069	31	3022	9.9666
human	PD10Mono7cell58	2524785	1308924	16494	436221	763146	97470	30089	67381	29	2971	12.7333
human	PD10Mono7cell59	773765	184902	5380	244787	338696	46752	17179	29573	36	2535	6.1333
human	PD10Mono7cell60	123409	71001	358	15773	36277	6798	2115	4683	22	1046	3.8500
human	PD10Mono7cell61	3164119	1420529	42944	380195	1320451	129701	26839	102862	33	3402	12.9500
human	PD10Mono7cell62	3982337	2238462	35567	310102	1398206	125332	21319	104013	34	4518	13.2166
human	PD10Mono7cell63	318376	91062	395	178105	48814	19742	13359	6383	34	1333	4.7000
human	PD10Mono7cell64	1847139	1067725	15694	188266	575454	61812	13748	48064	28	3178	7.8333
human	PD10Mono7cell65	2733550	1507433	13086	440260	772771	35744	10698	25046	30	2736	9.4500
human	PD10Mono7cell66	698656	96161	147	513135	89213	15858	11858	4000	35	618	5.4500
human	PD10Mono7cell67	1025415	365219	6237	186259	467700	22553	5481	17072	29	2602	5.5666
human	PD10Mono7cell68	1704727	952152	10041	260336	482198	20815	5745	15070	27	2121	7.0666
human	PD10Mono7cell69	488798	158986	2962	188711	138139	11544	5632	5912	26	1362	4.5500
human	PD10Mono7cell70	2707648	1173566	21385	485787	1026910	42073	11893	30180	32	2859	9.3333
human	PD10Mono7cell71	3912492	2249230	20006	396214	1247042	44673	9831	34842	33	3327	11.4000
human	PD10Mono7cell72	446288	207453	3531	67484	167820	11216	2770	8446	30	1838	4.3666
human	PD10Mono7cell73	1892828	868809	9322	363985	650712	33577	10760	22817	34	2328	7.7000
human	PD10Mono7cell74	325263	37238	4254	149660	134111	12988	5738	7250	31	1724	4.2166
human	PD10Mono7cell75	624261	109678	4700	310080	199803	18883	9223	9660	35	1706	5.0833
human	PD10Mono7cell76	1166591	649259	6221	189346	321765	17163	4965	12198	24	2002	5.9333
human	PD10Mono7cell77	524010	120885	3929	163751	235445	15305	5747	9558	26	1826	4.6000
human	PD10Mono7cell78	3504762	1865839	13727	437705	1187491	50947	11712	39235	36	3316	10.8333
human	PD10Mono7cell79	808162	91864	6844	252898	456556	26236	7772	18464	31	2616	5.2166
human	PD10Mono7cell80	84276	37672	621	15679	30304	5662	1670	3992	30	1526	3.6833
human	PD10Mono7cell81	124313	48915	716	19044	55638	14172	3564	10608	30	2045	3.7666
human	PD10Mono7cell82	2321534	1230663	17007	347993	725871	94438	26111	68327	30	2770	11.3833
human	PD10Mono7cell83	334428	57957	1181	164327	110963	23785	12576	11209	29	1172	4.8000
human	PD10Mono7cell84	699295	412907	4919	45896	235573	25183	4249	20934	24	2041	4.9833
human	PD10Mono7cell85	780981	300157	5265	84129	391430	50992	9450	41542	29	2837	5.4166
human	PD10Mono7cell86	918763	531502	7560	44825	334876	47366	5538	41828	31	3903	5.5000
human	PD10Mono7cell87	647858	294021	4026	52809	297002	42289	5939	36350	33	3335	4.9500
human	PD10Mono7cell88	237773	68745	2834	54118	112076	19759	5978	13781	29	1793	4.0500
human	PD10Mono7cell89	84482	30390	13	52279	1800	3405	3067	338	27	229	3.7333
human	PD10Mono7cell90	410866	248434	2701	52150	107581	9820	2989	6831	31	1554	4.3666
human	PD10Mono7cell91	72187	38063	270	11675	22179	4725	1292	3433	33	1301	3.6000
human	PD10Mono7cell92	110525	49410	543	12350	48222	5039	1011	4028	20	1469	3.6833
human	PD10Mono7cell93	135933	22392	2079	68521	42941	6255	3552	2703	35	738	3.8500
human	PD10Mono7cell94	588868	313453	3193	36489	235733	18868	2607	16261	30	2947	4.7166
human	PD10Mono7cell95	89137	37134	308	29944	21751	4440	2209	2231	29	866	3.7000
human	PD10Mono7cell96	178580	28070	764	120962	28784	6783	5090	1693	33	495	3.9666
human	PD10Mono8cell1	4122991	2168991	24219	628499	1301282	48929	13923	35006	30	3074	12.4166
human	PD10Mono8cell2	3697420	2048586	21991	630544	996299	40809	13989	26820	29	2678	11.6833
human	PD10Mono8cell3	2056344	995416	11495	520531	528902	28211	11372	16839	31	2338	8.1000
human	PD10Mono8cell4	2122619	1215431	12481	186829	707878	24214	4826	19388	24	2398	7.7833
human	PD10Mono8cell5	3571617	1823713	25681	581911	1140312	41018	12913	28105	37	2439	10.9500
human	PD10Mono8cell6	1396523	771938	11561	210644	402380	20653	6329	14324	29	2286	6.4000
human	PD10Mono8cell7	4778201	2599750	19049	705705	1453697	51916	15211	36705	32	2972	14.1833
human	PD10Mono8cell8	2046019	976706	10003	448766	610544	27751	10290	17461	30	2094	7.8833
human	PD10Mono8cell9	3561162	2006384	17268	474126	1063384	48194	13126	35068	34	3099	11.3500
human	PD10Mono8cell10	3571958	1790025	11529	592597	1177807	54062	16013	38049	32	3021	11.6833
human	PD10Mono8cell11	699683	256822	3104	230975	208782	16959	7550	9409	32	1780	5.1166
human	PD10Mono8cell12	624071	340182	2868	175499	105522	8932	4792	4140	26	837	4.8833
human	PD10Mono8cell13	535611	35157	101	495863	4490	14911	13672	1239	39	621	5.1333
human	PD10Mono8cell14	409633	132784	2442	142327	132080	12168	5400	6768	30	1513	4.3333
human	PD10Mono8cell15	5043125	2953659	28781	615061	1445624	60935	15780	45155	34	3320	14.1666
human	PD10Mono8cell16	1309862	157944	17441	318898	815579	40222	9670	30552	25	2812	6.0666
human	PD10Mono8cell17	2222581	1040025	18966	485655	677935	30096	10886	19210	32	2213	8.1500
human	PD10Mono8cell18	3078399	1454529	12577	524443	1086850	40481	11559	28922	26	2573	10.2000
human	PD10Mono8cell19	2279272	1229101	8848	404656	636667	28398	9364	19034	34	2661	8.2166
human	PD10Mono8cell20	1524578	856739	5105	233333	429401	18115	5280	12835	27	1909	6.6166
human	PD10Mono8cell21	2518694	1175379	12306	427808	903201	34204	10283	23921	30	2303	9.0333
human	PD10Mono8cell22	4746077	2184368	38305	693322	1830082	70037	16011	54026	32	3619	13.6166
human	PD10Mono8cell23	3842634	1991009	21917	641877	1187831	46719	14316	32403	29	2891	11.4666
human	PD10Mono8cell24	457707	233229	2206	42728	179544	13298	2388	10910	35	2407	4.4000
human	PD10Mono8cell25	2517107	1322694	14337	415691	764385	36573	11248	25325	32	2880	9.0500
human	PD10Mono8cell26	2669491	1292230	16151	500147	860963	38260	12421	25839	35	2730	9.3333
human	PD10Mono8cell27	1964659	895944	10671	430884	627160	32590	11056	21534	28	2521	7.7333
human	PD10Mono8cell28	1194664	673933	7115	194208	319408	15594	4996	10598	25	1763	5.9000
human	PD10Mono8cell29	994797	252417	12568	435422	294390	20313	10875	9438	31	1365	5.7500
human	PD10Mono8cell30	450321	116940	2217	146380	184784	12996	5132	7864	28	1740	4.4000
human	PD10Mono8cell31	1611823	638763	17532	187639	767889	36548	6247	30301	35	3842	6.7333
human	PD10Mono8cell32	168483	64271	2186	22237	79789	9622	2075	7547	31	2195	3.8333
human	PD10Mono8cell33	266353	58777	2892	133397	71287	10880	6431	4449	31	1138	4.2000
human	PD10Mono8cell34	223030	80379	1483	66268	74900	9438	3873	5565	28	1362	3.9666
human	PD10Mono8cell35	626173	119556	2150	350514	153953	20321	12368	7953	27	1257	5.2833
human	PD10Mono8cell36	480007	246032	1444	108829	123702	11021	4505	6516	23	1272	4.4833
human	PD10Mono8cell37	1815599	222483	43086	529237	1020793	62390	19003	43387	30	2522	7.8333
human	PD10Mono8cell38	1744302	459381	14495	289924	980502	60051	12485	47566	33	3138	6.9833
human	PD10Mono8cell39	4168522	2136543	22196	708398	1301385	79350	24743	54607	33	3113	14.5500
human	PD10Mono8cell40	1664647	239657	18859	306776	1099355	64507	11960	52547	30	3195	6.8500
human	PD10Mono8cell41	987850	82284	9707	543955	351904	63586	35665	27921	32	1453	9.8500
human	PD10Mono8cell42	4516359	2239016	35022	600659	1641662	187174	40663	146511	34	3838	23.5333
human	PD10Mono8cell43	757932	209950	1939	321841	224202	41420	22646	18774	33	1379	7.0000
human	PD10Mono8cell44	462156	185723	374	241385	34674	18049	14972	3077	30	532	5.2666
human	PD10Mono8cell45	2905660	1446366	21923	348761	1088610	119881	26123	93758	31	3174	12.4166
human	PD10Mono8cell46	574545	181871	280	339000	53394	30458	24547	5911	29	1005	6.5500
human	PD10Mono8cell47	5173855	1935437	49216	532848	2656354	231534	33403	198131	34	4626	21.7833
human	PD10Mono8cell48	1188138	532896	9824	114392	531026	64405	10758	53647	32	3094	6.3166
human	PD10Mono8cell49	3191249	1583052	13682	579599	1014916	60061	19983	40078	32	2666	11.3833
human	PD10Mono8cell50	3151188	1617206	16776	634690	882516	59938	22044	37894	33	2459	11.6333
human	PD10Mono8cell51	1825999	895225	10479	402649	517646	38864	14074	24790	32	2429	8.1000
human	PD10Mono8cell52	204701	101136	52	102861	652	4513	4174	339	31	237	3.9666
human	PD10Mono8cell53	1429267	275954	19268	502822	631223	45000	18087	26913	31	1779	7.2166
human	PD10Mono8cell54	221291	67013	2428	36234	115616	14699	3050	11649	29	2529	3.9166
human	PD10Mono8cell55	3019229	783774	26142	603030	1606283	87838	21048	66790	37	3275	10.3833
human	PD10Mono8cell56	1250725	105336	14565	314616	816208	53501	13148	40353	29	2618	6.1666
human	PD10Mono8cell57	3743957	2034093	10848	486181	1212835	130045	35539	94506	29	2955	17.3333
human	PD10Mono8cell58	1599770	894481	6048	261519	437722	71318	23374	47944	35	2675	8.8000
human	PD10Mono8cell59	1676871	690193	11355	361671	613652	80928	27188	53740	32	2582	9.7500
human	PD10Mono8cell60	1675083	916298	5741	252807	500237	54545	15176	39369	27	2043	7.8833
human	PD10Mono8cell61	1864257	386456	21420	543370	913011	115293	39670	75623	27	2327	12.3000
human	PD10Mono8cell62	850473	343708	7364	85623	413778	60161	9663	50498	30	3572	5.3666
human	PD10Mono8cell63	688971	99874	146	580945	8006	40489	36602	3887	34	1398	9.5666
human	PD10Mono8cell64	799195	92828	10130	345217	351020	59897	26104	33793	32	1847	7.0500
human	PD10Mono8cell65	4241139	2449674	17977	518055	1255433	59000	15838	43162	33	2613	12.9333
human	PD10Mono8cell66	712658	14298	2283	647557	48520	22073	19445	2628	33	656	6.2000
human	PD10Mono8cell67	1943617	843695	12963	427521	659438	36513	13008	23505	29	2437	7.8166
human	PD10Mono8cell68	620856	231801	752	295457	92846	13487	9483	4004	31	841	5.0166
human	PD10Mono8cell69	529333	66981	25	455283	7044	15283	14617	666	33	342	5.2666
human	PD10Mono8cell70	641760	188892	12	449519	3337	15085	14434	651	29	398	5.4333
human	PD10Mono8cell71	358651	124802	19	231095	2735	9612	8668	944	31	575	4.5500
human	PD10Mono8cell72	381605	64832	8	315539	1226	11176	10745	431	33	310	4.5166
human	PD10Mono8cell73	2153554	726960	12826	584608	829160	56424	19573	36851	32	3041	8.8833
human	PD10Mono8cell74	1951089	807057	13513	379416	751103	47428	14179	33249	29	2716	7.9500
human	PD10Mono8cell75	1325082	260531	9628	432092	622831	42240	15166	27074	28	2323	6.8833
human	PD10Mono8cell76	63600	29306	485	7798	26011	4146	1023	3123	17	1206	3.4333
human	PD10Mono8cell77	133198	61444	18	69794	1942	5224	4412	812	28	495	3.7333
human	PD10Mono8cell78	492837	146061	6424	80132	260220	22421	4630	17791	32	2900	4.5166
human	PD10Mono8cell79	214514	74710	3468	91377	44959	9402	5173	4229	31	1332	3.7500
human	PD10Mono8cell80	121892	37136	44	82116	2596	5706	4495	1211	28	726	3.8333
human	PD10Mono8cell81	2309516	1242060	10873	538049	518534	92235	39750	52485	33	2136	13.8500
human	PD10Mono8cell82	67219	17104	39	48199	1877	9032	7926	1106	31	541	3.7166
human	PD10Mono8cell83	133933	57900	333	47849	27851	12169	6998	5171	29	1133	3.9000
human	PD10Mono8cell84	301770	119221	92	179917	2540	13529	12742	787	27	376	4.7500
human	PD10Mono8cell85	242629	52486	8	189393	742	20405	19957	448	28	253	5.1500
human	PD10Mono8cell86	231084	110231	41	118831	1981	13887	13289	598	28	345	4.4000
human	PD10Mono8cell87	94092	39695	10	53076	1311	7954	7388	566	35	349	3.8166
human	PD10Mono8cell88	726182	108314	8458	235654	373756	56342	21945	34397	33	1466	6.2333
human	PD10Mono8cell89	594370	122488	3786	255388	212708	22931	11037	11894	27	1261	5.1000
human	PD10Mono8cell90	267822	20542	3088	117384	126808	14384	6429	7955	28	1212	4.0666
human	PD10Mono8cell91	488420	219221	1976	110872	156351	15561	5734	9827	25	1665	4.5500
human	PD10Mono8cell92	232437	126191	1551	27593	77102	7159	1807	5352	24	1221	3.9333
human	PD10Mono8cell93	84643	25138	4	58488	1013	4138	3856	282	29	188	3.6500
human	PD10Mono8cell94	218873	109033	51	108466	1323	6284	5966	318	29	218	4.0166
human	PD10Mono8cell95	58990	25577	8	32853	552	3039	2741	298	30	230	3.6666
human	PD10Mono8cell96	98284	32945	953	40977	23409	5170	3015	2155	31	743	3.6000
