cluster	gene	size	boundary	avgExpr	cvExpr	avgCor	cvCor	protein_coding	lncRNA	sncRNA	pseudogene	Ig/TcR	tf
M12	RANBP1	12	9050:9061	695.684439107946	1.65887258583079	0.153834408547846	0.508734123409694	1	0	0	0	0	0
M12	HLA-B	12	9050:9061	695.684439107946	1.65887258583079	0.153834408547846	0.508734123409694	1	0	0	0	0	0
M12	PAPLN	12	9050:9061	695.684439107946	1.65887258583079	0.153834408547846	0.508734123409694	1	0	0	0	0	0
M12	MAP4	12	9050:9061	695.684439107946	1.65887258583079	0.153834408547846	0.508734123409694	1	0	0	0	0	0
M12	NEDD8	12	9050:9061	695.684439107946	1.65887258583079	0.153834408547846	0.508734123409694	1	0	0	0	0	0
M12	MYL6	12	9050:9061	695.684439107946	1.65887258583079	0.153834408547846	0.508734123409694	1	0	0	0	0	0
M12	CNPPD1	12	9050:9061	695.684439107946	1.65887258583079	0.153834408547846	0.508734123409694	1	0	0	0	0	0
M12	IFI6	12	9050:9061	695.684439107946	1.65887258583079	0.153834408547846	0.508734123409694	1	0	0	0	0	0
M12	HLA-C	12	9050:9061	695.684439107946	1.65887258583079	0.153834408547846	0.508734123409694	1	0	0	0	0	0
M12	SNW1	12	9050:9061	695.684439107946	1.65887258583079	0.153834408547846	0.508734123409694	1	0	0	0	0	0
M12	DCBLD1	12	9050:9061	695.684439107946	1.65887258583079	0.153834408547846	0.508734123409694	1	0	0	0	0	0
M12	TMSB10	12	9050:9061	695.684439107946	1.65887258583079	0.153834408547846	0.508734123409694	1	0	0	0	0	0
M20	ERGIC3	10	9062:9071	472.397646675752	1.98505214778968	0.114827586884871	0.650600474983012	0.8	0.2	0	0	0	0
M20	AC108142.1	10	9062:9071	472.397646675752	1.98505214778968	0.114827586884871	0.650600474983012	0.8	0.2	0	0	0	0
M20	MARC1	10	9062:9071	472.397646675752	1.98505214778968	0.114827586884871	0.650600474983012	0.8	0.2	0	0	0	0
M20	LRRC69	10	9062:9071	472.397646675752	1.98505214778968	0.114827586884871	0.650600474983012	0.8	0.2	0	0	0	0
M20	C1R	10	9062:9071	472.397646675752	1.98505214778968	0.114827586884871	0.650600474983012	0.8	0.2	0	0	0	0
M20	TSPAN3	10	9062:9071	472.397646675752	1.98505214778968	0.114827586884871	0.650600474983012	0.8	0.2	0	0	0	0
M20	C1S	10	9062:9071	472.397646675752	1.98505214778968	0.114827586884871	0.650600474983012	0.8	0.2	0	0	0	0
M20	RP11-659E9.2	10	9062:9071	472.397646675752	1.98505214778968	0.114827586884871	0.650600474983012	0.8	0.2	0	0	0	0
M20	POFUT2	10	9062:9071	472.397646675752	1.98505214778968	0.114827586884871	0.650600474983012	0.8	0.2	0	0	0	0
M20	CKAP4	10	9062:9071	472.397646675752	1.98505214778968	0.114827586884871	0.650600474983012	0.8	0.2	0	0	0	0
M21	ACKR3	10	9072:9081	374.379340128952	2.56234479705494	0.145640903274953	0.627351208139596	1	0	0	0	0	0.1
M21	ADCY9	10	9072:9081	374.379340128952	2.56234479705494	0.145640903274953	0.627351208139596	1	0	0	0	0	0.1
M21	IGFBP7	10	9072:9081	374.379340128952	2.56234479705494	0.145640903274953	0.627351208139596	1	0	0	0	0	0.1
M21	CTSC	10	9072:9081	374.379340128952	2.56234479705494	0.145640903274953	0.627351208139596	1	0	0	0	0	0.1
M21	AURKAIP1	10	9072:9081	374.379340128952	2.56234479705494	0.145640903274953	0.627351208139596	1	0	0	0	0	0.1
M21	SEPT4	10	9072:9081	374.379340128952	2.56234479705494	0.145640903274953	0.627351208139596	1	0	0	0	0	0.1
M21	COL9A1	10	9072:9081	374.379340128952	2.56234479705494	0.145640903274953	0.627351208139596	1	0	0	0	0	0.1
M21	IGFBP3	10	9072:9081	374.379340128952	2.56234479705494	0.145640903274953	0.627351208139596	1	0	0	0	0	0.1
M21	SPARC	10	9072:9081	374.379340128952	2.56234479705494	0.145640903274953	0.627351208139596	1	0	0	0	0	0.1
M21	DACH2	10	9072:9081	374.379340128952	2.56234479705494	0.145640903274953	0.627351208139596	1	0	0	0	0	0.1
M13	COL1A2	12	9082:9093	1318.99529810252	0.965183573817747	0.207306301310864	0.37682094420552	1	0	0	0	0	0
M13	LUM	12	9082:9093	1318.99529810252	0.965183573817747	0.207306301310864	0.37682094420552	1	0	0	0	0	0
M13	COL5A2	12	9082:9093	1318.99529810252	0.965183573817747	0.207306301310864	0.37682094420552	1	0	0	0	0	0
M13	DCN	12	9082:9093	1318.99529810252	0.965183573817747	0.207306301310864	0.37682094420552	1	0	0	0	0	0
M13	PDE1C	12	9082:9093	1318.99529810252	0.965183573817747	0.207306301310864	0.37682094420552	1	0	0	0	0	0
M13	GPC4	12	9082:9093	1318.99529810252	0.965183573817747	0.207306301310864	0.37682094420552	1	0	0	0	0	0
M13	PMP22	12	9082:9093	1318.99529810252	0.965183573817747	0.207306301310864	0.37682094420552	1	0	0	0	0	0
M13	COL3A1	12	9082:9093	1318.99529810252	0.965183573817747	0.207306301310864	0.37682094420552	1	0	0	0	0	0
M13	FBLN5	12	9082:9093	1318.99529810252	0.965183573817747	0.207306301310864	0.37682094420552	1	0	0	0	0	0
M13	THBS1	12	9082:9093	1318.99529810252	0.965183573817747	0.207306301310864	0.37682094420552	1	0	0	0	0	0
M13	FSTL1	12	9082:9093	1318.99529810252	0.965183573817747	0.207306301310864	0.37682094420552	1	0	0	0	0	0
M13	COL1A1	12	9082:9093	1318.99529810252	0.965183573817747	0.207306301310864	0.37682094420552	1	0	0	0	0	0
M4	RERG	19	9094:9112	508.84685044321	1.89833246996339	0.198563829961591	0.406078369113674	1	0	0	0	0	0.0526315789473684
M4	ABI3BP	19	9094:9112	508.84685044321	1.89833246996339	0.198563829961591	0.406078369113674	1	0	0	0	0	0.0526315789473684
M4	SCLT1	19	9094:9112	508.84685044321	1.89833246996339	0.198563829961591	0.406078369113674	1	0	0	0	0	0.0526315789473684
M4	ROBO2	19	9094:9112	508.84685044321	1.89833246996339	0.198563829961591	0.406078369113674	1	0	0	0	0	0.0526315789473684
M4	FBLN1	19	9094:9112	508.84685044321	1.89833246996339	0.198563829961591	0.406078369113674	1	0	0	0	0	0.0526315789473684
M4	MDGA2	19	9094:9112	508.84685044321	1.89833246996339	0.198563829961591	0.406078369113674	1	0	0	0	0	0.0526315789473684
M4	FN1	19	9094:9112	508.84685044321	1.89833246996339	0.198563829961591	0.406078369113674	1	0	0	0	0	0.0526315789473684
M4	SLIT3	19	9094:9112	508.84685044321	1.89833246996339	0.198563829961591	0.406078369113674	1	0	0	0	0	0.0526315789473684
M4	SRPX	19	9094:9112	508.84685044321	1.89833246996339	0.198563829961591	0.406078369113674	1	0	0	0	0	0.0526315789473684
M4	GPC3	19	9094:9112	508.84685044321	1.89833246996339	0.198563829961591	0.406078369113674	1	0	0	0	0	0.0526315789473684
M4	COL24A1	19	9094:9112	508.84685044321	1.89833246996339	0.198563829961591	0.406078369113674	1	0	0	0	0	0.0526315789473684
M4	PID1	19	9094:9112	508.84685044321	1.89833246996339	0.198563829961591	0.406078369113674	1	0	0	0	0	0.0526315789473684
M4	NR2F1	19	9094:9112	508.84685044321	1.89833246996339	0.198563829961591	0.406078369113674	1	0	0	0	0	0.0526315789473684
M4	PCDH11X	19	9094:9112	508.84685044321	1.89833246996339	0.198563829961591	0.406078369113674	1	0	0	0	0	0.0526315789473684
M4	SH3BP4	19	9094:9112	508.84685044321	1.89833246996339	0.198563829961591	0.406078369113674	1	0	0	0	0	0.0526315789473684
M4	COL21A1	19	9094:9112	508.84685044321	1.89833246996339	0.198563829961591	0.406078369113674	1	0	0	0	0	0.0526315789473684
M4	ASPA	19	9094:9112	508.84685044321	1.89833246996339	0.198563829961591	0.406078369113674	1	0	0	0	0	0.0526315789473684
M4	TNC	19	9094:9112	508.84685044321	1.89833246996339	0.198563829961591	0.406078369113674	1	0	0	0	0	0.0526315789473684
M4	C1QTNF7	19	9094:9112	508.84685044321	1.89833246996339	0.198563829961591	0.406078369113674	1	0	0	0	0	0.0526315789473684
M22	NRP1	10	9113:9122	99.9531212393377	2.17039375666241	0.128145124289811	0.485876568793527	0.9	0.1	0	0	0	0.1
M22	VCAM1	10	9113:9122	99.9531212393377	2.17039375666241	0.128145124289811	0.485876568793527	0.9	0.1	0	0	0	0.1
M22	RP11-715J22.6	10	9113:9122	99.9531212393377	2.17039375666241	0.128145124289811	0.485876568793527	0.9	0.1	0	0	0	0.1
M22	PLSCR1	10	9113:9122	99.9531212393377	2.17039375666241	0.128145124289811	0.485876568793527	0.9	0.1	0	0	0	0.1
M22	PRSS12	10	9113:9122	99.9531212393377	2.17039375666241	0.128145124289811	0.485876568793527	0.9	0.1	0	0	0	0.1
M22	VIPR2	10	9113:9122	99.9531212393377	2.17039375666241	0.128145124289811	0.485876568793527	0.9	0.1	0	0	0	0.1
M22	ADAMTSL3	10	9113:9122	99.9531212393377	2.17039375666241	0.128145124289811	0.485876568793527	0.9	0.1	0	0	0	0.1
M22	PLPP5	10	9113:9122	99.9531212393377	2.17039375666241	0.128145124289811	0.485876568793527	0.9	0.1	0	0	0	0.1
M22	GALNT10	10	9113:9122	99.9531212393377	2.17039375666241	0.128145124289811	0.485876568793527	0.9	0.1	0	0	0	0.1
M22	FBN2	10	9113:9122	99.9531212393377	2.17039375666241	0.128145124289811	0.485876568793527	0.9	0.1	0	0	0	0.1
M14	TPM2	11	9123:9133	275.112962163541	1.60846061702017	0.178922017534099	0.34875143681642	1	0	0	0	0	0
M14	TPM1	11	9123:9133	275.112962163541	1.60846061702017	0.178922017534099	0.34875143681642	1	0	0	0	0	0
M14	LMOD1	11	9123:9133	275.112962163541	1.60846061702017	0.178922017534099	0.34875143681642	1	0	0	0	0	0
M14	MYLK	11	9123:9133	275.112962163541	1.60846061702017	0.178922017534099	0.34875143681642	1	0	0	0	0	0
M14	PDLIM3	11	9123:9133	275.112962163541	1.60846061702017	0.178922017534099	0.34875143681642	1	0	0	0	0	0
M14	CORO1C	11	9123:9133	275.112962163541	1.60846061702017	0.178922017534099	0.34875143681642	1	0	0	0	0	0
M14	NEXN	11	9123:9133	275.112962163541	1.60846061702017	0.178922017534099	0.34875143681642	1	0	0	0	0	0
M14	ACTA2	11	9123:9133	275.112962163541	1.60846061702017	0.178922017534099	0.34875143681642	1	0	0	0	0	0
M14	MYOCD	11	9123:9133	275.112962163541	1.60846061702017	0.178922017534099	0.34875143681642	1	0	0	0	0	0
M14	PLS3	11	9123:9133	275.112962163541	1.60846061702017	0.178922017534099	0.34875143681642	1	0	0	0	0	0
M14	CLMP	11	9123:9133	275.112962163541	1.60846061702017	0.178922017534099	0.34875143681642	1	0	0	0	0	0
M7	RPL36	17	9134:9150	1336.00557306748	0.567997756296254	0.251989682334821	0.362384921216388	0.941176470588235	0	0	0.0588235294117647	0	0
M7	FAU	17	9134:9150	1336.00557306748	0.567997756296254	0.251989682334821	0.362384921216388	0.941176470588235	0	0	0.0588235294117647	0	0
M7	RPS17	17	9134:9150	1336.00557306748	0.567997756296254	0.251989682334821	0.362384921216388	0.941176470588235	0	0	0.0588235294117647	0	0
M7	RPS3	17	9134:9150	1336.00557306748	0.567997756296254	0.251989682334821	0.362384921216388	0.941176470588235	0	0	0.0588235294117647	0	0
M7	RPL22	17	9134:9150	1336.00557306748	0.567997756296254	0.251989682334821	0.362384921216388	0.941176470588235	0	0	0.0588235294117647	0	0
M7	RPL5	17	9134:9150	1336.00557306748	0.567997756296254	0.251989682334821	0.362384921216388	0.941176470588235	0	0	0.0588235294117647	0	0
M7	RPL26	17	9134:9150	1336.00557306748	0.567997756296254	0.251989682334821	0.362384921216388	0.941176470588235	0	0	0.0588235294117647	0	0
M7	RPL11	17	9134:9150	1336.00557306748	0.567997756296254	0.251989682334821	0.362384921216388	0.941176470588235	0	0	0.0588235294117647	0	0
M7	RPL30	17	9134:9150	1336.00557306748	0.567997756296254	0.251989682334821	0.362384921216388	0.941176470588235	0	0	0.0588235294117647	0	0
M7	RPL34	17	9134:9150	1336.00557306748	0.567997756296254	0.251989682334821	0.362384921216388	0.941176470588235	0	0	0.0588235294117647	0	0
M7	RPS20	17	9134:9150	1336.00557306748	0.567997756296254	0.251989682334821	0.362384921216388	0.941176470588235	0	0	0.0588235294117647	0	0
M7	RPL9P9	17	9134:9150	1336.00557306748	0.567997756296254	0.251989682334821	0.362384921216388	0.941176470588235	0	0	0.0588235294117647	0	0
M7	RPLP2	17	9134:9150	1336.00557306748	0.567997756296254	0.251989682334821	0.362384921216388	0.941176470588235	0	0	0.0588235294117647	0	0
M7	NACA	17	9134:9150	1336.00557306748	0.567997756296254	0.251989682334821	0.362384921216388	0.941176470588235	0	0	0.0588235294117647	0	0
M7	RPS8	17	9134:9150	1336.00557306748	0.567997756296254	0.251989682334821	0.362384921216388	0.941176470588235	0	0	0.0588235294117647	0	0
M7	RPL9	17	9134:9150	1336.00557306748	0.567997756296254	0.251989682334821	0.362384921216388	0.941176470588235	0	0	0.0588235294117647	0	0
M7	RPL27A	17	9134:9150	1336.00557306748	0.567997756296254	0.251989682334821	0.362384921216388	0.941176470588235	0	0	0.0588235294117647	0	0
M1	RPS18	22	9151:9172	925.611960633231	0.738564457471593	0.190993873063355	0.463678821988559	0.772727272727273	0	0	0.227272727272727	0	0
M1	TPT1	22	9151:9172	925.611960633231	0.738564457471593	0.190993873063355	0.463678821988559	0.772727272727273	0	0	0.227272727272727	0	0
M1	TOMM7	22	9151:9172	925.611960633231	0.738564457471593	0.190993873063355	0.463678821988559	0.772727272727273	0	0	0.227272727272727	0	0
M1	RPS27A	22	9151:9172	925.611960633231	0.738564457471593	0.190993873063355	0.463678821988559	0.772727272727273	0	0	0.227272727272727	0	0
M1	RPS16	22	9151:9172	925.611960633231	0.738564457471593	0.190993873063355	0.463678821988559	0.772727272727273	0	0	0.227272727272727	0	0
M1	RPS6	22	9151:9172	925.611960633231	0.738564457471593	0.190993873063355	0.463678821988559	0.772727272727273	0	0	0.227272727272727	0	0
M1	RPLP1	22	9151:9172	925.611960633231	0.738564457471593	0.190993873063355	0.463678821988559	0.772727272727273	0	0	0.227272727272727	0	0
M1	RPL32	22	9151:9172	925.611960633231	0.738564457471593	0.190993873063355	0.463678821988559	0.772727272727273	0	0	0.227272727272727	0	0
M1	RPL13	22	9151:9172	925.611960633231	0.738564457471593	0.190993873063355	0.463678821988559	0.772727272727273	0	0	0.227272727272727	0	0
M1	RPL13P12	22	9151:9172	925.611960633231	0.738564457471593	0.190993873063355	0.463678821988559	0.772727272727273	0	0	0.227272727272727	0	0
M1	RPS21	22	9151:9172	925.611960633231	0.738564457471593	0.190993873063355	0.463678821988559	0.772727272727273	0	0	0.227272727272727	0	0
M1	RPS15A	22	9151:9172	925.611960633231	0.738564457471593	0.190993873063355	0.463678821988559	0.772727272727273	0	0	0.227272727272727	0	0
M1	RPS23P8	22	9151:9172	925.611960633231	0.738564457471593	0.190993873063355	0.463678821988559	0.772727272727273	0	0	0.227272727272727	0	0
M1	RPS24	22	9151:9172	925.611960633231	0.738564457471593	0.190993873063355	0.463678821988559	0.772727272727273	0	0	0.227272727272727	0	0
M1	RP11-466H18.1	22	9151:9172	925.611960633231	0.738564457471593	0.190993873063355	0.463678821988559	0.772727272727273	0	0	0.227272727272727	0	0
M1	RP11-234A1.1	22	9151:9172	925.611960633231	0.738564457471593	0.190993873063355	0.463678821988559	0.772727272727273	0	0	0.227272727272727	0	0
M1	RPL37A	22	9151:9172	925.611960633231	0.738564457471593	0.190993873063355	0.463678821988559	0.772727272727273	0	0	0.227272727272727	0	0
M1	RPL14P1	22	9151:9172	925.611960633231	0.738564457471593	0.190993873063355	0.463678821988559	0.772727272727273	0	0	0.227272727272727	0	0
M1	RPL31	22	9151:9172	925.611960633231	0.738564457471593	0.190993873063355	0.463678821988559	0.772727272727273	0	0	0.227272727272727	0	0
M1	RPL23	22	9151:9172	925.611960633231	0.738564457471593	0.190993873063355	0.463678821988559	0.772727272727273	0	0	0.227272727272727	0	0
M1	RPS23	22	9151:9172	925.611960633231	0.738564457471593	0.190993873063355	0.463678821988559	0.772727272727273	0	0	0.227272727272727	0	0
M1	RPL14	22	9151:9172	925.611960633231	0.738564457471593	0.190993873063355	0.463678821988559	0.772727272727273	0	0	0.227272727272727	0	0
M23	HNRNPL	10	9173:9182	536.646117522503	1.0074243972714	0.165619534186493	0.762308484092098	0.6	0	0.2	0.2	0	0
M23	HNRNPA1L2	10	9173:9182	536.646117522503	1.0074243972714	0.165619534186493	0.762308484092098	0.6	0	0.2	0.2	0	0
M23	MIR1244-3	10	9173:9182	536.646117522503	1.0074243972714	0.165619534186493	0.762308484092098	0.6	0	0.2	0.2	0	0
M23	PKM	10	9173:9182	536.646117522503	1.0074243972714	0.165619534186493	0.762308484092098	0.6	0	0.2	0.2	0	0
M23	HNRNPA1	10	9173:9182	536.646117522503	1.0074243972714	0.165619534186493	0.762308484092098	0.6	0	0.2	0.2	0	0
M23	RP11-69L16.5	10	9173:9182	536.646117522503	1.0074243972714	0.165619534186493	0.762308484092098	0.6	0	0.2	0.2	0	0
M23	NDUFA1	10	9173:9182	536.646117522503	1.0074243972714	0.165619534186493	0.762308484092098	0.6	0	0.2	0.2	0	0
M23	RPL27	10	9173:9182	536.646117522503	1.0074243972714	0.165619534186493	0.762308484092098	0.6	0	0.2	0.2	0	0
M23	HNRNPA1P48	10	9173:9182	536.646117522503	1.0074243972714	0.165619534186493	0.762308484092098	0.6	0	0.2	0.2	0	0
M23	MIR1244-2	10	9173:9182	536.646117522503	1.0074243972714	0.165619534186493	0.762308484092098	0.6	0	0.2	0.2	0	0
M15	RPL13AP5	11	9183:9193	493.596649226654	0.893792677932753	0.185657390358477	0.538469827906898	0.545454545454545	0	0	0.454545454545455	0	0
M15	RPL13A	11	9183:9193	493.596649226654	0.893792677932753	0.185657390358477	0.538469827906898	0.545454545454545	0	0	0.454545454545455	0	0
M15	RPL13AP25	11	9183:9193	493.596649226654	0.893792677932753	0.185657390358477	0.538469827906898	0.545454545454545	0	0	0.454545454545455	0	0
M15	RP11-478C6.4	11	9183:9193	493.596649226654	0.893792677932753	0.185657390358477	0.538469827906898	0.545454545454545	0	0	0.454545454545455	0	0
M15	SC22CB-1E7.1	11	9183:9193	493.596649226654	0.893792677932753	0.185657390358477	0.538469827906898	0.545454545454545	0	0	0.454545454545455	0	0
M15	RPL12	11	9183:9193	493.596649226654	0.893792677932753	0.185657390358477	0.538469827906898	0.545454545454545	0	0	0.454545454545455	0	0
M15	EEF2	11	9183:9193	493.596649226654	0.893792677932753	0.185657390358477	0.538469827906898	0.545454545454545	0	0	0.454545454545455	0	0
M15	RPL19	11	9183:9193	493.596649226654	0.893792677932753	0.185657390358477	0.538469827906898	0.545454545454545	0	0	0.454545454545455	0	0
M15	RPL13AP7	11	9183:9193	493.596649226654	0.893792677932753	0.185657390358477	0.538469827906898	0.545454545454545	0	0	0.454545454545455	0	0
M15	UQCRB	11	9183:9193	493.596649226654	0.893792677932753	0.185657390358477	0.538469827906898	0.545454545454545	0	0	0.454545454545455	0	0
M15	RPL8	11	9183:9193	493.596649226654	0.893792677932753	0.185657390358477	0.538469827906898	0.545454545454545	0	0	0.454545454545455	0	0
M10	ANKRD36C	13	9194:9206	286.991504453652	1.29433314990152	0.155879616169923	0.657010464279286	1	0	0	0	0	0.0769230769230769
M10	ANKRD36B	13	9194:9206	286.991504453652	1.29433314990152	0.155879616169923	0.657010464279286	1	0	0	0	0	0.0769230769230769
M10	ANKRD36	13	9194:9206	286.991504453652	1.29433314990152	0.155879616169923	0.657010464279286	1	0	0	0	0	0.0769230769230769
M10	SRSF11	13	9194:9206	286.991504453652	1.29433314990152	0.155879616169923	0.657010464279286	1	0	0	0	0	0.0769230769230769
M10	PHACTR2	13	9194:9206	286.991504453652	1.29433314990152	0.155879616169923	0.657010464279286	1	0	0	0	0	0.0769230769230769
M10	LUC7L3	13	9194:9206	286.991504453652	1.29433314990152	0.155879616169923	0.657010464279286	1	0	0	0	0	0.0769230769230769
M10	HIF3A	13	9194:9206	286.991504453652	1.29433314990152	0.155879616169923	0.657010464279286	1	0	0	0	0	0.0769230769230769
M10	ASH1L	13	9194:9206	286.991504453652	1.29433314990152	0.155879616169923	0.657010464279286	1	0	0	0	0	0.0769230769230769
M10	NKTR	13	9194:9206	286.991504453652	1.29433314990152	0.155879616169923	0.657010464279286	1	0	0	0	0	0.0769230769230769
M10	ZNF638	13	9194:9206	286.991504453652	1.29433314990152	0.155879616169923	0.657010464279286	1	0	0	0	0	0.0769230769230769
M10	NPIPB4	13	9194:9206	286.991504453652	1.29433314990152	0.155879616169923	0.657010464279286	1	0	0	0	0	0.0769230769230769
M10	NPIPB5	13	9194:9206	286.991504453652	1.29433314990152	0.155879616169923	0.657010464279286	1	0	0	0	0	0.0769230769230769
M10	NPIPB3	13	9194:9206	286.991504453652	1.29433314990152	0.155879616169923	0.657010464279286	1	0	0	0	0	0.0769230769230769
M16	USMG5	11	9207:9217	78.7892652809723	2.32221287628042	0.0820079932304684	0.605275598802332	1	0	0	0	0	0.0909090909090909
M16	ERCC6L2	11	9207:9217	78.7892652809723	2.32221287628042	0.0820079932304684	0.605275598802332	1	0	0	0	0	0.0909090909090909
M16	DNAJC10	11	9207:9217	78.7892652809723	2.32221287628042	0.0820079932304684	0.605275598802332	1	0	0	0	0	0.0909090909090909
M16	ZNF267	11	9207:9217	78.7892652809723	2.32221287628042	0.0820079932304684	0.605275598802332	1	0	0	0	0	0.0909090909090909
M16	TCEAL7	11	9207:9217	78.7892652809723	2.32221287628042	0.0820079932304684	0.605275598802332	1	0	0	0	0	0.0909090909090909
M16	NT5C2	11	9207:9217	78.7892652809723	2.32221287628042	0.0820079932304684	0.605275598802332	1	0	0	0	0	0.0909090909090909
M16	ACVR2A	11	9207:9217	78.7892652809723	2.32221287628042	0.0820079932304684	0.605275598802332	1	0	0	0	0	0.0909090909090909
M16	CLIP1	11	9207:9217	78.7892652809723	2.32221287628042	0.0820079932304684	0.605275598802332	1	0	0	0	0	0.0909090909090909
M16	ARSJ	11	9207:9217	78.7892652809723	2.32221287628042	0.0820079932304684	0.605275598802332	1	0	0	0	0	0.0909090909090909
M16	DHX30	11	9207:9217	78.7892652809723	2.32221287628042	0.0820079932304684	0.605275598802332	1	0	0	0	0	0.0909090909090909
M16	GCLM	11	9207:9217	78.7892652809723	2.32221287628042	0.0820079932304684	0.605275598802332	1	0	0	0	0	0.0909090909090909
M9	MT-ND5	14	9218:9231	2312.06536907294	0.89589852116854	0.281775177567628	0.435402563525864	0.642857142857143	0	0.142857142857143	0.214285714285714	0	0
M9	MT-RNR2	14	9218:9231	2312.06536907294	0.89589852116854	0.281775177567628	0.435402563525864	0.642857142857143	0	0.142857142857143	0.214285714285714	0	0
M9	MT-ND4	14	9218:9231	2312.06536907294	0.89589852116854	0.281775177567628	0.435402563525864	0.642857142857143	0	0.142857142857143	0.214285714285714	0	0
M9	MTND2P28	14	9218:9231	2312.06536907294	0.89589852116854	0.281775177567628	0.435402563525864	0.642857142857143	0	0.142857142857143	0.214285714285714	0	0
M9	MT-CO1	14	9218:9231	2312.06536907294	0.89589852116854	0.281775177567628	0.435402563525864	0.642857142857143	0	0.142857142857143	0.214285714285714	0	0
M9	MT-CO2	14	9218:9231	2312.06536907294	0.89589852116854	0.281775177567628	0.435402563525864	0.642857142857143	0	0.142857142857143	0.214285714285714	0	0
M9	MT-ND1	14	9218:9231	2312.06536907294	0.89589852116854	0.281775177567628	0.435402563525864	0.642857142857143	0	0.142857142857143	0.214285714285714	0	0
M9	MT-ATP6	14	9218:9231	2312.06536907294	0.89589852116854	0.281775177567628	0.435402563525864	0.642857142857143	0	0.142857142857143	0.214285714285714	0	0
M9	MTCO1P12	14	9218:9231	2312.06536907294	0.89589852116854	0.281775177567628	0.435402563525864	0.642857142857143	0	0.142857142857143	0.214285714285714	0	0
M9	MT-RNR1	14	9218:9231	2312.06536907294	0.89589852116854	0.281775177567628	0.435402563525864	0.642857142857143	0	0.142857142857143	0.214285714285714	0	0
M9	MT-CO3	14	9218:9231	2312.06536907294	0.89589852116854	0.281775177567628	0.435402563525864	0.642857142857143	0	0.142857142857143	0.214285714285714	0	0
M9	MT-ND2	14	9218:9231	2312.06536907294	0.89589852116854	0.281775177567628	0.435402563525864	0.642857142857143	0	0.142857142857143	0.214285714285714	0	0
M9	MTND1P23	14	9218:9231	2312.06536907294	0.89589852116854	0.281775177567628	0.435402563525864	0.642857142857143	0	0.142857142857143	0.214285714285714	0	0
M9	MT-CYB	14	9218:9231	2312.06536907294	0.89589852116854	0.281775177567628	0.435402563525864	0.642857142857143	0	0.142857142857143	0.214285714285714	0	0
M17	EEF1A1	11	9232:9242	903.742598567518	0.870848541893199	0.156488440933648	0.669251342193732	0.636363636363636	0	0	0.363636363636364	0	0
M17	ITGB1	11	9232:9242	903.742598567518	0.870848541893199	0.156488440933648	0.669251342193732	0.636363636363636	0	0	0.363636363636364	0	0
M17	EEF1A1P5	11	9232:9242	903.742598567518	0.870848541893199	0.156488440933648	0.669251342193732	0.636363636363636	0	0	0.363636363636364	0	0
M17	CALU	11	9232:9242	903.742598567518	0.870848541893199	0.156488440933648	0.669251342193732	0.636363636363636	0	0	0.363636363636364	0	0
M17	ACTG1	11	9232:9242	903.742598567518	0.870848541893199	0.156488440933648	0.669251342193732	0.636363636363636	0	0	0.363636363636364	0	0
M17	EEF1A1P11	11	9232:9242	903.742598567518	0.870848541893199	0.156488440933648	0.669251342193732	0.636363636363636	0	0	0.363636363636364	0	0
M17	EEF1A1P6	11	9232:9242	903.742598567518	0.870848541893199	0.156488440933648	0.669251342193732	0.636363636363636	0	0	0.363636363636364	0	0
M17	ACTB	11	9232:9242	903.742598567518	0.870848541893199	0.156488440933648	0.669251342193732	0.636363636363636	0	0	0.363636363636364	0	0
M17	VIM	11	9232:9242	903.742598567518	0.870848541893199	0.156488440933648	0.669251342193732	0.636363636363636	0	0	0.363636363636364	0	0
M17	RHOA	11	9232:9242	903.742598567518	0.870848541893199	0.156488440933648	0.669251342193732	0.636363636363636	0	0	0.363636363636364	0	0
M17	AC009245.3	11	9232:9242	903.742598567518	0.870848541893199	0.156488440933648	0.669251342193732	0.636363636363636	0	0	0.363636363636364	0	0
M8	ANKRD17	16	9243:9258	140.998664552394	1.35688117198281	0.203925762390341	0.818867014477533	0.875	0	0	0.125	0	0.0625
M8	AC240274.1	16	9243:9258	140.998664552394	1.35688117198281	0.203925762390341	0.818867014477533	0.875	0	0	0.125	0	0.0625
M8	NBPF8	16	9243:9258	140.998664552394	1.35688117198281	0.203925762390341	0.818867014477533	0.875	0	0	0.125	0	0.0625
M8	NBPF11	16	9243:9258	140.998664552394	1.35688117198281	0.203925762390341	0.818867014477533	0.875	0	0	0.125	0	0.0625
M8	NBPF15	16	9243:9258	140.998664552394	1.35688117198281	0.203925762390341	0.818867014477533	0.875	0	0	0.125	0	0.0625
M8	NBPF20	16	9243:9258	140.998664552394	1.35688117198281	0.203925762390341	0.818867014477533	0.875	0	0	0.125	0	0.0625
M8	ZNF91	16	9243:9258	140.998664552394	1.35688117198281	0.203925762390341	0.818867014477533	0.875	0	0	0.125	0	0.0625
M8	NBPF12	16	9243:9258	140.998664552394	1.35688117198281	0.203925762390341	0.818867014477533	0.875	0	0	0.125	0	0.0625
M8	UGGT2	16	9243:9258	140.998664552394	1.35688117198281	0.203925762390341	0.818867014477533	0.875	0	0	0.125	0	0.0625
M8	KIAA1109	16	9243:9258	140.998664552394	1.35688117198281	0.203925762390341	0.818867014477533	0.875	0	0	0.125	0	0.0625
M8	NBPF25P	16	9243:9258	140.998664552394	1.35688117198281	0.203925762390341	0.818867014477533	0.875	0	0	0.125	0	0.0625
M8	NBPF14	16	9243:9258	140.998664552394	1.35688117198281	0.203925762390341	0.818867014477533	0.875	0	0	0.125	0	0.0625
M8	NBPF1	16	9243:9258	140.998664552394	1.35688117198281	0.203925762390341	0.818867014477533	0.875	0	0	0.125	0	0.0625
M8	NBPF26	16	9243:9258	140.998664552394	1.35688117198281	0.203925762390341	0.818867014477533	0.875	0	0	0.125	0	0.0625
M8	NBPF10	16	9243:9258	140.998664552394	1.35688117198281	0.203925762390341	0.818867014477533	0.875	0	0	0.125	0	0.0625
M8	NBPF19	16	9243:9258	140.998664552394	1.35688117198281	0.203925762390341	0.818867014477533	0.875	0	0	0.125	0	0.0625
M24	HMGB1P6	10	9259:9268	276.921840786756	1.12449188314593	0.200919086276303	0.921224082543056	0.4	0	0	0.6	0	0.2
M24	ZZZ3	10	9259:9268	276.921840786756	1.12449188314593	0.200919086276303	0.921224082543056	0.4	0	0	0.6	0	0.2
M24	HMGB1	10	9259:9268	276.921840786756	1.12449188314593	0.200919086276303	0.921224082543056	0.4	0	0	0.6	0	0.2
M24	EIF4BP3	10	9259:9268	276.921840786756	1.12449188314593	0.200919086276303	0.921224082543056	0.4	0	0	0.6	0	0.2
M24	EIF4BP7	10	9259:9268	276.921840786756	1.12449188314593	0.200919086276303	0.921224082543056	0.4	0	0	0.6	0	0.2
M24	HMGB1P5	10	9259:9268	276.921840786756	1.12449188314593	0.200919086276303	0.921224082543056	0.4	0	0	0.6	0	0.2
M24	EIF4B	10	9259:9268	276.921840786756	1.12449188314593	0.200919086276303	0.921224082543056	0.4	0	0	0.6	0	0.2
M24	HMGB1P10	10	9259:9268	276.921840786756	1.12449188314593	0.200919086276303	0.921224082543056	0.4	0	0	0.6	0	0.2
M24	EIF4BP6	10	9259:9268	276.921840786756	1.12449188314593	0.200919086276303	0.921224082543056	0.4	0	0	0.6	0	0.2
M24	MLH3	10	9259:9268	276.921840786756	1.12449188314593	0.200919086276303	0.921224082543056	0.4	0	0	0.6	0	0.2
M25	EDNRB	10	9269:9278	664.933428643049	1.4634187233022	0.175696625730337	0.328675192264828	1	0	0	0	0	0
M25	ECE1	10	9269:9278	664.933428643049	1.4634187233022	0.175696625730337	0.328675192264828	1	0	0	0	0	0
M25	NRG1	10	9269:9278	664.933428643049	1.4634187233022	0.175696625730337	0.328675192264828	1	0	0	0	0	0
M25	PDGFRA	10	9269:9278	664.933428643049	1.4634187233022	0.175696625730337	0.328675192264828	1	0	0	0	0	0
M25	TSPAN33	10	9269:9278	664.933428643049	1.4634187233022	0.175696625730337	0.328675192264828	1	0	0	0	0	0
M25	OLFML2A	10	9269:9278	664.933428643049	1.4634187233022	0.175696625730337	0.328675192264828	1	0	0	0	0	0
M25	LAMB1	10	9269:9278	664.933428643049	1.4634187233022	0.175696625730337	0.328675192264828	1	0	0	0	0	0
M25	SRPX2	10	9269:9278	664.933428643049	1.4634187233022	0.175696625730337	0.328675192264828	1	0	0	0	0	0
M25	PXDN	10	9269:9278	664.933428643049	1.4634187233022	0.175696625730337	0.328675192264828	1	0	0	0	0	0
M25	VCAN	10	9269:9278	664.933428643049	1.4634187233022	0.175696625730337	0.328675192264828	1	0	0	0	0	0
M11	DLL1	13	9279:9291	270.783782391707	1.67913752016163	0.207361039579515	0.347145191527481	0.923076923076923	0.0769230769230769	0	0	0	0.0769230769230769
M11	MAMDC2	13	9279:9291	270.783782391707	1.67913752016163	0.207361039579515	0.347145191527481	0.923076923076923	0.0769230769230769	0	0	0	0.0769230769230769
M11	SLC26A2	13	9279:9291	270.783782391707	1.67913752016163	0.207361039579515	0.347145191527481	0.923076923076923	0.0769230769230769	0	0	0	0.0769230769230769
M11	CXCR4	13	9279:9291	270.783782391707	1.67913752016163	0.207361039579515	0.347145191527481	0.923076923076923	0.0769230769230769	0	0	0	0.0769230769230769
M11	GFRA1	13	9279:9291	270.783782391707	1.67913752016163	0.207361039579515	0.347145191527481	0.923076923076923	0.0769230769230769	0	0	0	0.0769230769230769
M11	CXCL14	13	9279:9291	270.783782391707	1.67913752016163	0.207361039579515	0.347145191527481	0.923076923076923	0.0769230769230769	0	0	0	0.0769230769230769
M11	OLFM1	13	9279:9291	270.783782391707	1.67913752016163	0.207361039579515	0.347145191527481	0.923076923076923	0.0769230769230769	0	0	0	0.0769230769230769
M11	NSG1	13	9279:9291	270.783782391707	1.67913752016163	0.207361039579515	0.347145191527481	0.923076923076923	0.0769230769230769	0	0	0	0.0769230769230769
M11	FENDRR	13	9279:9291	270.783782391707	1.67913752016163	0.207361039579515	0.347145191527481	0.923076923076923	0.0769230769230769	0	0	0	0.0769230769230769
M11	MMP1	13	9279:9291	270.783782391707	1.67913752016163	0.207361039579515	0.347145191527481	0.923076923076923	0.0769230769230769	0	0	0	0.0769230769230769
M11	TM4SF1	13	9279:9291	270.783782391707	1.67913752016163	0.207361039579515	0.347145191527481	0.923076923076923	0.0769230769230769	0	0	0	0.0769230769230769
M11	SOX9	13	9279:9291	270.783782391707	1.67913752016163	0.207361039579515	0.347145191527481	0.923076923076923	0.0769230769230769	0	0	0	0.0769230769230769
M11	HHIP	13	9279:9291	270.783782391707	1.67913752016163	0.207361039579515	0.347145191527481	0.923076923076923	0.0769230769230769	0	0	0	0.0769230769230769
M18	ITGA10	11	9292:9302	13.4563104353439	3.60671161390518	0.110350631297624	0.482732933268352	0.454545454545455	0.454545454545455	0	0.0909090909090909	0	0
M18	EMX2OS	11	9292:9302	13.4563104353439	3.60671161390518	0.110350631297624	0.482732933268352	0.454545454545455	0.454545454545455	0	0.0909090909090909	0	0
M18	RP11-326K13.5	11	9292:9302	13.4563104353439	3.60671161390518	0.110350631297624	0.482732933268352	0.454545454545455	0.454545454545455	0	0.0909090909090909	0	0
M18	RP11-773H22.4	11	9292:9302	13.4563104353439	3.60671161390518	0.110350631297624	0.482732933268352	0.454545454545455	0.454545454545455	0	0.0909090909090909	0	0
M18	LINC00958	11	9292:9302	13.4563104353439	3.60671161390518	0.110350631297624	0.482732933268352	0.454545454545455	0.454545454545455	0	0.0909090909090909	0	0
M18	RP11-189G24.2	11	9292:9302	13.4563104353439	3.60671161390518	0.110350631297624	0.482732933268352	0.454545454545455	0.454545454545455	0	0.0909090909090909	0	0
M18	STX3	11	9292:9302	13.4563104353439	3.60671161390518	0.110350631297624	0.482732933268352	0.454545454545455	0.454545454545455	0	0.0909090909090909	0	0
M18	FBXL18	11	9292:9302	13.4563104353439	3.60671161390518	0.110350631297624	0.482732933268352	0.454545454545455	0.454545454545455	0	0.0909090909090909	0	0
M18	LLGL2	11	9292:9302	13.4563104353439	3.60671161390518	0.110350631297624	0.482732933268352	0.454545454545455	0.454545454545455	0	0.0909090909090909	0	0
M18	FMN2	11	9292:9302	13.4563104353439	3.60671161390518	0.110350631297624	0.482732933268352	0.454545454545455	0.454545454545455	0	0.0909090909090909	0	0
M18	RP11-626G3.1	11	9292:9302	13.4563104353439	3.60671161390518	0.110350631297624	0.482732933268352	0.454545454545455	0.454545454545455	0	0.0909090909090909	0	0
M26	HPS3	10	9303:9312	75.8011760328386	2.05909927922073	0.0789991442520352	0.64842882387594	1	0	0	0	0	0
M26	EIF2S3	10	9303:9312	75.8011760328386	2.05909927922073	0.0789991442520352	0.64842882387594	1	0	0	0	0	0
M26	P3H4	10	9303:9312	75.8011760328386	2.05909927922073	0.0789991442520352	0.64842882387594	1	0	0	0	0	0
M26	CTSO	10	9303:9312	75.8011760328386	2.05909927922073	0.0789991442520352	0.64842882387594	1	0	0	0	0	0
M26	PYM1	10	9303:9312	75.8011760328386	2.05909927922073	0.0789991442520352	0.64842882387594	1	0	0	0	0	0
M26	NARS2	10	9303:9312	75.8011760328386	2.05909927922073	0.0789991442520352	0.64842882387594	1	0	0	0	0	0
M26	LGMN	10	9303:9312	75.8011760328386	2.05909927922073	0.0789991442520352	0.64842882387594	1	0	0	0	0	0
M26	AXL	10	9303:9312	75.8011760328386	2.05909927922073	0.0789991442520352	0.64842882387594	1	0	0	0	0	0
M26	CNIH1	10	9303:9312	75.8011760328386	2.05909927922073	0.0789991442520352	0.64842882387594	1	0	0	0	0	0
M26	ATXN1L	10	9303:9312	75.8011760328386	2.05909927922073	0.0789991442520352	0.64842882387594	1	0	0	0	0	0
M27	MLXIP	10	9313:9322	306.715681243235	1.13016451538758	0.173760243929587	0.256419657807454	1	0	0	0	0	0.1
M27	TNFRSF19	10	9313:9322	306.715681243235	1.13016451538758	0.173760243929587	0.256419657807454	1	0	0	0	0	0.1
M27	MMP2	10	9313:9322	306.715681243235	1.13016451538758	0.173760243929587	0.256419657807454	1	0	0	0	0	0.1
M27	MFAP4	10	9313:9322	306.715681243235	1.13016451538758	0.173760243929587	0.256419657807454	1	0	0	0	0	0.1
M27	SGCD	10	9313:9322	306.715681243235	1.13016451538758	0.173760243929587	0.256419657807454	1	0	0	0	0	0.1
M27	LTBP2	10	9313:9322	306.715681243235	1.13016451538758	0.173760243929587	0.256419657807454	1	0	0	0	0	0.1
M27	NTRK3	10	9313:9322	306.715681243235	1.13016451538758	0.173760243929587	0.256419657807454	1	0	0	0	0	0.1
M27	SPRY2	10	9313:9322	306.715681243235	1.13016451538758	0.173760243929587	0.256419657807454	1	0	0	0	0	0.1
M27	MTPN	10	9313:9322	306.715681243235	1.13016451538758	0.173760243929587	0.256419657807454	1	0	0	0	0	0.1
M27	PMEPA1	10	9313:9322	306.715681243235	1.13016451538758	0.173760243929587	0.256419657807454	1	0	0	0	0	0.1
M19	VEGFA	11	9323:9333	326.738389628898	1.57170792191787	0.164441422197703	0.385098219361573	1	0	0	0	0	0
M19	HTRA1	11	9323:9333	326.738389628898	1.57170792191787	0.164441422197703	0.385098219361573	1	0	0	0	0	0
M19	LTBP1	11	9323:9333	326.738389628898	1.57170792191787	0.164441422197703	0.385098219361573	1	0	0	0	0	0
M19	NCAM1	11	9323:9333	326.738389628898	1.57170792191787	0.164441422197703	0.385098219361573	1	0	0	0	0	0
M19	WNT4	11	9323:9333	326.738389628898	1.57170792191787	0.164441422197703	0.385098219361573	1	0	0	0	0	0
M19	SCN7A	11	9323:9333	326.738389628898	1.57170792191787	0.164441422197703	0.385098219361573	1	0	0	0	0	0
M19	PROM1	11	9323:9333	326.738389628898	1.57170792191787	0.164441422197703	0.385098219361573	1	0	0	0	0	0
M19	TMEM100	11	9323:9333	326.738389628898	1.57170792191787	0.164441422197703	0.385098219361573	1	0	0	0	0	0
M19	GPR68	11	9323:9333	326.738389628898	1.57170792191787	0.164441422197703	0.385098219361573	1	0	0	0	0	0
M19	PTCH1	11	9323:9333	326.738389628898	1.57170792191787	0.164441422197703	0.385098219361573	1	0	0	0	0	0
M19	VNN2	11	9323:9333	326.738389628898	1.57170792191787	0.164441422197703	0.385098219361573	1	0	0	0	0	0
M28	ZNF395	10	9334:9343	162.598617435124	1.85138376606592	0.0923074500345641	0.475056601341418	1	0	0	0	0	0.3
M28	BPTF	10	9334:9343	162.598617435124	1.85138376606592	0.0923074500345641	0.475056601341418	1	0	0	0	0	0.3
M28	KLHL13	10	9334:9343	162.598617435124	1.85138376606592	0.0923074500345641	0.475056601341418	1	0	0	0	0	0.3
M28	ZNF423	10	9334:9343	162.598617435124	1.85138376606592	0.0923074500345641	0.475056601341418	1	0	0	0	0	0.3
M28	RBPJ	10	9334:9343	162.598617435124	1.85138376606592	0.0923074500345641	0.475056601341418	1	0	0	0	0	0.3
M28	POLI	10	9334:9343	162.598617435124	1.85138376606592	0.0923074500345641	0.475056601341418	1	0	0	0	0	0.3
M28	GULP1	10	9334:9343	162.598617435124	1.85138376606592	0.0923074500345641	0.475056601341418	1	0	0	0	0	0.3
M28	MCC	10	9334:9343	162.598617435124	1.85138376606592	0.0923074500345641	0.475056601341418	1	0	0	0	0	0.3
M28	TRIM44	10	9334:9343	162.598617435124	1.85138376606592	0.0923074500345641	0.475056601341418	1	0	0	0	0	0.3
M28	THNSL1	10	9334:9343	162.598617435124	1.85138376606592	0.0923074500345641	0.475056601341418	1	0	0	0	0	0.3
M5	KLF10	19	9344:9362	743.210327708731	1.84428512581519	0.225241612860774	0.344484024004411	0.947368421052632	0	0	0.0526315789473684	0	0.210526315789474
M5	UBC	19	9344:9362	743.210327708731	1.84428512581519	0.225241612860774	0.344484024004411	0.947368421052632	0	0	0.0526315789473684	0	0.210526315789474
M5	CLK1	19	9344:9362	743.210327708731	1.84428512581519	0.225241612860774	0.344484024004411	0.947368421052632	0	0	0.0526315789473684	0	0.210526315789474
M5	TUBA1A	19	9344:9362	743.210327708731	1.84428512581519	0.225241612860774	0.344484024004411	0.947368421052632	0	0	0.0526315789473684	0	0.210526315789474
M5	ATF3	19	9344:9362	743.210327708731	1.84428512581519	0.225241612860774	0.344484024004411	0.947368421052632	0	0	0.0526315789473684	0	0.210526315789474
M5	HSPA5	19	9344:9362	743.210327708731	1.84428512581519	0.225241612860774	0.344484024004411	0.947368421052632	0	0	0.0526315789473684	0	0.210526315789474
M5	UBB	19	9344:9362	743.210327708731	1.84428512581519	0.225241612860774	0.344484024004411	0.947368421052632	0	0	0.0526315789473684	0	0.210526315789474
M5	HSP90AA2P	19	9344:9362	743.210327708731	1.84428512581519	0.225241612860774	0.344484024004411	0.947368421052632	0	0	0.0526315789473684	0	0.210526315789474
M5	HSP90AA1	19	9344:9362	743.210327708731	1.84428512581519	0.225241612860774	0.344484024004411	0.947368421052632	0	0	0.0526315789473684	0	0.210526315789474
M5	DNAJB1	19	9344:9362	743.210327708731	1.84428512581519	0.225241612860774	0.344484024004411	0.947368421052632	0	0	0.0526315789473684	0	0.210526315789474
M5	HSPA1A	19	9344:9362	743.210327708731	1.84428512581519	0.225241612860774	0.344484024004411	0.947368421052632	0	0	0.0526315789473684	0	0.210526315789474
M5	HSPA1B	19	9344:9362	743.210327708731	1.84428512581519	0.225241612860774	0.344484024004411	0.947368421052632	0	0	0.0526315789473684	0	0.210526315789474
M5	DDIT4	19	9344:9362	743.210327708731	1.84428512581519	0.225241612860774	0.344484024004411	0.947368421052632	0	0	0.0526315789473684	0	0.210526315789474
M5	SAT1	19	9344:9362	743.210327708731	1.84428512581519	0.225241612860774	0.344484024004411	0.947368421052632	0	0	0.0526315789473684	0	0.210526315789474
M5	ATF4	19	9344:9362	743.210327708731	1.84428512581519	0.225241612860774	0.344484024004411	0.947368421052632	0	0	0.0526315789473684	0	0.210526315789474
M5	SERTAD1	19	9344:9362	743.210327708731	1.84428512581519	0.225241612860774	0.344484024004411	0.947368421052632	0	0	0.0526315789473684	0	0.210526315789474
M5	CDKN1A	19	9344:9362	743.210327708731	1.84428512581519	0.225241612860774	0.344484024004411	0.947368421052632	0	0	0.0526315789473684	0	0.210526315789474
M5	EGR3	19	9344:9362	743.210327708731	1.84428512581519	0.225241612860774	0.344484024004411	0.947368421052632	0	0	0.0526315789473684	0	0.210526315789474
M5	HSPE1	19	9344:9362	743.210327708731	1.84428512581519	0.225241612860774	0.344484024004411	0.947368421052632	0	0	0.0526315789473684	0	0.210526315789474
M2	HSPH1	20	9363:9382	136.118758927018	1.96026907555706	0.16110060855411	0.318045827130178	0.9	0.1	0	0	0	0.1
M2	ING1	20	9363:9382	136.118758927018	1.96026907555706	0.16110060855411	0.318045827130178	0.9	0.1	0	0	0	0.1
M2	GADD45A	20	9363:9382	136.118758927018	1.96026907555706	0.16110060855411	0.318045827130178	0.9	0.1	0	0	0	0.1
M2	TOB1	20	9363:9382	136.118758927018	1.96026907555706	0.16110060855411	0.318045827130178	0.9	0.1	0	0	0	0.1
M2	PLK2	20	9363:9382	136.118758927018	1.96026907555706	0.16110060855411	0.318045827130178	0.9	0.1	0	0	0	0.1
M2	MYADM	20	9363:9382	136.118758927018	1.96026907555706	0.16110060855411	0.318045827130178	0.9	0.1	0	0	0	0.1
M2	SNHG12	20	9363:9382	136.118758927018	1.96026907555706	0.16110060855411	0.318045827130178	0.9	0.1	0	0	0	0.1
M2	DNAJB4	20	9363:9382	136.118758927018	1.96026907555706	0.16110060855411	0.318045827130178	0.9	0.1	0	0	0	0.1
M2	CTD-3252C9.4	20	9363:9382	136.118758927018	1.96026907555706	0.16110060855411	0.318045827130178	0.9	0.1	0	0	0	0.1
M2	HERPUD1	20	9363:9382	136.118758927018	1.96026907555706	0.16110060855411	0.318045827130178	0.9	0.1	0	0	0	0.1
M2	PHLDA1	20	9363:9382	136.118758927018	1.96026907555706	0.16110060855411	0.318045827130178	0.9	0.1	0	0	0	0.1
M2	PCF11	20	9363:9382	136.118758927018	1.96026907555706	0.16110060855411	0.318045827130178	0.9	0.1	0	0	0	0.1
M2	SLC38A2	20	9363:9382	136.118758927018	1.96026907555706	0.16110060855411	0.318045827130178	0.9	0.1	0	0	0	0.1
M2	DDX3X	20	9363:9382	136.118758927018	1.96026907555706	0.16110060855411	0.318045827130178	0.9	0.1	0	0	0	0.1
M2	BAG3	20	9363:9382	136.118758927018	1.96026907555706	0.16110060855411	0.318045827130178	0.9	0.1	0	0	0	0.1
M2	IER3	20	9363:9382	136.118758927018	1.96026907555706	0.16110060855411	0.318045827130178	0.9	0.1	0	0	0	0.1
M2	SNAI1	20	9363:9382	136.118758927018	1.96026907555706	0.16110060855411	0.318045827130178	0.9	0.1	0	0	0	0.1
M2	NR4A1	20	9363:9382	136.118758927018	1.96026907555706	0.16110060855411	0.318045827130178	0.9	0.1	0	0	0	0.1
M2	BRD2	20	9363:9382	136.118758927018	1.96026907555706	0.16110060855411	0.318045827130178	0.9	0.1	0	0	0	0.1
M2	BTG1	20	9363:9382	136.118758927018	1.96026907555706	0.16110060855411	0.318045827130178	0.9	0.1	0	0	0	0.1
M3	EIF4A3	20	9383:9402	746.766218626994	1.42148315787976	0.288374322343597	0.492453972555346	0.95	0.05	0	0	0	0.25
M3	SRSF7	20	9383:9402	746.766218626994	1.42148315787976	0.288374322343597	0.492453972555346	0.95	0.05	0	0	0	0.25
M3	EIF4A2	20	9383:9402	746.766218626994	1.42148315787976	0.288374322343597	0.492453972555346	0.95	0.05	0	0	0	0.25
M3	EIF5	20	9383:9402	746.766218626994	1.42148315787976	0.288374322343597	0.492453972555346	0.95	0.05	0	0	0	0.25
M3	HEXIM1	20	9383:9402	746.766218626994	1.42148315787976	0.288374322343597	0.492453972555346	0.95	0.05	0	0	0	0.25
M3	NABP1	20	9383:9402	746.766218626994	1.42148315787976	0.288374322343597	0.492453972555346	0.95	0.05	0	0	0	0.25
M3	NFKBIZ	20	9383:9402	746.766218626994	1.42148315787976	0.288374322343597	0.492453972555346	0.95	0.05	0	0	0	0.25
M3	CCNL1	20	9383:9402	746.766218626994	1.42148315787976	0.288374322343597	0.492453972555346	0.95	0.05	0	0	0	0.25
M3	ZFAND5	20	9383:9402	746.766218626994	1.42148315787976	0.288374322343597	0.492453972555346	0.95	0.05	0	0	0	0.25
M3	MZF1-AS1	20	9383:9402	746.766218626994	1.42148315787976	0.288374322343597	0.492453972555346	0.95	0.05	0	0	0	0.25
M3	TRA2B	20	9383:9402	746.766218626994	1.42148315787976	0.288374322343597	0.492453972555346	0.95	0.05	0	0	0	0.25
M3	KLF4	20	9383:9402	746.766218626994	1.42148315787976	0.288374322343597	0.492453972555346	0.95	0.05	0	0	0	0.25
M3	IER2	20	9383:9402	746.766218626994	1.42148315787976	0.288374322343597	0.492453972555346	0.95	0.05	0	0	0	0.25
M3	DDX5	20	9383:9402	746.766218626994	1.42148315787976	0.288374322343597	0.492453972555346	0.95	0.05	0	0	0	0.25
M3	TUBB4B	20	9383:9402	746.766218626994	1.42148315787976	0.288374322343597	0.492453972555346	0.95	0.05	0	0	0	0.25
M3	FOS	20	9383:9402	746.766218626994	1.42148315787976	0.288374322343597	0.492453972555346	0.95	0.05	0	0	0	0.25
M3	EGR1	20	9383:9402	746.766218626994	1.42148315787976	0.288374322343597	0.492453972555346	0.95	0.05	0	0	0	0.25
M3	DUSP1	20	9383:9402	746.766218626994	1.42148315787976	0.288374322343597	0.492453972555346	0.95	0.05	0	0	0	0.25
M3	JUN	20	9383:9402	746.766218626994	1.42148315787976	0.288374322343597	0.492453972555346	0.95	0.05	0	0	0	0.25
M3	FOSB	20	9383:9402	746.766218626994	1.42148315787976	0.288374322343597	0.492453972555346	0.95	0.05	0	0	0	0.25
M6	SLC2A3	19	9403:9421	159.688140568868	2.2868337305751	0.224350181591854	0.323893977205201	1	0	0	0	0	0.210526315789474
M6	MAFF	19	9403:9421	159.688140568868	2.2868337305751	0.224350181591854	0.323893977205201	1	0	0	0	0	0.210526315789474
M6	RHOB	19	9403:9421	159.688140568868	2.2868337305751	0.224350181591854	0.323893977205201	1	0	0	0	0	0.210526315789474
M6	SOCS3	19	9403:9421	159.688140568868	2.2868337305751	0.224350181591854	0.323893977205201	1	0	0	0	0	0.210526315789474
M6	BTG2	19	9403:9421	159.688140568868	2.2868337305751	0.224350181591854	0.323893977205201	1	0	0	0	0	0.210526315789474
M6	PPP1R15A	19	9403:9421	159.688140568868	2.2868337305751	0.224350181591854	0.323893977205201	1	0	0	0	0	0.210526315789474
M6	CYR61	19	9403:9421	159.688140568868	2.2868337305751	0.224350181591854	0.323893977205201	1	0	0	0	0	0.210526315789474
M6	MCL1	19	9403:9421	159.688140568868	2.2868337305751	0.224350181591854	0.323893977205201	1	0	0	0	0	0.210526315789474
M6	ID3	19	9403:9421	159.688140568868	2.2868337305751	0.224350181591854	0.323893977205201	1	0	0	0	0	0.210526315789474
M6	H2AFZ	19	9403:9421	159.688140568868	2.2868337305751	0.224350181591854	0.323893977205201	1	0	0	0	0	0.210526315789474
M6	EIF1	19	9403:9421	159.688140568868	2.2868337305751	0.224350181591854	0.323893977205201	1	0	0	0	0	0.210526315789474
M6	JUNB	19	9403:9421	159.688140568868	2.2868337305751	0.224350181591854	0.323893977205201	1	0	0	0	0	0.210526315789474
M6	ZFP36	19	9403:9421	159.688140568868	2.2868337305751	0.224350181591854	0.323893977205201	1	0	0	0	0	0.210526315789474
M6	IER5	19	9403:9421	159.688140568868	2.2868337305751	0.224350181591854	0.323893977205201	1	0	0	0	0	0.210526315789474
M6	DUSP5	19	9403:9421	159.688140568868	2.2868337305751	0.224350181591854	0.323893977205201	1	0	0	0	0	0.210526315789474
M6	ADM	19	9403:9421	159.688140568868	2.2868337305751	0.224350181591854	0.323893977205201	1	0	0	0	0	0.210526315789474
M6	GADD45B	19	9403:9421	159.688140568868	2.2868337305751	0.224350181591854	0.323893977205201	1	0	0	0	0	0.210526315789474
M6	KLF2	19	9403:9421	159.688140568868	2.2868337305751	0.224350181591854	0.323893977205201	1	0	0	0	0	0.210526315789474
M6	UBE2S	19	9403:9421	159.688140568868	2.2868337305751	0.224350181591854	0.323893977205201	1	0	0	0	0	0.210526315789474
