human	PR10_XXL_T-1	231527665	303.1833	PR10T1cell1	21201065	22894460	19062704	83105	22277412	21658501	21658409
human	PR10_XXL_T-1	231527665	303.1833	PR10T1cell2	2529716	2756192	2006917	95649	2451648	2287775	2287757
human	PR10_XXL_T-1	231527665	303.1833	PR10T1cell3	1531819	1699792	1093626	35878	1356148	1266826	1266814
human	PR10_XXL_T-1	231527665	303.1833	PR10T1cell4	949630	1694290	957278	70874	1312580	1166101	1166094
human	PR10_XXL_T-1	231527665	303.1833	PR10T1cell5	2268953	2480111	1914883	29853	2281591	2184484	2184471
human	PR10_XXL_T-1	231527665	303.1833	PR10T1cell6	3676510	4060970	2633285	45557	3122094	3011159	3011138
human	PR10_XXL_T-1	231527665	303.1833	PR10T1cell7	2928425	3165334	2326988	47372	2742762	2644221	2644194
human	PR10_XXL_T-1	231527665	303.1833	PR10T1cell8	678346	750722	453038	25706	565184	514000	514000
human	PR10_XXL_T-1	231527665	303.1833	PR10T1cell9	2010826	2206725	1543416	57139	1902572	1788311	1788305
human	PR10_XXL_T-1	231527665	303.1833	PR10T1cell10	1743327	1897152	1309962	63776	1644901	1523328	1523322
human	PR10_XXL_T-1	231527665	303.1833	PR10T1cell11	1395059	1525974	945650	36347	1176337	1103968	1103961
human	PR10_XXL_T-1	231527665	303.1833	PR10T1cell12	734037	1300852	698751	63149	942622	827223	827219
human	PR10_XXL_T-1	231527665	303.1833	PR10T1cell13	1706467	1857226	1413482	30686	1696513	1623165	1623154
human	PR10_XXL_T-1	231527665	303.1833	PR10T1cell14	2721637	3000093	1869994	47338	2262258	2151151	2151140
human	PR10_XXL_T-1	231527665	303.1833	PR10T1cell15	2229732	2391781	1674329	31653	1987296	1919150	1919136
human	PR10_XXL_T-1	231527665	303.1833	PR10T1cell16	1480941	1616304	1173607	22374	1396318	1350604	1350591
human	PR10_XXL_T-1	231527665	303.1833	PR10T1cell17	1985707	2194061	1453008	73497	1822054	1686193	1686185
human	PR10_XXL_T-1	231527665	303.1833	PR10T1cell18	1901130	2075904	1438794	89284	1781825	1644166	1644161
human	PR10_XXL_T-1	231527665	303.1833	PR10T1cell19	1597183	1767725	1143322	31239	1391176	1314252	1314247
human	PR10_XXL_T-1	231527665	303.1833	PR10T1cell20	809808	1369470	688356	76130	952919	814187	814185
human	PR10_XXL_T-1	231527665	303.1833	PR10T1cell21	2088647	2283902	1728089	27515	2084534	1997085	1997077
human	PR10_XXL_T-1	231527665	303.1833	PR10T1cell22	3114239	3448843	2133825	50376	2550728	2436072	2436060
human	PR10_XXL_T-1	231527665	303.1833	PR10T1cell23	2121365	2287992	1593400	39065	1919538	1837248	1837238
human	PR10_XXL_T-1	231527665	303.1833	PR10T1cell24	1385696	1499742	1075047	44916	1285297	1215670	1215665
human	PR10_XXL_T-1	231527665	303.1833	PR10T1cell25	1884609	2103811	1438237	63329	1794921	1659410	1659391
human	PR10_XXL_T-1	231527665	303.1833	PR10T1cell26	2126161	2302439	1600549	82197	1970238	1833318	1833312
human	PR10_XXL_T-1	231527665	303.1833	PR10T1cell27	1460758	1620054	1020222	30931	1251719	1179382	1179375
human	PR10_XXL_T-1	231527665	303.1833	PR10T1cell28	717477	1234883	630023	64313	856477	738437	738436
human	PR10_XXL_T-1	231527665	303.1833	PR10T1cell29	2039361	2208525	1688949	23195	2008930	1937405	1937396
human	PR10_XXL_T-1	231527665	303.1833	PR10T1cell30	2750290	3022765	1719440	34366	2064967	1968564	1968555
human	PR10_XXL_T-1	231527665	303.1833	PR10T1cell31	2136967	2289817	1541033	38856	1860812	1774118	1774109
human	PR10_XXL_T-1	231527665	303.1833	PR10T1cell32	3062453	3308987	2662214	26626	3082999	2996903	2996889
human	PR10_XXL_T-1	231527665	303.1833	PR10T1cell33	1241265	1425290	898814	55567	1150161	1052620	1052618
human	PR10_XXL_T-1	231527665	303.1833	PR10T1cell34	1960433	2161264	1543877	65843	1927487	1798713	1798707
human	PR10_XXL_T-1	231527665	303.1833	PR10T1cell35	1322613	1491265	918242	28521	1143449	1068659	1068648
human	PR10_XXL_T-1	231527665	303.1833	PR10T1cell36	592582	989031	487161	56113	684909	589564	589562
human	PR10_XXL_T-1	231527665	303.1833	PR10T1cell37	1774061	1978802	1511715	24862	1840068	1760976	1760968
human	PR10_XXL_T-1	231527665	303.1833	PR10T1cell38	1992045	2243302	1239310	43182	1530882	1444509	1444501
human	PR10_XXL_T-1	231527665	303.1833	PR10T1cell39	510291	554790	385920	14990	465720	440006	440005
human	PR10_XXL_T-1	231527665	303.1833	PR10T1cell40	1255024	1392387	999804	21663	1216929	1163264	1163259
human	PR10_XXL_T-1	231527665	303.1833	PR10T1cell41	2256429	2542659	1649099	67775	2199278	2039093	2039081
human	PR10_XXL_T-1	231527665	303.1833	PR10T1cell42	2493326	2717064	1744675	82784	2372042	2187309	2187295
human	PR10_XXL_T-1	231527665	303.1833	PR10T1cell43	1491835	1708264	990913	30090	1310978	1226980	1226975
human	PR10_XXL_T-1	231527665	303.1833	PR10T1cell44	676991	1151924	498395	78197	801079	657141	657140
human	PR10_XXL_T-1	231527665	303.1833	PR10T1cell45	2426410	2663858	1904464	30022	2485740	2360409	2360394
human	PR10_XXL_T-1	231527665	303.1833	PR10T1cell46	2862497	3219760	1728825	36286	2239633	2133919	2133908
human	PR10_XXL_T-1	231527665	303.1833	PR10T1cell47	2746972	3066103	2025384	39127	2602752	2481624	2481610
human	PR10_XXL_T-1	231527665	303.1833	PR10T1cell48	1845524	2024314	1378216	24199	1766294	1698837	1698826
human	PR10_XXL_T-1	231527665	303.1833	PR10T1cell49	2028063	2226345	1564025	59936	1942719	1818570	1818562
human	PR10_XXL_T-1	231527665	303.1833	PR10T1cell50	2219543	2391522	1650959	87649	2079230	1923721	1923715
human	PR10_XXL_T-1	231527665	303.1833	PR10T1cell51	1355914	1513009	917804	25981	1146156	1074515	1074512
human	PR10_XXL_T-1	231527665	303.1833	PR10T1cell52	819794	1421342	775683	51376	1025616	926768	926764
human	PR10_XXL_T-1	231527665	303.1833	PR10T1cell53	1486634	1611346	1177621	28099	1461896	1385726	1385717
human	PR10_XXL_T-1	231527665	303.1833	PR10T1cell54	3615902	4017516	2499186	50513	3022685	2896215	2896208
human	PR10_XXL_T-1	231527665	303.1833	PR10T1cell55	3239795	3482196	2534012	52768	3021465	2903043	2903028
human	PR10_XXL_T-1	231527665	303.1833	PR10T1cell56	1607711	1756088	1235678	23390	1501253	1437955	1437948
human	PR10_XXL_T-1	231527665	303.1833	PR10T1cell57	1819704	2088369	1291032	43923	1765101	1640527	1640516
human	PR10_XXL_T-1	231527665	303.1833	PR10T1cell58	1882482	2044274	1283801	68737	1776712	1622270	1622262
human	PR10_XXL_T-1	231527665	303.1833	PR10T1cell59	1131409	1298406	707302	28364	965134	889804	889801
human	PR10_XXL_T-1	231527665	303.1833	PR10T1cell60	750077	1309900	669223	65182	987684	856206	856205
human	PR10_XXL_T-1	231527665	303.1833	PR10T1cell61	1892339	2086836	1453775	24438	1909367	1816205	1816192
human	PR10_XXL_T-1	231527665	303.1833	PR10T1cell62	360670	419970	105260	25956	173189	132134	132134
human	PR10_XXL_T-1	231527665	303.1833	PR10T1cell63	2139262	2408502	1499522	33109	1940574	1857390	1857379
human	PR10_XXL_T-1	231527665	303.1833	PR10T1cell64	3272080	3596305	2584851	29585	3290826	3178585	3178568
human	PR10_XXL_T-1	231527665	303.1833	PR10T1cell65	3022473	3324015	2342353	64751	2912855	2754406	2754388
human	PR10_XXL_T-1	231527665	303.1833	PR10T1cell66	2509763	2716470	1898144	70237	2328301	2187801	2187786
human	PR10_XXL_T-1	231527665	303.1833	PR10T1cell67	1560373	1742782	1091264	40012	1365614	1269499	1269490
human	PR10_XXL_T-1	231527665	303.1833	PR10T1cell68	410197	612336	234393	91477	406843	284616	284615
human	PR10_XXL_T-1	231527665	303.1833	PR10T1cell69	1500416	1623016	1202896	52745	1467337	1366168	1366161
human	PR10_XXL_T-1	231527665	303.1833	PR10T1cell70	3379835	3723311	2345179	54177	2819486	2694146	2694133
human	PR10_XXL_T-1	231527665	303.1833	PR10T1cell71	3180764	3441283	2500643	43291	2996265	2898660	2898648
human	PR10_XXL_T-1	231527665	303.1833	PR10T1cell72	1490845	1623158	1102201	31988	1332939	1275681	1275676
human	PR10_XXL_T-1	231527665	303.1833	PR10T1cell73	899455	991579	626377	41543	797591	730155	730149
human	PR10_XXL_T-1	231527665	303.1833	PR10T1cell74	1886329	2046037	1391379	91999	1757345	1617797	1617786
human	PR10_XXL_T-1	231527665	303.1833	PR10T1cell75	1192555	1315342	744442	29892	927050	859589	859583
human	PR10_XXL_T-1	231527665	303.1833	PR10T1cell76	681290	1194695	572882	56264	804510	694563	694563
human	PR10_XXL_T-1	231527665	303.1833	PR10T1cell77	304403	349600	226958	20617	291624	260291	260289
human	PR10_XXL_T-1	231527665	303.1833	PR10T1cell78	3030369	3353038	2036331	41068	2467178	2373401	2373391
human	PR10_XXL_T-1	231527665	303.1833	PR10T1cell79	2290733	2468605	1735173	30577	2082967	2004695	2004684
human	PR10_XXL_T-1	231527665	303.1833	PR10T1cell80	1839196	1991150	1459031	43907	1757103	1676249	1676239
human	PR10_XXL_T-1	231527665	303.1833	PR10T1cell81	1760824	2008593	1237646	63338	1697561	1558356	1558347
human	PR10_XXL_T-1	231527665	303.1833	PR10T1cell82	1828768	2002806	1235248	59473	1706915	1570859	1570851
human	PR10_XXL_T-1	231527665	303.1833	PR10T1cell83	1317104	1508987	790344	25274	1070304	1002036	1002031
human	PR10_XXL_T-1	231527665	303.1833	PR10T1cell84	654837	1121906	493605	56353	753907	649471	649470
human	PR10_XXL_T-1	231527665	303.1833	PR10T1cell85	920407	1023668	609997	37681	843801	766494	766491
human	PR10_XXL_T-1	231527665	303.1833	PR10T1cell86	2232560	2510394	1221268	48985	1657929	1527545	1527534
human	PR10_XXL_T-1	231527665	303.1833	PR10T1cell87	2369852	2654068	1670252	42052	2201795	2087304	2087296
human	PR10_XXL_T-1	231527665	303.1833	PR10T1cell88	1394373	1535592	924682	30846	1252938	1177839	1177834
human	PR10_XXL_T-1	231527665	303.1833	PR10T1cell89	1066860	1179754	711988	50406	930773	842692	842689
human	PR10_XXL_T-1	231527665	303.1833	PR10T1cell90	1343485	1465378	1006987	53868	1274082	1172617	1172614
human	PR10_XXL_T-1	231527665	303.1833	PR10T1cell91	1032223	1151982	710304	19902	893355	835692	835686
human	PR10_XXL_T-1	231527665	303.1833	PR10T1cell92	457651	759865	371993	40480	519761	446187	446185
human	PR10_XXL_T-1	231527665	303.1833	PR10T1cell93	1181274	1285521	937676	16155	1144980	1090943	1090938
human	PR10_XXL_T-1	231527665	303.1833	PR10T1cell94	1301657	1458177	646952	36109	820689	758197	758195
human	PR10_XXL_T-1	231527665	303.1833	PR10T1cell95	2062940	2227918	1587799	25032	1909582	1850104	1850088
human	PR10_XXL_T-1	231527665	303.1833	PR10T1cell96	1817384	1972232	1491087	18458	1772276	1723819	1723808
human	PR10_XXL_T-2	237154470	304.7666	PR10T2cell1	2485532	2761408	1948674	59742	2397150	2249213	2249195
human	PR10_XXL_T-2	237154470	304.7666	PR10T2cell2	2448898	2688855	1722214	157325	2239047	1977476	1977468
human	PR10_XXL_T-2	237154470	304.7666	PR10T2cell3	2074766	2299794	1572466	42729	1933133	1826394	1826389
human	PR10_XXL_T-2	237154470	304.7666	PR10T2cell4	1392921	2496402	1504140	92764	1977702	1790172	1790166
human	PR10_XXL_T-2	237154470	304.7666	PR10T2cell5	2067264	2270972	1701430	33313	2034712	1947277	1947268
human	PR10_XXL_T-2	237154470	304.7666	PR10T2cell6	3678308	4101064	2669246	61719	3192655	3051133	3051114
human	PR10_XXL_T-2	237154470	304.7666	PR10T2cell7	3064917	3289160	2355529	58182	2838282	2704954	2704945
human	PR10_XXL_T-2	237154470	304.7666	PR10T2cell8	2554105	2755507	2134501	23824	2506923	2442364	2442351
human	PR10_XXL_T-2	237154470	304.7666	PR10T2cell9	1879789	2086125	1312958	91713	1681676	1515764	1515756
human	PR10_XXL_T-2	237154470	304.7666	PR10T2cell10	1744093	1898759	1241370	95653	1588024	1436135	1436122
human	PR10_XXL_T-2	237154470	304.7666	PR10T2cell11	1467774	1632912	1045506	44844	1291716	1203060	1203058
human	PR10_XXL_T-2	237154470	304.7666	PR10T2cell12	895528	1528595	886196	59321	1155771	1045283	1045279
human	PR10_XXL_T-2	237154470	304.7666	PR10T2cell13	1721331	1870672	1405767	30782	1688132	1615899	1615886
human	PR10_XXL_T-2	237154470	304.7666	PR10T2cell14	3160089	3467845	2201968	37974	2606554	2516261	2516244
human	PR10_XXL_T-2	237154470	304.7666	PR10T2cell15	2585353	2772700	1910633	59765	2298401	2181028	2181016
human	PR10_XXL_T-2	237154470	304.7666	PR10T2cell16	1295467	1406911	983305	30374	1180628	1115055	1115052
human	PR10_XXL_T-2	237154470	304.7666	PR10T2cell17	1915851	2142232	1413468	85326	1772922	1614527	1614520
human	PR10_XXL_T-2	237154470	304.7666	PR10T2cell18	1670503	1835334	1247492	97981	1570357	1408599	1408591
human	PR10_XXL_T-2	237154470	304.7666	PR10T2cell19	1392351	1562411	925428	46998	1177106	1078371	1078364
human	PR10_XXL_T-2	237154470	304.7666	PR10T2cell20	925832	1515744	799922	81279	1098205	935254	935249
human	PR10_XXL_T-2	237154470	304.7666	PR10T2cell21	2100969	2294771	1739756	29994	2075526	1992560	1992554
human	PR10_XXL_T-2	237154470	304.7666	PR10T2cell22	3107198	3443037	2139836	51345	2556105	2439920	2439907
human	PR10_XXL_T-2	237154470	304.7666	PR10T2cell23	3086982	3344702	2479357	47822	2905787	2807044	2807035
human	PR10_XXL_T-2	237154470	304.7666	PR10T2cell24	1677692	1824436	1365959	22381	1608493	1550222	1550214
human	PR10_XXL_T-2	237154470	304.7666	PR10T2cell25	1943116	2148457	1476658	73940	1824427	1687721	1687710
human	PR10_XXL_T-2	237154470	304.7666	PR10T2cell26	1999132	2177701	1560920	70513	1918477	1790319	1790304
human	PR10_XXL_T-2	237154470	304.7666	PR10T2cell27	1406781	1558687	981084	35196	1222741	1138027	1138021
human	PR10_XXL_T-2	237154470	304.7666	PR10T2cell28	548162	894299	415973	121162	644964	484296	484295
human	PR10_XXL_T-2	237154470	304.7666	PR10T2cell29	1981284	2161356	1593602	46796	1921676	1809768	1809764
human	PR10_XXL_T-2	237154470	304.7666	PR10T2cell30	2331098	2592057	1472923	57335	1795836	1688996	1688990
human	PR10_XXL_T-2	237154470	304.7666	PR10T2cell31	3098637	3329868	2383504	57312	2857916	2725188	2725165
human	PR10_XXL_T-2	237154470	304.7666	PR10T2cell32	1142842	1244022	813256	48541	1023440	938817	938811
human	PR10_XXL_T-2	237154470	304.7666	PR10T2cell33	1870518	2121254	1461197	47617	1822262	1710249	1710238
human	PR10_XXL_T-2	237154470	304.7666	PR10T2cell34	1388441	1533865	1005743	59563	1291411	1175125	1175113
human	PR10_XXL_T-2	237154470	304.7666	PR10T2cell35	1582521	1789377	1134642	32925	1420064	1340224	1340216
human	PR10_XXL_T-2	237154470	304.7666	PR10T2cell36	742033	1282788	706968	79420	984124	848007	848005
human	PR10_XXL_T-2	237154470	304.7666	PR10T2cell37	2297240	2550894	1929394	29132	2387744	2272670	2272656
human	PR10_XXL_T-2	237154470	304.7666	PR10T2cell38	3207522	3616337	2276098	45169	2775391	2654032	2654018
human	PR10_XXL_T-2	237154470	304.7666	PR10T2cell39	2496401	2747738	1921883	55039	2345772	2240340	2240328
human	PR10_XXL_T-2	237154470	304.7666	PR10T2cell40	1829246	2015771	1480888	24102	1769054	1709144	1709131
human	PR10_XXL_T-2	237154470	304.7666	PR10T2cell41	2355425	2670961	1634783	102989	2224248	2019074	2019062
human	PR10_XXL_T-2	237154470	304.7666	PR10T2cell42	2450406	2661979	1713198	82686	2312236	2132377	2132370
human	PR10_XXL_T-2	237154470	304.7666	PR10T2cell43	1565823	1798507	1046858	43208	1401563	1300450	1300442
human	PR10_XXL_T-2	237154470	304.7666	PR10T2cell44	940044	1633234	750404	68421	1124257	966985	966982
human	PR10_XXL_T-2	237154470	304.7666	PR10T2cell45	2754993	2998616	2149473	34893	2792531	2668621	2668605
human	PR10_XXL_T-2	237154470	304.7666	PR10T2cell46	4294823	4821990	2960029	55984	3806962	3645369	3645354
human	PR10_XXL_T-2	237154470	304.7666	PR10T2cell47	3604046	4007328	2760125	79866	3549054	3377984	3377970
human	PR10_XXL_T-2	237154470	304.7666	PR10T2cell48	2417852	2667316	1906518	29945	2407330	2319739	2319729
human	PR10_XXL_T-2	237154470	304.7666	PR10T2cell49	2350097	2583219	1796997	90307	2252009	2089291	2089275
human	PR10_XXL_T-2	237154470	304.7666	PR10T2cell50	2324949	2528325	1702788	107299	2162086	1985271	1985261
human	PR10_XXL_T-2	237154470	304.7666	PR10T2cell51	1793866	1990486	1275740	40121	1586295	1495879	1495872
human	PR10_XXL_T-2	237154470	304.7666	PR10T2cell52	856132	1481760	773344	91709	1083655	931968	931968
human	PR10_XXL_T-2	237154470	304.7666	PR10T2cell53	2053406	2226398	1689148	35239	2053390	1950039	1950031
human	PR10_XXL_T-2	237154470	304.7666	PR10T2cell54	1875384	2088480	1068033	90920	1377691	1243457	1243448
human	PR10_XXL_T-2	237154470	304.7666	PR10T2cell55	3542530	3830350	2743460	77486	3333409	3191826	3191813
human	PR10_XXL_T-2	237154470	304.7666	PR10T2cell56	2615262	2853134	2159060	42089	2566100	2474030	2474013
human	PR10_XXL_T-2	237154470	304.7666	PR10T2cell57	1034043	1187805	688400	38474	963112	867684	867681
human	PR10_XXL_T-2	237154470	304.7666	PR10T2cell58	1858034	2037284	1281833	70570	1792951	1631545	1631538
human	PR10_XXL_T-2	237154470	304.7666	PR10T2cell59	995994	1151092	607039	43698	847622	757734	757733
human	PR10_XXL_T-2	237154470	304.7666	PR10T2cell60	895168	1555323	801000	94013	1177036	1009850	1009848
human	PR10_XXL_T-2	237154470	304.7666	PR10T2cell61	2323902	2549318	1763980	27170	2346218	2229552	2229544
human	PR10_XXL_T-2	237154470	304.7666	PR10T2cell62	3408634	3832958	2250696	44988	2952197	2800681	2800671
human	PR10_XXL_T-2	237154470	304.7666	PR10T2cell63	3109412	3465858	2408008	38647	3104842	2993624	2993606
human	PR10_XXL_T-2	237154470	304.7666	PR10T2cell64	2022055	2220690	1517649	29424	1952629	1864320	1864310
human	PR10_XXL_T-2	237154470	304.7666	PR10T2cell65	2610571	2894076	2005377	90231	2495097	2315822	2315804
human	PR10_XXL_T-2	237154470	304.7666	PR10T2cell66	1756974	1913497	1308231	81469	1659563	1513712	1513705
human	PR10_XXL_T-2	237154470	304.7666	PR10T2cell67	969632	1105087	438155	99796	667027	517323	517322
human	PR10_XXL_T-2	237154470	304.7666	PR10T2cell68	1162011	1973349	1015833	97062	1403215	1233626	1233625
human	PR10_XXL_T-2	237154470	304.7666	PR10T2cell69	2584645	2834091	2169096	28520	2586911	2491455	2491446
human	PR10_XXL_T-2	237154470	304.7666	PR10T2cell70	3905741	4334132	2781525	53526	3382478	3230270	3230257
human	PR10_XXL_T-2	237154470	304.7666	PR10T2cell71	2530555	2721763	1791943	61269	2174913	2067149	2067139
human	PR10_XXL_T-2	237154470	304.7666	PR10T2cell72	3168869	3430201	2677969	40503	3136721	3045233	3045214
human	PR10_XXL_T-2	237154470	304.7666	PR10T2cell73	2100000	2326326	1571138	67509	1968306	1833944	1833937
human	PR10_XXL_T-2	237154470	304.7666	PR10T2cell74	1816853	1967224	1353716	76467	1705114	1565350	1565337
human	PR10_XXL_T-2	237154470	304.7666	PR10T2cell75	1479947	1638866	1009574	33873	1253578	1173627	1173623
human	PR10_XXL_T-2	237154470	304.7666	PR10T2cell76	795077	1373379	704840	88406	985354	841307	841304
human	PR10_XXL_T-2	237154470	304.7666	PR10T2cell77	1885750	2039892	1516418	53325	1864812	1750451	1750445
human	PR10_XXL_T-2	237154470	304.7666	PR10T2cell78	3707842	4072794	2546485	53587	3091584	2959373	2959353
human	PR10_XXL_T-2	237154470	304.7666	PR10T2cell79	3135814	3372932	2435514	43215	2901371	2802156	2802143
human	PR10_XXL_T-2	237154470	304.7666	PR10T2cell80	1488982	1628642	1153978	31377	1399027	1327420	1327415
human	PR10_XXL_T-2	237154470	304.7666	PR10T2cell81	1938744	2231956	1380710	60026	1876660	1726200	1726188
human	PR10_XXL_T-2	237154470	304.7666	PR10T2cell82	2003428	2203835	1365951	69575	1876177	1722988	1722977
human	PR10_XXL_T-2	237154470	304.7666	PR10T2cell83	1830793	2107990	1280771	34308	1725465	1613548	1613538
human	PR10_XXL_T-2	237154470	304.7666	PR10T2cell84	639809	1136813	519227	70570	802004	664606	664604
human	PR10_XXL_T-2	237154470	304.7666	PR10T2cell85	1952654	2163075	1478146	22383	1963673	1871521	1871511
human	PR10_XXL_T-2	237154470	304.7666	PR10T2cell86	2425692	2756409	1485994	33284	1959192	1859748	1859740
human	PR10_XXL_T-2	237154470	304.7666	PR10T2cell87	1714654	1912461	1156013	37213	1533130	1446265	1446258
human	PR10_XXL_T-2	237154470	304.7666	PR10T2cell88	1470564	1625442	1015741	27349	1326064	1257677	1257673
human	PR10_XXL_T-2	237154470	304.7666	PR10T2cell89	1040381	1154018	748675	33055	955597	885418	885415
human	PR10_XXL_T-2	237154470	304.7666	PR10T2cell90	1181893	1293336	879829	40027	1097160	1022640	1022631
human	PR10_XXL_T-2	237154470	304.7666	PR10T2cell91	642442	716257	359416	27374	469400	422530	422527
human	PR10_XXL_T-2	237154470	304.7666	PR10T2cell92	302427	538199	171609	41021	274335	209412	209412
human	PR10_XXL_T-2	237154470	304.7666	PR10T2cell93	868358	960924	716927	10921	870695	829235	829227
human	PR10_XXL_T-2	237154470	304.7666	PR10T2cell94	1644746	1833698	1068007	22158	1296546	1238971	1238963
human	PR10_XXL_T-2	237154470	304.7666	PR10T2cell95	1201568	1306545	841342	38661	1058187	988389	988386
human	PR10_XXL_T-2	237154470	304.7666	PR10T2cell96	969895	1056308	730445	19211	899812	854821	854819
human	PR10_XXL_T-3	189741427	242.4000	PR10T3cell1	1951084	2156645	1385802	94184	1767106	1604815	1604810
human	PR10_XXL_T-3	189741427	242.4000	PR10T3cell2	1771532	1924981	1338889	69372	1653799	1521570	1521564
human	PR10_XXL_T-3	189741427	242.4000	PR10T3cell3	1368811	1504055	964143	37556	1185442	1105549	1105545
human	PR10_XXL_T-3	189741427	242.4000	PR10T3cell4	822587	1400205	717843	64432	989175	855943	855941
human	PR10_XXL_T-3	189741427	242.4000	PR10T3cell5	1361576	1479831	1052247	48877	1309206	1219535	1219534
human	PR10_XXL_T-3	189741427	242.4000	PR10T3cell6	3347575	3697958	2295772	46352	2738193	2630895	2630879
human	PR10_XXL_T-3	189741427	242.4000	PR10T3cell7	3642008	3925672	2895957	59620	3438038	3298433	3298405
human	PR10_XXL_T-3	189741427	242.4000	PR10T3cell8	1928859	2088325	1611663	25282	1887737	1827872	1827860
human	PR10_XXL_T-3	189741427	242.4000	PR10T3cell9	1666764	1836299	1181056	86654	1509228	1358661	1358657
human	PR10_XXL_T-3	189741427	242.4000	PR10T3cell10	1421107	1539020	1065954	45591	1306947	1214241	1214238
human	PR10_XXL_T-3	189741427	242.4000	PR10T3cell11	1131035	1257060	754986	33762	938439	865093	865090
human	PR10_XXL_T-3	189741427	242.4000	PR10T3cell12	596742	1008003	497638	51306	702568	597401	597399
human	PR10_XXL_T-3	189741427	242.4000	PR10T3cell13	2066580	2233381	1719304	31375	2058232	1976876	1976868
human	PR10_XXL_T-3	189741427	242.4000	PR10T3cell14	2233526	2469262	1497549	30865	1801457	1724010	1724001
human	PR10_XXL_T-3	189741427	242.4000	PR10T3cell15	1391355	1497288	1011250	43300	1227353	1151083	1151075
human	PR10_XXL_T-3	189741427	242.4000	PR10T3cell16	1614762	1761616	1317703	27174	1561957	1509724	1509714
human	PR10_XXL_T-3	189741427	242.4000	PR10T3cell17	2396023	2645186	1835017	95011	2258447	2088624	2088616
human	PR10_XXL_T-3	189741427	242.4000	PR10T3cell18	1860135	2031921	1477135	64432	1802270	1683795	1683783
human	PR10_XXL_T-3	189741427	242.4000	PR10T3cell19	1236009	1382170	842708	32143	1046528	972180	972177
human	PR10_XXL_T-3	189741427	242.4000	PR10T3cell20	727048	1255813	674157	49074	900670	793235	793230
human	PR10_XXL_T-3	189741427	242.4000	PR10T3cell21	1838414	2017756	1539155	24823	1853045	1770389	1770381
human	PR10_XXL_T-3	189741427	242.4000	PR10T3cell22	2825309	3132764	2022397	37330	2385156	2292817	2292801
human	PR10_XXL_T-3	189741427	242.4000	PR10T3cell23	1894421	2040250	1352681	52675	1642980	1555978	1555970
human	PR10_XXL_T-3	189741427	242.4000	PR10T3cell24	1617615	1761087	1299588	23610	1541747	1489207	1489202
human	PR10_XXL_T-3	189741427	242.4000	PR10T3cell25	1590953	1760062	1168140	73308	1467033	1344323	1344307
human	PR10_XXL_T-3	189741427	242.4000	PR10T3cell26	1589843	1723771	1194532	64158	1475462	1371062	1371055
human	PR10_XXL_T-3	189741427	242.4000	PR10T3cell27	1195240	1325431	834381	25645	1014186	952406	952399
human	PR10_XXL_T-3	189741427	242.4000	PR10T3cell28	600768	1045163	479180	53461	688768	582157	582155
human	PR10_XXL_T-3	189741427	242.4000	PR10T3cell29	2010639	2171226	1687033	28778	2007034	1928293	1928282
human	PR10_XXL_T-3	189741427	242.4000	PR10T3cell30	2770747	3041080	1966508	41061	2353817	2247941	2247927
human	PR10_XXL_T-3	189741427	242.4000	PR10T3cell31	2420169	2601726	1855952	38270	2209855	2127382	2127373
human	PR10_XXL_T-3	189741427	242.4000	PR10T3cell32	1372795	1492208	1081231	18758	1273876	1231406	1231399
human	PR10_XXL_T-3	189741427	242.4000	PR10T3cell33	1553983	1757205	1171917	72525	1494615	1359333	1359323
human	PR10_XXL_T-3	189741427	242.4000	PR10T3cell34	1502528	1665470	1166137	53365	1451942	1347905	1347898
human	PR10_XXL_T-3	189741427	242.4000	PR10T3cell35	1312540	1498083	925668	30960	1155744	1082437	1082432
human	PR10_XXL_T-3	189741427	242.4000	PR10T3cell36	603289	1035489	535228	53695	735590	638302	638301
human	PR10_XXL_T-3	189741427	242.4000	PR10T3cell37	1539667	1721284	1313939	30045	1592906	1521407	1521402
human	PR10_XXL_T-3	189741427	242.4000	PR10T3cell38	2508468	2859724	1720881	39775	2116895	2016633	2016627
human	PR10_XXL_T-3	189741427	242.4000	PR10T3cell39	3139668	3463867	2557263	36939	3046283	2942052	2942036
human	PR10_XXL_T-3	189741427	242.4000	PR10T3cell40	480120	526529	306439	28944	391361	350601	350598
human	PR10_XXL_T-3	189741427	242.4000	PR10T3cell41	1976142	2226867	1380891	66268	1869011	1725876	1725861
human	PR10_XXL_T-3	189741427	242.4000	PR10T3cell42	2058003	2240088	1352695	90612	1877541	1692473	1692464
human	PR10_XXL_T-3	189741427	242.4000	PR10T3cell43	1564441	1789861	1071641	32680	1429273	1333022	1333012
human	PR10_XXL_T-3	189741427	242.4000	PR10T3cell44	882642	1551397	790705	68585	1148109	1014749	1014748
human	PR10_XXL_T-3	189741427	242.4000	PR10T3cell45	2149340	2345167	1650797	24688	2165002	2059429	2059418
human	PR10_XXL_T-3	189741427	242.4000	PR10T3cell46	2247759	2538597	1395107	48902	1824017	1705625	1705619
human	PR10_XXL_T-3	189741427	242.4000	PR10T3cell47	2580975	2873926	1929667	64474	2476539	2338030	2338013
human	PR10_XXL_T-3	189741427	242.4000	PR10T3cell48	1149221	1263069	774035	27829	1016740	951238	951234
human	PR10_XXL_T-3	189741427	242.4000	PR10T3cell49	1699867	1885071	1269339	59305	1582911	1471256	1471248
human	PR10_XXL_T-3	189741427	242.4000	PR10T3cell50	1878390	2037933	1384009	87867	1781222	1618663	1618654
human	PR10_XXL_T-3	189741427	242.4000	PR10T3cell51	1485164	1656737	1063537	30589	1312846	1234933	1234925
human	PR10_XXL_T-3	189741427	242.4000	PR10T3cell52	788564	1380137	712932	59636	988824	861574	861573
human	PR10_XXL_T-3	189741427	242.4000	PR10T3cell53	2034643	2189785	1650952	33728	2007868	1907173	1907164
human	PR10_XXL_T-3	189741427	242.4000	PR10T3cell54	765757	857566	384676	34611	497428	443945	443940
human	PR10_XXL_T-3	189741427	242.4000	PR10T3cell55	760959	828548	429397	38316	565185	505232	505231
human	PR10_XXL_T-3	189741427	242.4000	PR10T3cell56	1303040	1422996	1017119	18169	1226367	1178076	1178069
human	PR10_XXL_T-3	189741427	242.4000	PR10T3cell57	1766367	2015627	1254811	60099	1727223	1591866	1591854
human	PR10_XXL_T-3	189741427	242.4000	PR10T3cell58	1700490	1851250	1162144	67925	1607588	1465050	1465044
human	PR10_XXL_T-3	189741427	242.4000	PR10T3cell59	1094737	1254504	698835	25392	960699	881089	881086
human	PR10_XXL_T-3	189741427	242.4000	PR10T3cell60	641251	1101008	506616	58638	782368	662822	662819
human	PR10_XXL_T-3	189741427	242.4000	PR10T3cell61	1961007	2149757	1487700	24888	1977427	1875217	1875206
human	PR10_XXL_T-3	189741427	242.4000	PR10T3cell62	1231979	1392470	680488	40948	915533	835726	835724
human	PR10_XXL_T-3	189741427	242.4000	PR10T3cell63	1812529	2028283	1329556	27567	1715237	1638725	1638715
human	PR10_XXL_T-3	189741427	242.4000	PR10T3cell64	890908	986526	576110	28239	768415	716870	716868
human	PR10_XXL_T-3	189741427	242.4000	PR10T3cell65	2125156	2332688	1581487	78109	1992480	1847104	1847095
human	PR10_XXL_T-3	189741427	242.4000	PR10T3cell66	2200195	2383272	1685055	81496	2087499	1938655	1938644
human	PR10_XXL_T-3	189741427	242.4000	PR10T3cell67	738707	827549	309690	74084	480806	373021	373021
human	PR10_XXL_T-3	189741427	242.4000	PR10T3cell68	915823	1684523	947428	70856	1286220	1148304	1148303
human	PR10_XXL_T-3	189741427	242.4000	PR10T3cell69	2000724	2170049	1629817	42980	1991782	1884130	1884121
human	PR10_XXL_T-3	189741427	242.4000	PR10T3cell70	3028391	3355997	2058611	33966	2471517	2379886	2379874
human	PR10_XXL_T-3	189741427	242.4000	PR10T3cell71	2918895	3133335	2296238	43573	2735826	2640824	2640806
human	PR10_XXL_T-3	189741427	242.4000	PR10T3cell72	974835	1074869	712707	30063	869542	819200	819191
human	PR10_XXL_T-3	189741427	242.4000	PR10T3cell73	2146025	2348719	1595686	89051	1999333	1843960	1843950
human	PR10_XXL_T-3	189741427	242.4000	PR10T3cell74	1398667	1517818	930108	92893	1228170	1081487	1081479
human	PR10_XXL_T-3	189741427	242.4000	PR10T3cell75	1303757	1452347	906334	32498	1121464	1052184	1052177
human	PR10_XXL_T-3	189741427	242.4000	PR10T3cell76	504931	953207	482360	38080	667416	584016	584015
human	PR10_XXL_T-3	189741427	242.4000	PR10T3cell77	1059566	1161491	814609	38411	1013517	945649	945645
human	PR10_XXL_T-3	189741427	242.4000	PR10T3cell78	2089085	2315448	1368894	54988	1676874	1572366	1572359
human	PR10_XXL_T-3	189741427	242.4000	PR10T3cell79	2144352	2302278	1582156	47666	1912521	1824999	1824996
human	PR10_XXL_T-3	189741427	242.4000	PR10T3cell80	1656695	1799539	1336502	24883	1599557	1541541	1541537
human	PR10_XXL_T-3	189741427	242.4000	PR10T3cell81	1641286	1870040	1177858	50326	1620013	1503357	1503353
human	PR10_XXL_T-3	189741427	242.4000	PR10T3cell82	1995048	2184253	1359742	73940	1896445	1725079	1725072
human	PR10_XXL_T-3	189741427	242.4000	PR10T3cell83	1133444	1316147	742617	30389	1027600	939107	939103
human	PR10_XXL_T-3	189741427	242.4000	PR10T3cell84	500716	936661	439557	41142	676096	581376	581375
human	PR10_XXL_T-3	189741427	242.4000	PR10T3cell85	1850473	2058700	1405819	23768	1878061	1788017	1788011
human	PR10_XXL_T-3	189741427	242.4000	PR10T3cell86	2949474	3318195	1932854	34290	2530088	2403489	2403475
human	PR10_XXL_T-3	189741427	242.4000	PR10T3cell87	2682777	2996639	2048476	32238	2609137	2506016	2505999
human	PR10_XXL_T-3	189741427	242.4000	PR10T3cell88	1411717	1560898	1060763	18700	1363792	1305666	1305665
human	PR10_XXL_T-3	189741427	242.4000	PR10T3cell89	827262	917629	577395	36213	736639	668891	668886
human	PR10_XXL_T-3	189741427	242.4000	PR10T3cell90	900868	981377	638559	30882	800514	741407	741402
human	PR10_XXL_T-3	189741427	242.4000	PR10T3cell91	365304	412182	159457	16919	221233	189731	189730
human	PR10_XXL_T-3	189741427	242.4000	PR10T3cell92	248298	421433	182416	22476	264859	222014	222014
human	PR10_XXL_T-3	189741427	242.4000	PR10T3cell93	873523	951294	693801	13574	860450	812707	812703
human	PR10_XXL_T-3	189741427	242.4000	PR10T3cell94	1459403	1619364	931042	28266	1143288	1085010	1085002
human	PR10_XXL_T-3	189741427	242.4000	PR10T3cell95	665005	726245	404185	24210	510018	466883	466880
human	PR10_XXL_T-3	189741427	242.4000	PR10T3cell96	358601	394488	223528	21265	289709	257602	257602
human	PR10_XXL_T-4	218976947	285.4666	PR10T4cell1	2371784	2628490	1743601	96095	2189353	2016777	2016761
human	PR10_XXL_T-4	218976947	285.4666	PR10T4cell2	2384115	2619566	1815700	100079	2262646	2082874	2082869
human	PR10_XXL_T-4	218976947	285.4666	PR10T4cell3	1733755	1920876	1253106	40055	1537401	1435460	1435447
human	PR10_XXL_T-4	218976947	285.4666	PR10T4cell4	975931	1732480	939248	90970	1307776	1143552	1143545
human	PR10_XXL_T-4	218976947	285.4666	PR10T4cell5	2413370	2637047	1996866	33809	2419643	2318929	2318913
human	PR10_XXL_T-4	218976947	285.4666	PR10T4cell6	3478319	3860844	2582378	46157	3087975	2955107	2955092
human	PR10_XXL_T-4	218976947	285.4666	PR10T4cell7	2742794	2954506	2133489	42933	2552725	2446249	2446230
human	PR10_XXL_T-4	218976947	285.4666	PR10T4cell8	1959918	2127912	1607466	25134	1910416	1841349	1841343
human	PR10_XXL_T-4	218976947	285.4666	PR10T4cell9	2146775	2342872	1591806	67873	1987769	1858268	1858263
human	PR10_XXL_T-4	218976947	285.4666	PR10T4cell10	1803742	1957935	1329790	74899	1664190	1537939	1537930
human	PR10_XXL_T-4	218976947	285.4666	PR10T4cell11	1363789	1499275	943956	30289	1161876	1080473	1080467
human	PR10_XXL_T-4	218976947	285.4666	PR10T4cell12	547552	953297	473354	73535	668708	558919	558918
human	PR10_XXL_T-4	218976947	285.4666	PR10T4cell13	1343596	1469719	1050639	21788	1281574	1212144	1212135
human	PR10_XXL_T-4	218976947	285.4666	PR10T4cell14	2580446	2834551	1790942	40195	2153383	2056860	2056854
human	PR10_XXL_T-4	218976947	285.4666	PR10T4cell15	2319220	2492256	1793251	44079	2144074	2063169	2063157
human	PR10_XXL_T-4	218976947	285.4666	PR10T4cell16	1036214	1118888	778108	35014	941882	885370	885364
human	PR10_XXL_T-4	218976947	285.4666	PR10T4cell17	2224587	2454317	1746504	70068	2122277	1993315	1993304
human	PR10_XXL_T-4	218976947	285.4666	PR10T4cell18	1922586	2090783	1444971	94732	1817321	1664705	1664696
human	PR10_XXL_T-4	218976947	285.4666	PR10T4cell19	769451	870079	476680	52786	636347	550421	550420
human	PR10_XXL_T-4	218976947	285.4666	PR10T4cell20	396462	665852	284788	69913	452310	347748	347747
human	PR10_XXL_T-4	218976947	285.4666	PR10T4cell21	2479510	2708257	2081607	32491	2485723	2384536	2384528
human	PR10_XXL_T-4	218976947	285.4666	PR10T4cell22	2998600	3328248	2130796	41602	2532333	2426733	2426726
human	PR10_XXL_T-4	218976947	285.4666	PR10T4cell23	2826470	3051649	2228967	42672	2671894	2555542	2555532
human	PR10_XXL_T-4	218976947	285.4666	PR10T4cell24	1674101	1830428	1373028	22744	1619857	1562385	1562376
human	PR10_XXL_T-4	218976947	285.4666	PR10T4cell25	2421276	2690119	1948341	70187	2381300	2240802	2240789
human	PR10_XXL_T-4	218976947	285.4666	PR10T4cell26	2281882	2466359	1751426	98225	2182365	2021673	2021666
human	PR10_XXL_T-4	218976947	285.4666	PR10T4cell27	1526462	1682480	1112896	29519	1362568	1289953	1289946
human	PR10_XXL_T-4	218976947	285.4666	PR10T4cell28	794879	1340765	775387	71114	1038743	905233	905231
human	PR10_XXL_T-4	218976947	285.4666	PR10T4cell29	2693098	2921259	2291722	37507	2748037	2632806	2632794
human	PR10_XXL_T-4	218976947	285.4666	PR10T4cell30	2559063	2834936	1793040	31778	2139485	2066207	2066190
human	PR10_XXL_T-4	218976947	285.4666	PR10T4cell31	4428262	4752222	3772681	35160	4371172	4266732	4266695
human	PR10_XXL_T-4	218976947	285.4666	PR10T4cell32	1309478	1418269	1026772	29960	1220270	1167309	1167298
human	PR10_XXL_T-4	218976947	285.4666	PR10T4cell33	1653805	1913567	1290467	63462	1644882	1523285	1523275
human	PR10_XXL_T-4	218976947	285.4666	PR10T4cell34	1918706	2131955	1475759	75226	1872356	1720894	1720888
human	PR10_XXL_T-4	218976947	285.4666	PR10T4cell35	809655	934600	533892	20688	676833	627940	627937
human	PR10_XXL_T-4	218976947	285.4666	PR10T4cell36	628565	1121704	589094	51969	798551	709083	709081
human	PR10_XXL_T-4	218976947	285.4666	PR10T4cell37	1652176	1849537	1352050	28739	1684910	1606292	1606285
human	PR10_XXL_T-4	218976947	285.4666	PR10T4cell38	2297551	2612672	1576471	37171	1927725	1843336	1843329
human	PR10_XXL_T-4	218976947	285.4666	PR10T4cell39	1950663	2166242	1548631	38733	1862499	1778351	1778345
human	PR10_XXL_T-4	218976947	285.4666	PR10T4cell40	1340482	1488133	1098016	15189	1317869	1282174	1282164
human	PR10_XXL_T-4	218976947	285.4666	PR10T4cell41	2578321	2918925	1851413	66741	2529491	2349440	2349422
human	PR10_XXL_T-4	218976947	285.4666	PR10T4cell42	3782563	4122314	2795019	82935	3790134	3539039	3539023
human	PR10_XXL_T-4	218976947	285.4666	PR10T4cell43	1712055	1981349	1150726	34853	1564352	1453351	1453342
human	PR10_XXL_T-4	218976947	285.4666	PR10T4cell44	1032202	1858859	969393	47375	1376511	1243481	1243479
human	PR10_XXL_T-4	218976947	285.4666	PR10T4cell45	3015934	3297880	2319355	34265	3080936	2939273	2939259
human	PR10_XXL_T-4	218976947	285.4666	PR10T4cell46	3609052	4082966	2507457	41971	3281129	3133063	3133045
human	PR10_XXL_T-4	218976947	285.4666	PR10T4cell47	2453143	2766741	1792871	30166	2311820	2216986	2216973
human	PR10_XXL_T-4	218976947	285.4666	PR10T4cell48	1463716	1622437	1056916	23449	1387234	1323345	1323340
human	PR10_XXL_T-4	218976947	285.4666	PR10T4cell49	1796960	2005859	1228545	64206	1569083	1442481	1442476
human	PR10_XXL_T-4	218976947	285.4666	PR10T4cell50	2068785	2257816	1568382	70266	1970114	1837053	1837042
human	PR10_XXL_T-4	218976947	285.4666	PR10T4cell51	1588628	1762664	1144551	35011	1437449	1347017	1347007
human	PR10_XXL_T-4	218976947	285.4666	PR10T4cell52	804841	1439211	788435	66647	1094414	966546	966544
human	PR10_XXL_T-4	218976947	285.4666	PR10T4cell53	2240720	2435336	1828536	28303	2234172	2147670	2147657
human	PR10_XXL_T-4	218976947	285.4666	PR10T4cell54	2885869	3219230	1961294	36310	2376743	2281431	2281422
human	PR10_XXL_T-4	218976947	285.4666	PR10T4cell55	2381930	2594244	1807607	39770	2215753	2113795	2113787
human	PR10_XXL_T-4	218976947	285.4666	PR10T4cell56	1665819	1817500	1306251	23576	1593327	1533273	1533268
human	PR10_XXL_T-4	218976947	285.4666	PR10T4cell57	2094102	2404578	1508340	62615	2082766	1921874	1921863
human	PR10_XXL_T-4	218976947	285.4666	PR10T4cell58	1995335	2180121	1386391	66986	1920889	1764717	1764704
human	PR10_XXL_T-4	218976947	285.4666	PR10T4cell59	1667025	1922585	1146036	33384	1567491	1452769	1452765
human	PR10_XXL_T-4	218976947	285.4666	PR10T4cell60	738279	1281403	622543	66116	970096	828483	828483
human	PR10_XXL_T-4	218976947	285.4666	PR10T4cell61	1497757	1663370	1048896	32401	1466456	1365081	1365076
human	PR10_XXL_T-4	218976947	285.4666	PR10T4cell62	2534593	2876777	1577686	42107	2088421	1973630	1973621
human	PR10_XXL_T-4	218976947	285.4666	PR10T4cell63	2686011	3022427	1987468	53169	2625085	2486655	2486634
human	PR10_XXL_T-4	218976947	285.4666	PR10T4cell64	1087782	1214248	704772	31746	961538	898347	898339
human	PR10_XXL_T-4	218976947	285.4666	PR10T4cell65	2554537	2831336	1944102	62875	2416157	2277117	2277107
human	PR10_XXL_T-4	218976947	285.4666	PR10T4cell66	2211499	2401243	1673100	94112	2097930	1931880	1931868
human	PR10_XXL_T-4	218976947	285.4666	PR10T4cell67	1696281	1905132	1219020	29406	1501627	1415012	1415008
human	PR10_XXL_T-4	218976947	285.4666	PR10T4cell68	941891	1632475	831935	86231	1179415	1013639	1013638
human	PR10_XXL_T-4	218976947	285.4666	PR10T4cell69	1661002	1840856	1289748	38194	1592050	1506151	1506142
human	PR10_XXL_T-4	218976947	285.4666	PR10T4cell70	3680246	4069158	2632429	57665	3167422	3032490	3032471
human	PR10_XXL_T-4	218976947	285.4666	PR10T4cell71	3197490	3458138	2521699	69853	3032414	2894872	2894859
human	PR10_XXL_T-4	218976947	285.4666	PR10T4cell72	2825493	3075681	2314203	31254	2738764	2656068	2656052
human	PR10_XXL_T-4	218976947	285.4666	PR10T4cell73	2065849	2273956	1587219	65186	1972313	1844640	1844630
human	PR10_XXL_T-4	218976947	285.4666	PR10T4cell74	1961949	2133368	1471380	66867	1849050	1711695	1711688
human	PR10_XXL_T-4	218976947	285.4666	PR10T4cell75	1484986	1650135	1037311	36636	1298685	1213755	1213749
human	PR10_XXL_T-4	218976947	285.4666	PR10T4cell76	369760	597207	221155	63998	359900	269037	269037
human	PR10_XXL_T-4	218976947	285.4666	PR10T4cell77	2733327	2941792	2268085	27234	2730581	2642644	2642623
human	PR10_XXL_T-4	218976947	285.4666	PR10T4cell78	2363094	2619382	1438496	48169	1776232	1667255	1667238
human	PR10_XXL_T-4	218976947	285.4666	PR10T4cell79	2699594	2911764	2062094	55707	2474795	2369992	2369978
human	PR10_XXL_T-4	218976947	285.4666	PR10T4cell80	1022273	1126223	809234	25547	979894	932625	932623
human	PR10_XXL_T-4	218976947	285.4666	PR10T4cell81	1715509	1987601	1202177	51745	1656343	1518024	1518017
human	PR10_XXL_T-4	218976947	285.4666	PR10T4cell82	823651	903485	517452	39623	740359	664410	664408
human	PR10_XXL_T-4	218976947	285.4666	PR10T4cell83	1234376	1430431	813302	25637	1133190	1043635	1043633
human	PR10_XXL_T-4	218976947	285.4666	PR10T4cell84	601185	1061274	532224	49995	800157	706539	706537
human	PR10_XXL_T-4	218976947	285.4666	PR10T4cell85	353353	404947	195123	27657	300435	253580	253579
human	PR10_XXL_T-4	218976947	285.4666	PR10T4cell86	2622488	2976945	1673648	28768	2254402	2126039	2126026
human	PR10_XXL_T-4	218976947	285.4666	PR10T4cell87	2611950	2936692	1968826	33128	2558952	2456780	2456769
human	PR10_XXL_T-4	218976947	285.4666	PR10T4cell88	870886	968389	601378	16421	791831	752113	752109
human	PR10_XXL_T-4	218976947	285.4666	PR10T4cell89	1101006	1223974	814388	40204	1035302	959909	959903
human	PR10_XXL_T-4	218976947	285.4666	PR10T4cell90	947317	1024164	684127	45294	876723	799337	799333
human	PR10_XXL_T-4	218976947	285.4666	PR10T4cell91	798830	893194	512793	22359	662579	613724	613722
human	PR10_XXL_T-4	218976947	285.4666	PR10T4cell92	346565	602556	282995	34588	408804	343027	343026
human	PR10_XXL_T-4	218976947	285.4666	PR10T4cell93	601768	668054	449254	17007	562547	522057	522054
human	PR10_XXL_T-4	218976947	285.4666	PR10T4cell94	824332	931022	386315	17197	496445	459132	459131
human	PR10_XXL_T-4	218976947	285.4666	PR10T4cell95	1164816	1269022	832197	25712	1021559	967598	967593
human	PR10_XXL_T-4	218976947	285.4666	PR10T4cell96	503612	546401	320942	25274	409295	372300	372295
human	PR10_XXL_T-5	240447770	303.4500	PR10T5cell1	2894083	3166977	2237170	75214	2718199	2553557	2553540
human	PR10_XXL_T-5	240447770	303.4500	PR10T5cell2	2687600	2902304	2046406	77989	2476032	2319766	2319756
human	PR10_XXL_T-5	240447770	303.4500	PR10T5cell3	2132817	2353090	1479915	32775	1819056	1710244	1710239
human	PR10_XXL_T-5	240447770	303.4500	PR10T5cell4	1116021	1991087	1045059	69837	1398530	1250188	1250183
human	PR10_XXL_T-5	240447770	303.4500	PR10T5cell5	2233027	2422426	1808309	32922	2160647	2070232	2070221
human	PR10_XXL_T-5	240447770	303.4500	PR10T5cell6	4039364	4465007	2757526	44575	3298020	3177420	3177403
human	PR10_XXL_T-5	240447770	303.4500	PR10T5cell7	655270	717251	296537	22758	457087	385549	385546
human	PR10_XXL_T-5	240447770	303.4500	PR10T5cell8	2420895	2630448	1958437	37736	2310202	2221163	2221155
human	PR10_XXL_T-5	240447770	303.4500	PR10T5cell9	2087399	2296162	1508802	103151	1934465	1759135	1759127
human	PR10_XXL_T-5	240447770	303.4500	PR10T5cell10	1562046	1698668	1116397	75239	1407039	1283024	1283015
human	PR10_XXL_T-5	240447770	303.4500	PR10T5cell11	1886799	2067391	1311648	43154	1611732	1507522	1507517
human	PR10_XXL_T-5	240447770	303.4500	PR10T5cell12	878231	1502591	733070	59021	998989	870347	870344
human	PR10_XXL_T-5	240447770	303.4500	PR10T5cell13	2320991	2506019	1877802	28884	2238315	2153275	2153263
human	PR10_XXL_T-5	240447770	303.4500	PR10T5cell14	3538269	3876744	2251137	41433	2702823	2580934	2580920
human	PR10_XXL_T-5	240447770	303.4500	PR10T5cell15	2894880	3104328	2121861	70007	2555335	2421730	2421716
human	PR10_XXL_T-5	240447770	303.4500	PR10T5cell16	1252714	1365874	1008080	30154	1191451	1138644	1138634
human	PR10_XXL_T-5	240447770	303.4500	PR10T5cell17	2294024	2534092	1749224	68386	2151551	2009843	2009832
human	PR10_XXL_T-5	240447770	303.4500	PR10T5cell18	2270590	2474908	1677843	73678	2060711	1920290	1920273
human	PR10_XXL_T-5	240447770	303.4500	PR10T5cell19	1861904	2062225	1255854	42078	1555015	1450679	1450673
human	PR10_XXL_T-5	240447770	303.4500	PR10T5cell20	685448	1170940	609157	90110	848586	707049	707048
human	PR10_XXL_T-5	240447770	303.4500	PR10T5cell21	2213849	2425118	1846348	33471	2208922	2109217	2109206
human	PR10_XXL_T-5	240447770	303.4500	PR10T5cell22	3705894	4088135	2506264	46945	2984557	2867010	2866991
human	PR10_XXL_T-5	240447770	303.4500	PR10T5cell23	2803248	3030020	2145368	43542	2545558	2443614	2443605
human	PR10_XXL_T-5	240447770	303.4500	PR10T5cell24	1941989	2120994	1512276	37141	1804397	1722280	1722272
human	PR10_XXL_T-5	240447770	303.4500	PR10T5cell25	2805279	3062969	2091515	78568	2572049	2419570	2419560
human	PR10_XXL_T-5	240447770	303.4500	PR10T5cell26	2638402	2837775	2053859	87883	2471295	2307807	2307801
human	PR10_XXL_T-5	240447770	303.4500	PR10T5cell27	1973448	2180139	1342758	39471	1638809	1551833	1551826
human	PR10_XXL_T-5	240447770	303.4500	PR10T5cell28	899729	1564917	760100	71599	1034998	904645	904640
human	PR10_XXL_T-5	240447770	303.4500	PR10T5cell29	2680506	2890446	2191382	38792	2609349	2498525	2498510
human	PR10_XXL_T-5	240447770	303.4500	PR10T5cell30	3484497	3848182	2346748	51680	2799066	2678244	2678234
human	PR10_XXL_T-5	240447770	303.4500	PR10T5cell31	3328427	3558900	2604837	36490	3054000	2941023	2941006
human	PR10_XXL_T-5	240447770	303.4500	PR10T5cell32	2352939	2540869	1845025	27467	2176059	2104952	2104943
human	PR10_XXL_T-5	240447770	303.4500	PR10T5cell33	2106214	2386794	1622527	63136	2026333	1884568	1884564
human	PR10_XXL_T-5	240447770	303.4500	PR10T5cell34	2803193	3100203	2214630	68094	2711193	2542533	2542514
human	PR10_XXL_T-5	240447770	303.4500	PR10T5cell35	2012888	2267549	1360538	48968	1705990	1588394	1588390
human	PR10_XXL_T-5	240447770	303.4500	PR10T5cell36	883820	1594515	894635	77616	1195293	1052869	1052868
human	PR10_XXL_T-5	240447770	303.4500	PR10T5cell37	2569145	2837254	2145843	32603	2588421	2479340	2479328
human	PR10_XXL_T-5	240447770	303.4500	PR10T5cell38	2653943	2992178	1617602	61720	1995113	1879088	1879076
human	PR10_XXL_T-5	240447770	303.4500	PR10T5cell39	2931234	3213775	2269872	51625	2716453	2606481	2606468
human	PR10_XXL_T-5	240447770	303.4500	PR10T5cell40	2923010	3224105	2413473	35333	2878483	2789677	2789667
human	PR10_XXL_T-5	240447770	303.4500	PR10T5cell41	2243678	2523271	1581529	52338	2090897	1953724	1953715
human	PR10_XXL_T-5	240447770	303.4500	PR10T5cell42	2429164	2643160	1637844	89136	2202519	2013899	2013885
human	PR10_XXL_T-5	240447770	303.4500	PR10T5cell43	1829740	2094985	1125952	35218	1496655	1393424	1393418
human	PR10_XXL_T-5	240447770	303.4500	PR10T5cell44	1456713	2598865	1336813	96824	1908426	1694721	1694713
human	PR10_XXL_T-5	240447770	303.4500	PR10T5cell45	1822241	1992788	1260545	39503	1682534	1561126	1561121
human	PR10_XXL_T-5	240447770	303.4500	PR10T5cell46	1749586	1981654	1025669	59428	1369988	1256340	1256335
human	PR10_XXL_T-5	240447770	303.4500	PR10T5cell47	2164408	2413975	1522421	54139	1966092	1843501	1843487
human	PR10_XXL_T-5	240447770	303.4500	PR10T5cell48	1963703	2154192	1417129	28105	1802340	1720555	1720542
human	PR10_XXL_T-5	240447770	303.4500	PR10T5cell49	2889176	3185011	2171419	74942	2675631	2510903	2510883
human	PR10_XXL_T-5	240447770	303.4500	PR10T5cell50	2585654	2810246	1882542	84687	2372607	2215166	2215157
human	PR10_XXL_T-5	240447770	303.4500	PR10T5cell51	2131460	2366899	1393971	41466	1760038	1652839	1652828
human	PR10_XXL_T-5	240447770	303.4500	PR10T5cell52	660575	1169012	549036	78568	809263	678762	678760
human	PR10_XXL_T-5	240447770	303.4500	PR10T5cell53	3322107	3589275	2728321	26087	3278447	3130174	3130158
human	PR10_XXL_T-5	240447770	303.4500	PR10T5cell54	3951138	4349673	2619776	62265	3163432	3001409	3001395
human	PR10_XXL_T-5	240447770	303.4500	PR10T5cell55	1958815	2103496	1370439	50266	1665799	1578230	1578226
human	PR10_XXL_T-5	240447770	303.4500	PR10T5cell56	2022386	2202286	1663285	31448	1973708	1904352	1904342
human	PR10_XXL_T-5	240447770	303.4500	PR10T5cell57	2477075	2813835	1743368	67968	2352543	2187132	2187125
human	PR10_XXL_T-5	240447770	303.4500	PR10T5cell58	2214751	2425791	1381042	71737	1900243	1739767	1739756
human	PR10_XXL_T-5	240447770	303.4500	PR10T5cell59	1905057	2184107	1256534	35327	1666345	1561870	1561864
human	PR10_XXL_T-5	240447770	303.4500	PR10T5cell60	902694	1673204	851719	74526	1224732	1060154	1060152
human	PR10_XXL_T-5	240447770	303.4500	PR10T5cell61	2609233	2852093	1918300	30840	2527896	2400313	2400295
human	PR10_XXL_T-5	240447770	303.4500	PR10T5cell62	3897372	4324914	2487436	61018	3226730	3068304	3068287
human	PR10_XXL_T-5	240447770	303.4500	PR10T5cell63	2543958	2825974	1746074	67910	2283701	2140985	2140977
human	PR10_XXL_T-5	240447770	303.4500	PR10T5cell64	1474841	1634156	1025265	17205	1309186	1261205	1261196
human	PR10_XXL_T-5	240447770	303.4500	PR10T5cell65	1814553	2007526	1226927	76152	1577165	1443146	1443140
human	PR10_XXL_T-5	240447770	303.4500	PR10T5cell66	2788363	3019574	2029806	115046	2514129	2332828	2332813
human	PR10_XXL_T-5	240447770	303.4500	PR10T5cell67	2120488	2340724	1416897	55198	1769742	1644231	1644222
human	PR10_XXL_T-5	240447770	303.4500	PR10T5cell68	1355972	2308369	1320621	83521	1727572	1552452	1552447
human	PR10_XXL_T-5	240447770	303.4500	PR10T5cell69	3168899	3407833	2469367	70445	3002725	2853382	2853372
human	PR10_XXL_T-5	240447770	303.4500	PR10T5cell70	1946183	2134595	1245047	52654	1513313	1421609	1421602
human	PR10_XXL_T-5	240447770	303.4500	PR10T5cell71	1638412	1751386	1101398	58112	1360600	1257026	1257018
human	PR10_XXL_T-5	240447770	303.4500	PR10T5cell72	2069980	2245855	1600593	50571	1910871	1820492	1820484
human	PR10_XXL_T-5	240447770	303.4500	PR10T5cell73	2045844	2281055	1459554	67217	1823646	1686399	1686390
human	PR10_XXL_T-5	240447770	303.4500	PR10T5cell74	2685731	2912041	1938072	93210	2404214	2230169	2230156
human	PR10_XXL_T-5	240447770	303.4500	PR10T5cell75	2363671	2603410	1556739	41887	1944381	1819477	1819469
human	PR10_XXL_T-5	240447770	303.4500	PR10T5cell76	597059	969642	407310	82623	608398	483896	483893
human	PR10_XXL_T-5	240447770	303.4500	PR10T5cell77	2104557	2258697	1686709	45883	2053801	1950333	1950327
human	PR10_XXL_T-5	240447770	303.4500	PR10T5cell78	2018756	2215685	1033007	53114	1292694	1188429	1188418
human	PR10_XXL_T-5	240447770	303.4500	PR10T5cell79	3013161	3234534	2276733	56277	2722124	2608507	2608494
human	PR10_XXL_T-5	240447770	303.4500	PR10T5cell80	2200436	2379492	1766937	28686	2085937	2002910	2002897
human	PR10_XXL_T-5	240447770	303.4500	PR10T5cell81	1975125	2248792	1380593	72225	1888515	1733775	1733764
human	PR10_XXL_T-5	240447770	303.4500	PR10T5cell82	2367556	2575025	1614916	98183	2187938	1999776	1999766
human	PR10_XXL_T-5	240447770	303.4500	PR10T5cell83	1034020	1174112	589657	43536	816664	728643	728638
human	PR10_XXL_T-5	240447770	303.4500	PR10T5cell84	284645	438681	139524	61865	266330	177729	177728
human	PR10_XXL_T-5	240447770	303.4500	PR10T5cell85	1311366	1443325	935095	41346	1249984	1153595	1153583
human	PR10_XXL_T-5	240447770	303.4500	PR10T5cell86	2575003	2890814	1472453	47064	1943978	1829695	1829683
human	PR10_XXL_T-5	240447770	303.4500	PR10T5cell87	283838	317851	126581	21260	187279	155623	155623
human	PR10_XXL_T-5	240447770	303.4500	PR10T5cell88	546275	601099	309802	39965	443688	380591	380588
human	PR10_XXL_T-5	240447770	303.4500	PR10T5cell89	1578882	1739927	1210330	42871	1482888	1394271	1394266
human	PR10_XXL_T-5	240447770	303.4500	PR10T5cell90	624981	678067	397680	44766	530667	462312	462309
human	PR10_XXL_T-5	240447770	303.4500	PR10T5cell91	595106	665992	385902	19747	487876	445736	445735
human	PR10_XXL_T-5	240447770	303.4500	PR10T5cell92	110382	165228	51453	33742	108506	62896	62895
human	PR10_XXL_T-5	240447770	303.4500	PR10T5cell93	778046	843160	580241	25988	713355	668535	668531
human	PR10_XXL_T-5	240447770	303.4500	PR10T5cell94	1304785	1459847	853788	35406	1050162	985459	985454
human	PR10_XXL_T-5	240447770	303.4500	PR10T5cell95	206671	222905	122694	11826	159430	143365	143365
human	PR10_XXL_T-5	240447770	303.4500	PR10T5cell96	562433	612527	368606	30191	468407	426377	426375
human	PR10_XXL_T-6	205118499	264.5000	PR10T6cell1	2356717	2600350	1792811	97347	2231866	2047950	2047946
human	PR10_XXL_T-6	205118499	264.5000	PR10T6cell2	2611462	2836840	2077250	83248	2570071	2384776	2384762
human	PR10_XXL_T-6	205118499	264.5000	PR10T6cell3	1598399	1765425	1148084	46425	1412659	1313028	1313023
human	PR10_XXL_T-6	205118499	264.5000	PR10T6cell4	902385	1598948	804487	78038	1110581	953139	953136
human	PR10_XXL_T-6	205118499	264.5000	PR10T6cell5	2704549	2937755	2298893	36756	2742464	2625188	2625176
human	PR10_XXL_T-6	205118499	264.5000	PR10T6cell6	3382754	3740755	2355467	51386	2802887	2669516	2669499
human	PR10_XXL_T-6	205118499	264.5000	PR10T6cell7	3051757	3290175	2380970	52851	2835401	2720295	2720284
human	PR10_XXL_T-6	205118499	264.5000	PR10T6cell8	2251554	2441813	1907814	26118	2221245	2159793	2159783
human	PR10_XXL_T-6	205118499	264.5000	PR10T6cell9	1712449	1887574	1257944	90977	1594400	1448086	1448077
human	PR10_XXL_T-6	205118499	264.5000	PR10T6cell10	2735021	2953245	2075593	109409	2555493	2352490	2352473
human	PR10_XXL_T-6	205118499	264.5000	PR10T6cell11	1785940	1957712	1239293	35917	1510132	1417742	1417737
human	PR10_XXL_T-6	205118499	264.5000	PR10T6cell12	836140	1450309	742438	78169	1020266	887538	887536
human	PR10_XXL_T-6	205118499	264.5000	PR10T6cell13	1395945	1520915	1096535	31647	1325349	1256412	1256405
human	PR10_XXL_T-6	205118499	264.5000	PR10T6cell14	2810081	3103476	1925115	42257	2336402	2224745	2224729
human	PR10_XXL_T-6	205118499	264.5000	PR10T6cell15	3118890	3334953	2453535	46400	2901858	2796728	2796715
human	PR10_XXL_T-6	205118499	264.5000	PR10T6cell16	2370942	2566458	1985064	37190	2324761	2235267	2235249
human	PR10_XXL_T-6	205118499	264.5000	PR10T6cell17	1839069	2032656	1328848	107303	1683822	1513590	1513579
human	PR10_XXL_T-6	205118499	264.5000	PR10T6cell18	2023138	2207768	1563857	98615	1950529	1787018	1787006
human	PR10_XXL_T-6	205118499	264.5000	PR10T6cell19	1635714	1804995	1125185	40211	1420457	1324337	1324327
human	PR10_XXL_T-6	205118499	264.5000	PR10T6cell20	900825	1574344	867466	88486	1165564	1029254	1029251
human	PR10_XXL_T-6	205118499	264.5000	PR10T6cell21	2160180	2356131	1817887	29127	2184478	2085843	2085836
human	PR10_XXL_T-6	205118499	264.5000	PR10T6cell22	2878317	3165009	1981669	52769	2365242	2256522	2256515
human	PR10_XXL_T-6	205118499	264.5000	PR10T6cell23	2716378	2931534	2092586	46852	2517957	2402160	2402150
human	PR10_XXL_T-6	205118499	264.5000	PR10T6cell24	2442567	2641810	2100546	28366	2426658	2359064	2359053
human	PR10_XXL_T-6	205118499	264.5000	PR10T6cell25	2160167	2368011	1633588	75292	2030514	1885152	1885143
human	PR10_XXL_T-6	205118499	264.5000	PR10T6cell26	2148288	2322322	1701673	94150	2082450	1931231	1931219
human	PR10_XXL_T-6	205118499	264.5000	PR10T6cell27	1641500	1817434	1202234	40587	1474061	1385609	1385605
human	PR10_XXL_T-6	205118499	264.5000	PR10T6cell28	835822	1490639	748494	76663	1037337	893428	893427
human	PR10_XXL_T-6	205118499	264.5000	PR10T6cell29	1913082	2070460	1598422	29861	1882744	1815584	1815569
human	PR10_XXL_T-6	205118499	264.5000	PR10T6cell30	2925632	3210319	2009911	39191	2379258	2291872	2291856
human	PR10_XXL_T-6	205118499	264.5000	PR10T6cell31	2717446	2925598	2121436	57502	2525531	2411662	2411643
human	PR10_XXL_T-6	205118499	264.5000	PR10T6cell32	1576937	1717934	1257433	22185	1482159	1428145	1428139
human	PR10_XXL_T-6	205118499	264.5000	PR10T6cell33	1630968	1850609	1176750	89938	1532520	1381813	1381810
human	PR10_XXL_T-6	205118499	264.5000	PR10T6cell34	2214939	2452881	1753117	78958	2180080	2037909	2037902
human	PR10_XXL_T-6	205118499	264.5000	PR10T6cell35	1669347	1896841	1262405	39423	1564954	1472860	1472849
human	PR10_XXL_T-6	205118499	264.5000	PR10T6cell36	657275	1188621	612689	79120	858277	733628	733627
human	PR10_XXL_T-6	205118499	264.5000	PR10T6cell37	2430525	2712280	2107031	31395	2538492	2438480	2438466
human	PR10_XXL_T-6	205118499	264.5000	PR10T6cell38	3100589	3484700	2234347	42245	2697019	2598021	2598011
human	PR10_XXL_T-6	205118499	264.5000	PR10T6cell39	1683983	1852225	1216833	49320	1500277	1409294	1409292
human	PR10_XXL_T-6	205118499	264.5000	PR10T6cell40	1318805	1471040	1066644	32041	1286040	1227414	1227409
human	PR10_XXL_T-6	205118499	264.5000	PR10T6cell41	2031275	2300247	1412340	89548	1926668	1746079	1746067
human	PR10_XXL_T-6	205118499	264.5000	PR10T6cell42	2185969	2368011	1476357	94059	2011310	1823270	1823258
human	PR10_XXL_T-6	205118499	264.5000	PR10T6cell43	1728253	1968148	1180793	40581	1541923	1439994	1439986
human	PR10_XXL_T-6	205118499	264.5000	PR10T6cell44	1156787	2026112	1059784	94891	1530964	1354302	1354296
human	PR10_XXL_T-6	205118499	264.5000	PR10T6cell45	4521919	4888015	3669573	41841	4629820	4435653	4435632
human	PR10_XXL_T-6	205118499	264.5000	PR10T6cell46	3660841	4104122	2481793	48808	3182355	3028892	3028877
human	PR10_XXL_T-6	205118499	264.5000	PR10T6cell47	3958349	4401225	3067478	67065	3891663	3714394	3714374
human	PR10_XXL_T-6	205118499	264.5000	PR10T6cell48	1964931	2142741	1506028	23768	1899031	1831447	1831443
human	PR10_XXL_T-6	205118499	264.5000	PR10T6cell49	1844740	2034054	1311707	77293	1711740	1547722	1547715
human	PR10_XXL_T-6	205118499	264.5000	PR10T6cell50	2316910	2511390	1780328	90923	2211601	2044169	2044165
human	PR10_XXL_T-6	205118499	264.5000	PR10T6cell51	1915607	2125360	1366419	45503	1716967	1613432	1613421
human	PR10_XXL_T-6	205118499	264.5000	PR10T6cell52	796766	1392585	710347	66926	1008511	876255	876253
human	PR10_XXL_T-6	205118499	264.5000	PR10T6cell53	2198395	2372916	1792875	44660	2171367	2062399	2062388
human	PR10_XXL_T-6	205118499	264.5000	PR10T6cell54	3444115	3802725	2449870	53964	2965314	2827113	2827095
human	PR10_XXL_T-6	205118499	264.5000	PR10T6cell55	1530982	1658081	1058685	49626	1312972	1233031	1233024
human	PR10_XXL_T-6	205118499	264.5000	PR10T6cell56	1223728	1333568	939756	29951	1137052	1086954	1086951
human	PR10_XXL_T-6	205118499	264.5000	PR10T6cell57	2015970	2293196	1457024	79603	2004421	1830874	1830862
human	PR10_XXL_T-6	205118499	264.5000	PR10T6cell58	1911896	2072805	1226283	94034	1713785	1544935	1544928
human	PR10_XXL_T-6	205118499	264.5000	PR10T6cell59	2075255	2369509	1485647	44180	1958062	1827645	1827636
human	PR10_XXL_T-6	205118499	264.5000	PR10T6cell60	813846	1419542	680082	71970	1051883	870324	870321
human	PR10_XXL_T-6	205118499	264.5000	PR10T6cell61	2118812	2304527	1635685	35452	2135264	2029950	2029944
human	PR10_XXL_T-6	205118499	264.5000	PR10T6cell62	2991303	3382132	1936057	44928	2523670	2403212	2403197
human	PR10_XXL_T-6	205118499	264.5000	PR10T6cell63	1536271	1708772	1052713	37899	1359627	1278999	1278991
human	PR10_XXL_T-6	205118499	264.5000	PR10T6cell64	660942	727837	387252	26755	522661	473939	473937
human	PR10_XXL_T-6	205118499	264.5000	PR10T6cell65	2357547	2625462	1783262	103614	2249382	2054739	2054730
human	PR10_XXL_T-6	205118499	264.5000	PR10T6cell66	2282022	2461500	1786535	91771	2201026	2046676	2046664
human	PR10_XXL_T-6	205118499	264.5000	PR10T6cell67	1862567	2048139	1327140	45085	1636654	1535497	1535494
human	PR10_XXL_T-6	205118499	264.5000	PR10T6cell68	1136908	1921231	1068451	82380	1409925	1255862	1255856
human	PR10_XXL_T-6	205118499	264.5000	PR10T6cell69	304780	336925	185228	44810	267334	210870	210869
human	PR10_XXL_T-6	205118499	264.5000	PR10T6cell70	419296	483240	132169	46953	214531	154643	154643
human	PR10_XXL_T-6	205118499	264.5000	PR10T6cell71	1602487	1717583	1158204	48641	1418867	1333786	1333781
human	PR10_XXL_T-6	205118499	264.5000	PR10T6cell72	955558	1037164	628073	37386	785490	727274	727271
human	PR10_XXL_T-6	205118499	264.5000	PR10T6cell73	2261477	2482868	1732088	60777	2120960	1996784	1996776
human	PR10_XXL_T-6	205118499	264.5000	PR10T6cell74	1444405	1563234	1117442	68892	1386758	1273324	1273316
human	PR10_XXL_T-6	205118499	264.5000	PR10T6cell75	1487302	1631965	1020917	43734	1283516	1191396	1191387
human	PR10_XXL_T-6	205118499	264.5000	PR10T6cell76	731058	1299479	700733	72126	954821	830582	830582
human	PR10_XXL_T-6	205118499	264.5000	PR10T6cell77	151929	180985	88546	24212	131860	101050	101049
human	PR10_XXL_T-6	205118499	264.5000	PR10T6cell78	1775596	1960934	981370	58971	1249544	1144241	1144232
human	PR10_XXL_T-6	205118499	264.5000	PR10T6cell79	1082555	1164913	759807	32139	922214	868942	868936
human	PR10_XXL_T-6	205118499	264.5000	PR10T6cell80	1272855	1392601	935513	35063	1147311	1078087	1078084
human	PR10_XXL_T-6	205118499	264.5000	PR10T6cell81	1654575	1880930	1161422	71417	1586468	1441288	1441284
human	PR10_XXL_T-6	205118499	264.5000	PR10T6cell82	1997134	2173169	1381085	83660	1885796	1717617	1717612
human	PR10_XXL_T-6	205118499	264.5000	PR10T6cell83	557159	641202	260412	41917	398321	330512	330509
human	PR10_XXL_T-6	205118499	264.5000	PR10T6cell84	709814	1237515	630571	57466	941003	814338	814336
human	PR10_XXL_T-6	205118499	264.5000	PR10T6cell85	276510	309597	181516	24997	262392	223532	223530
human	PR10_XXL_T-6	205118499	264.5000	PR10T6cell86	370046	427054	102794	33570	179515	130527	130526
human	PR10_XXL_T-6	205118499	264.5000	PR10T6cell87	629244	701392	413569	23187	550430	508834	508828
human	PR10_XXL_T-6	205118499	264.5000	PR10T6cell88	269333	297361	97923	37900	175594	123079	123079
human	PR10_XXL_T-6	205118499	264.5000	PR10T6cell89	955776	1052420	685278	40796	866707	794456	794451
human	PR10_XXL_T-6	205118499	264.5000	PR10T6cell90	767505	832319	547887	41496	696791	631942	631936
human	PR10_XXL_T-6	205118499	264.5000	PR10T6cell91	276531	308969	115152	27839	172501	134847	134845
human	PR10_XXL_T-6	205118499	264.5000	PR10T6cell92	87738	120958	18842	36121	67973	24016	24016
human	PR10_XXL_T-6	205118499	264.5000	PR10T6cell93	84307	100992	32831	19590	63770	39553	39553
human	PR10_XXL_T-6	205118499	264.5000	PR10T6cell94	1084286	1203036	568183	36216	721372	660319	660317
human	PR10_XXL_T-6	205118499	264.5000	PR10T6cell95	852332	917502	595415	18016	722766	685513	685512
human	PR10_XXL_T-6	205118499	264.5000	PR10T6cell96	109423	120919	35606	20660	66603	41931	41931
human	PR10_XXL_T-7	213911765	274.8500	PR10T7cell1	3073558	3392778	2339276	119990	2939425	2704527	2704505
human	PR10_XXL_T-7	213911765	274.8500	PR10T7cell2	2860272	3111743	2140768	132344	2690374	2463015	2463008
human	PR10_XXL_T-7	213911765	274.8500	PR10T7cell3	2217975	2475464	1696231	57645	2081720	1955382	1955373
human	PR10_XXL_T-7	213911765	274.8500	PR10T7cell4	1225920	2163857	1142353	109922	1574367	1379146	1379140
human	PR10_XXL_T-7	213911765	274.8500	PR10T7cell5	2550239	2776636	2128218	33518	2553416	2456600	2456585
human	PR10_XXL_T-7	213911765	274.8500	PR10T7cell6	3640818	4036131	2480015	53748	3011686	2883218	2883203
human	PR10_XXL_T-7	213911765	274.8500	PR10T7cell7	3049312	3299755	2317714	56470	2778636	2665298	2665281
human	PR10_XXL_T-7	213911765	274.8500	PR10T7cell8	2303230	2509490	1923007	36732	2273472	2192500	2192491
human	PR10_XXL_T-7	213911765	274.8500	PR10T7cell9	2084051	2307840	1553079	93844	1953580	1788055	1788046
human	PR10_XXL_T-7	213911765	274.8500	PR10T7cell10	1933955	2091413	1438922	86615	1810229	1659295	1659288
human	PR10_XXL_T-7	213911765	274.8500	PR10T7cell11	1551713	1720869	1150047	36429	1414634	1329266	1329261
human	PR10_XXL_T-7	213911765	274.8500	PR10T7cell12	805255	1461969	803783	55649	1092587	954658	954656
human	PR10_XXL_T-7	213911765	274.8500	PR10T7cell13	2558994	2787319	2174893	33631	2582686	2481588	2481583
human	PR10_XXL_T-7	213911765	274.8500	PR10T7cell14	2959776	3298554	2002108	34549	2398649	2300762	2300745
human	PR10_XXL_T-7	213911765	274.8500	PR10T7cell15	3476179	3738448	2720664	48173	3259773	3134153	3134134
human	PR10_XXL_T-7	213911765	274.8500	PR10T7cell16	1826950	1986130	1447583	27469	1748087	1679865	1679858
human	PR10_XXL_T-7	213911765	274.8500	PR10T7cell17	2167561	2385585	1655309	79138	2041876	1894787	1894785
human	PR10_XXL_T-7	213911765	274.8500	PR10T7cell18	2371064	2593714	1899660	103094	2319484	2154389	2154378
human	PR10_XXL_T-7	213911765	274.8500	PR10T7cell19	2361730	2615149	1906890	45889	2308745	2192560	2192544
human	PR10_XXL_T-7	213911765	274.8500	PR10T7cell20	902383	1553573	813141	68921	1122803	976221	976215
human	PR10_XXL_T-7	213911765	274.8500	PR10T7cell21	2332366	2567529	1971269	39342	2386110	2275068	2275056
human	PR10_XXL_T-7	213911765	274.8500	PR10T7cell22	3466395	3866064	2485537	47530	2965264	2845849	2845840
human	PR10_XXL_T-7	213911765	274.8500	PR10T7cell23	3554443	3845782	2849784	60371	3360029	3220806	3220793
human	PR10_XXL_T-7	213911765	274.8500	PR10T7cell24	1927551	2099501	1609100	25227	1893432	1837674	1837665
human	PR10_XXL_T-7	213911765	274.8500	PR10T7cell25	2093969	2320189	1586984	88322	1969154	1811815	1811806
human	PR10_XXL_T-7	213911765	274.8500	PR10T7cell26	2282526	2460537	1747810	88052	2141074	1983144	1983136
human	PR10_XXL_T-7	213911765	274.8500	PR10T7cell27	1916742	2131356	1446787	38563	1781131	1680260	1680248
human	PR10_XXL_T-7	213911765	274.8500	PR10T7cell28	680717	1127065	540659	99493	779354	636729	636725
human	PR10_XXL_T-7	213911765	274.8500	PR10T7cell29	2502405	2719461	2143239	29550	2571905	2476268	2476255
human	PR10_XXL_T-7	213911765	274.8500	PR10T7cell30	3049322	3370287	2089772	39727	2518323	2409548	2409534
human	PR10_XXL_T-7	213911765	274.8500	PR10T7cell31	3216417	3452716	2446141	43675	2899329	2803646	2803630
human	PR10_XXL_T-7	213911765	274.8500	PR10T7cell32	2256904	2465782	1894156	25456	2209395	2141152	2141137
human	PR10_XXL_T-7	213911765	274.8500	PR10T7cell33	1869129	2151682	1356225	106649	1763222	1576510	1576506
human	PR10_XXL_T-7	213911765	274.8500	PR10T7cell34	1917369	2136045	1435464	88620	1839651	1670784	1670770
human	PR10_XXL_T-7	213911765	274.8500	PR10T7cell35	1471238	1707848	1105344	40863	1389027	1301104	1301096
human	PR10_XXL_T-7	213911765	274.8500	PR10T7cell36	753835	1328173	698858	78087	985294	851043	851042
human	PR10_XXL_T-7	213911765	274.8500	PR10T7cell37	1770522	1984338	1469032	38730	1828852	1735931	1735923
human	PR10_XXL_T-7	213911765	274.8500	PR10T7cell38	1570187	1807678	772484	42605	992841	914940	914934
human	PR10_XXL_T-7	213911765	274.8500	PR10T7cell39	2791138	3103050	2270378	45176	2751115	2648173	2648163
human	PR10_XXL_T-7	213911765	274.8500	PR10T7cell40	1742347	1947550	1437572	22623	1719001	1663098	1663092
human	PR10_XXL_T-7	213911765	274.8500	PR10T7cell41	2551219	2930078	1822364	78247	2492121	2283533	2283521
human	PR10_XXL_T-7	213911765	274.8500	PR10T7cell42	2936410	3218497	2004845	128899	2793920	2525884	2525872
human	PR10_XXL_T-7	213911765	274.8500	PR10T7cell43	1722974	1986566	1127875	44618	1539844	1420206	1420202
human	PR10_XXL_T-7	213911765	274.8500	PR10T7cell44	1143664	1944242	944011	75268	1435387	1239599	1239592
human	PR10_XXL_T-7	213911765	274.8500	PR10T7cell45	1849320	2046777	1433443	23642	1888083	1789713	1789703
human	PR10_XXL_T-7	213911765	274.8500	PR10T7cell46	3788910	4265441	2570958	73307	3343480	3167814	3167795
human	PR10_XXL_T-7	213911765	274.8500	PR10T7cell47	3096719	3474681	2287677	46740	2953428	2815554	2815539
human	PR10_XXL_T-7	213911765	274.8500	PR10T7cell48	2164627	2384226	1627525	44440	2124021	2019347	2019337
human	PR10_XXL_T-7	213911765	274.8500	PR10T7cell49	2711302	3021240	2029548	86321	2583328	2393419	2393405
human	PR10_XXL_T-7	213911765	274.8500	PR10T7cell50	2106204	2294839	1558410	94018	2007945	1818649	1818638
human	PR10_XXL_T-7	213911765	274.8500	PR10T7cell51	1733621	1927942	1255979	54116	1586149	1476356	1476346
human	PR10_XXL_T-7	213911765	274.8500	PR10T7cell52	787384	1361968	687753	72459	973859	844028	844028
human	PR10_XXL_T-7	213911765	274.8500	PR10T7cell53	1006799	1127713	709373	38496	900185	829715	829712
human	PR10_XXL_T-7	213911765	274.8500	PR10T7cell54	2727906	3041779	1822880	38417	2226411	2121381	2121373
human	PR10_XXL_T-7	213911765	274.8500	PR10T7cell55	2661738	2884124	2037473	63405	2510048	2391972	2391961
human	PR10_XXL_T-7	213911765	274.8500	PR10T7cell56	2331810	2551118	1917551	39212	2301722	2212679	2212668
human	PR10_XXL_T-7	213911765	274.8500	PR10T7cell57	2434812	2786769	1729810	91152	2370961	2167032	2167025
human	PR10_XXL_T-7	213911765	274.8500	PR10T7cell58	2110089	2296098	1441947	70285	1978698	1813755	1813742
human	PR10_XXL_T-7	213911765	274.8500	PR10T7cell59	1340776	1563959	868074	36040	1200321	1099366	1099365
human	PR10_XXL_T-7	213911765	274.8500	PR10T7cell60	266774	430743	116961	69825	255608	153258	153258
human	PR10_XXL_T-7	213911765	274.8500	PR10T7cell61	2578367	2858676	2009226	37062	2678662	2550701	2550688
human	PR10_XXL_T-7	213911765	274.8500	PR10T7cell62	3516004	3968693	2321573	55322	3022669	2870835	2870818
human	PR10_XXL_T-7	213911765	274.8500	PR10T7cell63	1591084	1778974	1214761	33011	1576086	1495825	1495819
human	PR10_XXL_T-7	213911765	274.8500	PR10T7cell64	1873849	2070360	1400392	35822	1829695	1746332	1746324
human	PR10_XXL_T-7	213911765	274.8500	PR10T7cell65	2529858	2803366	1880955	104174	2391011	2206951	2206939
human	PR10_XXL_T-7	213911765	274.8500	PR10T7cell66	2708769	2949087	2048412	125417	2590741	2383355	2383345
human	PR10_XXL_T-7	213911765	274.8500	PR10T7cell67	787120	886191	381410	56418	536560	453352	453348
human	PR10_XXL_T-7	213911765	274.8500	PR10T7cell68	1391329	2366453	1364675	92689	1834931	1650912	1650910
human	PR10_XXL_T-7	213911765	274.8500	PR10T7cell69	676805	751841	428829	56936	590434	507628	507626
human	PR10_XXL_T-7	213911765	274.8500	PR10T7cell70	494524	573130	130128	48637	221626	155783	155782
human	PR10_XXL_T-7	213911765	274.8500	PR10T7cell71	328608	356382	160119	28228	226381	188238	188238
human	PR10_XXL_T-7	213911765	274.8500	PR10T7cell72	960261	1056784	647766	39586	826487	751980	751972
human	PR10_XXL_T-7	213911765	274.8500	PR10T7cell73	2412053	2678177	1761092	86396	2241401	2079454	2079442
human	PR10_XXL_T-7	213911765	274.8500	PR10T7cell74	2067884	2236603	1566126	80092	1960033	1817583	1817575
human	PR10_XXL_T-7	213911765	274.8500	PR10T7cell75	1818094	2022275	1332977	42880	1669610	1555592	1555582
human	PR10_XXL_T-7	213911765	274.8500	PR10T7cell76	259979	398927	129650	69312	253276	161956	161954
human	PR10_XXL_T-7	213911765	274.8500	PR10T7cell77	633931	705235	422981	21049	548214	504462	504460
human	PR10_XXL_T-7	213911765	274.8500	PR10T7cell78	3938206	4339809	2968517	52454	3550776	3409703	3409682
human	PR10_XXL_T-7	213911765	274.8500	PR10T7cell79	165950	186611	69519	15629	102631	81822	81821
human	PR10_XXL_T-7	213911765	274.8500	PR10T7cell80	1884723	2052632	1506700	24173	1802561	1741856	1741850
human	PR10_XXL_T-7	213911765	274.8500	PR10T7cell81	1866464	2147144	1296624	75455	1791259	1642380	1642371
human	PR10_XXL_T-7	213911765	274.8500	PR10T7cell82	1842173	2015024	1220513	76692	1729981	1566562	1566551
human	PR10_XXL_T-7	213911765	274.8500	PR10T7cell83	236573	288506	91779	35220	169547	117514	117514
human	PR10_XXL_T-7	213911765	274.8500	PR10T7cell84	146727	223651	61770	46010	144329	80510	80510
human	PR10_XXL_T-7	213911765	274.8500	PR10T7cell85	620916	684831	370708	26600	538565	479394	479392
human	PR10_XXL_T-7	213911765	274.8500	PR10T7cell86	465764	536356	131003	41932	229560	167517	167516
human	PR10_XXL_T-7	213911765	274.8500	PR10T7cell87	244433	277480	123323	16757	183016	156566	156566
human	PR10_XXL_T-7	213911765	274.8500	PR10T7cell88	367001	412772	152345	35699	249142	193998	193998
human	PR10_XXL_T-7	213911765	274.8500	PR10T7cell89	259348	287912	131539	28636	196627	155800	155798
human	PR10_XXL_T-7	213911765	274.8500	PR10T7cell90	103336	113192	52456	9782	74378	61423	61423
human	PR10_XXL_T-7	213911765	274.8500	PR10T7cell91	402240	454745	239113	25057	322133	280425	280422
human	PR10_XXL_T-7	213911765	274.8500	PR10T7cell92	191814	313530	99328	33928	172475	124281	124280
human	PR10_XXL_T-7	213911765	274.8500	PR10T7cell93	1120261	1216200	914367	14552	1122692	1067807	1067802
human	PR10_XXL_T-7	213911765	274.8500	PR10T7cell94	456201	514901	131238	31673	204375	158041	158041
human	PR10_XXL_T-7	213911765	274.8500	PR10T7cell95	95862	104977	45301	8867	65229	53587	53587
human	PR10_XXL_T-7	213911765	274.8500	PR10T7cell96	347600	386306	191745	27968	261975	223241	223240
human	PR10_XXL_T-8	236592140	308.7000	PR10T8cell1	2967889	3272179	2258673	116647	2812809	2595745	2595725
human	PR10_XXL_T-8	236592140	308.7000	PR10T8cell2	2861687	3096339	2284851	95529	2776507	2577097	2577081
human	PR10_XXL_T-8	236592140	308.7000	PR10T8cell3	1586257	1756893	1040085	91302	1364679	1222000	1221995
human	PR10_XXL_T-8	236592140	308.7000	PR10T8cell4	1372201	2328662	1322406	81864	1773984	1603959	1603955
human	PR10_XXL_T-8	236592140	308.7000	PR10T8cell5	4073645	4386651	3561501	49519	4197353	4045865	4045846
human	PR10_XXL_T-8	236592140	308.7000	PR10T8cell6	3475517	3839673	2308484	89971	2808739	2644712	2644704
human	PR10_XXL_T-8	236592140	308.7000	PR10T8cell7	3471160	3719524	2743490	59153	3260137	3133744	3133725
human	PR10_XXL_T-8	236592140	308.7000	PR10T8cell8	3021013	3244879	2540540	29976	2985355	2905204	2905188
human	PR10_XXL_T-8	236592140	308.7000	PR10T8cell9	2495594	2725943	1961224	82007	2406810	2243074	2243062
human	PR10_XXL_T-8	236592140	308.7000	PR10T8cell10	2752369	2960986	2186209	74078	2649397	2503473	2503455
human	PR10_XXL_T-8	236592140	308.7000	PR10T8cell11	1682237	1862529	1248455	38183	1520947	1437631	1437625
human	PR10_XXL_T-8	236592140	308.7000	PR10T8cell12	910981	1642237	933439	74765	1257615	1126452	1126449
human	PR10_XXL_T-8	236592140	308.7000	PR10T8cell13	2800891	3002728	2375921	46539	2833857	2723825	2723812
human	PR10_XXL_T-8	236592140	308.7000	PR10T8cell14	2789404	3059142	1898000	68340	2316383	2169063	2169051
human	PR10_XXL_T-8	236592140	308.7000	PR10T8cell15	2325900	2492353	1760028	33481	2098014	2026805	2026798
human	PR10_XXL_T-8	236592140	308.7000	PR10T8cell16	1816612	1966572	1461638	33377	1718405	1650443	1650434
human	PR10_XXL_T-8	236592140	308.7000	PR10T8cell17	2421167	2655462	1912935	57264	2305484	2187015	2187009
human	PR10_XXL_T-8	236592140	308.7000	PR10T8cell18	2189442	2380575	1682268	101197	2074074	1906380	1906370
human	PR10_XXL_T-8	236592140	308.7000	PR10T8cell19	1195386	1344552	779205	52400	985865	889973	889965
human	PR10_XXL_T-8	236592140	308.7000	PR10T8cell20	922780	1788931	1060205	76187	1418420	1254501	1254496
human	PR10_XXL_T-8	236592140	308.7000	PR10T8cell21	2739204	2968789	2307271	39106	2782846	2668467	2668450
human	PR10_XXL_T-8	236592140	308.7000	PR10T8cell22	4741717	5206138	3645932	47948	4242968	4112949	4112936
human	PR10_XXL_T-8	236592140	308.7000	PR10T8cell23	2303609	2483227	1712451	33846	2061890	1966426	1966411
human	PR10_XXL_T-8	236592140	308.7000	PR10T8cell24	1104617	1209758	772513	46184	942326	878526	878519
human	PR10_XXL_T-8	236592140	308.7000	PR10T8cell25	2645869	2897743	1996780	53555	2474864	2308993	2308979
human	PR10_XXL_T-8	236592140	308.7000	PR10T8cell26	2424686	2615492	1915671	75722	2328816	2172111	2172100
human	PR10_XXL_T-8	236592140	308.7000	PR10T8cell27	2283840	2516416	1794768	41211	2173651	2071472	2071463
human	PR10_XXL_T-8	236592140	308.7000	PR10T8cell28	754705	1347113	683136	87438	972514	830761	830759
human	PR10_XXL_T-8	236592140	308.7000	PR10T8cell29	2541336	2755035	2201039	37187	2595540	2494383	2494367
human	PR10_XXL_T-8	236592140	308.7000	PR10T8cell30	1945285	2136019	1312621	62753	1575318	1474118	1474113
human	PR10_XXL_T-8	236592140	308.7000	PR10T8cell31	2411978	2578359	1829686	51925	2191154	2082704	2082694
human	PR10_XXL_T-8	236592140	308.7000	PR10T8cell32	841755	910703	530592	55858	671163	595305	595300
human	PR10_XXL_T-8	236592140	308.7000	PR10T8cell33	2210850	2513040	1730733	82296	2157007	2005332	2005328
human	PR10_XXL_T-8	236592140	308.7000	PR10T8cell34	1956067	2182562	1494250	80073	1907549	1757780	1757773
human	PR10_XXL_T-8	236592140	308.7000	PR10T8cell35	1583774	1809456	1183847	38830	1489955	1390160	1390154
human	PR10_XXL_T-8	236592140	308.7000	PR10T8cell36	325167	516099	154659	94783	325687	195960	195959
human	PR10_XXL_T-8	236592140	308.7000	PR10T8cell37	846649	946798	644556	49364	815311	736908	736907
human	PR10_XXL_T-8	236592140	308.7000	PR10T8cell38	3521977	3970365	2633803	45668	3200550	3074517	3074499
human	PR10_XXL_T-8	236592140	308.7000	PR10T8cell39	2432265	2675246	1863589	55097	2264645	2153549	2153537
human	PR10_XXL_T-8	236592140	308.7000	PR10T8cell40	2224596	2464206	1832349	24878	2192961	2121247	2121234
human	PR10_XXL_T-8	236592140	308.7000	PR10T8cell41	2980088	3359404	2237985	71387	2964278	2785894	2785881
human	PR10_XXL_T-8	236592140	308.7000	PR10T8cell42	2896162	3138162	2066589	92027	2789135	2562817	2562804
human	PR10_XXL_T-8	236592140	308.7000	PR10T8cell43	1305276	1498949	834857	51587	1121998	1018355	1018349
human	PR10_XXL_T-8	236592140	308.7000	PR10T8cell44	1222798	2219700	1159348	83303	1659461	1466440	1466435
human	PR10_XXL_T-8	236592140	308.7000	PR10T8cell45	4258657	4612412	3360440	54456	4393543	4174804	4174785
human	PR10_XXL_T-8	236592140	308.7000	PR10T8cell46	2989027	3358810	1842444	49926	2405843	2261922	2261912
human	PR10_XXL_T-8	236592140	308.7000	PR10T8cell47	2023767	2251209	1302295	52933	1712912	1599977	1599966
human	PR10_XXL_T-8	236592140	308.7000	PR10T8cell48	1983108	2173816	1453467	31983	1870140	1789726	1789718
human	PR10_XXL_T-8	236592140	308.7000	PR10T8cell49	2703153	2965696	2168482	63694	2645473	2508062	2508047
human	PR10_XXL_T-8	236592140	308.7000	PR10T8cell50	2295542	2471602	1693306	91233	2170463	1991339	1991329
human	PR10_XXL_T-8	236592140	308.7000	PR10T8cell51	2831997	3112802	2203003	53237	2676138	2539300	2539287
human	PR10_XXL_T-8	236592140	308.7000	PR10T8cell52	1066185	1847578	1029565	79230	1416295	1240795	1240791
human	PR10_XXL_T-8	236592140	308.7000	PR10T8cell53	3372944	3616995	2823599	52147	3404985	3268434	3268418
human	PR10_XXL_T-8	236592140	308.7000	PR10T8cell54	2107041	2335757	1133471	86498	1453891	1316984	1316976
human	PR10_XXL_T-8	236592140	308.7000	PR10T8cell55	1905592	2051225	1353119	77983	1692213	1570911	1570895
human	PR10_XXL_T-8	236592140	308.7000	PR10T8cell56	2796203	3039305	2304650	49503	2722156	2626065	2626048
human	PR10_XXL_T-8	236592140	308.7000	PR10T8cell57	2651999	3015257	1956122	72628	2657538	2467899	2467888
human	PR10_XXL_T-8	236592140	308.7000	PR10T8cell58	2405474	2609841	1650142	88941	2285073	2081366	2081357
human	PR10_XXL_T-8	236592140	308.7000	PR10T8cell59	2754084	3144213	2058851	40125	2747933	2586778	2586765
human	PR10_XXL_T-8	236592140	308.7000	PR10T8cell60	1016873	1742487	921578	71317	1351178	1188655	1188652
human	PR10_XXL_T-8	236592140	308.7000	PR10T8cell61	1767399	1945719	1323328	41806	1749141	1642770	1642762
human	PR10_XXL_T-8	236592140	308.7000	PR10T8cell62	3358111	3738973	2130763	66930	2787150	2624631	2624621
human	PR10_XXL_T-8	236592140	308.7000	PR10T8cell63	1874740	2094638	1330384	46446	1742051	1641636	1641627
human	PR10_XXL_T-8	236592140	308.7000	PR10T8cell64	1050406	1166745	647643	48111	872660	793417	793414
human	PR10_XXL_T-8	236592140	308.7000	PR10T8cell65	3007822	3321146	2369227	82694	2925752	2750415	2750401
human	PR10_XXL_T-8	236592140	308.7000	PR10T8cell66	2739515	2957745	2111784	99139	2646179	2441565	2441552
human	PR10_XXL_T-8	236592140	308.7000	PR10T8cell67	953245	1074181	523821	54333	703311	603661	603658
human	PR10_XXL_T-8	236592140	308.7000	PR10T8cell68	1425407	2528839	1530910	85197	2016397	1824062	1824055
human	PR10_XXL_T-8	236592140	308.7000	PR10T8cell69	3142140	3392984	2637771	36464	3150715	3038725	3038705
human	PR10_XXL_T-8	236592140	308.7000	PR10T8cell70	4230050	4670262	3044178	47812	3628710	3496204	3496190
human	PR10_XXL_T-8	236592140	308.7000	PR10T8cell71	1096181	1189200	667739	54038	832851	756817	756815
human	PR10_XXL_T-8	236592140	308.7000	PR10T8cell72	460988	499986	257139	48222	358065	298450	298446
human	PR10_XXL_T-8	236592140	308.7000	PR10T8cell73	2188663	2406367	1656600	53530	2032344	1914734	1914724
human	PR10_XXL_T-8	236592140	308.7000	PR10T8cell74	2113502	2275313	1581166	98746	1977558	1811766	1811754
human	PR10_XXL_T-8	236592140	308.7000	PR10T8cell75	2076996	2295000	1627716	56003	1968434	1849544	1849540
human	PR10_XXL_T-8	236592140	308.7000	PR10T8cell76	1030207	1729864	871257	89142	1236312	1051124	1051121
human	PR10_XXL_T-8	236592140	308.7000	PR10T8cell77	2480490	2666302	2108076	37135	2500847	2406630	2406617
human	PR10_XXL_T-8	236592140	308.7000	PR10T8cell78	1715463	1896367	773423	72641	1029154	903697	903691
human	PR10_XXL_T-8	236592140	308.7000	PR10T8cell79	1653630	1767893	1204914	47349	1461290	1377886	1377879
human	PR10_XXL_T-8	236592140	308.7000	PR10T8cell80	771229	844655	454479	46051	584540	521196	521194
human	PR10_XXL_T-8	236592140	308.7000	PR10T8cell81	1494258	1715345	946168	56295	1322662	1191536	1191531
human	PR10_XXL_T-8	236592140	308.7000	PR10T8cell82	542134	596196	293386	46533	435113	363252	363250
human	PR10_XXL_T-8	236592140	308.7000	PR10T8cell83	1713913	1957378	1232715	43749	1639088	1524441	1524434
human	PR10_XXL_T-8	236592140	308.7000	PR10T8cell84	661843	1041940	414515	68279	672973	547608	547608
human	PR10_XXL_T-8	236592140	308.7000	PR10T8cell85	1070685	1187293	729437	29718	995012	918736	918732
human	PR10_XXL_T-8	236592140	308.7000	PR10T8cell86	3461024	3874123	2224277	42999	2871488	2746383	2746369
human	PR10_XXL_T-8	236592140	308.7000	PR10T8cell87	306572	343887	189303	15057	256316	230748	230748
human	PR10_XXL_T-8	236592140	308.7000	PR10T8cell88	1105407	1230220	730780	40965	968847	895781	895773
human	PR10_XXL_T-8	236592140	308.7000	PR10T8cell89	1841090	2014628	1442966	32224	1755816	1675252	1675245
human	PR10_XXL_T-8	236592140	308.7000	PR10T8cell90	504955	548534	339679	22707	427371	387933	387930
human	PR10_XXL_T-8	236592140	308.7000	PR10T8cell91	475600	535134	251247	30389	335603	287756	287753
human	PR10_XXL_T-8	236592140	308.7000	PR10T8cell92	253897	429684	159511	31935	254361	193953	193953
human	PR10_XXL_T-8	236592140	308.7000	PR10T8cell93	244226	269997	121036	33796	188602	143006	143004
human	PR10_XXL_T-8	236592140	308.7000	PR10T8cell94	1491964	1657108	880220	23026	1062662	1014796	1014788
human	PR10_XXL_T-8	236592140	308.7000	PR10T8cell95	540155	586136	288887	23134	381588	342443	342442
human	PR10_XXL_T-8	236592140	308.7000	PR10T8cell96	254083	276695	116215	28251	169635	134295	134293
human	PR10_XXL_T-9	216277841	280.5500	PR10T9cell1	4814084	5237329	4070855	82989	4839509	4622996	4622973
human	PR10_XXL_T-9	216277841	280.5500	PR10T9cell2	2397347	2606851	1864797	101686	2293828	2125150	2125135
human	PR10_XXL_T-9	216277841	280.5500	PR10T9cell3	3703198	4082383	3035166	65051	3658544	3477937	3477921
human	PR10_XXL_T-9	216277841	280.5500	PR10T9cell4	975939	1728977	955686	79187	1289605	1139270	1139265
human	PR10_XXL_T-9	216277841	280.5500	PR10T9cell5	2592547	2816323	2193391	38151	2634210	2527367	2527354
human	PR10_XXL_T-9	216277841	280.5500	PR10T9cell6	3431099	3792189	2410018	43463	2849707	2740910	2740893
human	PR10_XXL_T-9	216277841	280.5500	PR10T9cell7	3431918	3701751	2730701	45480	3201289	3083423	3083401
human	PR10_XXL_T-9	216277841	280.5500	PR10T9cell8	2215309	2413306	1877891	32133	2200526	2136099	2136092
human	PR10_XXL_T-9	216277841	280.5500	PR10T9cell9	972969	1079194	663475	62624	876803	770855	770853
human	PR10_XXL_T-9	216277841	280.5500	PR10T9cell10	1869074	2024091	1438097	67652	1765068	1640619	1640610
human	PR10_XXL_T-9	216277841	280.5500	PR10T9cell11	1592891	1751785	1148905	37832	1416125	1334081	1334078
human	PR10_XXL_T-9	216277841	280.5500	PR10T9cell12	774029	1378576	752277	52714	1008324	907177	907176
human	PR10_XXL_T-9	216277841	280.5500	PR10T9cell13	1255221	1349932	998401	53191	1220780	1136274	1136267
human	PR10_XXL_T-9	216277841	280.5500	PR10T9cell14	3144899	3460340	2212197	39607	2629791	2529807	2529792
human	PR10_XXL_T-9	216277841	280.5500	PR10T9cell15	2372577	2539911	1834839	29750	2153858	2084147	2084135
human	PR10_XXL_T-9	216277841	280.5500	PR10T9cell16	1888985	2043745	1543114	27748	1828576	1764801	1764794
human	PR10_XXL_T-9	216277841	280.5500	PR10T9cell17	1684853	1871386	1229675	79053	1546202	1408753	1408750
human	PR10_XXL_T-9	216277841	280.5500	PR10T9cell18	1653305	1798602	1224518	78822	1519788	1398558	1398553
human	PR10_XXL_T-9	216277841	280.5500	PR10T9cell19	1375223	1523274	953687	39499	1174661	1092991	1092983
human	PR10_XXL_T-9	216277841	280.5500	PR10T9cell20	771664	1304180	699633	58633	933728	829386	829382
human	PR10_XXL_T-9	216277841	280.5500	PR10T9cell21	2330883	2533496	1961447	30763	2362751	2247810	2247793
human	PR10_XXL_T-9	216277841	280.5500	PR10T9cell22	3157302	3474185	2246299	39521	2650945	2560332	2560324
human	PR10_XXL_T-9	216277841	280.5500	PR10T9cell23	2311100	2492321	1796375	30046	2111409	2038368	2038355
human	PR10_XXL_T-9	216277841	280.5500	PR10T9cell24	1013656	1110211	767569	34649	925333	869243	869238
human	PR10_XXL_T-9	216277841	280.5500	PR10T9cell25	1861936	2057564	1434957	54352	1760833	1643192	1643186
human	PR10_XXL_T-9	216277841	280.5500	PR10T9cell26	2225384	2409791	1664698	91105	2088587	1917729	1917716
human	PR10_XXL_T-9	216277841	280.5500	PR10T9cell27	1630881	1815977	1187335	45557	1456082	1368795	1368786
human	PR10_XXL_T-9	216277841	280.5500	PR10T9cell28	674968	1181686	569541	76113	795744	668114	668111
human	PR10_XXL_T-9	216277841	280.5500	PR10T9cell29	2106872	2284431	1700775	18332	2038778	1959043	1959035
human	PR10_XXL_T-9	216277841	280.5500	PR10T9cell30	3447082	3789454	2346463	50924	2814089	2689248	2689227
human	PR10_XXL_T-9	216277841	280.5500	PR10T9cell31	2933163	3147254	2238917	39067	2671416	2590506	2590489
human	PR10_XXL_T-9	216277841	280.5500	PR10T9cell32	1586218	1719547	1244309	23365	1491495	1434363	1434352
human	PR10_XXL_T-9	216277841	280.5500	PR10T9cell33	1894833	2148982	1478694	68942	1868108	1726218	1726211
human	PR10_XXL_T-9	216277841	280.5500	PR10T9cell34	1883205	2090207	1450648	88274	1843124	1695754	1695747
human	PR10_XXL_T-9	216277841	280.5500	PR10T9cell35	2427211	2755671	1951477	46252	2389021	2272886	2272877
human	PR10_XXL_T-9	216277841	280.5500	PR10T9cell36	625162	1094831	569782	67347	802673	684139	684139
human	PR10_XXL_T-9	216277841	280.5500	PR10T9cell37	1733576	1930486	1439099	40538	1773293	1672073	1672059
human	PR10_XXL_T-9	216277841	280.5500	PR10T9cell38	2682964	3021024	1891441	35299	2260552	2178590	2178577
human	PR10_XXL_T-9	216277841	280.5500	PR10T9cell39	2045040	2253805	1551668	31312	1880000	1802196	1802180
human	PR10_XXL_T-9	216277841	280.5500	PR10T9cell40	1309898	1443627	1052769	23190	1267760	1214681	1214679
human	PR10_XXL_T-9	216277841	280.5500	PR10T9cell41	1965393	2225460	1326014	78102	1832051	1657486	1657474
human	PR10_XXL_T-9	216277841	280.5500	PR10T9cell42	2376068	2587672	1641739	91636	2232118	2041969	2041960
human	PR10_XXL_T-9	216277841	280.5500	PR10T9cell43	1777530	2038143	1187954	42769	1590385	1486276	1486267
human	PR10_XXL_T-9	216277841	280.5500	PR10T9cell44	770437	1457974	703112	59984	1046960	905326	905324
human	PR10_XXL_T-9	216277841	280.5500	PR10T9cell45	4372255	4731994	3465967	44809	4484041	4286770	4286751
human	PR10_XXL_T-9	216277841	280.5500	PR10T9cell46	3321997	3740598	2142927	44940	2768661	2632597	2632587
human	PR10_XXL_T-9	216277841	280.5500	PR10T9cell47	3065165	3416646	2321358	49468	2944485	2822991	2822969
human	PR10_XXL_T-9	216277841	280.5500	PR10T9cell48	2782569	3048431	2186953	22843	2725892	2646167	2646160
human	PR10_XXL_T-9	216277841	280.5500	PR10T9cell49	3307382	3644881	2624063	84611	3249147	3047344	3047332
human	PR10_XXL_T-9	216277841	280.5500	PR10T9cell50	2456264	2646801	1884646	77225	2346232	2189388	2189374
human	PR10_XXL_T-9	216277841	280.5500	PR10T9cell51	1897006	2095043	1368971	43364	1699656	1597786	1597780
human	PR10_XXL_T-9	216277841	280.5500	PR10T9cell52	900255	1582511	885899	62615	1186206	1063274	1063272
human	PR10_XXL_T-9	216277841	280.5500	PR10T9cell53	687917	756230	506714	40308	647602	585545	585542
human	PR10_XXL_T-9	216277841	280.5500	PR10T9cell54	3124746	3440881	2129342	38426	2605349	2499448	2499425
human	PR10_XXL_T-9	216277841	280.5500	PR10T9cell55	2358765	2535735	1783950	30805	2123005	2047428	2047416
human	PR10_XXL_T-9	216277841	280.5500	PR10T9cell56	1741263	1886099	1294244	31273	1558765	1493298	1493290
human	PR10_XXL_T-9	216277841	280.5500	PR10T9cell57	2118083	2404270	1565361	60687	2081474	1945842	1945834
human	PR10_XXL_T-9	216277841	280.5500	PR10T9cell58	2425656	2633976	1759861	60087	2346639	2195426	2195419
human	PR10_XXL_T-9	216277841	280.5500	PR10T9cell59	344521	412280	131241	33810	220326	168289	168288
human	PR10_XXL_T-9	216277841	280.5500	PR10T9cell60	725901	1271738	600533	63499	895520	779892	779890
human	PR10_XXL_T-9	216277841	280.5500	PR10T9cell61	2240271	2457194	1713695	23168	2278947	2177971	2177960
human	PR10_XXL_T-9	216277841	280.5500	PR10T9cell62	3128132	3501697	1965863	47184	2546999	2419014	2419003
human	PR10_XXL_T-9	216277841	280.5500	PR10T9cell63	1416972	1573181	930354	31482	1229879	1158279	1158272
human	PR10_XXL_T-9	216277841	280.5500	PR10T9cell64	1784332	1955144	1299856	35201	1686860	1602295	1602286
human	PR10_XXL_T-9	216277841	280.5500	PR10T9cell65	4669420	5113322	3785170	95163	4627623	4386803	4386783
human	PR10_XXL_T-9	216277841	280.5500	PR10T9cell66	1377733	1493326	978332	65850	1250088	1135325	1135319
human	PR10_XXL_T-9	216277841	280.5500	PR10T9cell67	1900495	2117851	1395797	38905	1718347	1617402	1617397
human	PR10_XXL_T-9	216277841	280.5500	PR10T9cell68	719799	1259409	559304	88022	798629	663042	663039
human	PR10_XXL_T-9	216277841	280.5500	PR10T9cell69	2151412	2328880	1735636	38003	2089426	1998774	1998762
human	PR10_XXL_T-9	216277841	280.5500	PR10T9cell70	4293011	4718355	3067047	66497	3706577	3553485	3553470
human	PR10_XXL_T-9	216277841	280.5500	PR10T9cell71	864199	927724	506469	52455	657890	587172	587168
human	PR10_XXL_T-9	216277841	280.5500	PR10T9cell72	901460	978700	573512	39142	739151	672300	672299
human	PR10_XXL_T-9	216277841	280.5500	PR10T9cell73	1998541	2189243	1490309	87523	1888813	1746879	1746867
human	PR10_XXL_T-9	216277841	280.5500	PR10T9cell74	1190649	1289068	737884	92890	985183	853461	853455
human	PR10_XXL_T-9	216277841	280.5500	PR10T9cell75	1425183	1585315	997088	35009	1257926	1165291	1165279
human	PR10_XXL_T-9	216277841	280.5500	PR10T9cell76	680333	1205074	613026	55483	842801	729118	729116
human	PR10_XXL_T-9	216277841	280.5500	PR10T9cell77	1152908	1249296	841395	44347	1045157	964177	964170
human	PR10_XXL_T-9	216277841	280.5500	PR10T9cell78	2469074	2708034	1522767	47576	1856920	1763166	1763157
human	PR10_XXL_T-9	216277841	280.5500	PR10T9cell79	3270161	3501504	2669028	41078	3153421	3053451	3053437
human	PR10_XXL_T-9	216277841	280.5500	PR10T9cell80	550737	603860	304459	45920	414404	352738	352737
human	PR10_XXL_T-9	216277841	280.5500	PR10T9cell81	1981331	2243550	1409713	59301	1897727	1753088	1753074
human	PR10_XXL_T-9	216277841	280.5500	PR10T9cell82	1913562	2073819	1328283	56827	1809338	1673497	1673486
human	PR10_XXL_T-9	216277841	280.5500	PR10T9cell83	365511	436457	141851	36070	233135	179283	179283
human	PR10_XXL_T-9	216277841	280.5500	PR10T9cell84	306134	485540	163774	58694	299414	204826	204826
human	PR10_XXL_T-9	216277841	280.5500	PR10T9cell85	732986	808569	471315	23049	653065	601949	601947
human	PR10_XXL_T-9	216277841	280.5500	PR10T9cell86	1787947	2032315	975838	50270	1315468	1218740	1218731
human	PR10_XXL_T-9	216277841	280.5500	PR10T9cell87	1362044	1521477	870482	26550	1144561	1074901	1074897
human	PR10_XXL_T-9	216277841	280.5500	PR10T9cell88	1296489	1424551	880572	28070	1148682	1086170	1086165
human	PR10_XXL_T-9	216277841	280.5500	PR10T9cell89	155997	174916	83420	14247	120269	98932	98932
human	PR10_XXL_T-9	216277841	280.5500	PR10T9cell90	207599	224485	101891	19055	144452	118801	118801
human	PR10_XXL_T-9	216277841	280.5500	PR10T9cell91	676819	753882	452903	19136	568557	528764	528763
human	PR10_XXL_T-9	216277841	280.5500	PR10T9cell92	111392	169240	46598	31576	97226	57747	57747
human	PR10_XXL_T-9	216277841	280.5500	PR10T9cell93	437037	477710	299656	21095	382711	349293	349291
human	PR10_XXL_T-9	216277841	280.5500	PR10T9cell94	1361886	1520229	817786	19881	1018127	953959	953957
human	PR10_XXL_T-9	216277841	280.5500	PR10T9cell95	346656	383501	171873	19371	230054	201930	201930
human	PR10_XXL_T-9	216277841	280.5500	PR10T9cell96	133522	152979	49911	17917	80286	58213	58213
human	PR10_XXL_T-10	198438580	249.0166	PR10T10cell1	2848889	3119915	2185559	81772	2698913	2524636	2524621
human	PR10_XXL_T-10	198438580	249.0166	PR10T10cell2	2205633	2398837	1592460	95743	1987274	1811604	1811596
human	PR10_XXL_T-10	198438580	249.0166	PR10T10cell3	2123237	2343671	1549740	48381	1904790	1787513	1787501
human	PR10_XXL_T-10	198438580	249.0166	PR10T10cell4	1150271	1983792	989848	85699	1344020	1179299	1179291
human	PR10_XXL_T-10	198438580	249.0166	PR10T10cell5	2402239	2602335	1953119	30531	2336726	2238760	2238743
human	PR10_XXL_T-10	198438580	249.0166	PR10T10cell6	3994570	4432774	2755595	54029	3269188	3142022	3142010
human	PR10_XXL_T-10	198438580	249.0166	PR10T10cell7	3305886	3553921	2495531	46825	2962380	2853724	2853710
human	PR10_XXL_T-10	198438580	249.0166	PR10T10cell8	2332901	2523901	1954158	29189	2281752	2213659	2213649
human	PR10_XXL_T-10	198438580	249.0166	PR10T10cell9	2063536	2259995	1551975	66039	1899358	1777975	1777965
human	PR10_XXL_T-10	198438580	249.0166	PR10T10cell10	2448102	2643760	1894888	75066	2305073	2164506	2164493
human	PR10_XXL_T-10	198438580	249.0166	PR10T10cell11	1563236	1722024	1019231	39060	1277339	1185666	1185659
human	PR10_XXL_T-10	198438580	249.0166	PR10T10cell12	835737	1452830	742326	69478	1013815	896398	896396
human	PR10_XXL_T-10	198438580	249.0166	PR10T10cell13	2595991	2832909	2172386	24129	2582703	2488344	2488328
human	PR10_XXL_T-10	198438580	249.0166	PR10T10cell14	4172479	4577758	3012412	52582	3576774	3445105	3445087
human	PR10_XXL_T-10	198438580	249.0166	PR10T10cell15	3205204	3428023	2537216	55254	2994333	2878532	2878519
human	PR10_XXL_T-10	198438580	249.0166	PR10T10cell16	1412851	1540312	1067658	38408	1275857	1212229	1212222
human	PR10_XXL_T-10	198438580	249.0166	PR10T10cell17	2215268	2428326	1679915	58954	2035560	1916078	1916068
human	PR10_XXL_T-10	198438580	249.0166	PR10T10cell18	2248884	2446879	1668856	72428	2040985	1902748	1902738
human	PR10_XXL_T-10	198438580	249.0166	PR10T10cell19	801452	893393	437926	43876	577188	505327	505326
human	PR10_XXL_T-10	198438580	249.0166	PR10T10cell20	535871	927498	467693	67217	675639	566742	566739
human	PR10_XXL_T-10	198438580	249.0166	PR10T10cell21	1965683	2148674	1629635	26229	1918279	1849257	1849247
human	PR10_XXL_T-10	198438580	249.0166	PR10T10cell22	1763167	1938091	1174235	41046	1398960	1321241	1321236
human	PR10_XXL_T-10	198438580	249.0166	PR10T10cell23	2736448	2942398	2131475	38970	2527792	2426959	2426938
human	PR10_XXL_T-10	198438580	249.0166	PR10T10cell24	2715785	2946756	2289199	29173	2665753	2573002	2572994
human	PR10_XXL_T-10	198438580	249.0166	PR10T10cell25	2085376	2285896	1481600	84164	1854530	1700398	1700388
human	PR10_XXL_T-10	198438580	249.0166	PR10T10cell26	2164300	2352295	1619645	89222	1995568	1839732	1839722
human	PR10_XXL_T-10	198438580	249.0166	PR10T10cell27	1360515	1518910	923111	45115	1152321	1063914	1063910
human	PR10_XXL_T-10	198438580	249.0166	PR10T10cell28	917806	1573417	814476	77931	1132010	982439	982435
human	PR10_XXL_T-10	198438580	249.0166	PR10T10cell29	2463634	2668744	1967423	21697	2376912	2293405	2293389
human	PR10_XXL_T-10	198438580	249.0166	PR10T10cell30	2752203	3052789	1745722	55910	2106631	1984618	1984610
human	PR10_XXL_T-10	198438580	249.0166	PR10T10cell31	4380571	4696009	3556902	52163	4151185	4003504	4003492
human	PR10_XXL_T-10	198438580	249.0166	PR10T10cell32	1243889	1355896	1013770	26502	1202594	1151016	1151010
human	PR10_XXL_T-10	198438580	249.0166	PR10T10cell33	1818801	2062738	1399522	57668	1749705	1622091	1622086
human	PR10_XXL_T-10	198438580	249.0166	PR10T10cell34	1824248	2023015	1325555	76701	1679052	1544365	1544355
human	PR10_XXL_T-10	198438580	249.0166	PR10T10cell35	1690108	1916371	1204587	43288	1508032	1405462	1405458
human	PR10_XXL_T-10	198438580	249.0166	PR10T10cell36	170061	265630	63088	50838	146033	80114	80114
human	PR10_XXL_T-10	198438580	249.0166	PR10T10cell37	1973182	2205205	1649236	25415	1991469	1918961	1918952
human	PR10_XXL_T-10	198438580	249.0166	PR10T10cell38	3185556	3589671	2136637	41476	2605301	2487753	2487736
human	PR10_XXL_T-10	198438580	249.0166	PR10T10cell39	3092774	3377775	2511080	50010	2985776	2870188	2870177
human	PR10_XXL_T-10	198438580	249.0166	PR10T10cell40	659900	719630	411576	33233	527081	479773	479770
human	PR10_XXL_T-10	198438580	249.0166	PR10T10cell41	2012244	2283529	1366942	73588	1883425	1718755	1718749
human	PR10_XXL_T-10	198438580	249.0166	PR10T10cell42	1206788	1298215	766420	56994	1057587	949757	949752
human	PR10_XXL_T-10	198438580	249.0166	PR10T10cell43	1616136	1862837	975746	43091	1329060	1209850	1209848
human	PR10_XXL_T-10	198438580	249.0166	PR10T10cell44	1130164	1937224	1006306	60045	1446519	1298709	1298705
human	PR10_XXL_T-10	198438580	249.0166	PR10T10cell45	2741531	2990086	2103419	32349	2754840	2628921	2628897
human	PR10_XXL_T-10	198438580	249.0166	PR10T10cell46	2187514	2455583	1314338	52297	1697919	1591718	1591708
human	PR10_XXL_T-10	198438580	249.0166	PR10T10cell47	1542460	1731472	1012609	43642	1329042	1245176	1245169
human	PR10_XXL_T-10	198438580	249.0166	PR10T10cell48	1487600	1631290	1002722	36143	1335653	1239714	1239705
human	PR10_XXL_T-10	198438580	249.0166	PR10T10cell49	2271105	2505845	1613239	82176	2027884	1875708	1875699
human	PR10_XXL_T-10	198438580	249.0166	PR10T10cell50	1883131	2034513	1414708	74693	1766867	1638387	1638380
human	PR10_XXL_T-10	198438580	249.0166	PR10T10cell51	422831	476261	190124	33855	271409	222247	222245
human	PR10_XXL_T-10	198438580	249.0166	PR10T10cell52	938573	1671281	900411	66812	1235085	1081271	1081268
human	PR10_XXL_T-10	198438580	249.0166	PR10T10cell53	2959006	3202515	2479474	55182	2998943	2863814	2863806
human	PR10_XXL_T-10	198438580	249.0166	PR10T10cell54	3179581	3503254	2224066	55869	2665874	2542383	2542364
human	PR10_XXL_T-10	198438580	249.0166	PR10T10cell55	1272639	1367211	818419	47795	1021095	942908	942903
human	PR10_XXL_T-10	198438580	249.0166	PR10T10cell56	939546	1014687	589380	56046	753600	676702	676697
human	PR10_XXL_T-10	198438580	249.0166	PR10T10cell57	2397458	2727685	1696623	59100	2300457	2138178	2138171
human	PR10_XXL_T-10	198438580	249.0166	PR10T10cell58	1803541	1959710	1108184	68863	1574769	1416673	1416665
human	PR10_XXL_T-10	198438580	249.0166	PR10T10cell59	1798385	2042557	1070924	27033	1432357	1346684	1346679
human	PR10_XXL_T-10	198438580	249.0166	PR10T10cell60	614028	1036207	284933	90819	579754	400534	400532
human	PR10_XXL_T-10	198438580	249.0166	PR10T10cell61	227266	279916	110821	28312	182994	141402	141401
human	PR10_XXL_T-10	198438580	249.0166	PR10T10cell62	2188262	2473434	1351790	46314	1796511	1681742	1681730
human	PR10_XXL_T-10	198438580	249.0166	PR10T10cell63	220766	249079	133095	11260	181029	163308	163306
human	PR10_XXL_T-10	198438580	249.0166	PR10T10cell64	750308	833778	488874	37921	675571	610514	610504
human	PR10_XXL_T-10	198438580	249.0166	PR10T10cell65	2383497	2636037	1642412	69392	2033620	1892806	1892796
human	PR10_XXL_T-10	198438580	249.0166	PR10T10cell66	2116446	2301623	1447054	105982	1849977	1677734	1677726
human	PR10_XXL_T-10	198438580	249.0166	PR10T10cell67	2047943	2283387	1385527	42664	1704782	1596349	1596340
human	PR10_XXL_T-10	198438580	249.0166	PR10T10cell68	1042976	1868219	1044770	83531	1406004	1251066	1251063
human	PR10_XXL_T-10	198438580	249.0166	PR10T10cell69	232505	266748	133107	30981	191532	152559	152557
human	PR10_XXL_T-10	198438580	249.0166	PR10T10cell70	1453687	1607278	696909	57799	889187	800796	800787
human	PR10_XXL_T-10	198438580	249.0166	PR10T10cell71	1721226	1849209	1130606	55371	1396904	1297842	1297830
human	PR10_XXL_T-10	198438580	249.0166	PR10T10cell72	1560932	1697366	1097273	48016	1340711	1259754	1259751
human	PR10_XXL_T-10	198438580	249.0166	PR10T10cell73	1846530	2057654	1335508	79421	1677769	1543378	1543375
human	PR10_XXL_T-10	198438580	249.0166	PR10T10cell74	2391314	2579471	1756981	85534	2190512	2046195	2046183
human	PR10_XXL_T-10	198438580	249.0166	PR10T10cell75	1616081	1790688	1060818	46303	1317716	1222678	1222669
human	PR10_XXL_T-10	198438580	249.0166	PR10T10cell76	869545	1528525	798120	47407	1061247	961962	961961
human	PR10_XXL_T-10	198438580	249.0166	PR10T10cell77	2115547	2286009	1637653	44447	2027634	1913715	1913708
human	PR10_XXL_T-10	198438580	249.0166	PR10T10cell78	763294	854751	275507	45309	387212	321167	321164
human	PR10_XXL_T-10	198438580	249.0166	PR10T10cell79	937905	1005894	571004	35538	729380	671577	671573
human	PR10_XXL_T-10	198438580	249.0166	PR10T10cell80	439824	482122	201611	40305	287181	234420	234419
human	PR10_XXL_T-10	198438580	249.0166	PR10T10cell81	2117066	2421936	1597853	60855	2186223	2019302	2019295
human	PR10_XXL_T-10	198438580	249.0166	PR10T10cell82	834895	923020	432195	49040	648206	557679	557678
human	PR10_XXL_T-10	198438580	249.0166	PR10T10cell83	1176822	1365943	730995	24718	1010311	933819	933813
human	PR10_XXL_T-10	198438580	249.0166	PR10T10cell84	158850	223917	38567	46986	121561	51183	51183
human	PR10_XXL_T-10	198438580	249.0166	PR10T10cell85	977940	1071272	673902	35546	912590	837855	837852
human	PR10_XXL_T-10	198438580	249.0166	PR10T10cell86	431046	488540	110707	35877	191793	140044	140044
human	PR10_XXL_T-10	198438580	249.0166	PR10T10cell87	2029806	2280132	1513225	30085	1948128	1853176	1853170
human	PR10_XXL_T-10	198438580	249.0166	PR10T10cell88	472956	525088	216485	30564	328618	278283	278281
human	PR10_XXL_T-10	198438580	249.0166	PR10T10cell89	765425	846630	533704	39384	673438	614674	614672
human	PR10_XXL_T-10	198438580	249.0166	PR10T10cell90	584667	631022	357159	32043	466193	417786	417782
human	PR10_XXL_T-10	198438580	249.0166	PR10T10cell91	308067	347693	95447	24932	150644	112910	112910
human	PR10_XXL_T-10	198438580	249.0166	PR10T10cell92	333335	591192	262914	33360	382942	317153	317151
human	PR10_XXL_T-10	198438580	249.0166	PR10T10cell93	1096020	1193827	878653	14122	1071509	1022956	1022949
human	PR10_XXL_T-10	198438580	249.0166	PR10T10cell94	853301	953166	305668	14367	396488	358857	358855
human	PR10_XXL_T-10	198438580	249.0166	PR10T10cell95	1491923	1609907	1110436	22499	1324664	1274259	1274256
human	PR10_XXL_T-10	198438580	249.0166	PR10T10cell96	243549	269769	117825	16876	164862	140784	140783
