cluster	gene	size	boundary	avgExpr	cvExpr	avgCor	cvCor	protein_coding	lncRNA	sncRNA	pseudogene	Ig/TcR	tf
M5	LRRC17	19	1:19	542.456572354198	1.67527480745264	0.176902070135627	0.47630953206784	0.947368421052632	0.0526315789473684	0	0	0	0.0526315789473684
M5	FLRT2	19	1:19	542.456572354198	1.67527480745264	0.176902070135627	0.47630953206784	0.947368421052632	0.0526315789473684	0	0	0	0.0526315789473684
M5	GALNT10	19	1:19	542.456572354198	1.67527480745264	0.176902070135627	0.47630953206784	0.947368421052632	0.0526315789473684	0	0	0	0.0526315789473684
M5	NCKAP5	19	1:19	542.456572354198	1.67527480745264	0.176902070135627	0.47630953206784	0.947368421052632	0.0526315789473684	0	0	0	0.0526315789473684
M5	SVEP1	19	1:19	542.456572354198	1.67527480745264	0.176902070135627	0.47630953206784	0.947368421052632	0.0526315789473684	0	0	0	0.0526315789473684
M5	FBLN5	19	1:19	542.456572354198	1.67527480745264	0.176902070135627	0.47630953206784	0.947368421052632	0.0526315789473684	0	0	0	0.0526315789473684
M5	RP11-715J22.6	19	1:19	542.456572354198	1.67527480745264	0.176902070135627	0.47630953206784	0.947368421052632	0.0526315789473684	0	0	0	0.0526315789473684
M5	PID1	19	1:19	542.456572354198	1.67527480745264	0.176902070135627	0.47630953206784	0.947368421052632	0.0526315789473684	0	0	0	0.0526315789473684
M5	VIPR2	19	1:19	542.456572354198	1.67527480745264	0.176902070135627	0.47630953206784	0.947368421052632	0.0526315789473684	0	0	0	0.0526315789473684
M5	ASPA	19	1:19	542.456572354198	1.67527480745264	0.176902070135627	0.47630953206784	0.947368421052632	0.0526315789473684	0	0	0	0.0526315789473684
M5	ADAMTSL3	19	1:19	542.456572354198	1.67527480745264	0.176902070135627	0.47630953206784	0.947368421052632	0.0526315789473684	0	0	0	0.0526315789473684
M5	SRPX	19	1:19	542.456572354198	1.67527480745264	0.176902070135627	0.47630953206784	0.947368421052632	0.0526315789473684	0	0	0	0.0526315789473684
M5	NR2F1	19	1:19	542.456572354198	1.67527480745264	0.176902070135627	0.47630953206784	0.947368421052632	0.0526315789473684	0	0	0	0.0526315789473684
M5	COL21A1	19	1:19	542.456572354198	1.67527480745264	0.176902070135627	0.47630953206784	0.947368421052632	0.0526315789473684	0	0	0	0.0526315789473684
M5	TNC	19	1:19	542.456572354198	1.67527480745264	0.176902070135627	0.47630953206784	0.947368421052632	0.0526315789473684	0	0	0	0.0526315789473684
M5	FBLN1	19	1:19	542.456572354198	1.67527480745264	0.176902070135627	0.47630953206784	0.947368421052632	0.0526315789473684	0	0	0	0.0526315789473684
M5	FN1	19	1:19	542.456572354198	1.67527480745264	0.176902070135627	0.47630953206784	0.947368421052632	0.0526315789473684	0	0	0	0.0526315789473684
M5	ROBO2	19	1:19	542.456572354198	1.67527480745264	0.176902070135627	0.47630953206784	0.947368421052632	0.0526315789473684	0	0	0	0.0526315789473684
M5	ABI3BP	19	1:19	542.456572354198	1.67527480745264	0.176902070135627	0.47630953206784	0.947368421052632	0.0526315789473684	0	0	0	0.0526315789473684
M35	SLIT3	10	20:29	122.472040859645	2.12943318331083	0.123766310018645	0.392807942700146	1	0	0	0	0	0.1
M35	VCAM1	10	20:29	122.472040859645	2.12943318331083	0.123766310018645	0.392807942700146	1	0	0	0	0	0.1
M35	SH3BP4	10	20:29	122.472040859645	2.12943318331083	0.123766310018645	0.392807942700146	1	0	0	0	0	0.1
M35	MAF	10	20:29	122.472040859645	2.12943318331083	0.123766310018645	0.392807942700146	1	0	0	0	0	0.1
M35	WNT2B	10	20:29	122.472040859645	2.12943318331083	0.123766310018645	0.392807942700146	1	0	0	0	0	0.1
M35	C1QTNF3	10	20:29	122.472040859645	2.12943318331083	0.123766310018645	0.392807942700146	1	0	0	0	0	0.1
M35	ZNF106	10	20:29	122.472040859645	2.12943318331083	0.123766310018645	0.392807942700146	1	0	0	0	0	0.1
M35	CHD3	10	20:29	122.472040859645	2.12943318331083	0.123766310018645	0.392807942700146	1	0	0	0	0	0.1
M35	FAM198B	10	20:29	122.472040859645	2.12943318331083	0.123766310018645	0.392807942700146	1	0	0	0	0	0.1
M35	FLRT3	10	20:29	122.472040859645	2.12943318331083	0.123766310018645	0.392807942700146	1	0	0	0	0	0.1
M21	RP4-706A16.3	12	8670:8681	90.6880240559137	1.42167375900453	0.123297190735919	0.790111653968821	0.166666666666667	0	0.166666666666667	0.666666666666667	0	0
M21	RP11-592N21.1	12	8670:8681	90.6880240559137	1.42167375900453	0.123297190735919	0.790111653968821	0.166666666666667	0	0.166666666666667	0.666666666666667	0	0
M21	RPL17P36	12	8670:8681	90.6880240559137	1.42167375900453	0.123297190735919	0.790111653968821	0.166666666666667	0	0.166666666666667	0.666666666666667	0	0
M21	AC144530.1	12	8670:8681	90.6880240559137	1.42167375900453	0.123297190735919	0.790111653968821	0.166666666666667	0	0.166666666666667	0.666666666666667	0	0
M21	HNRNPA1P10	12	8670:8681	90.6880240559137	1.42167375900453	0.123297190735919	0.790111653968821	0.166666666666667	0	0.166666666666667	0.666666666666667	0	0
M21	RP11-778D9.4	12	8670:8681	90.6880240559137	1.42167375900453	0.123297190735919	0.790111653968821	0.166666666666667	0	0.166666666666667	0.666666666666667	0	0
M21	HNRNPA1L2	12	8670:8681	90.6880240559137	1.42167375900453	0.123297190735919	0.790111653968821	0.166666666666667	0	0.166666666666667	0.666666666666667	0	0
M21	HMGN2	12	8670:8681	90.6880240559137	1.42167375900453	0.123297190735919	0.790111653968821	0.166666666666667	0	0.166666666666667	0.666666666666667	0	0
M21	RP11-20O24.4	12	8670:8681	90.6880240559137	1.42167375900453	0.123297190735919	0.790111653968821	0.166666666666667	0	0.166666666666667	0.666666666666667	0	0
M21	RP11-69L16.5	12	8670:8681	90.6880240559137	1.42167375900453	0.123297190735919	0.790111653968821	0.166666666666667	0	0.166666666666667	0.666666666666667	0	0
M21	MIR1244-2	12	8670:8681	90.6880240559137	1.42167375900453	0.123297190735919	0.790111653968821	0.166666666666667	0	0.166666666666667	0.666666666666667	0	0
M21	MIR1244-3	12	8670:8681	90.6880240559137	1.42167375900453	0.123297190735919	0.790111653968821	0.166666666666667	0	0.166666666666667	0.666666666666667	0	0
M13	FTH1P11	15	8682:8696	281.80396681377	1.51487546262557	0.15020858485487	0.706701568305608	0.133333333333333	0	0	0.866666666666667	0	0
M13	FTH1P12	15	8682:8696	281.80396681377	1.51487546262557	0.15020858485487	0.706701568305608	0.133333333333333	0	0	0.866666666666667	0	0
M13	FTH1P2	15	8682:8696	281.80396681377	1.51487546262557	0.15020858485487	0.706701568305608	0.133333333333333	0	0	0.866666666666667	0	0
M13	FTH1P16	15	8682:8696	281.80396681377	1.51487546262557	0.15020858485487	0.706701568305608	0.133333333333333	0	0	0.866666666666667	0	0
M13	EEF1GP5	15	8682:8696	281.80396681377	1.51487546262557	0.15020858485487	0.706701568305608	0.133333333333333	0	0	0.866666666666667	0	0
M13	CTB-63M22.1	15	8682:8696	281.80396681377	1.51487546262557	0.15020858485487	0.706701568305608	0.133333333333333	0	0	0.866666666666667	0	0
M13	FTH1P10	15	8682:8696	281.80396681377	1.51487546262557	0.15020858485487	0.706701568305608	0.133333333333333	0	0	0.866666666666667	0	0
M13	RP11-371A22.1	15	8682:8696	281.80396681377	1.51487546262557	0.15020858485487	0.706701568305608	0.133333333333333	0	0	0.866666666666667	0	0
M13	FTH1P7	15	8682:8696	281.80396681377	1.51487546262557	0.15020858485487	0.706701568305608	0.133333333333333	0	0	0.866666666666667	0	0
M13	FTH1P5	15	8682:8696	281.80396681377	1.51487546262557	0.15020858485487	0.706701568305608	0.133333333333333	0	0	0.866666666666667	0	0
M13	RPLP0	15	8682:8696	281.80396681377	1.51487546262557	0.15020858485487	0.706701568305608	0.133333333333333	0	0	0.866666666666667	0	0
M13	RPLP0P6	15	8682:8696	281.80396681377	1.51487546262557	0.15020858485487	0.706701568305608	0.133333333333333	0	0	0.866666666666667	0	0
M13	FTH1P8	15	8682:8696	281.80396681377	1.51487546262557	0.15020858485487	0.706701568305608	0.133333333333333	0	0	0.866666666666667	0	0
M13	FTH1	15	8682:8696	281.80396681377	1.51487546262557	0.15020858485487	0.706701568305608	0.133333333333333	0	0	0.866666666666667	0	0
M13	FTH1P20	15	8682:8696	281.80396681377	1.51487546262557	0.15020858485487	0.706701568305608	0.133333333333333	0	0	0.866666666666667	0	0
M36	TSKU	10	8697:8706	278.188986204119	1.80671490161368	0.109168616773325	1.10874055308317	0.5	0.1	0	0.4	0	0
M36	RP11-53O19.3	10	8697:8706	278.188986204119	1.80671490161368	0.109168616773325	1.10874055308317	0.5	0.1	0	0.4	0	0
M36	TMEM242	10	8697:8706	278.188986204119	1.80671490161368	0.109168616773325	1.10874055308317	0.5	0.1	0	0.4	0	0
M36	RPL13AP5	10	8697:8706	278.188986204119	1.80671490161368	0.109168616773325	1.10874055308317	0.5	0.1	0	0.4	0	0
M36	RPL13AP7	10	8697:8706	278.188986204119	1.80671490161368	0.109168616773325	1.10874055308317	0.5	0.1	0	0.4	0	0
M36	RPL7A	10	8697:8706	278.188986204119	1.80671490161368	0.109168616773325	1.10874055308317	0.5	0.1	0	0.4	0	0
M36	RPL13AP25	10	8697:8706	278.188986204119	1.80671490161368	0.109168616773325	1.10874055308317	0.5	0.1	0	0.4	0	0
M36	RPL7AP6	10	8697:8706	278.188986204119	1.80671490161368	0.109168616773325	1.10874055308317	0.5	0.1	0	0.4	0	0
M36	NACA2	10	8697:8706	278.188986204119	1.80671490161368	0.109168616773325	1.10874055308317	0.5	0.1	0	0.4	0	0
M36	RPL13A	10	8697:8706	278.188986204119	1.80671490161368	0.109168616773325	1.10874055308317	0.5	0.1	0	0.4	0	0
M37	COX6C	10	8707:8716	162.573036927456	1.61125841742585	0.0966098821324223	1.0792242274483	0.6	0	0	0.4	0	0
M37	SNU13	10	8707:8716	162.573036927456	1.61125841742585	0.0966098821324223	1.0792242274483	0.6	0	0	0.4	0	0
M37	RPS7P10	10	8707:8716	162.573036927456	1.61125841742585	0.0966098821324223	1.0792242274483	0.6	0	0	0.4	0	0
M37	LGALS1	10	8707:8716	162.573036927456	1.61125841742585	0.0966098821324223	1.0792242274483	0.6	0	0	0.4	0	0
M37	RPS7P11	10	8707:8716	162.573036927456	1.61125841742585	0.0966098821324223	1.0792242274483	0.6	0	0	0.4	0	0
M37	RPS7P1	10	8707:8716	162.573036927456	1.61125841742585	0.0966098821324223	1.0792242274483	0.6	0	0	0.4	0	0
M37	SNRPD1	10	8707:8716	162.573036927456	1.61125841742585	0.0966098821324223	1.0792242274483	0.6	0	0	0.4	0	0
M37	RPS7	10	8707:8716	162.573036927456	1.61125841742585	0.0966098821324223	1.0792242274483	0.6	0	0	0.4	0	0
M37	RPS7P3	10	8707:8716	162.573036927456	1.61125841742585	0.0966098821324223	1.0792242274483	0.6	0	0	0.4	0	0
M37	ATP5I	10	8707:8716	162.573036927456	1.61125841742585	0.0966098821324223	1.0792242274483	0.6	0	0	0.4	0	0
M38	VIM	10	8717:8726	454.219261957989	1.10136776178751	0.125841769824451	0.858885671075042	0.8	0	0	0.2	0	0.1
M38	ACTG1	10	8717:8726	454.219261957989	1.10136776178751	0.125841769824451	0.858885671075042	0.8	0	0	0.2	0	0.1
M38	YWHAE	10	8717:8726	454.219261957989	1.10136776178751	0.125841769824451	0.858885671075042	0.8	0	0	0.2	0	0.1
M38	YBX1P2	10	8717:8726	454.219261957989	1.10136776178751	0.125841769824451	0.858885671075042	0.8	0	0	0.2	0	0.1
M38	ACTB	10	8717:8726	454.219261957989	1.10136776178751	0.125841769824451	0.858885671075042	0.8	0	0	0.2	0	0.1
M38	RHOA	10	8717:8726	454.219261957989	1.10136776178751	0.125841769824451	0.858885671075042	0.8	0	0	0.2	0	0.1
M38	ESCO1	10	8717:8726	454.219261957989	1.10136776178751	0.125841769824451	0.858885671075042	0.8	0	0	0.2	0	0.1
M38	ITGB1	10	8717:8726	454.219261957989	1.10136776178751	0.125841769824451	0.858885671075042	0.8	0	0	0.2	0	0.1
M38	YBX1	10	8717:8726	454.219261957989	1.10136776178751	0.125841769824451	0.858885671075042	0.8	0	0	0.2	0	0.1
M38	YBX1P1	10	8717:8726	454.219261957989	1.10136776178751	0.125841769824451	0.858885671075042	0.8	0	0	0.2	0	0.1
M6	RPS3A	19	8727:8745	626.575429706304	0.979719708995279	0.15050203109438	0.658227315983014	0.473684210526316	0	0	0.526315789473684	0	0
M6	SUMO2	19	8727:8745	626.575429706304	0.979719708995279	0.15050203109438	0.658227315983014	0.473684210526316	0	0	0.526315789473684	0	0
M6	CCNI	19	8727:8745	626.575429706304	0.979719708995279	0.15050203109438	0.658227315983014	0.473684210526316	0	0	0.526315789473684	0	0
M6	PCBP2	19	8727:8745	626.575429706304	0.979719708995279	0.15050203109438	0.658227315983014	0.473684210526316	0	0	0.526315789473684	0	0
M6	RPS3AP47	19	8727:8745	626.575429706304	0.979719708995279	0.15050203109438	0.658227315983014	0.473684210526316	0	0	0.526315789473684	0	0
M6	RPS3AP49	19	8727:8745	626.575429706304	0.979719708995279	0.15050203109438	0.658227315983014	0.473684210526316	0	0	0.526315789473684	0	0
M6	COX7A2L	19	8727:8745	626.575429706304	0.979719708995279	0.15050203109438	0.658227315983014	0.473684210526316	0	0	0.526315789473684	0	0
M6	RPS3AP26	19	8727:8745	626.575429706304	0.979719708995279	0.15050203109438	0.658227315983014	0.473684210526316	0	0	0.526315789473684	0	0
M6	AC010468.1	19	8727:8745	626.575429706304	0.979719708995279	0.15050203109438	0.658227315983014	0.473684210526316	0	0	0.526315789473684	0	0
M6	EEF1A1P11	19	8727:8745	626.575429706304	0.979719708995279	0.15050203109438	0.658227315983014	0.473684210526316	0	0	0.526315789473684	0	0
M6	RPL5P34	19	8727:8745	626.575429706304	0.979719708995279	0.15050203109438	0.658227315983014	0.473684210526316	0	0	0.526315789473684	0	0
M6	RPS3AP6	19	8727:8745	626.575429706304	0.979719708995279	0.15050203109438	0.658227315983014	0.473684210526316	0	0	0.526315789473684	0	0
M6	NPM1	19	8727:8745	626.575429706304	0.979719708995279	0.15050203109438	0.658227315983014	0.473684210526316	0	0	0.526315789473684	0	0
M6	EEF1A1P6	19	8727:8745	626.575429706304	0.979719708995279	0.15050203109438	0.658227315983014	0.473684210526316	0	0	0.526315789473684	0	0
M6	EEF1A1P5	19	8727:8745	626.575429706304	0.979719708995279	0.15050203109438	0.658227315983014	0.473684210526316	0	0	0.526315789473684	0	0
M6	EEF1A1	19	8727:8745	626.575429706304	0.979719708995279	0.15050203109438	0.658227315983014	0.473684210526316	0	0	0.526315789473684	0	0
M6	EIF2S3	19	8727:8745	626.575429706304	0.979719708995279	0.15050203109438	0.658227315983014	0.473684210526316	0	0	0.526315789473684	0	0
M6	NPM1P6	19	8727:8745	626.575429706304	0.979719708995279	0.15050203109438	0.658227315983014	0.473684210526316	0	0	0.526315789473684	0	0
M6	EIF3E	19	8727:8745	626.575429706304	0.979719708995279	0.15050203109438	0.658227315983014	0.473684210526316	0	0	0.526315789473684	0	0
M39	CHRAC1	10	8746:8755	54.7714720845935	2.28402779510467	0.0544900409167804	0.610709057963949	1	0	0	0	0	0
M39	USP3	10	8746:8755	54.7714720845935	2.28402779510467	0.0544900409167804	0.610709057963949	1	0	0	0	0	0
M39	DGUOK	10	8746:8755	54.7714720845935	2.28402779510467	0.0544900409167804	0.610709057963949	1	0	0	0	0	0
M39	DR1	10	8746:8755	54.7714720845935	2.28402779510467	0.0544900409167804	0.610709057963949	1	0	0	0	0	0
M39	SUMO3	10	8746:8755	54.7714720845935	2.28402779510467	0.0544900409167804	0.610709057963949	1	0	0	0	0	0
M39	LARP7	10	8746:8755	54.7714720845935	2.28402779510467	0.0544900409167804	0.610709057963949	1	0	0	0	0	0
M39	FKBP4	10	8746:8755	54.7714720845935	2.28402779510467	0.0544900409167804	0.610709057963949	1	0	0	0	0	0
M39	PDCL3	10	8746:8755	54.7714720845935	2.28402779510467	0.0544900409167804	0.610709057963949	1	0	0	0	0	0
M39	RCHY1	10	8746:8755	54.7714720845935	2.28402779510467	0.0544900409167804	0.610709057963949	1	0	0	0	0	0
M39	ZPR1	10	8746:8755	54.7714720845935	2.28402779510467	0.0544900409167804	0.610709057963949	1	0	0	0	0	0
M22	MEIS2	12	8756:8767	65.4719004125563	2.69629526973132	0.1272988847491	0.321913427867233	1	0	0	0	0	0.166666666666667
M22	GPC3	12	8756:8767	65.4719004125563	2.69629526973132	0.1272988847491	0.321913427867233	1	0	0	0	0	0.166666666666667
M22	COL24A1	12	8756:8767	65.4719004125563	2.69629526973132	0.1272988847491	0.321913427867233	1	0	0	0	0	0.166666666666667
M22	C1QTNF7	12	8756:8767	65.4719004125563	2.69629526973132	0.1272988847491	0.321913427867233	1	0	0	0	0	0.166666666666667
M22	DPYSL3	12	8756:8767	65.4719004125563	2.69629526973132	0.1272988847491	0.321913427867233	1	0	0	0	0	0.166666666666667
M22	LRRC7	12	8756:8767	65.4719004125563	2.69629526973132	0.1272988847491	0.321913427867233	1	0	0	0	0	0.166666666666667
M22	MDGA2	12	8756:8767	65.4719004125563	2.69629526973132	0.1272988847491	0.321913427867233	1	0	0	0	0	0.166666666666667
M22	COL6A5	12	8756:8767	65.4719004125563	2.69629526973132	0.1272988847491	0.321913427867233	1	0	0	0	0	0.166666666666667
M22	CAPN6	12	8756:8767	65.4719004125563	2.69629526973132	0.1272988847491	0.321913427867233	1	0	0	0	0	0.166666666666667
M22	RERG	12	8756:8767	65.4719004125563	2.69629526973132	0.1272988847491	0.321913427867233	1	0	0	0	0	0.166666666666667
M22	PPIC	12	8756:8767	65.4719004125563	2.69629526973132	0.1272988847491	0.321913427867233	1	0	0	0	0	0.166666666666667
M22	FOXP2	12	8756:8767	65.4719004125563	2.69629526973132	0.1272988847491	0.321913427867233	1	0	0	0	0	0.166666666666667
M27	TTC30A	11	8768:8778	242.482628947237	1.5735061214052	0.0588964353489809	0.562294656525229	1	0	0	0	0	0.0909090909090909
M27	XRRA1	11	8768:8778	242.482628947237	1.5735061214052	0.0588964353489809	0.562294656525229	1	0	0	0	0	0.0909090909090909
M27	PSMD2	11	8768:8778	242.482628947237	1.5735061214052	0.0588964353489809	0.562294656525229	1	0	0	0	0	0.0909090909090909
M27	NOL8	11	8768:8778	242.482628947237	1.5735061214052	0.0588964353489809	0.562294656525229	1	0	0	0	0	0.0909090909090909
M27	ISY1	11	8768:8778	242.482628947237	1.5735061214052	0.0588964353489809	0.562294656525229	1	0	0	0	0	0.0909090909090909
M27	RNF169	11	8768:8778	242.482628947237	1.5735061214052	0.0588964353489809	0.562294656525229	1	0	0	0	0	0.0909090909090909
M27	ATP5B	11	8768:8778	242.482628947237	1.5735061214052	0.0588964353489809	0.562294656525229	1	0	0	0	0	0.0909090909090909
M27	ODC1	11	8768:8778	242.482628947237	1.5735061214052	0.0588964353489809	0.562294656525229	1	0	0	0	0	0.0909090909090909
M27	AKR1B1	11	8768:8778	242.482628947237	1.5735061214052	0.0588964353489809	0.562294656525229	1	0	0	0	0	0.0909090909090909
M27	SMAD3	11	8768:8778	242.482628947237	1.5735061214052	0.0588964353489809	0.562294656525229	1	0	0	0	0	0.0909090909090909
M27	MRFAP1	11	8768:8778	242.482628947237	1.5735061214052	0.0588964353489809	0.562294656525229	1	0	0	0	0	0.0909090909090909
M10	RPL7P9	17	8779:8795	688.001008518734	1.06196359841114	0.1317923656144	0.856879330730009	0.352941176470588	0.117647058823529	0	0.529411764705882	0	0
M10	RPL7	17	8779:8795	688.001008518734	1.06196359841114	0.1317923656144	0.856879330730009	0.352941176470588	0.117647058823529	0	0.529411764705882	0	0
M10	RPL37	17	8779:8795	688.001008518734	1.06196359841114	0.1317923656144	0.856879330730009	0.352941176470588	0.117647058823529	0	0.529411764705882	0	0
M10	RPL14P1	17	8779:8795	688.001008518734	1.06196359841114	0.1317923656144	0.856879330730009	0.352941176470588	0.117647058823529	0	0.529411764705882	0	0
M10	RPL23A	17	8779:8795	688.001008518734	1.06196359841114	0.1317923656144	0.856879330730009	0.352941176470588	0.117647058823529	0	0.529411764705882	0	0
M10	RPL14	17	8779:8795	688.001008518734	1.06196359841114	0.1317923656144	0.856879330730009	0.352941176470588	0.117647058823529	0	0.529411764705882	0	0
M10	RPL10AP2	17	8779:8795	688.001008518734	1.06196359841114	0.1317923656144	0.856879330730009	0.352941176470588	0.117647058823529	0	0.529411764705882	0	0
M10	RPL23AP2	17	8779:8795	688.001008518734	1.06196359841114	0.1317923656144	0.856879330730009	0.352941176470588	0.117647058823529	0	0.529411764705882	0	0
M10	RPL7P1	17	8779:8795	688.001008518734	1.06196359841114	0.1317923656144	0.856879330730009	0.352941176470588	0.117647058823529	0	0.529411764705882	0	0
M10	SNHG6	17	8779:8795	688.001008518734	1.06196359841114	0.1317923656144	0.856879330730009	0.352941176470588	0.117647058823529	0	0.529411764705882	0	0
M10	RPL7P32	17	8779:8795	688.001008518734	1.06196359841114	0.1317923656144	0.856879330730009	0.352941176470588	0.117647058823529	0	0.529411764705882	0	0
M10	GAS5	17	8779:8795	688.001008518734	1.06196359841114	0.1317923656144	0.856879330730009	0.352941176470588	0.117647058823529	0	0.529411764705882	0	0
M10	RPL7P23	17	8779:8795	688.001008518734	1.06196359841114	0.1317923656144	0.856879330730009	0.352941176470588	0.117647058823529	0	0.529411764705882	0	0
M10	RPL10AP6	17	8779:8795	688.001008518734	1.06196359841114	0.1317923656144	0.856879330730009	0.352941176470588	0.117647058823529	0	0.529411764705882	0	0
M10	NAP1L1	17	8779:8795	688.001008518734	1.06196359841114	0.1317923656144	0.856879330730009	0.352941176470588	0.117647058823529	0	0.529411764705882	0	0
M10	RPL10A	17	8779:8795	688.001008518734	1.06196359841114	0.1317923656144	0.856879330730009	0.352941176470588	0.117647058823529	0	0.529411764705882	0	0
M10	RPL23AP42	17	8779:8795	688.001008518734	1.06196359841114	0.1317923656144	0.856879330730009	0.352941176470588	0.117647058823529	0	0.529411764705882	0	0
M3	RPL9	25	8796:8820	1231.35644365428	0.557621745619541	0.227065677492527	0.398657077640346	0.88	0	0	0.12	0	0
M3	RPS27A	25	8796:8820	1231.35644365428	0.557621745619541	0.227065677492527	0.398657077640346	0.88	0	0	0.12	0	0
M3	RPL37A	25	8796:8820	1231.35644365428	0.557621745619541	0.227065677492527	0.398657077640346	0.88	0	0	0.12	0	0
M3	RPL5	25	8796:8820	1231.35644365428	0.557621745619541	0.227065677492527	0.398657077640346	0.88	0	0	0.12	0	0
M3	RPL31	25	8796:8820	1231.35644365428	0.557621745619541	0.227065677492527	0.398657077640346	0.88	0	0	0.12	0	0
M3	RPS20	25	8796:8820	1231.35644365428	0.557621745619541	0.227065677492527	0.398657077640346	0.88	0	0	0.12	0	0
M3	RPL3P4	25	8796:8820	1231.35644365428	0.557621745619541	0.227065677492527	0.398657077640346	0.88	0	0	0.12	0	0
M3	RPS24	25	8796:8820	1231.35644365428	0.557621745619541	0.227065677492527	0.398657077640346	0.88	0	0	0.12	0	0
M3	EEF2	25	8796:8820	1231.35644365428	0.557621745619541	0.227065677492527	0.398657077640346	0.88	0	0	0.12	0	0
M3	NACA	25	8796:8820	1231.35644365428	0.557621745619541	0.227065677492527	0.398657077640346	0.88	0	0	0.12	0	0
M3	RPL4	25	8796:8820	1231.35644365428	0.557621745619541	0.227065677492527	0.398657077640346	0.88	0	0	0.12	0	0
M3	LDHB	25	8796:8820	1231.35644365428	0.557621745619541	0.227065677492527	0.398657077640346	0.88	0	0	0.12	0	0
M3	GLTSCR2	25	8796:8820	1231.35644365428	0.557621745619541	0.227065677492527	0.398657077640346	0.88	0	0	0.12	0	0
M3	RPL23	25	8796:8820	1231.35644365428	0.557621745619541	0.227065677492527	0.398657077640346	0.88	0	0	0.12	0	0
M3	RPL22	25	8796:8820	1231.35644365428	0.557621745619541	0.227065677492527	0.398657077640346	0.88	0	0	0.12	0	0
M3	RPL3	25	8796:8820	1231.35644365428	0.557621745619541	0.227065677492527	0.398657077640346	0.88	0	0	0.12	0	0
M3	RPL9P9	25	8796:8820	1231.35644365428	0.557621745619541	0.227065677492527	0.398657077640346	0.88	0	0	0.12	0	0
M3	RPS6	25	8796:8820	1231.35644365428	0.557621745619541	0.227065677492527	0.398657077640346	0.88	0	0	0.12	0	0
M3	RPS11	25	8796:8820	1231.35644365428	0.557621745619541	0.227065677492527	0.398657077640346	0.88	0	0	0.12	0	0
M3	RPL26	25	8796:8820	1231.35644365428	0.557621745619541	0.227065677492527	0.398657077640346	0.88	0	0	0.12	0	0
M3	HNRNPA1	25	8796:8820	1231.35644365428	0.557621745619541	0.227065677492527	0.398657077640346	0.88	0	0	0.12	0	0
M3	RPS8	25	8796:8820	1231.35644365428	0.557621745619541	0.227065677492527	0.398657077640346	0.88	0	0	0.12	0	0
M3	RPL27	25	8796:8820	1231.35644365428	0.557621745619541	0.227065677492527	0.398657077640346	0.88	0	0	0.12	0	0
M3	TPT1	25	8796:8820	1231.35644365428	0.557621745619541	0.227065677492527	0.398657077640346	0.88	0	0	0.12	0	0
M3	HNRNPA1P48	25	8796:8820	1231.35644365428	0.557621745619541	0.227065677492527	0.398657077640346	0.88	0	0	0.12	0	0
M4	RPL19	21	8821:8841	973.472639056733	0.753809367345387	0.178035138217898	0.530871576595087	0.904761904761905	0	0	0.0952380952380952	0	0.0476190476190476
M4	RPS12	21	8821:8841	973.472639056733	0.753809367345387	0.178035138217898	0.530871576595087	0.904761904761905	0	0	0.0952380952380952	0	0.0476190476190476
M4	RPLP2	21	8821:8841	973.472639056733	0.753809367345387	0.178035138217898	0.530871576595087	0.904761904761905	0	0	0.0952380952380952	0	0.0476190476190476
M4	RPS3	21	8821:8841	973.472639056733	0.753809367345387	0.178035138217898	0.530871576595087	0.904761904761905	0	0	0.0952380952380952	0	0.0476190476190476
M4	ATP5G3	21	8821:8841	973.472639056733	0.753809367345387	0.178035138217898	0.530871576595087	0.904761904761905	0	0	0.0952380952380952	0	0.0476190476190476
M4	RPL11	21	8821:8841	973.472639056733	0.753809367345387	0.178035138217898	0.530871576595087	0.904761904761905	0	0	0.0952380952380952	0	0.0476190476190476
M4	RPS23P8	21	8821:8841	973.472639056733	0.753809367345387	0.178035138217898	0.530871576595087	0.904761904761905	0	0	0.0952380952380952	0	0.0476190476190476
M4	RPL38	21	8821:8841	973.472639056733	0.753809367345387	0.178035138217898	0.530871576595087	0.904761904761905	0	0	0.0952380952380952	0	0.0476190476190476
M4	RPL34	21	8821:8841	973.472639056733	0.753809367345387	0.178035138217898	0.530871576595087	0.904761904761905	0	0	0.0952380952380952	0	0.0476190476190476
M4	RPS16	21	8821:8841	973.472639056733	0.753809367345387	0.178035138217898	0.530871576595087	0.904761904761905	0	0	0.0952380952380952	0	0.0476190476190476
M4	RPS21	21	8821:8841	973.472639056733	0.753809367345387	0.178035138217898	0.530871576595087	0.904761904761905	0	0	0.0952380952380952	0	0.0476190476190476
M4	RPS23	21	8821:8841	973.472639056733	0.753809367345387	0.178035138217898	0.530871576595087	0.904761904761905	0	0	0.0952380952380952	0	0.0476190476190476
M4	RPL32	21	8821:8841	973.472639056733	0.753809367345387	0.178035138217898	0.530871576595087	0.904761904761905	0	0	0.0952380952380952	0	0.0476190476190476
M4	RPL13	21	8821:8841	973.472639056733	0.753809367345387	0.178035138217898	0.530871576595087	0.904761904761905	0	0	0.0952380952380952	0	0.0476190476190476
M4	SUB1	21	8821:8841	973.472639056733	0.753809367345387	0.178035138217898	0.530871576595087	0.904761904761905	0	0	0.0952380952380952	0	0.0476190476190476
M4	RPL27A	21	8821:8841	973.472639056733	0.753809367345387	0.178035138217898	0.530871576595087	0.904761904761905	0	0	0.0952380952380952	0	0.0476190476190476
M4	RPLP1	21	8821:8841	973.472639056733	0.753809367345387	0.178035138217898	0.530871576595087	0.904761904761905	0	0	0.0952380952380952	0	0.0476190476190476
M4	RPS17	21	8821:8841	973.472639056733	0.753809367345387	0.178035138217898	0.530871576595087	0.904761904761905	0	0	0.0952380952380952	0	0.0476190476190476
M4	RPL36	21	8821:8841	973.472639056733	0.753809367345387	0.178035138217898	0.530871576595087	0.904761904761905	0	0	0.0952380952380952	0	0.0476190476190476
M4	RPL8	21	8821:8841	973.472639056733	0.753809367345387	0.178035138217898	0.530871576595087	0.904761904761905	0	0	0.0952380952380952	0	0.0476190476190476
M4	RPL13P12	21	8821:8841	973.472639056733	0.753809367345387	0.178035138217898	0.530871576595087	0.904761904761905	0	0	0.0952380952380952	0	0.0476190476190476
M40	LAPTM4A	10	8842:8851	285.025342750501	1.2723006121395	0.069237172799364	0.639591280541043	1	0	0	0	0	0
M40	TMED2	10	8842:8851	285.025342750501	1.2723006121395	0.069237172799364	0.639591280541043	1	0	0	0	0	0
M40	HSP90B1	10	8842:8851	285.025342750501	1.2723006121395	0.069237172799364	0.639591280541043	1	0	0	0	0	0
M40	PRDX1	10	8842:8851	285.025342750501	1.2723006121395	0.069237172799364	0.639591280541043	1	0	0	0	0	0
M40	JAGN1	10	8842:8851	285.025342750501	1.2723006121395	0.069237172799364	0.639591280541043	1	0	0	0	0	0
M40	PKM	10	8842:8851	285.025342750501	1.2723006121395	0.069237172799364	0.639591280541043	1	0	0	0	0	0
M40	PDIA6	10	8842:8851	285.025342750501	1.2723006121395	0.069237172799364	0.639591280541043	1	0	0	0	0	0
M40	CALR	10	8842:8851	285.025342750501	1.2723006121395	0.069237172799364	0.639591280541043	1	0	0	0	0	0
M40	SERPINH1	10	8842:8851	285.025342750501	1.2723006121395	0.069237172799364	0.639591280541043	1	0	0	0	0	0
M40	KDELR2	10	8842:8851	285.025342750501	1.2723006121395	0.069237172799364	0.639591280541043	1	0	0	0	0	0
M41	AMOTL2	10	8852:8861	235.770594660352	2.09018649334259	0.0811786345845513	0.717791274116989	0.9	0	0	0.1	0	0
M41	FHL1	10	8852:8861	235.770594660352	2.09018649334259	0.0811786345845513	0.717791274116989	0.9	0	0	0.1	0	0
M41	MAP1B	10	8852:8861	235.770594660352	2.09018649334259	0.0811786345845513	0.717791274116989	0.9	0	0	0.1	0	0
M41	DUSP16	10	8852:8861	235.770594660352	2.09018649334259	0.0811786345845513	0.717791274116989	0.9	0	0	0.1	0	0
M41	PDE4DIP	10	8852:8861	235.770594660352	2.09018649334259	0.0811786345845513	0.717791274116989	0.9	0	0	0.1	0	0
M41	FKBP9	10	8852:8861	235.770594660352	2.09018649334259	0.0811786345845513	0.717791274116989	0.9	0	0	0.1	0	0
M41	TIMP3	10	8852:8861	235.770594660352	2.09018649334259	0.0811786345845513	0.717791274116989	0.9	0	0	0.1	0	0
M41	AHNAK	10	8852:8861	235.770594660352	2.09018649334259	0.0811786345845513	0.717791274116989	0.9	0	0	0.1	0	0
M41	RAB23	10	8852:8861	235.770594660352	2.09018649334259	0.0811786345845513	0.717791274116989	0.9	0	0	0.1	0	0
M41	CH17-472G23.4	10	8852:8861	235.770594660352	2.09018649334259	0.0811786345845513	0.717791274116989	0.9	0	0	0.1	0	0
M42	RPL21	10	8862:8871	55.8596436932744	2.3115097937298	0.157389783727668	0.431721740062835	0.1	0	0	0.9	0	0
M42	RP11-366M4.1	10	8862:8871	55.8596436932744	2.3115097937298	0.157389783727668	0.431721740062835	0.1	0	0	0.9	0	0
M42	RPL21P1	10	8862:8871	55.8596436932744	2.3115097937298	0.157389783727668	0.431721740062835	0.1	0	0	0.9	0	0
M42	RPL21P16	10	8862:8871	55.8596436932744	2.3115097937298	0.157389783727668	0.431721740062835	0.1	0	0	0.9	0	0
M42	RPL21P119	10	8862:8871	55.8596436932744	2.3115097937298	0.157389783727668	0.431721740062835	0.1	0	0	0.9	0	0
M42	RPL21P28	10	8862:8871	55.8596436932744	2.3115097937298	0.157389783727668	0.431721740062835	0.1	0	0	0.9	0	0
M42	RP11-151F5.2	10	8862:8871	55.8596436932744	2.3115097937298	0.157389783727668	0.431721740062835	0.1	0	0	0.9	0	0
M42	RPL21P75	10	8862:8871	55.8596436932744	2.3115097937298	0.157389783727668	0.431721740062835	0.1	0	0	0.9	0	0
M42	RP11-613M5.2	10	8862:8871	55.8596436932744	2.3115097937298	0.157389783727668	0.431721740062835	0.1	0	0	0.9	0	0
M42	RP11-734J24.1	10	8862:8871	55.8596436932744	2.3115097937298	0.157389783727668	0.431721740062835	0.1	0	0	0.9	0	0
M43	ZNF844	10	8872:8881	49.0571490932854	2.46706396913739	0.084624556843791	1.27006278227419	0.6	0	0	0.4	0	0.1
M43	RPS2P46	10	8872:8881	49.0571490932854	2.46706396913739	0.084624556843791	1.27006278227419	0.6	0	0	0.4	0	0.1
M43	FTL	10	8872:8881	49.0571490932854	2.46706396913739	0.084624556843791	1.27006278227419	0.6	0	0	0.4	0	0.1
M43	NUP50	10	8872:8881	49.0571490932854	2.46706396913739	0.084624556843791	1.27006278227419	0.6	0	0	0.4	0	0.1
M43	FTLP2	10	8872:8881	49.0571490932854	2.46706396913739	0.084624556843791	1.27006278227419	0.6	0	0	0.4	0	0.1
M43	CKS2	10	8872:8881	49.0571490932854	2.46706396913739	0.084624556843791	1.27006278227419	0.6	0	0	0.4	0	0.1
M43	RPS2P35	10	8872:8881	49.0571490932854	2.46706396913739	0.084624556843791	1.27006278227419	0.6	0	0	0.4	0	0.1
M43	RPS2	10	8872:8881	49.0571490932854	2.46706396913739	0.084624556843791	1.27006278227419	0.6	0	0	0.4	0	0.1
M43	RPS2P5	10	8872:8881	49.0571490932854	2.46706396913739	0.084624556843791	1.27006278227419	0.6	0	0	0.4	0	0.1
M43	C3orf58	10	8872:8881	49.0571490932854	2.46706396913739	0.084624556843791	1.27006278227419	0.6	0	0	0.4	0	0.1
M44	MDH2	10	8882:8891	74.260237103742	2.2312818734478	0.0505154298662278	0.657403003115764	1	0	0	0	0	0
M44	ECH1	10	8882:8891	74.260237103742	2.2312818734478	0.0505154298662278	0.657403003115764	1	0	0	0	0	0
M44	RALGDS	10	8882:8891	74.260237103742	2.2312818734478	0.0505154298662278	0.657403003115764	1	0	0	0	0	0
M44	MYL12A	10	8882:8891	74.260237103742	2.2312818734478	0.0505154298662278	0.657403003115764	1	0	0	0	0	0
M44	OTUD5	10	8882:8891	74.260237103742	2.2312818734478	0.0505154298662278	0.657403003115764	1	0	0	0	0	0
M44	BRI3	10	8882:8891	74.260237103742	2.2312818734478	0.0505154298662278	0.657403003115764	1	0	0	0	0	0
M44	ATP6V1E1	10	8882:8891	74.260237103742	2.2312818734478	0.0505154298662278	0.657403003115764	1	0	0	0	0	0
M44	ENO1	10	8882:8891	74.260237103742	2.2312818734478	0.0505154298662278	0.657403003115764	1	0	0	0	0	0
M44	PSMC3	10	8882:8891	74.260237103742	2.2312818734478	0.0505154298662278	0.657403003115764	1	0	0	0	0	0
M44	PPCS	10	8882:8891	74.260237103742	2.2312818734478	0.0505154298662278	0.657403003115764	1	0	0	0	0	0
M45	ZNF556	10	8892:8901	15.5327565256223	3.54350088680813	0.0660714455966826	0.452854251865555	0.6	0.2	0	0.2	0	0.2
M45	CCDC159	10	8892:8901	15.5327565256223	3.54350088680813	0.0660714455966826	0.452854251865555	0.6	0.2	0	0.2	0	0.2
M45	LINC01206	10	8892:8901	15.5327565256223	3.54350088680813	0.0660714455966826	0.452854251865555	0.6	0.2	0	0.2	0	0.2
M45	MS4A6A	10	8892:8901	15.5327565256223	3.54350088680813	0.0660714455966826	0.452854251865555	0.6	0.2	0	0.2	0	0.2
M45	MUC17	10	8892:8901	15.5327565256223	3.54350088680813	0.0660714455966826	0.452854251865555	0.6	0.2	0	0.2	0	0.2
M45	NHP2P1	10	8892:8901	15.5327565256223	3.54350088680813	0.0660714455966826	0.452854251865555	0.6	0.2	0	0.2	0	0.2
M45	RP11-247I13.6	10	8892:8901	15.5327565256223	3.54350088680813	0.0660714455966826	0.452854251865555	0.6	0.2	0	0.2	0	0.2
M45	LINC01195	10	8892:8901	15.5327565256223	3.54350088680813	0.0660714455966826	0.452854251865555	0.6	0.2	0	0.2	0	0.2
M45	EHF	10	8892:8901	15.5327565256223	3.54350088680813	0.0660714455966826	0.452854251865555	0.6	0.2	0	0.2	0	0.2
M45	TGM4	10	8892:8901	15.5327565256223	3.54350088680813	0.0660714455966826	0.452854251865555	0.6	0.2	0	0.2	0	0.2
M28	NDRG1	11	8902:8912	211.733924225071	2.59807585981321	0.109300679287004	0.631482881844306	1	0	0	0	0	0.0909090909090909
M28	TUBB2A	11	8902:8912	211.733924225071	2.59807585981321	0.109300679287004	0.631482881844306	1	0	0	0	0	0.0909090909090909
M28	HLA-B	11	8902:8912	211.733924225071	2.59807585981321	0.109300679287004	0.631482881844306	1	0	0	0	0	0.0909090909090909
M28	HOXA4	11	8902:8912	211.733924225071	2.59807585981321	0.109300679287004	0.631482881844306	1	0	0	0	0	0.0909090909090909
M28	PTGS1	11	8902:8912	211.733924225071	2.59807585981321	0.109300679287004	0.631482881844306	1	0	0	0	0	0.0909090909090909
M28	HLA-A	11	8902:8912	211.733924225071	2.59807585981321	0.109300679287004	0.631482881844306	1	0	0	0	0	0.0909090909090909
M28	B2M	11	8902:8912	211.733924225071	2.59807585981321	0.109300679287004	0.631482881844306	1	0	0	0	0	0.0909090909090909
M28	ANXA2	11	8902:8912	211.733924225071	2.59807585981321	0.109300679287004	0.631482881844306	1	0	0	0	0	0.0909090909090909
M28	PLAU	11	8902:8912	211.733924225071	2.59807585981321	0.109300679287004	0.631482881844306	1	0	0	0	0	0.0909090909090909
M28	HLA-C	11	8902:8912	211.733924225071	2.59807585981321	0.109300679287004	0.631482881844306	1	0	0	0	0	0.0909090909090909
M28	P2RY1	11	8902:8912	211.733924225071	2.59807585981321	0.109300679287004	0.631482881844306	1	0	0	0	0	0.0909090909090909
M29	CENPF	11	8913:8923	162.670851930235	3.15143503945566	0.160824703944313	0.414596568799744	0.818181818181818	0	0	0	0.181818181818182	0
M29	SPAG5	11	8913:8923	162.670851930235	3.15143503945566	0.160824703944313	0.414596568799744	0.818181818181818	0	0	0	0.181818181818182	0
M29	CLSPN	11	8913:8923	162.670851930235	3.15143503945566	0.160824703944313	0.414596568799744	0.818181818181818	0	0	0	0.181818181818182	0
M29	IGLC2	11	8913:8923	162.670851930235	3.15143503945566	0.160824703944313	0.414596568799744	0.818181818181818	0	0	0	0.181818181818182	0
M29	BIRC5	11	8913:8923	162.670851930235	3.15143503945566	0.160824703944313	0.414596568799744	0.818181818181818	0	0	0	0.181818181818182	0
M29	TPX2	11	8913:8923	162.670851930235	3.15143503945566	0.160824703944313	0.414596568799744	0.818181818181818	0	0	0	0.181818181818182	0
M29	ITGAL	11	8913:8923	162.670851930235	3.15143503945566	0.160824703944313	0.414596568799744	0.818181818181818	0	0	0	0.181818181818182	0
M29	IGHM	11	8913:8923	162.670851930235	3.15143503945566	0.160824703944313	0.414596568799744	0.818181818181818	0	0	0	0.181818181818182	0
M29	NCF2	11	8913:8923	162.670851930235	3.15143503945566	0.160824703944313	0.414596568799744	0.818181818181818	0	0	0	0.181818181818182	0
M29	MKI67	11	8913:8923	162.670851930235	3.15143503945566	0.160824703944313	0.414596568799744	0.818181818181818	0	0	0	0.181818181818182	0
M29	KPNB1	11	8913:8923	162.670851930235	3.15143503945566	0.160824703944313	0.414596568799744	0.818181818181818	0	0	0	0.181818181818182	0
M14	UBL5	15	8924:8938	697.324617447865	1.13287993853481	0.13189014672401	0.415779259050534	1	0	0	0	0	0
M14	MYL6	15	8924:8938	697.324617447865	1.13287993853481	0.13189014672401	0.415779259050534	1	0	0	0	0	0
M14	STARD7	15	8924:8938	697.324617447865	1.13287993853481	0.13189014672401	0.415779259050534	1	0	0	0	0	0
M14	KHDRBS3	15	8924:8938	697.324617447865	1.13287993853481	0.13189014672401	0.415779259050534	1	0	0	0	0	0
M14	CALM3	15	8924:8938	697.324617447865	1.13287993853481	0.13189014672401	0.415779259050534	1	0	0	0	0	0
M14	PARK7	15	8924:8938	697.324617447865	1.13287993853481	0.13189014672401	0.415779259050534	1	0	0	0	0	0
M14	TMSB10	15	8924:8938	697.324617447865	1.13287993853481	0.13189014672401	0.415779259050534	1	0	0	0	0	0
M14	NEDD8	15	8924:8938	697.324617447865	1.13287993853481	0.13189014672401	0.415779259050534	1	0	0	0	0	0
M14	MCRS1	15	8924:8938	697.324617447865	1.13287993853481	0.13189014672401	0.415779259050534	1	0	0	0	0	0
M14	RANBP1	15	8924:8938	697.324617447865	1.13287993853481	0.13189014672401	0.415779259050534	1	0	0	0	0	0
M14	ERGIC3	15	8924:8938	697.324617447865	1.13287993853481	0.13189014672401	0.415779259050534	1	0	0	0	0	0
M14	TCP1	15	8924:8938	697.324617447865	1.13287993853481	0.13189014672401	0.415779259050534	1	0	0	0	0	0
M14	ILF2	15	8924:8938	697.324617447865	1.13287993853481	0.13189014672401	0.415779259050534	1	0	0	0	0	0
M14	PSMA4	15	8924:8938	697.324617447865	1.13287993853481	0.13189014672401	0.415779259050534	1	0	0	0	0	0
M14	DAD1	15	8924:8938	697.324617447865	1.13287993853481	0.13189014672401	0.415779259050534	1	0	0	0	0	0
M17	CKAP4	13	8939:8951	674.452152924651	1.18699979319324	0.101541497932012	0.427988606840871	1	0	0	0	0	0.0769230769230769
M17	PSME1	13	8939:8951	674.452152924651	1.18699979319324	0.101541497932012	0.427988606840871	1	0	0	0	0	0.0769230769230769
M17	CD63	13	8939:8951	674.452152924651	1.18699979319324	0.101541497932012	0.427988606840871	1	0	0	0	0	0.0769230769230769
M17	MAP4	13	8939:8951	674.452152924651	1.18699979319324	0.101541497932012	0.427988606840871	1	0	0	0	0	0.0769230769230769
M17	TSPAN3	13	8939:8951	674.452152924651	1.18699979319324	0.101541497932012	0.427988606840871	1	0	0	0	0	0.0769230769230769
M17	RNF181	13	8939:8951	674.452152924651	1.18699979319324	0.101541497932012	0.427988606840871	1	0	0	0	0	0.0769230769230769
M17	NDUFB8	13	8939:8951	674.452152924651	1.18699979319324	0.101541497932012	0.427988606840871	1	0	0	0	0	0.0769230769230769
M17	NDFIP1	13	8939:8951	674.452152924651	1.18699979319324	0.101541497932012	0.427988606840871	1	0	0	0	0	0.0769230769230769
M17	POFUT2	13	8939:8951	674.452152924651	1.18699979319324	0.101541497932012	0.427988606840871	1	0	0	0	0	0.0769230769230769
M17	SSU72	13	8939:8951	674.452152924651	1.18699979319324	0.101541497932012	0.427988606840871	1	0	0	0	0	0.0769230769230769
M17	CUTA	13	8939:8951	674.452152924651	1.18699979319324	0.101541497932012	0.427988606840871	1	0	0	0	0	0.0769230769230769
M17	EXT2	13	8939:8951	674.452152924651	1.18699979319324	0.101541497932012	0.427988606840871	1	0	0	0	0	0.0769230769230769
M17	SSRP1	13	8939:8951	674.452152924651	1.18699979319324	0.101541497932012	0.427988606840871	1	0	0	0	0	0.0769230769230769
M1	FOSB	32	8952:8983	544.128855417251	1.92128001768137	0.295521410672959	0.359421565385401	0.9375	0.03125	0	0.03125	0	0.28125
M1	MCL1	32	8952:8983	544.128855417251	1.92128001768137	0.295521410672959	0.359421565385401	0.9375	0.03125	0	0.03125	0	0.28125
M1	SLC2A3	32	8952:8983	544.128855417251	1.92128001768137	0.295521410672959	0.359421565385401	0.9375	0.03125	0	0.03125	0	0.28125
M1	CYR61	32	8952:8983	544.128855417251	1.92128001768137	0.295521410672959	0.359421565385401	0.9375	0.03125	0	0.03125	0	0.28125
M1	IER2	32	8952:8983	544.128855417251	1.92128001768137	0.295521410672959	0.359421565385401	0.9375	0.03125	0	0.03125	0	0.28125
M1	JUN	32	8952:8983	544.128855417251	1.92128001768137	0.295521410672959	0.359421565385401	0.9375	0.03125	0	0.03125	0	0.28125
M1	ZFP36	32	8952:8983	544.128855417251	1.92128001768137	0.295521410672959	0.359421565385401	0.9375	0.03125	0	0.03125	0	0.28125
M1	FOS	32	8952:8983	544.128855417251	1.92128001768137	0.295521410672959	0.359421565385401	0.9375	0.03125	0	0.03125	0	0.28125
M1	EGR1	32	8952:8983	544.128855417251	1.92128001768137	0.295521410672959	0.359421565385401	0.9375	0.03125	0	0.03125	0	0.28125
M1	HLA-E	32	8952:8983	544.128855417251	1.92128001768137	0.295521410672959	0.359421565385401	0.9375	0.03125	0	0.03125	0	0.28125
M1	JUND	32	8952:8983	544.128855417251	1.92128001768137	0.295521410672959	0.359421565385401	0.9375	0.03125	0	0.03125	0	0.28125
M1	GADD45B	32	8952:8983	544.128855417251	1.92128001768137	0.295521410672959	0.359421565385401	0.9375	0.03125	0	0.03125	0	0.28125
M1	IER3	32	8952:8983	544.128855417251	1.92128001768137	0.295521410672959	0.359421565385401	0.9375	0.03125	0	0.03125	0	0.28125
M1	EIF1	32	8952:8983	544.128855417251	1.92128001768137	0.295521410672959	0.359421565385401	0.9375	0.03125	0	0.03125	0	0.28125
M1	KLF4	32	8952:8983	544.128855417251	1.92128001768137	0.295521410672959	0.359421565385401	0.9375	0.03125	0	0.03125	0	0.28125
M1	SOCS3	32	8952:8983	544.128855417251	1.92128001768137	0.295521410672959	0.359421565385401	0.9375	0.03125	0	0.03125	0	0.28125
M1	MAFF	32	8952:8983	544.128855417251	1.92128001768137	0.295521410672959	0.359421565385401	0.9375	0.03125	0	0.03125	0	0.28125
M1	DNAJB1	32	8952:8983	544.128855417251	1.92128001768137	0.295521410672959	0.359421565385401	0.9375	0.03125	0	0.03125	0	0.28125
M1	DNAJA1	32	8952:8983	544.128855417251	1.92128001768137	0.295521410672959	0.359421565385401	0.9375	0.03125	0	0.03125	0	0.28125
M1	CDKN1A	32	8952:8983	544.128855417251	1.92128001768137	0.295521410672959	0.359421565385401	0.9375	0.03125	0	0.03125	0	0.28125
M1	HSPA1B	32	8952:8983	544.128855417251	1.92128001768137	0.295521410672959	0.359421565385401	0.9375	0.03125	0	0.03125	0	0.28125
M1	DUSP5	32	8952:8983	544.128855417251	1.92128001768137	0.295521410672959	0.359421565385401	0.9375	0.03125	0	0.03125	0	0.28125
M1	PPP1R15A	32	8952:8983	544.128855417251	1.92128001768137	0.295521410672959	0.359421565385401	0.9375	0.03125	0	0.03125	0	0.28125
M1	TUBB4B	32	8952:8983	544.128855417251	1.92128001768137	0.295521410672959	0.359421565385401	0.9375	0.03125	0	0.03125	0	0.28125
M1	HSP90AA1	32	8952:8983	544.128855417251	1.92128001768137	0.295521410672959	0.359421565385401	0.9375	0.03125	0	0.03125	0	0.28125
M1	HSP90AA2P	32	8952:8983	544.128855417251	1.92128001768137	0.295521410672959	0.359421565385401	0.9375	0.03125	0	0.03125	0	0.28125
M1	CTD-3252C9.4	32	8952:8983	544.128855417251	1.92128001768137	0.295521410672959	0.359421565385401	0.9375	0.03125	0	0.03125	0	0.28125
M1	HSPA1A	32	8952:8983	544.128855417251	1.92128001768137	0.295521410672959	0.359421565385401	0.9375	0.03125	0	0.03125	0	0.28125
M1	ATF3	32	8952:8983	544.128855417251	1.92128001768137	0.295521410672959	0.359421565385401	0.9375	0.03125	0	0.03125	0	0.28125
M1	BTG2	32	8952:8983	544.128855417251	1.92128001768137	0.295521410672959	0.359421565385401	0.9375	0.03125	0	0.03125	0	0.28125
M1	IER5	32	8952:8983	544.128855417251	1.92128001768137	0.295521410672959	0.359421565385401	0.9375	0.03125	0	0.03125	0	0.28125
M1	JUNB	32	8952:8983	544.128855417251	1.92128001768137	0.295521410672959	0.359421565385401	0.9375	0.03125	0	0.03125	0	0.28125
M2	CCNL1	31	8984:9014	218.877756273492	1.84013923049991	0.159388230113617	0.358294341826633	0.967741935483871	0.032258064516129	0	0	0	0.0967741935483871
M2	MLF1	31	8984:9014	218.877756273492	1.84013923049991	0.159388230113617	0.358294341826633	0.967741935483871	0.032258064516129	0	0	0	0.0967741935483871
M2	SPTY2D1	31	8984:9014	218.877756273492	1.84013923049991	0.159388230113617	0.358294341826633	0.967741935483871	0.032258064516129	0	0	0	0.0967741935483871
M2	IVNS1ABP	31	8984:9014	218.877756273492	1.84013923049991	0.159388230113617	0.358294341826633	0.967741935483871	0.032258064516129	0	0	0	0.0967741935483871
M2	HSPH1	31	8984:9014	218.877756273492	1.84013923049991	0.159388230113617	0.358294341826633	0.967741935483871	0.032258064516129	0	0	0	0.0967741935483871
M2	HSPE1	31	8984:9014	218.877756273492	1.84013923049991	0.159388230113617	0.358294341826633	0.967741935483871	0.032258064516129	0	0	0	0.0967741935483871
M2	ARL5B	31	8984:9014	218.877756273492	1.84013923049991	0.159388230113617	0.358294341826633	0.967741935483871	0.032258064516129	0	0	0	0.0967741935483871
M2	EGR2	31	8984:9014	218.877756273492	1.84013923049991	0.159388230113617	0.358294341826633	0.967741935483871	0.032258064516129	0	0	0	0.0967741935483871
M2	SNHG12	31	8984:9014	218.877756273492	1.84013923049991	0.159388230113617	0.358294341826633	0.967741935483871	0.032258064516129	0	0	0	0.0967741935483871
M2	EGR3	31	8984:9014	218.877756273492	1.84013923049991	0.159388230113617	0.358294341826633	0.967741935483871	0.032258064516129	0	0	0	0.0967741935483871
M2	NFKBIZ	31	8984:9014	218.877756273492	1.84013923049991	0.159388230113617	0.358294341826633	0.967741935483871	0.032258064516129	0	0	0	0.0967741935483871
M2	RHOB	31	8984:9014	218.877756273492	1.84013923049991	0.159388230113617	0.358294341826633	0.967741935483871	0.032258064516129	0	0	0	0.0967741935483871
M2	ADAMTS1	31	8984:9014	218.877756273492	1.84013923049991	0.159388230113617	0.358294341826633	0.967741935483871	0.032258064516129	0	0	0	0.0967741935483871
M2	PTP4A1	31	8984:9014	218.877756273492	1.84013923049991	0.159388230113617	0.358294341826633	0.967741935483871	0.032258064516129	0	0	0	0.0967741935483871
M2	SERTAD1	31	8984:9014	218.877756273492	1.84013923049991	0.159388230113617	0.358294341826633	0.967741935483871	0.032258064516129	0	0	0	0.0967741935483871
M2	SRSF7	31	8984:9014	218.877756273492	1.84013923049991	0.159388230113617	0.358294341826633	0.967741935483871	0.032258064516129	0	0	0	0.0967741935483871
M2	DDX5	31	8984:9014	218.877756273492	1.84013923049991	0.159388230113617	0.358294341826633	0.967741935483871	0.032258064516129	0	0	0	0.0967741935483871
M2	TRA2B	31	8984:9014	218.877756273492	1.84013923049991	0.159388230113617	0.358294341826633	0.967741935483871	0.032258064516129	0	0	0	0.0967741935483871
M2	DDX3X	31	8984:9014	218.877756273492	1.84013923049991	0.159388230113617	0.358294341826633	0.967741935483871	0.032258064516129	0	0	0	0.0967741935483871
M2	SLC38A2	31	8984:9014	218.877756273492	1.84013923049991	0.159388230113617	0.358294341826633	0.967741935483871	0.032258064516129	0	0	0	0.0967741935483871
M2	UBC	31	8984:9014	218.877756273492	1.84013923049991	0.159388230113617	0.358294341826633	0.967741935483871	0.032258064516129	0	0	0	0.0967741935483871
M2	HSPD1	31	8984:9014	218.877756273492	1.84013923049991	0.159388230113617	0.358294341826633	0.967741935483871	0.032258064516129	0	0	0	0.0967741935483871
M2	EIF4A3	31	8984:9014	218.877756273492	1.84013923049991	0.159388230113617	0.358294341826633	0.967741935483871	0.032258064516129	0	0	0	0.0967741935483871
M2	IFRD1	31	8984:9014	218.877756273492	1.84013923049991	0.159388230113617	0.358294341826633	0.967741935483871	0.032258064516129	0	0	0	0.0967741935483871
M2	GADD45A	31	8984:9014	218.877756273492	1.84013923049991	0.159388230113617	0.358294341826633	0.967741935483871	0.032258064516129	0	0	0	0.0967741935483871
M2	DUSP1	31	8984:9014	218.877756273492	1.84013923049991	0.159388230113617	0.358294341826633	0.967741935483871	0.032258064516129	0	0	0	0.0967741935483871
M2	NFIL3	31	8984:9014	218.877756273492	1.84013923049991	0.159388230113617	0.358294341826633	0.967741935483871	0.032258064516129	0	0	0	0.0967741935483871
M2	KLHL15	31	8984:9014	218.877756273492	1.84013923049991	0.159388230113617	0.358294341826633	0.967741935483871	0.032258064516129	0	0	0	0.0967741935483871
M2	ING1	31	8984:9014	218.877756273492	1.84013923049991	0.159388230113617	0.358294341826633	0.967741935483871	0.032258064516129	0	0	0	0.0967741935483871
M2	BRD2	31	8984:9014	218.877756273492	1.84013923049991	0.159388230113617	0.358294341826633	0.967741935483871	0.032258064516129	0	0	0	0.0967741935483871
M2	DNAJB4	31	8984:9014	218.877756273492	1.84013923049991	0.159388230113617	0.358294341826633	0.967741935483871	0.032258064516129	0	0	0	0.0967741935483871
M12	THUMPD3-AS1	16	9015:9030	110.581597576507	2.15616634447553	0.112582327566412	0.314005456846548	0.75	0.25	0	0	0	0.25
M12	KLF2	16	9015:9030	110.581597576507	2.15616634447553	0.112582327566412	0.314005456846548	0.75	0.25	0	0	0	0.25
M12	UBE2S	16	9015:9030	110.581597576507	2.15616634447553	0.112582327566412	0.314005456846548	0.75	0.25	0	0	0	0.25
M12	CSRNP1	16	9015:9030	110.581597576507	2.15616634447553	0.112582327566412	0.314005456846548	0.75	0.25	0	0	0	0.25
M12	CHORDC1	16	9015:9030	110.581597576507	2.15616634447553	0.112582327566412	0.314005456846548	0.75	0.25	0	0	0	0.25
M12	MZF1-AS1	16	9015:9030	110.581597576507	2.15616634447553	0.112582327566412	0.314005456846548	0.75	0.25	0	0	0	0.25
M12	KLF10	16	9015:9030	110.581597576507	2.15616634447553	0.112582327566412	0.314005456846548	0.75	0.25	0	0	0	0.25
M12	NFKBIA	16	9015:9030	110.581597576507	2.15616634447553	0.112582327566412	0.314005456846548	0.75	0.25	0	0	0	0.25
M12	ZFAND5	16	9015:9030	110.581597576507	2.15616634447553	0.112582327566412	0.314005456846548	0.75	0.25	0	0	0	0.25
M12	PCF11	16	9015:9030	110.581597576507	2.15616634447553	0.112582327566412	0.314005456846548	0.75	0.25	0	0	0	0.25
M12	HERPUD1	16	9015:9030	110.581597576507	2.15616634447553	0.112582327566412	0.314005456846548	0.75	0.25	0	0	0	0.25
M12	RN7SL832P	16	9015:9030	110.581597576507	2.15616634447553	0.112582327566412	0.314005456846548	0.75	0.25	0	0	0	0.25
M12	RP11-326I11.3	16	9015:9030	110.581597576507	2.15616634447553	0.112582327566412	0.314005456846548	0.75	0.25	0	0	0	0.25
M12	EIF5	16	9015:9030	110.581597576507	2.15616634447553	0.112582327566412	0.314005456846548	0.75	0.25	0	0	0	0.25
M12	GCC1	16	9015:9030	110.581597576507	2.15616634447553	0.112582327566412	0.314005456846548	0.75	0.25	0	0	0	0.25
M12	ID3	16	9015:9030	110.581597576507	2.15616634447553	0.112582327566412	0.314005456846548	0.75	0.25	0	0	0	0.25
M7	HNRNPH1	19	9031:9049	138.201368533071	1.80533691453179	0.100002283326142	0.376550220940708	0.947368421052632	0.0526315789473684	0	0	0	0.0526315789473684
M7	RP5-821D11.7	19	9031:9049	138.201368533071	1.80533691453179	0.100002283326142	0.376550220940708	0.947368421052632	0.0526315789473684	0	0	0	0.0526315789473684
M7	H2AFZ	19	9031:9049	138.201368533071	1.80533691453179	0.100002283326142	0.376550220940708	0.947368421052632	0.0526315789473684	0	0	0	0.0526315789473684
M7	PLK2	19	9031:9049	138.201368533071	1.80533691453179	0.100002283326142	0.376550220940708	0.947368421052632	0.0526315789473684	0	0	0	0.0526315789473684
M7	ZNF711	19	9031:9049	138.201368533071	1.80533691453179	0.100002283326142	0.376550220940708	0.947368421052632	0.0526315789473684	0	0	0	0.0526315789473684
M7	TOB2	19	9031:9049	138.201368533071	1.80533691453179	0.100002283326142	0.376550220940708	0.947368421052632	0.0526315789473684	0	0	0	0.0526315789473684
M7	MYADM	19	9031:9049	138.201368533071	1.80533691453179	0.100002283326142	0.376550220940708	0.947368421052632	0.0526315789473684	0	0	0	0.0526315789473684
M7	BAG3	19	9031:9049	138.201368533071	1.80533691453179	0.100002283326142	0.376550220940708	0.947368421052632	0.0526315789473684	0	0	0	0.0526315789473684
M7	ARL4D	19	9031:9049	138.201368533071	1.80533691453179	0.100002283326142	0.376550220940708	0.947368421052632	0.0526315789473684	0	0	0	0.0526315789473684
M7	MORF4L2	19	9031:9049	138.201368533071	1.80533691453179	0.100002283326142	0.376550220940708	0.947368421052632	0.0526315789473684	0	0	0	0.0526315789473684
M7	TOB1	19	9031:9049	138.201368533071	1.80533691453179	0.100002283326142	0.376550220940708	0.947368421052632	0.0526315789473684	0	0	0	0.0526315789473684
M7	RASD1	19	9031:9049	138.201368533071	1.80533691453179	0.100002283326142	0.376550220940708	0.947368421052632	0.0526315789473684	0	0	0	0.0526315789473684
M7	MEX3C	19	9031:9049	138.201368533071	1.80533691453179	0.100002283326142	0.376550220940708	0.947368421052632	0.0526315789473684	0	0	0	0.0526315789473684
M7	CALM1	19	9031:9049	138.201368533071	1.80533691453179	0.100002283326142	0.376550220940708	0.947368421052632	0.0526315789473684	0	0	0	0.0526315789473684
M7	RSRP1	19	9031:9049	138.201368533071	1.80533691453179	0.100002283326142	0.376550220940708	0.947368421052632	0.0526315789473684	0	0	0	0.0526315789473684
M7	IDI1	19	9031:9049	138.201368533071	1.80533691453179	0.100002283326142	0.376550220940708	0.947368421052632	0.0526315789473684	0	0	0	0.0526315789473684
M7	BUD31	19	9031:9049	138.201368533071	1.80533691453179	0.100002283326142	0.376550220940708	0.947368421052632	0.0526315789473684	0	0	0	0.0526315789473684
M7	CYCS	19	9031:9049	138.201368533071	1.80533691453179	0.100002283326142	0.376550220940708	0.947368421052632	0.0526315789473684	0	0	0	0.0526315789473684
M7	SRSF3	19	9031:9049	138.201368533071	1.80533691453179	0.100002283326142	0.376550220940708	0.947368421052632	0.0526315789473684	0	0	0	0.0526315789473684
M11	MCM2	17	9050:9066	140.846725393703	2.44033702569775	0.130878114070795	0.439860845911081	1	0	0	0	0	0
M11	HELLS	17	9050:9066	140.846725393703	2.44033702569775	0.130878114070795	0.439860845911081	1	0	0	0	0	0
M11	MCM3	17	9050:9066	140.846725393703	2.44033702569775	0.130878114070795	0.439860845911081	1	0	0	0	0	0
M11	TUBA1B	17	9050:9066	140.846725393703	2.44033702569775	0.130878114070795	0.439860845911081	1	0	0	0	0	0
M11	MCM5	17	9050:9066	140.846725393703	2.44033702569775	0.130878114070795	0.439860845911081	1	0	0	0	0	0
M11	MCM4	17	9050:9066	140.846725393703	2.44033702569775	0.130878114070795	0.439860845911081	1	0	0	0	0	0
M11	TYMS	17	9050:9066	140.846725393703	2.44033702569775	0.130878114070795	0.439860845911081	1	0	0	0	0	0
M11	MCM7	17	9050:9066	140.846725393703	2.44033702569775	0.130878114070795	0.439860845911081	1	0	0	0	0	0
M11	TIMELESS	17	9050:9066	140.846725393703	2.44033702569775	0.130878114070795	0.439860845911081	1	0	0	0	0	0
M11	ICMT	17	9050:9066	140.846725393703	2.44033702569775	0.130878114070795	0.439860845911081	1	0	0	0	0	0
M11	CDCA7	17	9050:9066	140.846725393703	2.44033702569775	0.130878114070795	0.439860845911081	1	0	0	0	0	0
M11	MCM6	17	9050:9066	140.846725393703	2.44033702569775	0.130878114070795	0.439860845911081	1	0	0	0	0	0
M11	PCNA	17	9050:9066	140.846725393703	2.44033702569775	0.130878114070795	0.439860845911081	1	0	0	0	0	0
M11	HN1L	17	9050:9066	140.846725393703	2.44033702569775	0.130878114070795	0.439860845911081	1	0	0	0	0	0
M11	CCT5	17	9050:9066	140.846725393703	2.44033702569775	0.130878114070795	0.439860845911081	1	0	0	0	0	0
M11	CHEK1	17	9050:9066	140.846725393703	2.44033702569775	0.130878114070795	0.439860845911081	1	0	0	0	0	0
M11	GINS2	17	9050:9066	140.846725393703	2.44033702569775	0.130878114070795	0.439860845911081	1	0	0	0	0	0
M30	ALDOA	11	9067:9077	227.579237886823	1.9556048632124	0.103117061877736	0.500598172669047	1	0	0	0	0	0
M30	FCGRT	11	9067:9077	227.579237886823	1.9556048632124	0.103117061877736	0.500598172669047	1	0	0	0	0	0
M30	CPXM1	11	9067:9077	227.579237886823	1.9556048632124	0.103117061877736	0.500598172669047	1	0	0	0	0	0
M30	LAMTOR4	11	9067:9077	227.579237886823	1.9556048632124	0.103117061877736	0.500598172669047	1	0	0	0	0	0
M30	CCT7	11	9067:9077	227.579237886823	1.9556048632124	0.103117061877736	0.500598172669047	1	0	0	0	0	0
M30	KAT2A	11	9067:9077	227.579237886823	1.9556048632124	0.103117061877736	0.500598172669047	1	0	0	0	0	0
M30	UBXN1	11	9067:9077	227.579237886823	1.9556048632124	0.103117061877736	0.500598172669047	1	0	0	0	0	0
M30	PLTP	11	9067:9077	227.579237886823	1.9556048632124	0.103117061877736	0.500598172669047	1	0	0	0	0	0
M30	RPS14	11	9067:9077	227.579237886823	1.9556048632124	0.103117061877736	0.500598172669047	1	0	0	0	0	0
M30	EEF1D	11	9067:9077	227.579237886823	1.9556048632124	0.103117061877736	0.500598172669047	1	0	0	0	0	0
M30	FAU	11	9067:9077	227.579237886823	1.9556048632124	0.103117061877736	0.500598172669047	1	0	0	0	0	0
M46	HHIP	10	9078:9087	340.902769331316	1.30123010354461	0.208753956552181	0.355970778208389	1	0	0	0	0	0
M46	NSG1	10	9078:9087	340.902769331316	1.30123010354461	0.208753956552181	0.355970778208389	1	0	0	0	0	0
M46	PXDN	10	9078:9087	340.902769331316	1.30123010354461	0.208753956552181	0.355970778208389	1	0	0	0	0	0
M46	GFRA1	10	9078:9087	340.902769331316	1.30123010354461	0.208753956552181	0.355970778208389	1	0	0	0	0	0
M46	CXCL14	10	9078:9087	340.902769331316	1.30123010354461	0.208753956552181	0.355970778208389	1	0	0	0	0	0
M46	F2R	10	9078:9087	340.902769331316	1.30123010354461	0.208753956552181	0.355970778208389	1	0	0	0	0	0
M46	CXCR4	10	9078:9087	340.902769331316	1.30123010354461	0.208753956552181	0.355970778208389	1	0	0	0	0	0
M46	HSD17B2	10	9078:9087	340.902769331316	1.30123010354461	0.208753956552181	0.355970778208389	1	0	0	0	0	0
M46	OLFM1	10	9078:9087	340.902769331316	1.30123010354461	0.208753956552181	0.355970778208389	1	0	0	0	0	0
M46	DLL1	10	9078:9087	340.902769331316	1.30123010354461	0.208753956552181	0.355970778208389	1	0	0	0	0	0
M9	SOX9	18	9088:9105	560.239951020039	1.6226709708344	0.108768194409289	0.540438426698563	1	0	0	0	0	0.111111111111111
M9	AKAP12	18	9088:9105	560.239951020039	1.6226709708344	0.108768194409289	0.540438426698563	1	0	0	0	0	0.111111111111111
M9	BMP4	18	9088:9105	560.239951020039	1.6226709708344	0.108768194409289	0.540438426698563	1	0	0	0	0	0.111111111111111
M9	TM4SF1	18	9088:9105	560.239951020039	1.6226709708344	0.108768194409289	0.540438426698563	1	0	0	0	0	0.111111111111111
M9	PTGER4	18	9088:9105	560.239951020039	1.6226709708344	0.108768194409289	0.540438426698563	1	0	0	0	0	0.111111111111111
M9	FZD1	18	9088:9105	560.239951020039	1.6226709708344	0.108768194409289	0.540438426698563	1	0	0	0	0	0.111111111111111
M9	A2M	18	9088:9105	560.239951020039	1.6226709708344	0.108768194409289	0.540438426698563	1	0	0	0	0	0.111111111111111
M9	PLPP3	18	9088:9105	560.239951020039	1.6226709708344	0.108768194409289	0.540438426698563	1	0	0	0	0	0.111111111111111
M9	LTBP1	18	9088:9105	560.239951020039	1.6226709708344	0.108768194409289	0.540438426698563	1	0	0	0	0	0.111111111111111
M9	MAMDC2	18	9088:9105	560.239951020039	1.6226709708344	0.108768194409289	0.540438426698563	1	0	0	0	0	0.111111111111111
M9	PCDH9	18	9088:9105	560.239951020039	1.6226709708344	0.108768194409289	0.540438426698563	1	0	0	0	0	0.111111111111111
M9	ACKR3	18	9088:9105	560.239951020039	1.6226709708344	0.108768194409289	0.540438426698563	1	0	0	0	0	0.111111111111111
M9	EDIL3	18	9088:9105	560.239951020039	1.6226709708344	0.108768194409289	0.540438426698563	1	0	0	0	0	0.111111111111111
M9	NELL1	18	9088:9105	560.239951020039	1.6226709708344	0.108768194409289	0.540438426698563	1	0	0	0	0	0.111111111111111
M9	POSTN	18	9088:9105	560.239951020039	1.6226709708344	0.108768194409289	0.540438426698563	1	0	0	0	0	0.111111111111111
M9	SLITRK6	18	9088:9105	560.239951020039	1.6226709708344	0.108768194409289	0.540438426698563	1	0	0	0	0	0.111111111111111
M9	ETS2	18	9088:9105	560.239951020039	1.6226709708344	0.108768194409289	0.540438426698563	1	0	0	0	0	0.111111111111111
M9	RGS10	18	9088:9105	560.239951020039	1.6226709708344	0.108768194409289	0.540438426698563	1	0	0	0	0	0.111111111111111
M8	EGFR	19	9106:9124	324.555709365343	1.93134543840502	0.14506750102488	0.376267498639604	0.947368421052632	0.0526315789473684	0	0	0	0.0526315789473684
M8	PLAT	19	9106:9124	324.555709365343	1.93134543840502	0.14506750102488	0.376267498639604	0.947368421052632	0.0526315789473684	0	0	0	0.0526315789473684
M8	NRG1	19	9106:9124	324.555709365343	1.93134543840502	0.14506750102488	0.376267498639604	0.947368421052632	0.0526315789473684	0	0	0	0.0526315789473684
M8	NDNF	19	9106:9124	324.555709365343	1.93134543840502	0.14506750102488	0.376267498639604	0.947368421052632	0.0526315789473684	0	0	0	0.0526315789473684
M8	COL4A5	19	9106:9124	324.555709365343	1.93134543840502	0.14506750102488	0.376267498639604	0.947368421052632	0.0526315789473684	0	0	0	0.0526315789473684
M8	LAMB1	19	9106:9124	324.555709365343	1.93134543840502	0.14506750102488	0.376267498639604	0.947368421052632	0.0526315789473684	0	0	0	0.0526315789473684
M8	AC002511.2	19	9106:9124	324.555709365343	1.93134543840502	0.14506750102488	0.376267498639604	0.947368421052632	0.0526315789473684	0	0	0	0.0526315789473684
M8	RHOU	19	9106:9124	324.555709365343	1.93134543840502	0.14506750102488	0.376267498639604	0.947368421052632	0.0526315789473684	0	0	0	0.0526315789473684
M8	VCAN	19	9106:9124	324.555709365343	1.93134543840502	0.14506750102488	0.376267498639604	0.947368421052632	0.0526315789473684	0	0	0	0.0526315789473684
M8	SEMA4D	19	9106:9124	324.555709365343	1.93134543840502	0.14506750102488	0.376267498639604	0.947368421052632	0.0526315789473684	0	0	0	0.0526315789473684
M8	BMP5	19	9106:9124	324.555709365343	1.93134543840502	0.14506750102488	0.376267498639604	0.947368421052632	0.0526315789473684	0	0	0	0.0526315789473684
M8	OLFML2A	19	9106:9124	324.555709365343	1.93134543840502	0.14506750102488	0.376267498639604	0.947368421052632	0.0526315789473684	0	0	0	0.0526315789473684
M8	RUNX1	19	9106:9124	324.555709365343	1.93134543840502	0.14506750102488	0.376267498639604	0.947368421052632	0.0526315789473684	0	0	0	0.0526315789473684
M8	SRPX2	19	9106:9124	324.555709365343	1.93134543840502	0.14506750102488	0.376267498639604	0.947368421052632	0.0526315789473684	0	0	0	0.0526315789473684
M8	ECE1	19	9106:9124	324.555709365343	1.93134543840502	0.14506750102488	0.376267498639604	0.947368421052632	0.0526315789473684	0	0	0	0.0526315789473684
M8	NDST4	19	9106:9124	324.555709365343	1.93134543840502	0.14506750102488	0.376267498639604	0.947368421052632	0.0526315789473684	0	0	0	0.0526315789473684
M8	PDGFRA	19	9106:9124	324.555709365343	1.93134543840502	0.14506750102488	0.376267498639604	0.947368421052632	0.0526315789473684	0	0	0	0.0526315789473684
M8	COL4A6	19	9106:9124	324.555709365343	1.93134543840502	0.14506750102488	0.376267498639604	0.947368421052632	0.0526315789473684	0	0	0	0.0526315789473684
M8	MATN2	19	9106:9124	324.555709365343	1.93134543840502	0.14506750102488	0.376267498639604	0.947368421052632	0.0526315789473684	0	0	0	0.0526315789473684
M23	TBX3	12	9125:9136	213.86643593653	1.52747468250828	0.0987502306745425	0.576995007290423	1	0	0	0	0	0.166666666666667
M23	CPED1	12	9125:9136	213.86643593653	1.52747468250828	0.0987502306745425	0.576995007290423	1	0	0	0	0	0.166666666666667
M23	GPC6	12	9125:9136	213.86643593653	1.52747468250828	0.0987502306745425	0.576995007290423	1	0	0	0	0	0.166666666666667
M23	FOXF2	12	9125:9136	213.86643593653	1.52747468250828	0.0987502306745425	0.576995007290423	1	0	0	0	0	0.166666666666667
M23	NNAT	12	9125:9136	213.86643593653	1.52747468250828	0.0987502306745425	0.576995007290423	1	0	0	0	0	0.166666666666667
M23	SLC18B1	12	9125:9136	213.86643593653	1.52747468250828	0.0987502306745425	0.576995007290423	1	0	0	0	0	0.166666666666667
M23	TACR1	12	9125:9136	213.86643593653	1.52747468250828	0.0987502306745425	0.576995007290423	1	0	0	0	0	0.166666666666667
M23	SULT1C4	12	9125:9136	213.86643593653	1.52747468250828	0.0987502306745425	0.576995007290423	1	0	0	0	0	0.166666666666667
M23	TMEM100	12	9125:9136	213.86643593653	1.52747468250828	0.0987502306745425	0.576995007290423	1	0	0	0	0	0.166666666666667
M23	PROM1	12	9125:9136	213.86643593653	1.52747468250828	0.0987502306745425	0.576995007290423	1	0	0	0	0	0.166666666666667
M23	PLXDC2	12	9125:9136	213.86643593653	1.52747468250828	0.0987502306745425	0.576995007290423	1	0	0	0	0	0.166666666666667
M23	COLEC12	12	9125:9136	213.86643593653	1.52747468250828	0.0987502306745425	0.576995007290423	1	0	0	0	0	0.166666666666667
M47	ENPP2	10	9137:9146	135.540690375455	1.69395288971936	0.0767793881819666	0.478035385267099	1	0	0	0	0	0.1
M47	SCN7A	10	9137:9146	135.540690375455	1.69395288971936	0.0767793881819666	0.478035385267099	1	0	0	0	0	0.1
M47	HIPK2	10	9137:9146	135.540690375455	1.69395288971936	0.0767793881819666	0.478035385267099	1	0	0	0	0	0.1
M47	SHANK2	10	9137:9146	135.540690375455	1.69395288971936	0.0767793881819666	0.478035385267099	1	0	0	0	0	0.1
M47	KREMEN1	10	9137:9146	135.540690375455	1.69395288971936	0.0767793881819666	0.478035385267099	1	0	0	0	0	0.1
M47	TANC1	10	9137:9146	135.540690375455	1.69395288971936	0.0767793881819666	0.478035385267099	1	0	0	0	0	0.1
M47	IL1R1	10	9137:9146	135.540690375455	1.69395288971936	0.0767793881819666	0.478035385267099	1	0	0	0	0	0.1
M47	HTRA1	10	9137:9146	135.540690375455	1.69395288971936	0.0767793881819666	0.478035385267099	1	0	0	0	0	0.1
M47	ENPP6	10	9137:9146	135.540690375455	1.69395288971936	0.0767793881819666	0.478035385267099	1	0	0	0	0	0.1
M47	ETS1	10	9137:9146	135.540690375455	1.69395288971936	0.0767793881819666	0.478035385267099	1	0	0	0	0	0.1
M48	VSTM2A	10	9147:9156	123.796146242257	1.93052094111587	0.100202165044587	0.415286709645576	1	0	0	0	0	0.1
M48	PDGFD	10	9147:9156	123.796146242257	1.93052094111587	0.100202165044587	0.415286709645576	1	0	0	0	0	0.1
M48	SPRY4	10	9147:9156	123.796146242257	1.93052094111587	0.100202165044587	0.415286709645576	1	0	0	0	0	0.1
M48	RND3	10	9147:9156	123.796146242257	1.93052094111587	0.100202165044587	0.415286709645576	1	0	0	0	0	0.1
M48	GPR68	10	9147:9156	123.796146242257	1.93052094111587	0.100202165044587	0.415286709645576	1	0	0	0	0	0.1
M48	MGLL	10	9147:9156	123.796146242257	1.93052094111587	0.100202165044587	0.415286709645576	1	0	0	0	0	0.1
M48	SH3KBP1	10	9147:9156	123.796146242257	1.93052094111587	0.100202165044587	0.415286709645576	1	0	0	0	0	0.1
M48	SCUBE2	10	9147:9156	123.796146242257	1.93052094111587	0.100202165044587	0.415286709645576	1	0	0	0	0	0.1
M48	ETV1	10	9147:9156	123.796146242257	1.93052094111587	0.100202165044587	0.415286709645576	1	0	0	0	0	0.1
M48	CCDC102B	10	9147:9156	123.796146242257	1.93052094111587	0.100202165044587	0.415286709645576	1	0	0	0	0	0.1
M18	CLNK	13	9157:9169	20.9796759065821	3.37517306464231	0.0654943954545511	0.461370601119091	0.461538461538462	0.230769230769231	0.0769230769230769	0.230769230769231	0	0
M18	PGBD5	13	9157:9169	20.9796759065821	3.37517306464231	0.0654943954545511	0.461370601119091	0.461538461538462	0.230769230769231	0.0769230769230769	0.230769230769231	0	0
M18	ELOCP22	13	9157:9169	20.9796759065821	3.37517306464231	0.0654943954545511	0.461370601119091	0.461538461538462	0.230769230769231	0.0769230769230769	0.230769230769231	0	0
M18	GRIN2B	13	9157:9169	20.9796759065821	3.37517306464231	0.0654943954545511	0.461370601119091	0.461538461538462	0.230769230769231	0.0769230769230769	0.230769230769231	0	0
M18	RP5-892K4.1	13	9157:9169	20.9796759065821	3.37517306464231	0.0654943954545511	0.461370601119091	0.461538461538462	0.230769230769231	0.0769230769230769	0.230769230769231	0	0
M18	AC073283.7	13	9157:9169	20.9796759065821	3.37517306464231	0.0654943954545511	0.461370601119091	0.461538461538462	0.230769230769231	0.0769230769230769	0.230769230769231	0	0
M18	CELA3B	13	9157:9169	20.9796759065821	3.37517306464231	0.0654943954545511	0.461370601119091	0.461538461538462	0.230769230769231	0.0769230769230769	0.230769230769231	0	0
M18	RP11-624D20.1	13	9157:9169	20.9796759065821	3.37517306464231	0.0654943954545511	0.461370601119091	0.461538461538462	0.230769230769231	0.0769230769230769	0.230769230769231	0	0
M18	FUBP3	13	9157:9169	20.9796759065821	3.37517306464231	0.0654943954545511	0.461370601119091	0.461538461538462	0.230769230769231	0.0769230769230769	0.230769230769231	0	0
M18	RP11-495L19.1	13	9157:9169	20.9796759065821	3.37517306464231	0.0654943954545511	0.461370601119091	0.461538461538462	0.230769230769231	0.0769230769230769	0.230769230769231	0	0
M18	FAM227A	13	9157:9169	20.9796759065821	3.37517306464231	0.0654943954545511	0.461370601119091	0.461538461538462	0.230769230769231	0.0769230769230769	0.230769230769231	0	0
M18	RN7SL814P	13	9157:9169	20.9796759065821	3.37517306464231	0.0654943954545511	0.461370601119091	0.461538461538462	0.230769230769231	0.0769230769230769	0.230769230769231	0	0
M18	RP11-158M2.6	13	9157:9169	20.9796759065821	3.37517306464231	0.0654943954545511	0.461370601119091	0.461538461538462	0.230769230769231	0.0769230769230769	0.230769230769231	0	0
M31	MKLN1-AS	11	9170:9180	20.7038355597359	3.17129185857668	0.0829328285237168	0.412165144337248	0.363636363636364	0.545454545454545	0	0.0909090909090909	0	0
M31	PIPOX	11	9170:9180	20.7038355597359	3.17129185857668	0.0829328285237168	0.412165144337248	0.363636363636364	0.545454545454545	0	0.0909090909090909	0	0
M31	RP11-346D14.1	11	9170:9180	20.7038355597359	3.17129185857668	0.0829328285237168	0.412165144337248	0.363636363636364	0.545454545454545	0	0.0909090909090909	0	0
M31	CTA-212A2.3	11	9170:9180	20.7038355597359	3.17129185857668	0.0829328285237168	0.412165144337248	0.363636363636364	0.545454545454545	0	0.0909090909090909	0	0
M31	INGX	11	9170:9180	20.7038355597359	3.17129185857668	0.0829328285237168	0.412165144337248	0.363636363636364	0.545454545454545	0	0.0909090909090909	0	0
M31	CTD-2013N17.4	11	9170:9180	20.7038355597359	3.17129185857668	0.0829328285237168	0.412165144337248	0.363636363636364	0.545454545454545	0	0.0909090909090909	0	0
M31	ARHGEF10	11	9170:9180	20.7038355597359	3.17129185857668	0.0829328285237168	0.412165144337248	0.363636363636364	0.545454545454545	0	0.0909090909090909	0	0
M31	CDS2	11	9170:9180	20.7038355597359	3.17129185857668	0.0829328285237168	0.412165144337248	0.363636363636364	0.545454545454545	0	0.0909090909090909	0	0
M31	RP11-85I17.2	11	9170:9180	20.7038355597359	3.17129185857668	0.0829328285237168	0.412165144337248	0.363636363636364	0.545454545454545	0	0.0909090909090909	0	0
M31	SRGAP3	11	9170:9180	20.7038355597359	3.17129185857668	0.0829328285237168	0.412165144337248	0.363636363636364	0.545454545454545	0	0.0909090909090909	0	0
M31	CTB-181H17.1	11	9170:9180	20.7038355597359	3.17129185857668	0.0829328285237168	0.412165144337248	0.363636363636364	0.545454545454545	0	0.0909090909090909	0	0
M49	LEP	10	9181:9190	21.197805354899	3.25986914898206	0.0703629497716979	0.474889336469677	0.7	0.1	0	0.2	0	0.1
M49	LINC00311	10	9181:9190	21.197805354899	3.25986914898206	0.0703629497716979	0.474889336469677	0.7	0.1	0	0.2	0	0.1
M49	HMGB1P8	10	9181:9190	21.197805354899	3.25986914898206	0.0703629497716979	0.474889336469677	0.7	0.1	0	0.2	0	0.1
M49	RPS26P43	10	9181:9190	21.197805354899	3.25986914898206	0.0703629497716979	0.474889336469677	0.7	0.1	0	0.2	0	0.1
M49	LRRC69	10	9181:9190	21.197805354899	3.25986914898206	0.0703629497716979	0.474889336469677	0.7	0.1	0	0.2	0	0.1
M49	MYO19	10	9181:9190	21.197805354899	3.25986914898206	0.0703629497716979	0.474889336469677	0.7	0.1	0	0.2	0	0.1
M49	CAD	10	9181:9190	21.197805354899	3.25986914898206	0.0703629497716979	0.474889336469677	0.7	0.1	0	0.2	0	0.1
M49	METTL22	10	9181:9190	21.197805354899	3.25986914898206	0.0703629497716979	0.474889336469677	0.7	0.1	0	0.2	0	0.1
M49	RP11-468E2.4	10	9181:9190	21.197805354899	3.25986914898206	0.0703629497716979	0.474889336469677	0.7	0.1	0	0.2	0	0.1
M49	IRF9	10	9181:9190	21.197805354899	3.25986914898206	0.0703629497716979	0.474889336469677	0.7	0.1	0	0.2	0	0.1
M32	SLAMF1	11	9191:9201	14.7124489791499	3.97994180530694	0.0758298048889013	0.458638379235183	0.545454545454545	0.0909090909090909	0	0.363636363636364	0	0
M32	RP11-390F4.3	11	9191:9201	14.7124489791499	3.97994180530694	0.0758298048889013	0.458638379235183	0.545454545454545	0.0909090909090909	0	0.363636363636364	0	0
M32	RP11-361M4.1	11	9191:9201	14.7124489791499	3.97994180530694	0.0758298048889013	0.458638379235183	0.545454545454545	0.0909090909090909	0	0.363636363636364	0	0
M32	ADGRG3	11	9191:9201	14.7124489791499	3.97994180530694	0.0758298048889013	0.458638379235183	0.545454545454545	0.0909090909090909	0	0.363636363636364	0	0
M32	TMC5	11	9191:9201	14.7124489791499	3.97994180530694	0.0758298048889013	0.458638379235183	0.545454545454545	0.0909090909090909	0	0.363636363636364	0	0
M32	USP32P2	11	9191:9201	14.7124489791499	3.97994180530694	0.0758298048889013	0.458638379235183	0.545454545454545	0.0909090909090909	0	0.363636363636364	0	0
M32	RP11-466F5.6	11	9191:9201	14.7124489791499	3.97994180530694	0.0758298048889013	0.458638379235183	0.545454545454545	0.0909090909090909	0	0.363636363636364	0	0
M32	CSF3R	11	9191:9201	14.7124489791499	3.97994180530694	0.0758298048889013	0.458638379235183	0.545454545454545	0.0909090909090909	0	0.363636363636364	0	0
M32	GDA	11	9191:9201	14.7124489791499	3.97994180530694	0.0758298048889013	0.458638379235183	0.545454545454545	0.0909090909090909	0	0.363636363636364	0	0
M32	RP11-34P1.1	11	9191:9201	14.7124489791499	3.97994180530694	0.0758298048889013	0.458638379235183	0.545454545454545	0.0909090909090909	0	0.363636363636364	0	0
M32	CSMD2	11	9191:9201	14.7124489791499	3.97994180530694	0.0758298048889013	0.458638379235183	0.545454545454545	0.0909090909090909	0	0.363636363636364	0	0
M24	LINC01280	12	9202:9213	18.3749597871666	3.4652346761069	0.0623128991299414	0.51068666803895	0.5	0.5	0	0	0	0
M24	POC1B-AS1	12	9202:9213	18.3749597871666	3.4652346761069	0.0623128991299414	0.51068666803895	0.5	0.5	0	0	0	0
M24	MYOM1	12	9202:9213	18.3749597871666	3.4652346761069	0.0623128991299414	0.51068666803895	0.5	0.5	0	0	0	0
M24	KCNE1	12	9202:9213	18.3749597871666	3.4652346761069	0.0623128991299414	0.51068666803895	0.5	0.5	0	0	0	0
M24	CNTN2	12	9202:9213	18.3749597871666	3.4652346761069	0.0623128991299414	0.51068666803895	0.5	0.5	0	0	0	0
M24	OSCP1	12	9202:9213	18.3749597871666	3.4652346761069	0.0623128991299414	0.51068666803895	0.5	0.5	0	0	0	0
M24	RBFOX3	12	9202:9213	18.3749597871666	3.4652346761069	0.0623128991299414	0.51068666803895	0.5	0.5	0	0	0	0
M24	RP11-35G9.3	12	9202:9213	18.3749597871666	3.4652346761069	0.0623128991299414	0.51068666803895	0.5	0.5	0	0	0	0
M24	CBR3-AS1	12	9202:9213	18.3749597871666	3.4652346761069	0.0623128991299414	0.51068666803895	0.5	0.5	0	0	0	0
M24	NAV2-AS3	12	9202:9213	18.3749597871666	3.4652346761069	0.0623128991299414	0.51068666803895	0.5	0.5	0	0	0	0
M24	PGA3	12	9202:9213	18.3749597871666	3.4652346761069	0.0623128991299414	0.51068666803895	0.5	0.5	0	0	0	0
M24	CTB-47B11.3	12	9202:9213	18.3749597871666	3.4652346761069	0.0623128991299414	0.51068666803895	0.5	0.5	0	0	0	0
M25	C2orf48	12	9214:9225	17.6782830391379	3.31791505508	0.0654616656411355	0.495047949983536	0.5	0.333333333333333	0	0.166666666666667	0	0.0833333333333333
M25	CYP17A1	12	9214:9225	17.6782830391379	3.31791505508	0.0654616656411355	0.495047949983536	0.5	0.333333333333333	0	0.166666666666667	0	0.0833333333333333
M25	OR8A3P	12	9214:9225	17.6782830391379	3.31791505508	0.0654616656411355	0.495047949983536	0.5	0.333333333333333	0	0.166666666666667	0	0.0833333333333333
M25	RP11-692C24.1	12	9214:9225	17.6782830391379	3.31791505508	0.0654616656411355	0.495047949983536	0.5	0.333333333333333	0	0.166666666666667	0	0.0833333333333333
M25	ARL15	12	9214:9225	17.6782830391379	3.31791505508	0.0654616656411355	0.495047949983536	0.5	0.333333333333333	0	0.166666666666667	0	0.0833333333333333
M25	LINC00958	12	9214:9225	17.6782830391379	3.31791505508	0.0654616656411355	0.495047949983536	0.5	0.333333333333333	0	0.166666666666667	0	0.0833333333333333
M25	COX7CP1	12	9214:9225	17.6782830391379	3.31791505508	0.0654616656411355	0.495047949983536	0.5	0.333333333333333	0	0.166666666666667	0	0.0833333333333333
M25	NEB	12	9214:9225	17.6782830391379	3.31791505508	0.0654616656411355	0.495047949983536	0.5	0.333333333333333	0	0.166666666666667	0	0.0833333333333333
M25	PCNX2	12	9214:9225	17.6782830391379	3.31791505508	0.0654616656411355	0.495047949983536	0.5	0.333333333333333	0	0.166666666666667	0	0.0833333333333333
M25	RP11-736K20.4	12	9214:9225	17.6782830391379	3.31791505508	0.0654616656411355	0.495047949983536	0.5	0.333333333333333	0	0.166666666666667	0	0.0833333333333333
M25	EBF2	12	9214:9225	17.6782830391379	3.31791505508	0.0654616656411355	0.495047949983536	0.5	0.333333333333333	0	0.166666666666667	0	0.0833333333333333
M25	DNAH6	12	9214:9225	17.6782830391379	3.31791505508	0.0654616656411355	0.495047949983536	0.5	0.333333333333333	0	0.166666666666667	0	0.0833333333333333
M50	GOLGA6L2	10	9226:9235	61.9097513684656	2.67015763739053	0.0760254765375816	0.324037365289068	0.6	0.3	0	0.1	0	0
M50	CTD-2562J17.2	10	9226:9235	61.9097513684656	2.67015763739053	0.0760254765375816	0.324037365289068	0.6	0.3	0	0.1	0	0
M50	CYP3A5	10	9226:9235	61.9097513684656	2.67015763739053	0.0760254765375816	0.324037365289068	0.6	0.3	0	0.1	0	0
M50	RP3-323A16.1	10	9226:9235	61.9097513684656	2.67015763739053	0.0760254765375816	0.324037365289068	0.6	0.3	0	0.1	0	0
M50	SRSF6	10	9226:9235	61.9097513684656	2.67015763739053	0.0760254765375816	0.324037365289068	0.6	0.3	0	0.1	0	0
M50	VRK3	10	9226:9235	61.9097513684656	2.67015763739053	0.0760254765375816	0.324037365289068	0.6	0.3	0	0.1	0	0
M50	RPS5P2	10	9226:9235	61.9097513684656	2.67015763739053	0.0760254765375816	0.324037365289068	0.6	0.3	0	0.1	0	0
M50	PHACTR1	10	9226:9235	61.9097513684656	2.67015763739053	0.0760254765375816	0.324037365289068	0.6	0.3	0	0.1	0	0
M50	NFASC	10	9226:9235	61.9097513684656	2.67015763739053	0.0760254765375816	0.324037365289068	0.6	0.3	0	0.1	0	0
M50	GPR1-AS	10	9226:9235	61.9097513684656	2.67015763739053	0.0760254765375816	0.324037365289068	0.6	0.3	0	0.1	0	0
M51	RP3-340B19.2	10	9236:9245	124.546215604086	1.97035080421238	0.0738669337909778	0.984375924300264	0.6	0	0	0.4	0	0.1
M51	RPS15A	10	9236:9245	124.546215604086	1.97035080421238	0.0738669337909778	0.984375924300264	0.6	0	0	0.4	0	0.1
M51	EEF1B2	10	9236:9245	124.546215604086	1.97035080421238	0.0738669337909778	0.984375924300264	0.6	0	0	0.4	0	0.1
M51	RPS15AP1	10	9236:9245	124.546215604086	1.97035080421238	0.0738669337909778	0.984375924300264	0.6	0	0	0.4	0	0.1
M51	EEF1B2P6	10	9236:9245	124.546215604086	1.97035080421238	0.0738669337909778	0.984375924300264	0.6	0	0	0.4	0	0.1
M51	EEF1B2P3	10	9236:9245	124.546215604086	1.97035080421238	0.0738669337909778	0.984375924300264	0.6	0	0	0.4	0	0.1
M51	NFYB	10	9236:9245	124.546215604086	1.97035080421238	0.0738669337909778	0.984375924300264	0.6	0	0	0.4	0	0.1
M51	DDX27	10	9236:9245	124.546215604086	1.97035080421238	0.0738669337909778	0.984375924300264	0.6	0	0	0.4	0	0.1
M51	MRPL42	10	9236:9245	124.546215604086	1.97035080421238	0.0738669337909778	0.984375924300264	0.6	0	0	0.4	0	0.1
M51	GPN3	10	9236:9245	124.546215604086	1.97035080421238	0.0738669337909778	0.984375924300264	0.6	0	0	0.4	0	0.1
M52	GBP1	10	9246:9255	248.963092187209	1.92252546786601	0.139539734220335	0.381746569941175	0.9	0.1	0	0	0	0
M52	NEXN	10	9246:9255	248.963092187209	1.92252546786601	0.139539734220335	0.381746569941175	0.9	0.1	0	0	0	0
M52	PDLIM3	10	9246:9255	248.963092187209	1.92252546786601	0.139539734220335	0.381746569941175	0.9	0.1	0	0	0	0
M52	MYOCD	10	9246:9255	248.963092187209	1.92252546786601	0.139539734220335	0.381746569941175	0.9	0.1	0	0	0	0
M52	LMOD1	10	9246:9255	248.963092187209	1.92252546786601	0.139539734220335	0.381746569941175	0.9	0.1	0	0	0	0
M52	CORO1C	10	9246:9255	248.963092187209	1.92252546786601	0.139539734220335	0.381746569941175	0.9	0.1	0	0	0	0
M52	MYLK	10	9246:9255	248.963092187209	1.92252546786601	0.139539734220335	0.381746569941175	0.9	0.1	0	0	0	0
M52	CELF2	10	9246:9255	248.963092187209	1.92252546786601	0.139539734220335	0.381746569941175	0.9	0.1	0	0	0	0
M52	TPM2	10	9246:9255	248.963092187209	1.92252546786601	0.139539734220335	0.381746569941175	0.9	0.1	0	0	0	0
M52	CARMN	10	9246:9255	248.963092187209	1.92252546786601	0.139539734220335	0.381746569941175	0.9	0.1	0	0	0	0
M15	MT-ND4	15	9256:9270	2165.27065223322	0.906425624000293	0.271866227101535	0.498478707305312	0.666666666666667	0	0.133333333333333	0.2	0	0
M15	MT-CYB	15	9256:9270	2165.27065223322	0.906425624000293	0.271866227101535	0.498478707305312	0.666666666666667	0	0.133333333333333	0.2	0	0
M15	MT-ND5	15	9256:9270	2165.27065223322	0.906425624000293	0.271866227101535	0.498478707305312	0.666666666666667	0	0.133333333333333	0.2	0	0
M15	MT-RNR1	15	9256:9270	2165.27065223322	0.906425624000293	0.271866227101535	0.498478707305312	0.666666666666667	0	0.133333333333333	0.2	0	0
M15	MTRNR2L12	15	9256:9270	2165.27065223322	0.906425624000293	0.271866227101535	0.498478707305312	0.666666666666667	0	0.133333333333333	0.2	0	0
M15	MT-ATP6	15	9256:9270	2165.27065223322	0.906425624000293	0.271866227101535	0.498478707305312	0.666666666666667	0	0.133333333333333	0.2	0	0
M15	MTCO1P12	15	9256:9270	2165.27065223322	0.906425624000293	0.271866227101535	0.498478707305312	0.666666666666667	0	0.133333333333333	0.2	0	0
M15	MT-RNR2	15	9256:9270	2165.27065223322	0.906425624000293	0.271866227101535	0.498478707305312	0.666666666666667	0	0.133333333333333	0.2	0	0
M15	MT-CO1	15	9256:9270	2165.27065223322	0.906425624000293	0.271866227101535	0.498478707305312	0.666666666666667	0	0.133333333333333	0.2	0	0
M15	MT-ND2	15	9256:9270	2165.27065223322	0.906425624000293	0.271866227101535	0.498478707305312	0.666666666666667	0	0.133333333333333	0.2	0	0
M15	MT-ND1	15	9256:9270	2165.27065223322	0.906425624000293	0.271866227101535	0.498478707305312	0.666666666666667	0	0.133333333333333	0.2	0	0
M15	MT-CO2	15	9256:9270	2165.27065223322	0.906425624000293	0.271866227101535	0.498478707305312	0.666666666666667	0	0.133333333333333	0.2	0	0
M15	MTND2P28	15	9256:9270	2165.27065223322	0.906425624000293	0.271866227101535	0.498478707305312	0.666666666666667	0	0.133333333333333	0.2	0	0
M15	MTND1P23	15	9256:9270	2165.27065223322	0.906425624000293	0.271866227101535	0.498478707305312	0.666666666666667	0	0.133333333333333	0.2	0	0
M15	MT-CO3	15	9256:9270	2165.27065223322	0.906425624000293	0.271866227101535	0.498478707305312	0.666666666666667	0	0.133333333333333	0.2	0	0
M53	LUM	10	9271:9280	482.20073279764	1.38277502245959	0.182436642542683	0.297447787959354	1	0	0	0	0	0
M53	C1S	10	9271:9280	482.20073279764	1.38277502245959	0.182436642542683	0.297447787959354	1	0	0	0	0	0
M53	TGFBI	10	9271:9280	482.20073279764	1.38277502245959	0.182436642542683	0.297447787959354	1	0	0	0	0	0
M53	IGFBP7	10	9271:9280	482.20073279764	1.38277502245959	0.182436642542683	0.297447787959354	1	0	0	0	0	0
M53	FSTL1	10	9271:9280	482.20073279764	1.38277502245959	0.182436642542683	0.297447787959354	1	0	0	0	0	0
M53	IFI6	10	9271:9280	482.20073279764	1.38277502245959	0.182436642542683	0.297447787959354	1	0	0	0	0	0
M53	OLFML3	10	9271:9280	482.20073279764	1.38277502245959	0.182436642542683	0.297447787959354	1	0	0	0	0	0
M53	GPC4	10	9271:9280	482.20073279764	1.38277502245959	0.182436642542683	0.297447787959354	1	0	0	0	0	0
M53	C1R	10	9271:9280	482.20073279764	1.38277502245959	0.182436642542683	0.297447787959354	1	0	0	0	0	0
M53	PSAP	10	9271:9280	482.20073279764	1.38277502245959	0.182436642542683	0.297447787959354	1	0	0	0	0	0
M54	COL12A1	10	9281:9290	1746.41594757107	1.06237124256612	0.190429804963818	0.591582432623705	1	0	0	0	0	0
M54	PRSS12	10	9281:9290	1746.41594757107	1.06237124256612	0.190429804963818	0.591582432623705	1	0	0	0	0	0
M54	LOX	10	9281:9290	1746.41594757107	1.06237124256612	0.190429804963818	0.591582432623705	1	0	0	0	0	0
M54	DCN	10	9281:9290	1746.41594757107	1.06237124256612	0.190429804963818	0.591582432623705	1	0	0	0	0	0
M54	SPARC	10	9281:9290	1746.41594757107	1.06237124256612	0.190429804963818	0.591582432623705	1	0	0	0	0	0
M54	COL1A2	10	9281:9290	1746.41594757107	1.06237124256612	0.190429804963818	0.591582432623705	1	0	0	0	0	0
M54	COL6A3	10	9281:9290	1746.41594757107	1.06237124256612	0.190429804963818	0.591582432623705	1	0	0	0	0	0
M54	COL5A2	10	9281:9290	1746.41594757107	1.06237124256612	0.190429804963818	0.591582432623705	1	0	0	0	0	0
M54	COL3A1	10	9281:9290	1746.41594757107	1.06237124256612	0.190429804963818	0.591582432623705	1	0	0	0	0	0
M54	COL1A1	10	9281:9290	1746.41594757107	1.06237124256612	0.190429804963818	0.591582432623705	1	0	0	0	0	0
M26	WARS	12	9291:9302	113.241390788014	2.20940205778059	0.100787618440921	0.545576145625234	1	0	0	0	0	0.0833333333333333
M26	DPP4	12	9291:9302	113.241390788014	2.20940205778059	0.100787618440921	0.545576145625234	1	0	0	0	0	0.0833333333333333
M26	IGFBP3	12	9291:9302	113.241390788014	2.20940205778059	0.100787618440921	0.545576145625234	1	0	0	0	0	0.0833333333333333
M26	PDE1C	12	9291:9302	113.241390788014	2.20940205778059	0.100787618440921	0.545576145625234	1	0	0	0	0	0.0833333333333333
M26	QSOX1	12	9291:9302	113.241390788014	2.20940205778059	0.100787618440921	0.545576145625234	1	0	0	0	0	0.0833333333333333
M26	EFEMP1	12	9291:9302	113.241390788014	2.20940205778059	0.100787618440921	0.545576145625234	1	0	0	0	0	0.0833333333333333
M26	PTRF	12	9291:9302	113.241390788014	2.20940205778059	0.100787618440921	0.545576145625234	1	0	0	0	0	0.0833333333333333
M26	AHRR	12	9291:9302	113.241390788014	2.20940205778059	0.100787618440921	0.545576145625234	1	0	0	0	0	0.0833333333333333
M26	CTSC	12	9291:9302	113.241390788014	2.20940205778059	0.100787618440921	0.545576145625234	1	0	0	0	0	0.0833333333333333
M26	DAB2	12	9291:9302	113.241390788014	2.20940205778059	0.100787618440921	0.545576145625234	1	0	0	0	0	0.0833333333333333
M26	ADAMTS5	12	9291:9302	113.241390788014	2.20940205778059	0.100787618440921	0.545576145625234	1	0	0	0	0	0.0833333333333333
M26	CRIM1	12	9291:9302	113.241390788014	2.20940205778059	0.100787618440921	0.545576145625234	1	0	0	0	0	0.0833333333333333
M16	ADGRL2	14	9303:9316	366.999723898684	1.44082255827812	0.0982044335428138	0.502607232883495	0.928571428571429	0.0714285714285714	0	0	0	0.142857142857143
M16	PRICKLE1	14	9303:9316	366.999723898684	1.44082255827812	0.0982044335428138	0.502607232883495	0.928571428571429	0.0714285714285714	0	0	0	0.142857142857143
M16	TXNIP	14	9303:9316	366.999723898684	1.44082255827812	0.0982044335428138	0.502607232883495	0.928571428571429	0.0714285714285714	0	0	0	0.142857142857143
M16	IGF2	14	9303:9316	366.999723898684	1.44082255827812	0.0982044335428138	0.502607232883495	0.928571428571429	0.0714285714285714	0	0	0	0.142857142857143
M16	HOXB6	14	9303:9316	366.999723898684	1.44082255827812	0.0982044335428138	0.502607232883495	0.928571428571429	0.0714285714285714	0	0	0	0.142857142857143
M16	QSER1	14	9303:9316	366.999723898684	1.44082255827812	0.0982044335428138	0.502607232883495	0.928571428571429	0.0714285714285714	0	0	0	0.142857142857143
M16	ALDH1A3	14	9303:9316	366.999723898684	1.44082255827812	0.0982044335428138	0.502607232883495	0.928571428571429	0.0714285714285714	0	0	0	0.142857142857143
M16	H19	14	9303:9316	366.999723898684	1.44082255827812	0.0982044335428138	0.502607232883495	0.928571428571429	0.0714285714285714	0	0	0	0.142857142857143
M16	RBFOX2	14	9303:9316	366.999723898684	1.44082255827812	0.0982044335428138	0.502607232883495	0.928571428571429	0.0714285714285714	0	0	0	0.142857142857143
M16	ANKRD50	14	9303:9316	366.999723898684	1.44082255827812	0.0982044335428138	0.502607232883495	0.928571428571429	0.0714285714285714	0	0	0	0.142857142857143
M16	HOXB7	14	9303:9316	366.999723898684	1.44082255827812	0.0982044335428138	0.502607232883495	0.928571428571429	0.0714285714285714	0	0	0	0.142857142857143
M16	ZFR	14	9303:9316	366.999723898684	1.44082255827812	0.0982044335428138	0.502607232883495	0.928571428571429	0.0714285714285714	0	0	0	0.142857142857143
M16	EPHA3	14	9303:9316	366.999723898684	1.44082255827812	0.0982044335428138	0.502607232883495	0.928571428571429	0.0714285714285714	0	0	0	0.142857142857143
M16	TET1	14	9303:9316	366.999723898684	1.44082255827812	0.0982044335428138	0.502607232883495	0.928571428571429	0.0714285714285714	0	0	0	0.142857142857143
M19	REV1	13	9317:9329	253.696469559301	1.28461368084727	0.079718816074695	0.796227632658013	1	0	0	0	0	0.153846153846154
M19	NBPF1	13	9317:9329	253.696469559301	1.28461368084727	0.079718816074695	0.796227632658013	1	0	0	0	0	0.153846153846154
M19	AC240274.1	13	9317:9329	253.696469559301	1.28461368084727	0.079718816074695	0.796227632658013	1	0	0	0	0	0.153846153846154
M19	RBMS1	13	9317:9329	253.696469559301	1.28461368084727	0.079718816074695	0.796227632658013	1	0	0	0	0	0.153846153846154
M19	CYBRD1	13	9317:9329	253.696469559301	1.28461368084727	0.079718816074695	0.796227632658013	1	0	0	0	0	0.153846153846154
M19	TMF1	13	9317:9329	253.696469559301	1.28461368084727	0.079718816074695	0.796227632658013	1	0	0	0	0	0.153846153846154
M19	MED13	13	9317:9329	253.696469559301	1.28461368084727	0.079718816074695	0.796227632658013	1	0	0	0	0	0.153846153846154
M19	FAT4	13	9317:9329	253.696469559301	1.28461368084727	0.079718816074695	0.796227632658013	1	0	0	0	0	0.153846153846154
M19	ATE1	13	9317:9329	253.696469559301	1.28461368084727	0.079718816074695	0.796227632658013	1	0	0	0	0	0.153846153846154
M19	ADGRL3	13	9317:9329	253.696469559301	1.28461368084727	0.079718816074695	0.796227632658013	1	0	0	0	0	0.153846153846154
M19	NID1	13	9317:9329	253.696469559301	1.28461368084727	0.079718816074695	0.796227632658013	1	0	0	0	0	0.153846153846154
M19	NSD1	13	9317:9329	253.696469559301	1.28461368084727	0.079718816074695	0.796227632658013	1	0	0	0	0	0.153846153846154
M19	NCOR1	13	9317:9329	253.696469559301	1.28461368084727	0.079718816074695	0.796227632658013	1	0	0	0	0	0.153846153846154
M20	SETD5	13	9330:9342	207.237308261929	1.18315570630568	0.0785591767397194	1.09989987850527	1	0	0	0	0	0.153846153846154
M20	BBX	13	9330:9342	207.237308261929	1.18315570630568	0.0785591767397194	1.09989987850527	1	0	0	0	0	0.153846153846154
M20	ANKRD36C	13	9330:9342	207.237308261929	1.18315570630568	0.0785591767397194	1.09989987850527	1	0	0	0	0	0.153846153846154
M20	XRN1	13	9330:9342	207.237308261929	1.18315570630568	0.0785591767397194	1.09989987850527	1	0	0	0	0	0.153846153846154
M20	TMOD3	13	9330:9342	207.237308261929	1.18315570630568	0.0785591767397194	1.09989987850527	1	0	0	0	0	0.153846153846154
M20	ANKRD36	13	9330:9342	207.237308261929	1.18315570630568	0.0785591767397194	1.09989987850527	1	0	0	0	0	0.153846153846154
M20	FMNL2	13	9330:9342	207.237308261929	1.18315570630568	0.0785591767397194	1.09989987850527	1	0	0	0	0	0.153846153846154
M20	TRIM24	13	9330:9342	207.237308261929	1.18315570630568	0.0785591767397194	1.09989987850527	1	0	0	0	0	0.153846153846154
M20	FBXO21	13	9330:9342	207.237308261929	1.18315570630568	0.0785591767397194	1.09989987850527	1	0	0	0	0	0.153846153846154
M20	ANKRD36B	13	9330:9342	207.237308261929	1.18315570630568	0.0785591767397194	1.09989987850527	1	0	0	0	0	0.153846153846154
M20	CCDC88A	13	9330:9342	207.237308261929	1.18315570630568	0.0785591767397194	1.09989987850527	1	0	0	0	0	0.153846153846154
M20	PAPOLA	13	9330:9342	207.237308261929	1.18315570630568	0.0785591767397194	1.09989987850527	1	0	0	0	0	0.153846153846154
M20	NUDT4	13	9330:9342	207.237308261929	1.18315570630568	0.0785591767397194	1.09989987850527	1	0	0	0	0	0.153846153846154
M55	EIF4BP3	10	9343:9352	184.808658786214	1.57902727074033	0.119288586282024	1.19236474747718	0.6	0	0	0.4	0	0.1
M55	SMCHD1	10	9343:9352	184.808658786214	1.57902727074033	0.119288586282024	1.19236474747718	0.6	0	0	0.4	0	0.1
M55	EIF4B	10	9343:9352	184.808658786214	1.57902727074033	0.119288586282024	1.19236474747718	0.6	0	0	0.4	0	0.1
M55	PPAT	10	9343:9352	184.808658786214	1.57902727074033	0.119288586282024	1.19236474747718	0.6	0	0	0.4	0	0.1
M55	HNRNPR	10	9343:9352	184.808658786214	1.57902727074033	0.119288586282024	1.19236474747718	0.6	0	0	0.4	0	0.1
M55	EIF4BP6	10	9343:9352	184.808658786214	1.57902727074033	0.119288586282024	1.19236474747718	0.6	0	0	0.4	0	0.1
M55	EIF4BP7	10	9343:9352	184.808658786214	1.57902727074033	0.119288586282024	1.19236474747718	0.6	0	0	0.4	0	0.1
M55	RLF	10	9343:9352	184.808658786214	1.57902727074033	0.119288586282024	1.19236474747718	0.6	0	0	0.4	0	0.1
M55	APEX1	10	9343:9352	184.808658786214	1.57902727074033	0.119288586282024	1.19236474747718	0.6	0	0	0.4	0	0.1
M55	TPT1P9	10	9343:9352	184.808658786214	1.57902727074033	0.119288586282024	1.19236474747718	0.6	0	0	0.4	0	0.1
M33	NBPF14	11	9353:9363	123.305817851192	1.3112051006801	0.319204400888789	0.51848751096543	0.818181818181818	0	0	0.181818181818182	0	0
M33	NBPF26	11	9353:9363	123.305817851192	1.3112051006801	0.319204400888789	0.51848751096543	0.818181818181818	0	0	0.181818181818182	0	0
M33	NBPF19	11	9353:9363	123.305817851192	1.3112051006801	0.319204400888789	0.51848751096543	0.818181818181818	0	0	0.181818181818182	0	0
M33	NBPF10	11	9353:9363	123.305817851192	1.3112051006801	0.319204400888789	0.51848751096543	0.818181818181818	0	0	0.181818181818182	0	0
M33	NBPF9	11	9353:9363	123.305817851192	1.3112051006801	0.319204400888789	0.51848751096543	0.818181818181818	0	0	0.181818181818182	0	0
M33	NBPF12	11	9353:9363	123.305817851192	1.3112051006801	0.319204400888789	0.51848751096543	0.818181818181818	0	0	0.181818181818182	0	0
M33	NBPF25P	11	9353:9363	123.305817851192	1.3112051006801	0.319204400888789	0.51848751096543	0.818181818181818	0	0	0.181818181818182	0	0
M33	NBPF8	11	9353:9363	123.305817851192	1.3112051006801	0.319204400888789	0.51848751096543	0.818181818181818	0	0	0.181818181818182	0	0
M33	NBPF20	11	9353:9363	123.305817851192	1.3112051006801	0.319204400888789	0.51848751096543	0.818181818181818	0	0	0.181818181818182	0	0
M33	NBPF15	11	9353:9363	123.305817851192	1.3112051006801	0.319204400888789	0.51848751096543	0.818181818181818	0	0	0.181818181818182	0	0
M33	NBPF11	11	9353:9363	123.305817851192	1.3112051006801	0.319204400888789	0.51848751096543	0.818181818181818	0	0	0.181818181818182	0	0
M56	ATAD2B	10	9364:9373	276.509783621224	1.27021917315792	0.065118780158374	0.516018030384137	1	0	0	0	0	0.1
M56	TIA1	10	9364:9373	276.509783621224	1.27021917315792	0.065118780158374	0.516018030384137	1	0	0	0	0	0.1
M56	IRF2BP2	10	9364:9373	276.509783621224	1.27021917315792	0.065118780158374	0.516018030384137	1	0	0	0	0	0.1
M56	TCF4	10	9364:9373	276.509783621224	1.27021917315792	0.065118780158374	0.516018030384137	1	0	0	0	0	0.1
M56	KLHL42	10	9364:9373	276.509783621224	1.27021917315792	0.065118780158374	0.516018030384137	1	0	0	0	0	0.1
M56	SEC31A	10	9364:9373	276.509783621224	1.27021917315792	0.065118780158374	0.516018030384137	1	0	0	0	0	0.1
M56	CADM1	10	9364:9373	276.509783621224	1.27021917315792	0.065118780158374	0.516018030384137	1	0	0	0	0	0.1
M56	KDSR	10	9364:9373	276.509783621224	1.27021917315792	0.065118780158374	0.516018030384137	1	0	0	0	0	0.1
M56	N4BP2	10	9364:9373	276.509783621224	1.27021917315792	0.065118780158374	0.516018030384137	1	0	0	0	0	0.1
M56	TTC28	10	9364:9373	276.509783621224	1.27021917315792	0.065118780158374	0.516018030384137	1	0	0	0	0	0.1
M34	MAPK10	11	9374:9384	332.877096352198	1.15452640544014	0.0905382075594233	0.420872350307719	1	0	0	0	0	0.0909090909090909
M34	CHD9	11	9374:9384	332.877096352198	1.15452640544014	0.0905382075594233	0.420872350307719	1	0	0	0	0	0.0909090909090909
M34	DDX17	11	9374:9384	332.877096352198	1.15452640544014	0.0905382075594233	0.420872350307719	1	0	0	0	0	0.0909090909090909
M34	TTC3	11	9374:9384	332.877096352198	1.15452640544014	0.0905382075594233	0.420872350307719	1	0	0	0	0	0.0909090909090909
M34	AKAP13	11	9374:9384	332.877096352198	1.15452640544014	0.0905382075594233	0.420872350307719	1	0	0	0	0	0.0909090909090909
M34	NHLRC2	11	9374:9384	332.877096352198	1.15452640544014	0.0905382075594233	0.420872350307719	1	0	0	0	0	0.0909090909090909
M34	TANC2	11	9374:9384	332.877096352198	1.15452640544014	0.0905382075594233	0.420872350307719	1	0	0	0	0	0.0909090909090909
M34	KAT6B	11	9374:9384	332.877096352198	1.15452640544014	0.0905382075594233	0.420872350307719	1	0	0	0	0	0.0909090909090909
M34	ZNF638	11	9374:9384	332.877096352198	1.15452640544014	0.0905382075594233	0.420872350307719	1	0	0	0	0	0.0909090909090909
M34	PLAGL1	11	9374:9384	332.877096352198	1.15452640544014	0.0905382075594233	0.420872350307719	1	0	0	0	0	0.0909090909090909
M34	PLEKHH2	11	9374:9384	332.877096352198	1.15452640544014	0.0905382075594233	0.420872350307719	1	0	0	0	0	0.0909090909090909
