predicted.id	prediction.score.B.CD83	prediction.score.T.TNFAIP3	prediction.score.NKT	prediction.score.B.HLA.DRB5	prediction.score.Erythrocyte.Prol	prediction.score.MPP	prediction.score.B.Prol	prediction.score.DC.Macro	prediction.score.T.GIMAP7	prediction.score.Erythrocyte	prediction.score.max
PZ_1_1-1	Erythrocyte-Prol	0.0102819478902146	0	0	0.00564248067598172	0.562295804077724	0.26815248938978	0	0	0.0245639402136541	0.129063337752646	0.562295804077724
PZ_1_1-2	MPP	0.213280849169694	0.0604592705674905	0.0214663962559973	0.12554227929887	0	0.360538134814952	0	0.00889394845815951	0.209819121434837	0	0.360538134814952
PZ_1_1-3	NKT	0	0.000154844255284507	0.996438059731197	0	0	0	0	0	0.00340709601351809	0	0.996438059731197
PZ_1_1-4	T-GIMAP7	0.0891945070863223	0.0579409695674288	0.121598333978731	0.0716847675601858	0	0.00613833814532909	0	0	0.653443083662003	0	0.653443083662003
PZ_1_1-5	B-CD83	0.485344340506439	0.0703415837735215	0.0180786969880069	0.305036363527623	0	0	0	0	0.121199015204409	0	0.485344340506439
PZ_1_1-6	B-CD83	0.40212136448196	0.126565740298541	0.190414286768096	0.18294049573861	0	0.00437169415184223	0	0.0106711814050728	0.0829152371558775	0	0.40212136448196
PZ_1_1-7	NKT	0	0.0100310043982875	0.92647235963039	0.0382658990929712	0	0	0	0	0.0146557987412124	0.0105749381371395	0.92647235963039
PZ_1_1-8	Erythrocyte	0.0741936266742561	0	0.00728913530514396	0.0244528501738677	0	0.355925040735517	0	0	0.094598024866442	0.443541322244773	0.443541322244773
PZ_1_2-1	B-CD83	0.368242477037624	0.0681412652122421	0.0348033851524925	0.276062419991806	0	0	0	0.00435586048019116	0.240186904310312	0.00820768781533226	0.368242477037624
PZ_1_2-2	B-CD83	0.375511149618239	0.0584081291567003	0.0641537668319287	0.336165733705457	0	0.0494662251848215	0	0	0.116294995502853	0	0.375511149618239
PZ_1_2-3	B-HLA-DRB5	0.120194968992455	0.0263230546190982	0.232669140608915	0.476882739191662	0	0.000963951690469111	0	0	0.1429661448974	0	0.476882739191662
PZ_1_2-5	B-HLA-DRB5	0.431686876280609	0.0277382546741765	0	0.473334731435281	0	0	0.0378266360226568	0	0.029413501587277	0	0.473334731435281
PZ_1_2-6	DC/Macro	0.00579986156827827	0.00985892827813604	0	0.00472081826437876	0	0	0	0.970245266143036	0.00699261723152029	0.00238250851465116	0.970245266143036
PZ_1_2-7	B-CD83	0.304075369600087	0.00828640867096273	0.0671951302802313	0.284893218568807	0	0.00790534155321425	0	0.0748267705868946	0.111139560677863	0.141678200061941	0.304075369600087
PZ_1_2-8	MPP	0.133186482962157	0.000718113105568513	0.0259387085222566	0.068636050955533	0.189179730737589	0.220521280134727	0	0	0.213540620195885	0.148279013386284	0.220521280134727
PZ_1_3-1	B-CD83	0.457421340650414	0.00230089767358241	0.00419126655349094	0.345886246440949	0	0.0134203190627912	0	0.0158803741620285	0.160899555456744	0	0.457421340650414
PZ_1_3-2	MPP	0.107166959049858	0.00607870726331264	0.0308439404670381	0.0204079318479724	0	0.786438228133684	0	0	0.049064233238134	0	0.786438228133684
PZ_1_3-3	MPP	0.170183596883531	0.245502527907755	0.0682684681359257	0.0926985828996804	0	0.397227448173324	0	0	0.0261193759997836	0	0.397227448173324
PZ_1_3-4	NKT	0	0.183231508067149	0.784321782574451	0	0	0	0	0	0.0324467093584008	0	0.784321782574451
PZ_1_3-5	Erythrocyte	0.219239825628944	0.0210599822697672	0.00565899523516721	0.152142466749995	0.000780853062770198	0.00591022947384535	0	0.0598815902894911	0.0164518869582314	0.518874170331789	0.518874170331789
PZ_1_3-6	MPP	0.0950108044809894	0.119337340425509	0.00523130850703478	0.101584565009624	0	0.364468480077152	0.0243654938445852	0.280605311420451	0.00939669623465491	0	0.364468480077152
PZ_1_3-7	DC/Macro	0.00242369298627761	0.00191437923590064	0	0.00188131972242706	0	0	0	0.993780608055395	0	0	0.993780608055395
PZ_1_3-8	Erythrocyte	0.326972044754095	0.000951318455431006	0.00813693312227086	0.0140618308983907	0.111280318256262	0	0	0	0.00806487839638171	0.530532676117168	0.530532676117168
PZ_1_4-1	MPP	0.0994387886232272	0.0972021293008767	0.0237533189849202	0.000894659757594299	0	0.689850615868645	0	0.0415052006856516	0.0473552867790845	0	0.689850615868645
PZ_1_4-3	NKT	0	0.216362568604451	0.409355279705745	0.025032435494316	0	0.0109902033518536	0	0	0.331410523590326	0.00684898925330847	0.409355279705745
PZ_1_4-4	B-HLA-DRB5	0.185886903387903	0.101014392571175	0.00339213834586589	0.5367321811988	0	0.0178914531426147	0	0	0.155082931353642	0	0.5367321811988
PZ_1_4-5	T-GIMAP7	0.128568971432757	0.120507328189253	0.0431680264194684	0.105233147472362	0	0.141584943389827	0	0	0.460937583096333	0	0.460937583096333
PZ_1_4-6	T-GIMAP7	0.230409051901457	0.218797221232539	0.0113963109842962	0.239682273110365	0	0	0	0	0.299715142771343	0	0.299715142771343
PZ_1_4-7	B-CD83	0.465118672758891	0.0207324456630554	0.0117792744297408	0.432556844603767	0	0	0.0304749779952344	0	0.0393377845493105	0	0.465118672758891
PZ_1_4-8	NKT	0	0.101245858981613	0.440008939788889	0.142121404907994	0.116403044018446	0.0892547239659835	0	0	0.0723103964094128	0.0386556319276631	0.440008939788889
PZ_1_5-1	B-CD83	0.577425970482729	0	0.138832183857296	0.110913617551352	0	0.0355686201252814	0.0267189644545796	0	0.110540643528762	0	0.577425970482729
PZ_1_5-2	B-CD83	0.576314297026298	0.0486039776675815	0.0858255555451355	0.0637278032812918	0	0.121787219740754	0	0	0.103741146738939	0	0.576314297026298
PZ_1_5-3	B-CD83	0.502207824121552	0.00193440306663477	0.180738001632053	0.0369416589119611	0	0.032779688567569	0.0749127674693801	0	0.17048565623085	0	0.502207824121552
PZ_1_5-4	DC/Macro	0.00542005671199086	0.00291158532016705	0	0.00612750219191308	0	0	0	0.985540855775929	0	0	0.985540855775929
PZ_1_5-5	NKT	0.000640064164924354	0.000778682768801216	0.957802958114375	0.0287808753181899	0	0	0	0	0.0040791019471952	0.00791831768651377	0.957802958114375
PZ_1_5-6	DC/Macro	0.0468671556565702	0	0	0.0385765747631426	0	0	0	0.914556269580288	0	0	0.914556269580288
PZ_1_5-7	Erythrocyte	0.0278791044808732	0	0	0.006005812133521	0.29864756151024	0.303455288570171	0	0	0.0467944892761853	0.317217744029009	0.317217744029009
PZ_1_5-8	B-CD83	0.415799498767482	0.00967343226664372	0.021475306487653	0.154229187427705	0	0.351512998593947	0	0.00360380534870563	0.0437057711078637	0	0.415799498767482
PZ_1_6-1	Erythrocyte-Prol	0.230497180274857	0	0	0.0163274773105705	0.376212013211402	0.0526065367767901	0	0	0.0024312952291476	0.321925497197233	0.376212013211402
PZ_1_6-2	B-HLA-DRB5	0.366085725654187	0.0517293424814627	0.00517480652654479	0.492330944101079	0	0	0	0	0.0846791812367268	0	0.492330944101079
PZ_1_6-3	B-CD83	0.502481338554806	0.00474331345343395	0	0.449461350646129	0	0.0187674435211228	0	0	0.0245465538245081	0	0.502481338554806
PZ_1_6-4	Erythrocyte	0.128558489272657	0	0	0.00800742868333718	0.263976312981833	0.128454334270894	0	0	0.0166770721917166	0.454326362599562	0.454326362599562
PZ_1_6-5	B-CD83	0.452205897444954	0.00374945513802289	0.0969058315602635	0.282324151261314	0	0.0025623852789805	0	0.00864557734899282	0.153606701967473	0	0.452205897444954
PZ_1_6-6	DC/Macro	0.0062593101158148	0.0842681526917868	0	0.00474634529678062	0	0.000405746293871344	0	0.835702942951929	0.068548781474203	6.87211756141332e-05	0.835702942951929
PZ_1_6-7	B-HLA-DRB5	0.385587991075175	0.000384893862599682	0.0109534828173753	0.494228413135683	0	0.00241194742027191	0	0.0241649303210362	0.0300078418906336	0.0522604994772247	0.494228413135683
PZ_1_6-8	T-GIMAP7	0.014408568675435	0.267710349133102	0	0.0121005645352905	0	0.0121005645352905	0	0	0.693679953120882	0	0.693679953120882
PZ_1_7-1	B-CD83	0.53891663118934	0.0173470338483886	0.0178783251673724	0.356051186955643	0	0.0108056095248403	0.019084938079374	0	0.0399162752350416	0	0.53891663118934
PZ_1_7-3	DC/Macro	0.000233447520880426	0.00390358940321771	0	0	0	0	0	0.995862963075901	0	0	0.995862963075901
PZ_1_7-4	T-TNFAIP3	0	0.409196728776847	0.295089235991763	0.0551181678156532	0	0.0172449759440339	0	0	0.208083949077519	0.0152669423941839	0.409196728776847
PZ_1_7-5	B-CD83	0.407239665680569	0.0214785162007337	0.0841795913165918	0.185359003381528	0	0.187678609074597	0	0	0.114064614345981	0	0.407239665680569
PZ_1_7-6	B-CD83	0.410706661182438	0.0659929396026543	0.135241174202373	0.197012744237509	0	0.0390168893224495	0	0.0111184370356774	0.1409111544169	0	0.410706661182438
PZ_1_7-7	B-CD83	0.550774234038387	0.0194695309585382	0.0300990566896115	0.225701128950386	0	0.0902527762798624	0.00337477438148747	0	0.0803284987017272	0	0.550774234038387
PZ_1_7-8	DC/Macro	0.00488578943755958	0.00204497377266165	0	0.00398644833604183	0	0	0	0.987280780620856	0.00180200783288089	0	0.987280780620856
PZ_1_8-1	B-CD83	0.705987609444395	0.0275480977567108	0.0160616393196881	0.119221740402781	0	0.026189250951581	0.0491355044625482	0	0.0558561576622953	0	0.705987609444395
PZ_1_8-2	MPP	0.110194731874765	0	0.0223358481685354	0.0826527385148189	0.161129251166985	0.46968510858841	0	0	0.143497936477258	0.010504385209228	0.46968510858841
PZ_1_8-3	B-CD83	0.76841823686012	0.0132770877527864	0.0158658801341859	0.0401165505781221	0	0	0.148535337467397	0	0.0137869072073883	0	0.76841823686012
PZ_1_8-4	T-GIMAP7	0.0270539731028266	0.273575594274838	0.0812398495080274	0.0168576486187272	0	0.0631442052935076	0	0	0.518186333644353	0.0199423955577198	0.518186333644353
PZ_1_8-5	B-CD83	0.724742967317812	0.00695854025892298	0.0456170782304847	0.105584857987649	0	0.0284666669700556	0.064328682317281	0	0.0243012069177939	0	0.724742967317812
PZ_1_8-6	T-GIMAP7	0.0219322361035128	0.116643258266898	0.0500294880256101	0.0146655606317659	0	0.0146655606317659	0	0	0.782063896340447	0	0.782063896340447
PZ_1_8-7	Erythrocyte-Prol	0.279357215539214	0.0332220476103228	0	0.0515138030851816	0.321118652327114	0.0181421124070305	0	0	0.00504594401101676	0.291600225020121	0.321118652327114
PZ_1_8-8	B-CD83	0.436705855997618	0	0.0494039715885737	0.295866684383752	0	0.0435928700251761	0	0.0114876376283243	0.0297285140983041	0.133214466278252	0.436705855997618
PZ_1_9-1	B-CD83	0.644206463335654	0.00504493582745624	0.0441318864623108	0.194868618176957	0	0	0.0698802951998553	0	0.0418678009977677	0	0.644206463335654
PZ_1_9-2	DC/Macro	0.00607098706498749	0	0	0.00495022267184095	0	0.00463835945289011	0	0.984279964740039	0	6.04660702406465e-05	0.984279964740039
PZ_1_9-3	MPP	0.384166398377485	0.160579171679702	0.0252621660510148	0.00148239784972334	0	0.423353660819859	0	0	0.00515620522221572	0	0.423353660819859
PZ_1_9-5	Erythrocyte-Prol	0.280986125067362	0	0	0.0159983880169834	0.393758847378979	0.0149121706575575	0	0	0.0131020555247959	0.281242413354323	0.393758847378979
PZ_1_9-6	DC/Macro	0.00402971777242301	0.0151364890889769	0.00169451225426082	0.00559515640594348	0	0.0277330711464491	0	0.940375162107179	0	0.00543589122476794	0.940375162107179
PZ_1_9-7	MPP	0.0600642651822683	0	0.0420377178405012	0.0386504912369436	0.11847283945513	0.594730630085077	0	0	0.144697123674202	0.00134693252587886	0.594730630085077
PZ_1_9-8	B-CD83	0.412372853648048	0.0347058217219071	0.0654373701928403	0.282638321282715	0	0.108381203388872	0	0	0.096464429765618	0	0.412372853648048
PZ_1_10-2	T-GIMAP7	0.0109445304413093	0.262534277249847	0.0456250924332035	0.00919370078616528	0	0.00919370078616528	0	0	0.66250869830331	0	0.66250869830331
PZ_1_10-3	B-CD83	0.571488027531117	0.0145586378445669	0.0488507267592553	0.346122916444925	0	0.00282694379769565	0	0	0.0161527476224402	0	0.571488027531117
PZ_1_10-4	MPP	0.130374316351515	0.0120916916716001	0.0308182147492672	0.0485996597035112	0	0.325338518030695	0	0	0.259887750126404	0.192889849367007	0.325338518030695
PZ_1_10-5	DC/Macro	0.00372867955337008	0.00340719773639174	0.00198387092125019	0.00345801237889984	0	0.0379644613041911	0	0.94905551911386	6.44349389980659e-05	0.000337824053039363	0.94905551911386
PZ_1_10-6	B-CD83	0.631907792676462	0.0166605041530893	0.044996942610241	0.26256347834941	0	0.0101416537257707	0	0.0284058573985268	0.00532377108650019	0	0.631907792676462
PZ_1_10-7	B-CD83	0.374032753670548	0.0475388756776796	0.122746530296153	0.281782136088987	0	0.0328257460390159	0	0.0132749699306739	0.127798988296943	0	0.374032753670548
PZ_1_10-8	MPP	0.280013737361807	0.00646507652451081	0.0465423917662935	0.0669546662250421	0	0.511318840384634	0.000729961699682643	0	0.08797532603803	0	0.511318840384634
PZ_1_11-1	B-CD83	0.485565622786609	0.0439218596706035	0.0497543343114899	0.238106130193513	0	0.0286613761131475	0	0.0234465593138801	0.130544117610757	0	0.485565622786609
PZ_1_11-2	T-TNFAIP3	0.0413462061529241	0.482873283470263	0.0151012510318491	0.0111264931781937	0	0.363927874395131	0.0379906516408345	0	0.0476342401308042	0	0.482873283470263
PZ_1_11-3	B-CD83	0.585838266948163	0	0.0169288201122813	0.339200897558224	0	0.0162895428055079	0.0266832136403943	0	0.015059258935429	0	0.585838266948163
PZ_1_11-4	NKT	0	0.121428827251474	0.617219183474821	0.0762768288057159	0	0.030427539223869	0	0	0.135651273015563	0.0189963482285578	0.617219183474821
PZ_1_11-5	DC/Macro	0.0104272183027131	0.017572139614981	0	0.00846009829982872	0	0	0	0.948045350892418	0.0145089459224841	0.000986246967574749	0.948045350892418
PZ_1_11-6	B-CD83	0.340730713043797	0.0339957590480529	0.0166049887400964	0.0143056466412792	0	0.288085240053207	0	0	0.0623201252325658	0.243957527241002	0.340730713043797
PZ_1_11-7	T-GIMAP7	0.0412182486203704	0.110713688196705	0.0590332948234124	0.0203339361072416	0	0.128508479134883	0	0	0.640192353117388	0	0.640192353117388
PZ_1_11-8	T-GIMAP7	0.320862677467384	0.08273067595236	0.135337082632587	0.0911715523537562	0	0	0	0	0.369898011593913	0	0.369898011593913
PZ_1_12-1	MPP	0.26681154848907	0.000439269664633039	0.0127363702971464	0.0493378799362232	0	0.568298658449573	0	0	0.102376273163354	0	0.568298658449573
PZ_1_12-2	B-CD83	0.369067762610601	0.0268117209943046	0.036322930819562	0.368347192714555	0	0.13066641893924	0	0.00632000956767834	0.0624639643540594	0	0.369067762610601
PZ_1_12-3	B-CD83	0.376815519645666	0.0503559828010288	0.0558634006151598	0.18614821907677	0	0.0625055647683886	0	0.163799730820945	0.104511582272041	0	0.376815519645666
PZ_1_12-4	Erythrocyte	0.0298741636269949	0	0.00020330605081211	0.0129976482813194	0.118799148777158	0.260376528287448	0	0	0.093736083204275	0.484013121771992	0.484013121771992
PZ_1_12-5	B-CD83	0.401460704375033	0.155382873767	0.00799601889141552	0.224713888686585	0	0.0378684568195859	0	0	0.172578057460381	0	0.401460704375033
PZ_1_12-6	B-CD83	0.307592460051082	0.203631331512277	0.0689657617432079	0.233825331527111	0	0	0	0	0.185985115166323	0	0.307592460051082
PZ_1_12-7	B-CD83	0.415200286259542	0.0311160446209549	0.0883574426943649	0.403210367893161	0	0	0	0	0.062115858531977	0	0.415200286259542
PZ_1_12-8	NKT	0	0.277800597633187	0.389365517371859	0.0708707229494961	0.0363942640493115	0.0114556298550766	0	0	0.194534584653706	0.0195786834873636	0.389365517371859
PZ_2_1-1	B-CD83	0.534696648752303	0.0417940598539036	0.00044041178003181	0.214385675275361	0	0.0312379499952548	0.0609461527987009	0	0.116499101544445	0	0.534696648752303
PZ_2_1-2	DC/Macro	0.000954874431586898	0.0158740328229783	0.0205816483282556	0	0	0.0857954834382747	0.0152105506283148	0.86158341035059	0	0	0.86158341035059
PZ_2_1-3	T-GIMAP7	0.290192683232399	0.00987079398654933	0.0444475407945083	0.0588728934259627	0.0296534776171917	0.0483929871515116	0.0108575769065762	0	0.433830066066575	0.0738819808187268	0.433830066066575
PZ_2_1-4	B-HLA-DRB5	0.265085825561914	5.36316624480194e-05	0.000705079457238782	0.733933806122459	0	2.99606504879139e-08	0	0	0.000221627235289638	0	0.733933806122459
PZ_2_1-5	B-CD83	0.517072931443255	0.0166029303662879	0.352316048285442	0.0726022683343112	0.00670963276866709	0	0.02460786897743	0	0.0100883198246073	0	0.517072931443255
PZ_2_1-6	Erythrocyte-Prol	0.0354453012571078	0.0246762080251317	0	0.00757313074846652	0.602676654768491	0.0679040253165403	0	0	0.00375517091115553	0.257969508973107	0.602676654768491
PZ_2_1-7	B-CD83	0.560327221617095	0.0296818255000275	0.0405159415103023	0.279941707125765	0	0.0700093045427719	0	0.00872151612858219	0.010802483575456	0	0.560327221617095
PZ_2_2-1	MPP	0.00510786529289273	0	0	0.0115375098614369	0.389076069317945	0.405109341927933	0	0	0.0505196681915126	0.138649545408279	0.405109341927933
PZ_2_2-2	DC/Macro	0.00190928788492074	0	0	0.00155540111496181	0	0	0	0.996535311000118	0	0	0.996535311000118
PZ_2_2-3	B-CD83	0.470464018594073	0.0546040291183682	0.0442786023237917	0.0398491793207794	0.0357617364708508	0.00607839587212697	0.00134630791819277	0	0.110104722050132	0.237513008331685	0.470464018594073
PZ_2_2-4	DC/Macro	0.264441366528895	0.158555253189517	0.016693978867471	0.000449049834539225	0	0.0358376513889809	0.00343250865639037	0.520315473113027	0.00027471842117991	0	0.520315473113027
PZ_2_2-5	DC/Macro	0	0	0	0	0	0	0	1	0	0	1
PZ_2_2-6	NKT	0.0153550154766466	0.200391362669866	0.614934721883921	0.0317290612513541	0	0.00604467916789551	0	0	0.131545159550317	0	0.614934721883921
PZ_2_2-7	Erythrocyte-Prol	0.0191936671422558	0	0	0	0.66661511339894	0.229947232984926	0	0	0.0181000739485018	0.0661439125253769	0.66661511339894
PZ_2_2-8	B-CD83	0.280010265825595	0.112729691817547	0.0445995815532982	0.112737810048961	0.0627157130823949	0.26172418267145	0.0114005042887367	0	0.0579059667062023	0.0561762840058148	0.280010265825595
PZ_2_3-1	B-CD83	0.691419931060737	0.035314697240698	0	0.0579651908326037	0	0.0293408632247557	0.132210149313065	0	0.0537491683281417	0	0.691419931060737
PZ_2_3-2	B-HLA-DRB5	0.108040865979438	0.00664517116371647	0.00395497463633202	0.866052974346329	0	0	0	0	0.015306013874184	0	0.866052974346329
PZ_2_3-3	B-CD83	0.667432199790607	0.0217632210014248	0.0286273260094279	0.23022100450911	0	0	0.030614167338138	0.00354173144510258	0.0178003499061896	0	0.667432199790607
PZ_2_3-4	T-TNFAIP3	0.0216034850694227	0.464544307562596	0.104969985039583	0.0583534576198343	0	0.143470082559913	0.0359510063360621	0	0.171107675812588	0	0.464544307562596
PZ_2_3-5	B-CD83	0.409217818350906	0.0347511913430019	0.2250673588864	0.191112214066251	0	0.00435192649378229	0.0234963140321476	0	0.0835484604049593	0.0284547164225523	0.409217818350906
PZ_2_3-6	T-GIMAP7	0.0913763824655094	0.393336835421476	0.0935025250849376	0.00926420570762428	0	0.00800271170285452	0.00177424124477677	0	0.394730614719169	0.00801248365365211	0.394730614719169
PZ_2_3-7	MPP	0.0359623911410359	0.00440314615299068	0.0131043317442535	0.0129135413111508	0	0.905125788594707	0	0	0.0284908010558621	0	0.905125788594707
PZ_2_3-8	T-TNFAIP3	0	0.549204895802989	0	0	0	0	0	0	0.450795104197011	0	0.549204895802989
PZ_2_4-1	T-GIMAP7	0.00287782132628085	0.271480294693707	0.211689770756201	0.00872661208525162	0	0.128373240194154	0	0	0.376852260944406	0	0.376852260944406
PZ_2_4-2	B-CD83	0.625780923749191	0.0258485014574282	0.0529082016895453	0.162376197413489	0	0.00445350492422387	0.118990579565753	0.00388118002178619	0.00576091117858272	0	0.625780923749191
PZ_2_4-3	B-HLA-DRB5	0.370813878659041	0.0152297359614426	0	0.580742907624102	0	0	0	0	0.00585157268737198	0.0273619050680433	0.580742907624102
PZ_2_4-4	MPP	0.300116238960437	0.0477984962252723	0.0778101391681126	0.0580995056044742	0.0550711098648187	0.38960497437037	0.0124425914761905	0	0.0264115010196659	0.0326454433106585	0.38960497437037
PZ_2_4-5	B-CD83	0.469083457058188	0.138551270261675	0.123408283233381	0.071953333380086	0.065169649422066	0.00847224456396137	0.00177016591672366	0.00088154683720062	0.0614316362148892	0.0592784131118293	0.469083457058188
PZ_2_4-6	B-CD83	0.257311246834043	0.15248732506491	0.189740953152615	0.077046126030388	0.046041767908526	0.211059186941423	0	0	0.0654675189297074	0.00084587513838765	0.257311246834043
PZ_2_4-7	B-CD83	0.622333199283926	0.1296641483178	0.0627376258624946	0.149803601276136	0	0.0139274047631412	0.00217036846528315	0	0.0193636520312191	0	0.622333199283926
PZ_2_4-8	T-TNFAIP3	0	0.68682161072449	0.0318663885176257	0	0	0	0	0	0.281312000757884	0	0.68682161072449
PZ_2_5-1	NKT	0	0.0149724684541223	0.971002157428061	0	0	0	0	0	0.0140253741178169	0	0.971002157428061
PZ_2_5-2	DC/Macro	0.00134050516128097	0.00127956704150792	0.0217267477730908	0.00102939796992025	0	0.0249676858652572	0.00741788297474425	0.942238213214198	0	0	0.942238213214198
PZ_2_5-3	B-CD83	0.565575394179599	0.107069602092217	0.0041632214133993	0.197156076820092	0	0.0273802823931806	0.0484423373090349	0	0.0502130857924764	0	0.565575394179599
PZ_2_5-4	B-CD83	0.796629937895479	0	0.00966089382537952	0.0413380791074562	0	0.00633182082191086	0.0120035153322696	0.127314262537634	0.00672149047987156	0	0.796629937895479
PZ_2_5-5	Erythrocyte	0.236701848842648	0.0611065330477212	0.0644512646929912	0.0966781787956068	0.0757595599762437	0.0517478641758994	0.0115330944016516	0	0.098324858903649	0.303696797163589	0.303696797163589
PZ_2_5-6	Erythrocyte-Prol	0.0753319088809767	0	0	0.0011801648465828	0.670248580778977	0.221600680750763	0	0	0.014022445557072	0.0176162191856293	0.670248580778977
PZ_2_5-7	B-CD83	0.866099199441871	0.0296414189827072	0.0161763392958748	0.043110903160992	0	0	0.00772340782142522	0.0298318664148842	0.00741686488224507	0	0.866099199441871
PZ_2_5-8	T-TNFAIP3	0.259414045228495	0.481775248403491	0.0165199643809978	0.0376481249644605	0.0898706621488185	0.0154157757011853	0.0034244868097855	0	0.0793354873290893	0.0165962050336779	0.481775248403491
PZ_2_6-1	B-CD83	0.46418521253299	0.0164161558202811	0.000515665087588938	0.0862262549290456	0	0.144904891063941	0.140789656328861	0	0.146962164237292	0	0.46418521253299
PZ_2_6-3	B-CD83	0.353777806636997	0.151589808323004	0.0164998293824325	0.327931660750786	0	0.00427133819337925	0	0	0.145929556713401	0	0.353777806636997
PZ_2_6-4	B-CD83	0.873303101697003	0.00187140181469166	0.0148419192559418	0.0886296426326853	0	0	0.00948696613162642	0.011866968468052	0	0	0.873303101697003
PZ_2_6-5	B-CD83	0.761162255998735	0.00410259410949423	0.0474969441843804	0.129573565429225	0	0	0.0344285354752413	0.00395439135919941	0.0192817134437246	0	0.761162255998735
PZ_2_6-6	B-CD83	0.459811133197667	0.11496860185196	0.170035624844126	0.142882820148779	0	0.0119805946609595	0.0775701829772793	0.00119088899455378	0.0215601533246764	0	0.459811133197667
PZ_2_6-7	B-CD83	0.635838259457299	0.0951324711255687	0.0588469546537636	0.146218647895339	0	0.0157815056011198	0	0	0.0481821612669091	0	0.635838259457299
PZ_2_6-8	DC/Macro	0.00310708355155073	0.0488256561154828	0.0184668439324595	0	0	0.0357456726174628	0.013690629950718	0.880164113832326	0	0	0.880164113832326
PZ_2_7-1	B-CD83	0.29519393294822	0.111318249662658	0.0766863916711792	0.129940573956463	0.0193488420437606	0.0236985999429601	0.00527095716489547	0	0.189333032165325	0.149209420444538	0.29519393294822
PZ_2_7-2	NKT	0.0884075486186791	0.00249461021089454	0.8802790421594	0	0	0.0282050735318942	0	0	0.000613725479132519	0	0.8802790421594
PZ_2_7-3	T-TNFAIP3	0.179881551641369	0.231454072726996	0.0738390659316334	0.127215022005056	0.0628227147164417	0.188901958136893	0.0182564933465812	0	0.0509492845464253	0.0666798369486039	0.231454072726996
PZ_2_7-4	NKT	0.00863839112265563	0.0159933655675153	0.910573186979721	0.0218822492797856	0	0.00761326864903344	0	0	0.035299538401289	0	0.910573186979721
PZ_2_7-5	B-CD83	0.375273944311857	0.155176598656582	0.366024360105272	0.0698210546322303	0	0.0132808525316938	0.00630646300535344	0.0141167267570119	0	0	0.375273944311857
PZ_2_7-6	B-CD83	0.742683542326201	0.0210570021704682	0.011495914061022	0.0441503426990564	0	0.00389844091373189	0.150795539508873	0	0.0259192183206474	0	0.742683542326201
PZ_2_7-7	DC/Macro	0.00115281666566368	0.0105274328246853	0	0.000422145543362238	0	0	0	0.987897604966288	0	0	0.987897604966288
PZ_2_7-8	T-GIMAP7	0.00123177968670064	0.303697101842678	0.282843776120786	0	0	0	0	0	0.412227342349836	0	0.412227342349836
PZ_2_8-1	B-CD83	0.362956562216975	0.0162260308954484	0.0228835670035508	0.172916886152774	0	0	0.167668233743634	0	0.257348719987619	0	0.362956562216975
PZ_2_8-2	B-CD83	0.46484969558043	0.0667712673332429	0.271745278529349	0.00314590047137096	0.0153166241263389	0.0711609613666835	0	0	0.107010272592585	0	0.46484969558043
PZ_2_8-3	B-CD83	0.358434037093844	0.27459992913051	0.1301618100797	0.0778224391666875	0.0183407465830019	0.0505249256278616	0.00450493247692197	0	0.0689498214566448	0.0166613583848273	0.358434037093844
PZ_2_8-4	NKT	0	0.00431852786570778	0.973659284922723	0	0	0	0	0	0.0220221872115696	0	0.973659284922723
PZ_2_8-5	B-CD83	0.421678389139485	0.0488871557115572	0.167938158637345	0	0.043632024468725	0	0	0	0.0738883658307012	0.243975906212186	0.421678389139485
PZ_2_8-6	T-TNFAIP3	0.084795826734842	0.583853933469753	0.103199102100159	0.00313242409786024	0.000585975908888167	0.000902671356743757	0	0	0.223530066331755	0	0.583853933469753
PZ_2_8-7	B-CD83	0.831098242413814	0.0140705098341256	0.000537990801446258	0.105628112182004	0	0	0.0323127629447707	0.0113331609270127	0.00501922089682746	0	0.831098242413814
PZ_2_8-8	DC/Macro	0.000551466474371216	0.00911885253308688	0.0640369178539762	0	0	0.112235081293133	0.0487025048480933	0.765355176997339	0	0	0.765355176997339
PZ_2_9-1	DC/Macro	0.000541268911498003	0.0118870458392504	0.0497669459619057	0.000624657404003908	0	0.0466878203782049	0	0.890308333157392	0.000183928347743592	0	0.890308333157392
PZ_2_9-2	NKT	0.1589908258808	0.108823867578335	0.327868892383245	0.115892595021901	0.0101968700016149	0.119990790309706	0	0	0.101941265221343	0.0562948936030551	0.327868892383245
PZ_2_9-4	MPP	0.0023247697575116	0	0.00499191417852571	0.000310618574235071	0	0.991594627665046	0	0	0.000778069824681172	0	0.991594627665046
PZ_2_9-5	T-TNFAIP3	0.193813372841916	0.659392847360622	0	0.111848371731109	0	0.0018401527670433	0	0.0125639218370036	0.0205413334623068	0	0.659392847360622
PZ_2_9-6	B-CD83	0.603734637682992	0.0124855981778896	0.00352935798874294	0.285904583914093	0	0	0.0680417996497517	0	0.0263040225865307	0	0.603734637682992
PZ_2_9-7	B-CD83	0.67379896346408	0.0408764522212458	0.00961974945497149	0.188311681574943	0	0.0212651838007597	0.030308768063772	0.00941881630141508	0.0264003851188131	0	0.67379896346408
PZ_2_9-8	Erythrocyte-Prol	0.0396591621892534	0.0961982746705205	0	0.00146084224762232	0.577803662416899	0.0434821688389428	0	0	0.0147371868175148	0.226658702819248	0.577803662416899
PZ_2_10-1	T-TNFAIP3	0.233473808107962	0.322513761204138	0.25518435061647	0	0	0	0	0	0.18882808007143	0	0.322513761204138
PZ_2_10-2	B-CD83	0.840806726965805	0.0249358729365211	0.0888087278129431	0.0393782395716636	0	0.00607043271306729	0	0	0	0	0.840806726965805
PZ_2_10-3	B-CD83	0.59218838758419	0.146668158618746	0.0028019571872153	0.0110601561984685	0	0	0.0242538856997043	0	0.223027454711676	0	0.59218838758419
PZ_2_10-4	DC/Macro	0	0.00049876946865675	0	0	0	0.0310831481453066	0	0.968418082386037	0	0	0.968418082386037
PZ_2_10-5	NKT	0.0180936324594079	0.0602478911322303	0.624512634717127	0	0	0.228569303263383	0	0	0.0685765384278519	0	0.624512634717127
PZ_2_10-6	B-CD83	0.623502017492779	0	0	0.130217623425897	0	0.141107724658284	0.0912872365179353	0	0.0138853979051044	0	0.623502017492779
PZ_2_10-7	T-GIMAP7	0	0.422362376165709	0	0	0	0	0	0	0.577637623834291	0	0.577637623834291
PZ_2_10-8	NKT	0.29932912015161	0	0.700600056937151	0	0	0	0	0	7.08229112384093e-05	0	0.700600056937151
PZ_2_11-2	NKT	0.0924635392487893	0.00883561487737984	0.620088892659332	0.027211046421151	0	0.209730794134987	0	0	0.0416701126583613	0	0.620088892659332
PZ_2_11-3	MPP	0.0070089299737394	0.0675497881109485	0.00803273179194708	0	0	0.781365246053143	0	0	0.136043304070222	0	0.781365246053143
PZ_2_11-4	B-CD83	0.628473839823065	0.0112334190993088	0.0441630854954522	0.202171639953763	0	0.0154947844679056	0.0410375287872521	0	0.0574257023732533	0	0.628473839823065
PZ_2_11-5	B-CD83	0.486465483722991	0.0187512873804498	0.000818124936898863	0.462213681878391	0	0	0.0155117856000774	0	0.0162396364811922	0	0.486465483722991
PZ_2_11-6	B-CD83	0.61983293818232	0.0337629727554802	0.00903206446931249	0.298883733633696	0	0	0.0243443635542927	0.0108748768498126	0.00326905055508611	0	0.61983293818232
PZ_2_11-7	B-CD83	0.584823458334022	0.00200761809707598	0.00402311619362257	0.400802486608212	0	0.0025338505806711	0	0.00139872664355536	0.00441074354284172	0	0.584823458334022
PZ_2_11-8	B-HLA-DRB5	0.414435799455906	0	0.000983668507877178	0.564084075240347	0	0	0	0.0204412161686308	5.524062723901e-05	0	0.564084075240347
PZ_2_12-1	DC/Macro	2.05062479543272e-05	0.000343992639308879	0	0	0	0	0	0.999635501112737	0	0	0.999635501112737
PZ_2_12-2	DC/Macro	0.026662590137649	0.0543908703951188	0.0101385568630721	0.000731813514532159	0	0.0901458002558428	0	0.817198555319253	0.000731813514532159	0	0.817198555319253
PZ_2_12-3	B-CD83	0.448019124750112	0	0.0401407983711256	0.363144701763717	0	0.0730139470099071	0	0	0.0756814281051385	0	0.448019124750112
PZ_2_12-4	DC/Macro	0	0.00241410031921069	0	0.000128660923805638	0	0.0212177185027264	0	0.976143423300597	0	9.60969536600728e-05	0.976143423300597
PZ_2_12-5	T-GIMAP7	0	0.41617191035122	0	0	0	0	0	0	0.583828089648781	0	0.583828089648781
PZ_2_12-6	B-CD83	0.313550562387982	0.0579992473754078	0.278188288018908	0.106641276528589	0.00411720845698435	0	0.00402882270544014	0	0.136515330476458	0.0989592640502314	0.313550562387982
PZ_2_12-7	MPP	0.062000404223216	0	0.0250474510421196	0.0467718945837634	0.260122650815358	0.518854231564427	0	0	0.0683830866241512	0.0188202811469653	0.518854231564427
PZ_2_12-8	B-CD83	0.456697844723825	0.0598614751918967	0	0.381744010910785	0	0.00409481549606769	0.0692609595086263	0.000616179401100451	0.0277247147676987	0	0.456697844723825
PZ_3_1-1	DC/Macro	0	0	0	0	0	0	0	1	0	0	1
PZ_3_1-2	MPP	0.118750081032449	0.102661841085041	0.020093414103037	0.0975905473487979	0.0537105934597983	0.569117925244191	0	0	0.0120444595765064	0.0260311381501805	0.569117925244191
PZ_3_1-3	DC/Macro	0	0	0.00435621770064864	0	0	0.00848212642461061	0.00321656811249091	0.983945087762249	0	0	0.983945087762249
PZ_3_1-5	B-CD83	0.74126374396776	0.015107394443686	0.0278868522191541	0.0403568259985046	0	0.156827328326177	0.00188326097266365	0	0.0166745940720545	0	0.74126374396776
PZ_3_1-7	B-CD83	0.610345366888622	0.00297440223206189	0.00280013441263058	0.383683844456322	0	0	0	0	0.00019625201036451	0	0.610345366888622
PZ_3_1-8	Erythrocyte	0.112945831062719	0	0	0.121397939421573	0.268628945315619	0.0479440451382915	0	0	0.0034304557429371	0.445652783318861	0.445652783318861
PZ_3_2-1	MPP	0.0621684802595627	0.00685870931747852	0.0561672888239352	0.0349476186577468	0.128220739150308	0.627916555076659	0	0	0.0837206087143096	0	0.627916555076659
PZ_3_2-2	B-CD83	0.846331091154013	0.00849651363579215	0.040866848029171	0.049750764592177	0	0.00635629523836665	0.0391359531979795	0.00109038791920536	0.00797214623329506	0	0.846331091154013
PZ_3_2-3	B-CD83	0.446283774667383	0.0921255864613554	0.01618428129207	0.326078345312261	0	0.0654667448621305	0	0	0.0538612674047997	0	0.446283774667383
PZ_3_2-4	B-HLA-DRB5	0.143614565907553	0	0.00563970782659996	0.84258190058281	0	0.00621532680355429	0	0	0.00194849887948318	0	0.84258190058281
PZ_3_2-5	NKT	0.124599060374724	0.0104238256631423	0.852954608912554	0	0	0	0	0	0.0120225050495797	0	0.852954608912554
PZ_3_2-6	T-GIMAP7	0	0.270316851082451	0.160235831017061	0	0	0	0	0	0.569447317900488	0	0.569447317900488
PZ_3_2-7	B-CD83	0.530785185282102	0.0535051565732994	0.0722975847445196	0.280618522432388	0	0	0.0323907135167166	0.00522132578966168	0.0251815116613134	0	0.530785185282102
PZ_3_2-8	DC/Macro	0	0	0.00204471731730872	0	0	0.00400259648061171	0.00150759108010206	0.992445095121977	0	0	0.992445095121977
PZ_3_3-1	DC/Macro	0	0.0158263643609218	0.00676049040697756	0.000451268420154057	0	0.0152193566732374	0	0.96026328677226	0	0.00147923336644806	0.96026328677226
PZ_3_3-2	NKT	0.000701117351009438	0	0.999298882648991	0	0	0	0	0	0	0	0.999298882648991
PZ_3_3-3	B-CD83	0.649372485368733	0.0410950875347378	0.0107272044099449	0.218636163986051	0	0	0.00681496359904527	0	0.0733540951014876	0	0.649372485368733
PZ_3_3-4	MPP	0	0.0174051035637038	0.00253011347971557	0.00404933879160451	0	0.973479900704094	0	0	0.00253554346088198	0	0.973479900704094
PZ_3_3-5	T-GIMAP7	0	0.307177366957126	0.000243547613982645	0	0	0	0	0	0.692579085428891	0	0.692579085428891
PZ_3_3-6	DC/Macro	0.000238344998798349	0.00397811204070609	0.0184079577585825	0	0	0.0351884906046645	0.0136612034104034	0.928525891186844	0	0	0.928525891186844
PZ_3_3-7	B-HLA-DRB5	0.284374797495575	0.0047557925236448	0.000232515402979889	0.691391127874771	0	0	0	8.93221153015109e-05	0.0191564445877289	0	0.691391127874771
PZ_3_3-8	Erythrocyte	0.0520695617082901	0.00395012468240598	0.00472360392426798	0.013349602129166	0.194273467490561	0.00398658936957613	0.000884766077415966	0	0.0152581356072916	0.711504149011025	0.711504149011025
PZ_3_4-1	B-CD83	0.306687074957415	0.14275689977736	0.0407630545456541	0.122122420760662	0.102762820276477	0.111808734771867	0.0103043884349086	0	0.100170404235583	0.0626242022400743	0.306687074957415
PZ_3_4-2	Erythrocyte-Prol	0.0162500371261193	0	0	0	0.744250816654647	0.213474016920046	0	0	0.0121848080974113	0.0138403212017764	0.744250816654647
PZ_3_4-3	Erythrocyte	0.126745865251038	0.00198570802042931	0.0285066265126778	0.0507390584498467	0.154633958546492	0.00782671619457857	0.00173799150536015	0	0.0274500761664089	0.600373999353169	0.600373999353169
PZ_3_4-4	MPP	0.00622982217593476	0	0.00832094979193524	0	0	0.980258084929959	0	0	0.00519114310217125	0	0.980258084929959
PZ_3_4-5	B-CD83	0.331621824446873	0.0682475956375969	0.0815686115100392	0.105011765222205	0.0365176402466708	0.277311929152554	0.000479252394577982	0	0.0466368929355719	0.0526044884539116	0.331621824446873
PZ_3_4-6	NKT	0	0	0.997288619180972	0	0	0	0	0	0.00271138081902775	0	0.997288619180972
PZ_3_4-7	DC/Macro	0.000219648691839871	0.00366308218285609	0.0035339234988678	0	0	0.00690378795658424	0.00260703897629737	0.983072518693554	0	0	0.983072518693554
PZ_3_4-8	NKT	0	0	0.999918808896726	0	0	0	0	0	8.11911032742157e-05	0	0.999918808896726
PZ_3_5-1	Erythrocyte	0.291330121854393	0.0821299953428978	0.0759271562332483	0.0858865701460608	0.00757143700165036	0.024582786257468	0.00546036781917112	0	0.0886055990976156	0.338505966247495	0.338505966247495
PZ_3_5-2	B-CD83	0.416303914584112	0.125116232334208	0.186326526503315	0.0947048422877819	0.0200038229278878	0.0561206168118633	0.0161599443364053	0	0.0682281572874249	0.0170359429270021	0.416303914584112
PZ_3_5-3	NKT	0.0628218769197847	0.00115007226286506	0.881952026186856	0.0254339589711789	0	0	0	0	0.0286420656593155	0	0.881952026186856
PZ_3_5-4	B-CD83	0.734551100589335	0.0498607833413654	0	0.034669988487404	0	0	0.0330478953459469	0.0102456931728993	0.137624539063049	0	0.734551100589335
PZ_3_5-5	B-CD83	0.592650235960447	0.0577201718639536	0.181627987642054	0.0530688750932338	0.0541128193162619	0.0196914665188514	0.0106594125652055	0	0.0304690310399929	0	0.592650235960447
PZ_3_5-6	NKT	0	0.22028842468192	0.623372410940267	0	0	0	0	0	0.156339164377813	0	0.623372410940267
PZ_3_5-7	Erythrocyte-Prol	0.0132735300522146	0	0	0.00430768927424037	0.710677159018019	0.244143314629109	0	0	0.0186822380895383	0.00891606893687892	0.710677159018019
PZ_3_5-8	B-HLA-DRB5	0.462531710107534	0.0127334019578447	0	0.510278577438453	0	0.00366465604687771	0	0.0107916544492903	0	0	0.510278577438453
PZ_3_6-1	B-CD83	0.737220957631139	0	0.00615140941173016	0.181104839515425	0	0.041312587735367	0.0179887673214758	0	0.0162214383848622	0	0.737220957631139
PZ_3_6-2	DC/Macro	0.27342559688795	0	0	0.25848399838006	0	0.0024970089029325	0	0.462599352255237	0.00299404357382153	0	0.462599352255237
PZ_3_6-3	DC/Macro	0.0025676203308625	0.146632151042507	0.00548190196638949	0.00449544367022807	0	0.104675415324087	0	0.733183514311581	0.00296395335434485	0	0.733183514311581
PZ_3_6-4	B-CD83	0.782881424742437	0.0213394868710583	0.00271260823294963	0.1927529806305	0	0	0.000313499523055242	0	0	0	0.782881424742437
PZ_3_6-5	Erythrocyte-Prol	0.168702104228175	0.0219864460161097	0.0436020342925447	0.0383568146837411	0.658140544304048	0.000379872106200044	0	0	0.0560387474318357	0.0127934369373455	0.658140544304048
PZ_3_6-6	B-CD83	0.528789734424977	0.0219591373655387	0.0496948096855704	0.164717358584582	0	0.0119254962135301	0	0.222913463725802	0	0	0.528789734424977
PZ_3_6-7	T-GIMAP7	0	0.39454535294213	0.0224887495083804	0	0	0	0	0	0.58296589754949	0	0.58296589754949
PZ_3_6-8	MPP	0.00485973786446741	0	0.00222892206009611	0.000304574482313838	0	0.992224844818413	0	0	0.000381920774709937	0	0.992224844818413
PZ_3_7-1	B-HLA-DRB5	0.0959039436700112	0.11654817683826	0.00911585487220905	0.359735444525731	0	0.149614088231844	0.0948480080630071	0.153353012972203	0.0208814708267343	0	0.359735444525731
PZ_3_7-2	DC/Macro	5.85581594873639e-05	0.0385137216618952	0.0065197176285351	0.000841101902805363	0	0.150785968073995	0	0.802542451207838	0.000738481365444501	0	0.802542451207838
PZ_3_7-3	B-CD83	0.567127004986592	0.0454625784114565	0.0346150224426099	0.256415740676346	0	0	0	0	0.0963796534829955	0	0.567127004986592
PZ_3_7-4	NKT	0.000783354355299198	0.00482717981002088	0.98846792810248	0	0	0	0	0	0.00592153773219995	0	0.98846792810248
PZ_3_7-5	MPP	0.189906556215745	0.107173633525152	0.207969154221181	0.0453899541396526	0	0.326949745965303	0.0225760479238986	0	0.0878225457686505	0.0122123622404177	0.326949745965303
PZ_3_7-6	Erythrocyte	0.16141161753273	0.135615323901276	0.0615127299640839	0.164649471748902	0	0.0924584736053687	0.0319879274854671	0	0.102147954745256	0.250216501016916	0.250216501016916
PZ_3_7-7	B-CD83	0.881794909914799	0.00929976038812848	0	0.105770200596088	0	0	0	0.00293502780277001	0.000200101298213847	0	0.881794909914799
PZ_3_7-8	MPP	0.00208098872876574	0	0.00165010579587992	8.70251291394201e-05	0	0.996072767694551	0	0	0.000109112651664092	0	0.996072767694551
PZ_3_8-1	B-CD83	0.556025180308541	0.00243229038076618	0.00034094159906154	0.43792691208011	0	0	0	0	0.00327467563152061	0	0.556025180308541
PZ_3_8-2	B-CD83	0.600327600093678	0.0339797089536994	0.148315495716795	0.0776542873822101	0	0	0.111802023406338	0	0.0279208844472792	0	0.600327600093678
PZ_3_8-3	NKT	0	3.61085607505752e-05	0.997059240197083	0	0	0	0	0	0.00290465124216683	0	0.997059240197083
PZ_3_8-4	Erythrocyte-Prol	0.0190414791864478	0	0	0	0.920542395757651	0.0327513530259204	0	0	0.000491724409914353	0.0271730476200661	0.920542395757651
PZ_3_8-5	MPP	0.242298607521152	0	0.0208113391897872	0.0320303722151672	0.093789552912911	0.532086179340366	0	0	0.0648005819725648	0.0141833668480517	0.532086179340366
PZ_3_8-6	Erythrocyte	0.0976643428081159	0.000879648601070561	0.00737592215806654	0.00780573875166419	0.0286161280538662	0.00364926737119218	0	0	0.0162674397092156	0.837741512546809	0.837741512546809
PZ_3_8-7	B-Prol	0.161033603959233	0.116362839978375	0.0548931869865566	0.104851562912505	0	0.0784336912306058	0.437982234001472	0	0.0464428809312525	0	0.437982234001472
PZ_3_8-8	NKT	0.00266679708347406	0.00910726535959725	0.923120694126929	0	0	0	0	0	0.0651052434299994	0	0.923120694126929
PZ_3_9-1	B-CD83	0.657935232062062	0.00724432296129672	0.059695255445217	0.267051969891004	0	0.00510771808628142	0	0	0.00296550155413936	0	0.657935232062062
PZ_3_9-2	T-TNFAIP3	0.00614191134376184	0.513303154214717	0.00913693194197795	0	0	0	0	0	0.471418002499544	0	0.513303154214717
PZ_3_9-3	B-CD83	0.324022920780102	0.18205539496128	0.189321910697934	0.073617637915383	0	0	0	0	0.230982135645301	0	0.324022920780102
PZ_3_9-4	MPP	0.0366102009680442	0.182353096089171	0.256323639325757	0.00866202610450525	0.0481196598861796	0.421319301705077	0	0	0.0466120759212664	0	0.421319301705077
PZ_3_9-5	B-CD83	0.663200516451666	0.130219692545504	0.0909348771538231	0.0516424591035798	0.00471601243952072	0.0125949134284802	0.00108291846254922	0.0288095843323495	0.016799026082528	0	0.663200516451666
PZ_3_9-6	Erythrocyte-Prol	0.0123724031390535	0	0.00209376101904671	0.00752772946843534	0.462329517396144	0.379798767733642	0	0	0.0408724128270008	0.0950054084166779	0.462329517396144
PZ_3_9-7	DC/Macro	0.000408535716589403	0.00678269770886938	0	0	0	0	0	0.992808766574541	0	0	0.992808766574541
PZ_3_9-8	B-CD83	0.302518927397043	0.192183714337256	0.0601701532296195	0.243980185921248	0.0415245727655313	0.0298957634729224	0.00663855420297548	0	0.0344076793777786	0.0886804492956262	0.302518927397043
PZ_3_10-1	Erythrocyte-Prol	0.0310209852644461	0	0.00413281756915998	0.0208998493000549	0.466308512470965	0.419196727617985	0	0	0.0477061558444373	0.0107349519329514	0.466308512470965
PZ_3_10-2	T-TNFAIP3	0.343072489058682	0.396451863453957	0.0649675000412386	0.18934125008481	0	0.000916001356590001	0.00485062020550594	0.000400275799216898	0	0	0.396451863453957
PZ_3_10-3	B-CD83	0.352159807146574	0.263129663071727	0.000643543409768059	0.127903784014945	0	0	0.0192508354879964	0	0.23691236686899	0	0.352159807146574
PZ_3_10-4	B-CD83	0.414780338179649	0.101562628079762	0.0154523287887332	0.0797614104626641	0.0636559259891605	0.0595159568489961	0.0134545254807895	0	0.0851464090511052	0.166670477119141	0.414780338179649
PZ_3_10-5	NKT	0.0305220517846191	0.000544459984409427	0.931299988624929	0.0167107058448574	0	0.00207513233692099	0	0	0.018847661424264	0	0.931299988624929
PZ_3_10-6	DC/Macro	0	0	0	0	0	0	0	1	0	0	1
PZ_3_10-7	B-CD83	0.787282239806484	0.00987811078172656	0.0320069015637727	0.170832747848017	0	0	0	0	0	0	0.787282239806484
PZ_3_10-8	B-CD83	0.495691417424808	0.0254781959780945	0.0802794535143297	0.0675267251042138	0	0.0995512829502125	0.0908749037441452	0	0.139768111271725	0.000829910012470931	0.495691417424808
PZ_3_11-1	T-GIMAP7	0.174770091395879	0.267230298723254	0.110869216203817	0.058601845870534	0	0.0120545814729304	0.00997436532121554	0	0.36649960101237	0	0.36649960101237
PZ_3_11-2	B-CD83	0.547625949721582	0.120175208677201	0.0128441060967669	0.310699014184996	0	0.00865572131945393	0	0	0	0	0.547625949721582
PZ_3_11-3	MPP	0.0125848368060448	0.134304133400049	0.099782288200558	0.0270357500217817	0	0.67839741668594	0.030190198038343	0	0.0177053768472835	0	0.67839741668594
PZ_3_11-4	B-CD83	0.747281327523596	0.00183116060334996	0	0.0594019268077333	0	0.0462484521160983	0.0911549758943201	0	0.0540821570549028	0	0.747281327523596
PZ_3_11-5	B-CD83	0.8592527433759	0.0089443828726631	0.00288085014460409	0.108967141109355	0	0.0172774819341427	0	0.00267740056333492	0	0	0.8592527433759
PZ_3_11-6	B-CD83	0.834840921369477	0.00189405377202994	0.00696548705795993	0.1171814570358	0	0	0.0205392321048452	0	0.0185788486598883	0	0.834840921369477
PZ_3_11-7	B-HLA-DRB5	0.266636515161972	0.00186278425865932	0.00183628341665187	0.727433604101283	0	0	0	0	0.00223081306143336	0	0.727433604101283
PZ_3_11-8	Erythrocyte-Prol	0.104393833948462	0.013917312213281	0.015655012498396	0.00892562613143341	0.429040313058222	0.00630498234922795	0	0	0.0132352230991769	0.4085276967018	0.429040313058222
PZ_3_12-1	MPP	0.0130004332693403	0.0492177552857245	0.0154184701507364	0.0584360475353615	0	0.863927293758837	0	0	0	0	0.863927293758837
PZ_3_12-2	MPP	0.282042190800898	0.223256148601972	0.00629735987616755	0.034630572846695	0.126625819590445	0.301543356378441	0	0	0.0198695637436125	0.00573498816176906	0.301543356378441
PZ_3_12-3	B-CD83	0.479271007779675	0.00526308391713498	0.0105890298526298	0.038509699909955	0.00705297770663756	0.0281745980931335	0.00192127806362367	0.00288273144031632	0.120820027595302	0.305515565641591	0.479271007779675
PZ_3_12-4	B-CD83	0.243351737445061	0.21021469349846	0.132309931248311	0.0410760217449704	0.0463290775046697	0.0138051262590461	0.00222815565554042	0	0.0706776095562747	0.240007647087667	0.243351737445061
PZ_3_12-5	NKT	0.00587044320311753	0.0188712740203073	0.965703336619045	0	0	0	0	0	0.00955494615753012	0	0.965703336619045
PZ_3_12-6	T-TNFAIP3	0.16294099245073	0.503256183719292	0.0243944573201212	0	0	0.00679414146949471	0.00429496035537175	0	0.298319264684991	0	0.503256183719292
PZ_3_12-7	B-CD83	0.504295059443078	0.113708277149363	0.00452204915998279	0.367160521427339	0	0	0	0	0.0103140928202369	0	0.504295059443078
PZ_3_12-8	DC/Macro	0.00279570933876426	0.016826381492932	0	0.00291665403602978	0	0.0540078178860746	0	0.923132705618689	0.000320731627509508	0	0.923132705618689
PZ_4_1-1	NKT	0	0.0198470850574396	0.955766084927727	0	0	0	0	0	0.0243868300148336	0	0.955766084927727
PZ_4_1-2	T-TNFAIP3	0.106621864257577	0.443391640197641	0.109435312748395	0.00121902778420211	0	0.0110192846201831	0	0	0.328312870392002	0	0.443391640197641
PZ_4_1-4	NKT	0	0	1	0	0	0	0	0	0	0	1
PZ_4_1-5	DC/Macro	0.000408128528283033	0.00675394817847053	0.0106844947298643	0	0	0.0205244027425105	0.00791866766154758	0.953710358159324	0	0	0.953710358159324
PZ_4_1-6	B-CD83	0.460648240035712	0.0777118572879532	0.0350880441735066	0.0707072555459618	0.019438627827271	0.11690368196574	0.00967952282513427	0	0.0128938246386536	0.196928945700068	0.460648240035712
PZ_4_2-1	DC/Macro	0	0	0	0	0	0	0	0.999999999999999	0	0	0.999999999999999
PZ_4_2-2	DC/Macro	7.08012085046951e-05	0.0011857942212744	0.00137210732250458	0	0	0.0026905186012595	0.00101119844085149	0.993669580205605	0	0	0.993669580205605
PZ_4_2-3	NKT	0.00256538276478611	0.00875385591339539	0.981825148591083	0	0	0	0	0	0.00685561273073582	0	0.981825148591083
PZ_4_2-4	B-CD83	0.377142997631096	0.0876284318006042	0	0.251421084377908	0	0	0.166337713465813	0.0596000852265368	0.0578696874980408	0	0.377142997631096
PZ_4_2-5	B-CD83	0.282489916967257	0.0900784757655948	0.16261983381346	0.13428901469891	0.0160855551636226	0.029217871384307	0.00649217671634292	0.0023274189671429	0.260027977190872	0.0163717593324915	0.282489916967257
PZ_4_2-6	DC/Macro	0.00245891324957597	0	0	0.00200382404398854	0	0	0	0.995537262706435	0	0	0.995537262706435
PZ_4_2-7	MPP	0.00597985492941634	0.00675034418368134	0.352245613280493	0	0	0.623558516864876	0	0	0.0114656707415335	0	0.623558516864876
PZ_4_3-1	B-CD83	0.469617434527804	0.0950771681326207	0.0162501998255808	0.105369969778817	0	0.00373183772780999	0.193307404873558	0	0.116645985133809	0	0.469617434527804
PZ_4_3-2	MPP	0.144614533859495	0.102541704187167	0.0268586583602957	0.0206743579477108	0	0.590095869879901	0	0.0519875603251527	0.0627939417358426	0.000433373704435408	0.590095869879901
PZ_4_3-3	B-CD83	0.424385353379721	0.0970937645838939	0	0.289672061735883	0	0	0.122115235594368	0.0242002710411728	0.042533313664961	0	0.424385353379721
PZ_4_3-4	B-Prol	0.154175660665189	0.146907734109666	0	0.126441306165362	0	0	0.41392200685011	0.015561868675336	0.142991423534337	0	0.41392200685011
PZ_4_3-5	NKT	0.0882166453917966	0.0227266656281925	0.528235924747356	0.167125123321992	0.00292413728672669	0.00454721882747366	0.000119891325908698	0	0.185575746329375	0.000528647141179457	0.528235924747356
PZ_4_3-6	T-TNFAIP3	0.264211070423659	0.315921571061369	0.0492308127047402	0.0584628723572005	0.0215805185590944	0.216843544941967	0	0	0.0338400604751154	0.0399095494768548	0.315921571061369
PZ_4_3-7	NKT	0.00214317647527976	0.0191203997150841	0.975811032814475	0	0	0	0	0	0.00292539099516125	0	0.975811032814475
PZ_4_3-8	T-TNFAIP3	0	0.541193854041962	0.0090838813227017	0	0	0	0	0	0.449722264635336	0	0.541193854041962
PZ_4_4-1	B-CD83	0.503136348756421	0.126799700385255	0.0415905329573835	0.00499160262065509	0.0267732693762635	0.213851220316785	0	0	0.0792655431990614	0.00359178238817499	0.503136348756421
PZ_4_4-2	NKT	0.0153019599489804	0.00946956902259592	0.871031376745534	0	0	0.10378154305865	0	0	0.000415551224239981	0	0.871031376745534
PZ_4_4-3	B-HLA-DRB5	0.120065154152214	0.017942621010876	0.174116742906446	0.280621143615027	0.023566841845882	0.179372987334747	0.0101360305676896	0	0.0880593970135565	0.106119081553562	0.280621143615027
PZ_4_4-4	T-TNFAIP3	0	0.584037957454966	0	0	0	0	0	0	0.415962042545034	0	0.584037957454966
PZ_4_4-5	DC/Macro	0.0652400210281432	0.0792756937515703	0.00583884246509871	0.129470224543898	0.0268967741602228	0.0699930801385237	0.00359544896689712	0.596162062982481	0.0235278519631645	0	0.596162062982481
PZ_4_4-6	Erythrocyte	0.107704468477524	0.20834186976258	0.110096956593341	0.0701472255710839	0.108952134415443	0.0405054895986439	0.00905071280040592	0	0.0832371240372864	0.261964018743692	0.261964018743692
PZ_4_4-7	NKT	0.000409767917133285	0	0.995362083342113	0	0	0	0	0	0.00422814874075339	0	0.995362083342113
PZ_4_4-8	Erythrocyte	0.0539167496827217	0.020203979020438	0.0597784377408157	0.0321843623754781	0.172402543883451	0.0129630128583098	0.00289483618730108	0	0.0550447536269745	0.59061132462451	0.59061132462451
PZ_4_5-1	B-CD83	0.781237397368034	0.024011197066636	0.0240036341985728	0.00792680677993153	0	0.00506773883706767	0.0108356583174716	0	0.146917567432286	0	0.781237397368034
PZ_4_5-2	B-CD83	0.593266074067954	0.0586638664072855	0.0747112404092609	0.245679831521182	0	0.0115497183311126	0	0.0161292692632048	0	0	0.593266074067954
PZ_4_5-3	B-CD83	0.667364125290274	0.0288629851365702	0.00465472919997586	0.238230692773291	0	0	0.00168408668993531	0	0.0592033809099541	0	0.667364125290274
PZ_4_5-4	B-CD83	0.569914402276859	0.0114966135073907	0.00602473503386208	0.394320868387973	0	0	0	0	0.0182433807939155	0	0.569914402276859
PZ_4_5-5	B-HLA-DRB5	0.21068445819181	0.132552581360166	0.0415675345534581	0.338443736577553	0.0634406456117216	0.163587856713814	0.0101112895214609	0	0.0362934657501993	0.00331843171981765	0.338443736577553
PZ_4_5-7	T-GIMAP7	0.0080752924378789	0.202959849159329	0.0505444475452238	0.0168171955708971	0.0104508270460275	0.0099591232555852	0.00220960585959859	0	0.661260925001055	0.0377227341244056	0.661260925001055
PZ_4_5-8	B-CD83	0.551019869755317	0.0173904285307128	0.00638117601487741	0.420967469514241	0	0	0	0.00118460641253185	0.00305644977231972	0	0.551019869755317
PZ_4_6-1	B-CD83	0.804950656910185	0.00151115519734865	0.0011631949798136	0.172107333710078	0	0	0	0.0202676592025754	0	0	0.804950656910185
PZ_4_6-2	T-TNFAIP3	0.245186143420109	0.296680429910835	0.193607067063264	0.0140844535750314	0.0312417651009427	0.0106810373792651	0.00237309803090197	0	0.174101467142166	0.0320445383774848	0.296680429910835
PZ_4_6-3	T-TNFAIP3	0.300518519726903	0.377246579730216	0.254921906694538	0.0378268446390911	0.00246800312775351	0	0	0	0.0230607780850521	0.0039573679964458	0.377246579730216
PZ_4_6-4	B-HLA-DRB5	0.313398539571689	0.0400411205290361	0.00950810694041232	0.498861147846032	0	0	0.0960305798624506	0.00868329126368208	0.0334772139866978	0	0.498861147846032
PZ_4_6-5	B-CD83	0.839878874838957	0.026608710191225	0	0.0960642225193722	0	0	0	0.00250386869582328	0.0349443237546223	0	0.839878874838957
PZ_4_6-6	B-CD83	0.507023513385881	0.0106786103129804	0.0232302182346944	0.020886718543987	0.111494399015626	0.275877775228333	0	0	0.031585863714971	0.0192229015635275	0.507023513385881
PZ_4_6-7	Erythrocyte	0.174744978457707	0.0384814989566054	0.34711395762655	0.0194224365594851	0.0126861131412248	0.000369652900063723	0	0	0.0506531804265018	0.356528181931862	0.356528181931862
PZ_4_6-8	T-TNFAIP3	0.236933517680562	0.460377620110363	0.109388148434428	0.0243621300010358	0.0114104132472796	0.00630151625173863	0.00139655922208439	0	0.132645252137064	0.0171848429154451	0.460377620110363
PZ_4_7-1	B-HLA-DRB5	0.134733274824933	0.0742833936252557	0.0620407902535218	0.377697404468215	0	0.00244206433271628	0.0152469480436499	0	0.320933649170252	0.0126224752814558	0.377697404468215
PZ_4_7-2	B-CD83	0.383829998002038	0.109368185986284	0.0144373748919443	0.167500272608707	0	0.249271365972985	0.0352018205330407	0	0.0403909820050017	0	0.383829998002038
PZ_4_7-3	B-CD83	0.49443570451192	0.0651379256310988	0.00435705988829783	0.219652176228689	0	0	0.148226659902603	0.0165989802617222	0.0515914935756686	0	0.49443570451192
PZ_4_7-4	B-HLA-DRB5	0.351329754843163	0.000478680906575442	0	0.637516239196665	0	0	0	0	0.0106753250535967	0	0.637516239196665
PZ_4_7-5	B-CD83	0.464275533050798	0.0199718303796869	0.332747216201137	0.0626454138380896	0	0.035066078034421	0.0219483415658214	0	0.0489200956492993	0.0144254912807474	0.464275533050798
PZ_4_7-6	B-CD83	0.427435917925881	0.403882167012468	0.0168041919241915	0.0349361805615741	0	0.022743062254344	0.0421502668240945	0	0.00901611397077291	0.0430320995266734	0.427435917925881
PZ_4_7-7	B-CD83	0.700067657088112	0.000203724465607889	0.000533942711738421	0.131113759986831	0	0	0	0.146748392183251	0.0213325235644605	0	0.700067657088112
PZ_4_7-8	B-CD83	0.6871363408731	0.022564604889197	0.00107239681742511	0.255052389846081	0	0.0100904252529655	0	0	0.0240838423212314	0	0.6871363408731
PZ_4_8-1	T-GIMAP7	0.154348481556828	0.171330558518805	0.240994962421368	0.090012536375769	0.0211044505879875	0.0107011863913099	0.00237223502041796	0	0.302280597476837	0.00685499165067738	0.302280597476837
PZ_4_8-2	Erythrocyte-Prol	0.105246970509242	0.0896604446974989	0.00652099604143035	0.048239272877313	0.345969740879739	0.0265703631587627	0.00592287520781225	0	0.0386045709616259	0.333264765666577	0.345969740879739
PZ_4_8-3	B-CD83	0.720989209679861	0.0730326863685332	0	0.183846952872015	0	0	0	0.0218969210064993	0.000234230073090876	0	0.720989209679861
PZ_4_8-4	B-Prol	0.157343159435439	0.155469021358032	0.0351120254146524	0.00761391318173583	0.0196200222329475	0.186405808922698	0.386609100472468	0.00238398953930749	0.0494429594427194	0	0.386609100472468
PZ_4_8-5	B-CD83	0.537882750374366	0.0332582575532147	0.112740760324522	0.194732308233285	0	0.0169450770070973	0.00516140372243145	0.0246582375652242	0.0746212052198585	0	0.537882750374366
PZ_4_8-7	B-CD83	0.517381131985268	0.000288465405774699	0	0.0835164766658369	0	0.139328115658466	0	0.237598760911133	0.0218870493735208	0	0.517381131985268
PZ_4_8-8	T-GIMAP7	0	0.426055250838125	0	0	0	0	0	0	0.573944749161875	0	0.573944749161875
PZ_4_9-1	T-TNFAIP3	0.254749653519616	0.292897740635146	0.121337574561939	0.0113790395670859	0.0104817375640528	0.201743526481303	0	0	0.0184741170524464	0.08893661061841	0.292897740635146
PZ_4_9-3	Erythrocyte-Prol	0.0914627590698894	0.00954507068030155	0.00376932195265192	0.00553549987955118	0.396823423958921	0.286512725816501	0	0	0.00246053080325394	0.20389066783893	0.396823423958921
PZ_4_9-4	T-GIMAP7	0.00298219343788805	0.323598460296222	0.0141694149841834	0	0	0	0	0	0.659249931281707	0	0.659249931281707
PZ_4_9-5	B-CD83	0.773357349069437	0.050391942084555	0.00521551307203225	0.0812997046676203	0	0.0312083621293444	0.00666286897642616	0	0.051864260000585	0	0.773357349069437
PZ_4_9-6	B-CD83	0.533048524193555	0.00269761894798806	0.00910663678402729	0.288090648378229	0	0.00778876227710045	0	0	0.159267809419099	0	0.533048524193555
PZ_4_9-7	B-CD83	0.367352639088249	0.113431104989157	0.273192040381705	0.0170362488300769	0.0383050738577424	0.110428416496437	0	0	0.0573759022952239	0.0228785740614087	0.367352639088249
PZ_4_10-1	B-CD83	0.859957581469756	0.0210300191028558	0.0317194654901596	0.0717642100410327	0	0.00903518439220593	0.00410850871245963	0	0.00238503079153067	0	0.859957581469756
PZ_4_10-2	T-GIMAP7	0.025368108934569	0.336720874851847	0.0239408981742148	0.00266727236474968	0	0.00029507925610318	0	0	0.611007766418517	0	0.611007766418517
PZ_4_10-3	Erythrocyte-Prol	0.0123284419451846	0	0	0	0.835420817003077	0.137775470573619	0	0	0.0071321871988771	0.00734308327924176	0.835420817003077
PZ_4_10-4	B-CD83	0.573453216018928	0.0798747734775021	0.00951024784138774	0.295900466578307	0	0	0	0.0412612960838746	0	0	0.573453216018928
PZ_4_10-6	B-CD83	0.650799643105921	0.221074743962325	0.0301455154513417	0.0276705516749583	0.0102590359399074	0.00165047567586677	0.0336428663274321	0.00607039615061214	0.0186867717116361	0	0.650799643105921
PZ_4_10-8	B-CD83	0.489725912441139	0.233979282552547	0.0989213131923538	0.00636767049126575	0.0153589373101965	0	0	0	0.150927981811596	0.00471890220090198	0.489725912441139
PZ_4_11-1	T-TNFAIP3	0	0.488249829924886	0.395753540418161	0	0	0	0	0	0.115996629656953	0	0.488249829924886
PZ_4_11-2	B-CD83	0.545178061043443	0.112190208294895	0.0935977057025737	0.0668309270635884	0.077549642431258	0.0586339136300766	5.01398920374983e-05	0	0.0329859674146079	0.0129834345275195	0.545178061043443
PZ_4_11-3	B-CD83	0.393431071883822	0.0696917800690742	0.116350607142935	0.193425957788858	0.0360662791325912	0.00749387055773806	0.0109923020007811	0	0.0656151219199979	0.106933009504203	0.393431071883822
PZ_4_11-4	B-CD83	0.365680330122727	0.0762208507985482	0.341677371200926	0.0661563335047881	0.0304636972678891	0.0895213392209235	0.00469189661847908	0	0.00408099931596929	0.0215071819497499	0.365680330122727
PZ_4_11-5	NKT	0.039039222527741	0.000182829046510918	0.822531995499159	0.00500862380051552	0	0.127581155102132	0	0	0.0056561740239413	0	0.822531995499159
PZ_4_11-6	B-CD83	0.73627750527284	2.98587891088984e-05	0.00378351550128988	0.252597847564152	0	0	0	0	0.00731127287260943	0	0.73627750527284
PZ_4_11-7	T-TNFAIP3	0.0384277491242742	0.368143147914491	0	0	0.318407061390055	0.0322890723128382	0	0	0.0570550534515444	0.185677915806798	0.368143147914491
PZ_4_11-8	T-TNFAIP3	0.0239102599552854	0.681304545257758	0.00112782195150269	0.00477746204560787	0	0	0	0	0.288879910789845	0	0.681304545257758
PZ_4_12-1	B-CD83	0.74680474712468	0	0	0.170030348616971	0	0.0101881817901261	0	0.0592300782935217	0.0137466441747012	0	0.74680474712468
PZ_4_12-2	NKT	0.00453716604046673	0	0.798112717570457	0	0	0.188622423547529	0	0	0.00872769284154786	0	0.798112717570457
PZ_4_12-3	B-CD83	0.374669071370573	0.0595414184677983	0.00833174512716627	0.0762376448989107	0.00138137818253546	0.0369050370772023	0.0996725329387549	0.00215096414198155	0.120055126466494	0.221055081328583	0.374669071370573
PZ_4_12-4	MPP	0.00171022961261883	0	0.000140936164583562	6.89812140494777e-05	0	0.997511682818213	0	0	0.000568170190535116	0	0.997511682818213
PZ_4_12-5	NKT	0.00265137116800246	0.100869350060928	0.88891449449215	0	0	0	0	0	0.00756478427891884	0	0.88891449449215
PZ_4_12-6	B-HLA-DRB5	0.112654965095873	0.0370883522587228	0.0063036054965866	0.816648177279934	0	0	0	0	0.0273048998688833	0	0.816648177279934
PZ_4_12-7	B-CD83	0.744387611225817	0.0295805316119294	0.0136911184897286	0.188138138530235	0	0	0.00543720860016135	0.00734403126415992	0.0114213602779691	0	0.744387611225817
PZ_5_1-1	B-CD83	0.814611240122744	0	0	0.179724602484865	0	0	0	0.00566415739239122	0	0	0.814611240122744
PZ_5_1-2	DC/Macro	0.0500197786239613	0.032745048028815	0.123827044659836	0.0110108558711792	0	0.127351751249464	0	0.655045521566744	0	0	0.655045521566744
PZ_5_1-3	B-CD83	0.766676042950968	0.000706516698467978	0	0.189687741364269	0	0	0.0416825862913386	0	0.00124711269495713	0	0.766676042950968
PZ_5_1-4	Erythrocyte-Prol	0.00795960598725319	0	0.00337187134102381	0.00306298113391896	0.669510562341084	0.255877097683604	0	0	0.0124792460468171	0.0477386354662984	0.669510562341084
PZ_5_1-5	NKT	0	0	1	0	0	0	0	0	0	0	1
PZ_5_1-6	NKT	0	0.00980256597643247	0.966164351181352	0	0	0	0	0	0.0240330828422153	0	0.966164351181352
PZ_5_1-8	NKT	0	0.0217837970719355	0.93352624369617	0	0	0	0	0	0.0446899592318951	0	0.93352624369617
PZ_5_2-1	B-CD83	0.505242463015393	0.0804321368993801	0.00303279944834738	0.399063403218905	0	0.00832904498378307	0	0.00191995148364864	0.0019802009505431	0	0.505242463015393
PZ_5_2-2	Erythrocyte-Prol	0.0150753465775555	0	0	0.00661049542806228	0.475711875965434	0.325896123839332	0	0	0.0377960983665315	0.138910059823085	0.475711875965434
PZ_5_2-3	NKT	0	0.0497645520809766	0.859135632345257	0	0	0	0	0	0.091099815573766	0	0.859135632345257
PZ_5_2-4	MPP	0.0824205911718201	0.234187034161288	0.00755235481249958	0.0551664808464233	0	0.468964646425641	0.0220300887652824	0.0821413989682123	0.0475374048488333	0	0.468964646425641
PZ_5_2-5	T-GIMAP7	0	0.406209787176488	0.072332591273028	0	0	0	0	0	0.521457621550484	0	0.521457621550484
PZ_5_2-6	B-CD83	0.682201174913933	0	0.00204000945766738	0.309485874926274	0	0	0	0.00627294070212655	0	0	0.682201174913933
PZ_5_2-7	B-CD83	0.567451742574657	0.0332048585522123	0.00580649151896729	0.373087355067979	0	0	0	0	0.0204495522861845	0	0.567451742574657
PZ_5_2-8	B-CD83	0.572498957170345	0.00571200601783063	0	0.307249123591688	0	0.00402507356688417	0.00681021247222446	0.0326634906574234	0.0710411365236049	0	0.572498957170345
PZ_5_3-1	T-GIMAP7	0.00134080279327711	0.290205637796277	0.00136243465010796	0	0	0	0	0	0.707091124760338	0	0.707091124760338
PZ_5_3-2	NKT	0.160213205406339	0.0330568236497737	0.708394294663045	0	0	0.080876325464566	0	0	0.0174593508162766	0	0.708394294663045
PZ_5_3-3	T-TNFAIP3	0.0675774514369318	0.625405382239763	0.110226230502178	0.00383379621100824	0.0722604999035932	0.0356303594318399	0.00742926870901939	0	0.0702748749392643	0.00736213662640174	0.625405382239763
PZ_5_3-4	B-HLA-DRB5	0.196106839801791	0.0530439557468447	0.0425997523357325	0.272073128042319	0.0514097359900449	0.216694481045208	0.0511399923765686	0	0.0669773248295661	0.0499547898319244	0.272073128042319
PZ_5_3-5	B-CD83	0.686999603246862	0.00863324718339373	0.00349287908831061	0.281703136070872	0	0	0	0	0.0191711344105605	0	0.686999603246862
PZ_5_3-6	B-HLA-DRB5	0.225849544504861	0.053218028425823	0.0533810252769327	0.62470594465475	0	0	0.00975889633968506	0	0.0330865607979476	0	0.62470594465475
PZ_5_3-7	B-CD83	0.598796796819683	0.00312396727786389	0.014098740242772	0.35484398863831	0	0.00169886790785873	0	0.00879839833265052	0.018639240780862	0	0.598796796819683
PZ_5_3-8	NKT	0	0.12560503494257	0.470372012682465	0	0	0	0	0	0.404022952374964	0	0.470372012682465
PZ_5_4-1	NKT	0.00429265292925195	0.0171070201930752	0.971219893163765	0	0	0	0	0	0.00738043371390771	0	0.971219893163765
PZ_5_4-2	B-HLA-DRB5	0.33948721008492	0.00379802953418159	0.0172402576986337	0.621791858294215	0	0	0	0	0.0176826443880492	0	0.621791858294215
PZ_5_4-3	NKT	0.00752112539611542	0.00457739585685924	0.933454028272393	0.0246129985186144	0	0	0	0	0.0298344519560179	0	0.933454028272393
PZ_5_4-4	T-TNFAIP3	0.278281177466245	0.316067523861023	0.071327030920259	0.0601652432286198	0.15650699714406	0.0510103811712445	0.0113825604585755	0	0.0354710498734367	0.0197880358765361	0.316067523861023
PZ_5_4-5	B-HLA-DRB5	0.293717939895515	0.0355110118884732	0.0138704255437619	0.637184748453158	0	0	0	0	0.0197158742190923	0	0.637184748453158
PZ_5_4-6	B-CD83	0.771773174394116	0	0.00186891337302361	0.143092873521349	0	0	0.0171659236693488	0.0547128860301169	0.0113862290120455	0	0.771773174394116
PZ_5_4-7	B-CD83	0.215663175744925	0.174019249129578	0.18921911671386	0.0531915757114411	0	0.195715117248629	0	0	0.172191765451567	0	0.215663175744925
PZ_5_4-8	T-GIMAP7	0.0899407558755929	0.118085017632947	0.00189962451398869	0.0956019885251416	0.00959866019303233	0	0.00771767547695128	0	0.643907136213788	0.0332491415685574	0.643907136213788
PZ_5_5-1	DC/Macro	0	0	0.0120678561273744	0	0	0.0232267494882047	0.00893915371297626	0.955766240671444	0	0	0.955766240671444
PZ_5_5-2	NKT	0.147934264402704	0.132404895816858	0.514545996412341	0	0	0.00598142898046903	0	0	0.199133414387628	0	0.514545996412341
PZ_5_5-3	B-CD83	0.69600947767818	0.00679133307858278	0	0.274420060717958	0	0	0	0	0.022779128525279	0	0.69600947767818
PZ_5_5-4	T-GIMAP7	0	0.13614147258688	0.0124005875629926	0	0	0	0	0	0.851457939850128	0	0.851457939850128
PZ_5_5-5	Erythrocyte-Prol	0.0195925724697572	0.0124536606717501	0	0.00377509978936596	0.52329990145821	0.0212632581033885	0	0	0.00189139579248925	0.417724111715039	0.52329990145821
PZ_5_5-6	Erythrocyte	0.266131131733943	0.0314435776625912	0.154016016933422	0.0754331235205355	0.0376592704305192	0.0111237310743164	0.00246798571169674	0	0.0388178427293201	0.382907320203656	0.382907320203656
PZ_5_5-7	B-CD83	0.633533360993999	0.121777189549528	0.0367906233734453	0.0821364379975342	0.00209077904653531	0.0682519901431158	0.0113231305955983	0	0.0398879595404698	0.00420852875977411	0.633533360993999
PZ_5_5-8	DC/Macro	0.00521563791141735	0.00687431067400953	0	0.00425109623638127	0	0	0	0.982662529511241	0	0.000996425666950644	0.982662529511241
PZ_5_6-1	NKT	0.00865626883501935	0	0.991343731164981	0	0	0	0	0	0	0	0.991343731164981
PZ_5_6-2	B-CD83	0.523379074094195	0.00732243277532254	0	0.371230937157833	0	0	0.0285673960230925	0.052822099465454	0.016678060484102	0	0.523379074094195
PZ_5_6-3	B-CD83	0.825510298613252	0.0121103806840752	0	0.15808899195187	0	0	0	0.00265047128621541	0.00163985746458762	0	0.825510298613252
PZ_5_6-4	B-CD83	0.742654873412252	0.0064146474038863	0.001906527337113	0.242097072576246	0	0	0	0.00692687927050241	0	0	0.742654873412252
PZ_5_6-5	Erythrocyte-Prol	0.0159323834028517	0	0	0.000588897269509882	0.852451635480617	0.0385728944706173	0	0	0	0.0924541893764035	0.852451635480617
PZ_5_6-6	MPP	0.21428000261089	0.26105232810299	0.0784868334422527	0.0883457674444712	0	0.275585461490536	0.00496580487271295	0	0.0116049644209182	0.0656788376152285	0.275585461490536
PZ_5_6-7	B-HLA-DRB5	0.165262260403426	0.242058823964745	0.0243849619997105	0.378819113317039	0	0.0142327912157119	0.00234638334490046	0	0.172895665754468	0	0.378819113317039
PZ_5_6-8	B-CD83	0.246429095870804	0.0729476139188134	0.236091450797639	0.181205298023572	0.0479567173123199	0.0554711086043039	0.0288678495315942	0	0.0900701950693083	0.0409606708716456	0.246429095870804
PZ_5_7-1	B-CD83	0.779152423118554	0.0149041566371518	0.00620617246029275	0.0965458177255805	0	0.00462253945848346	0.0250352158308026	0	0.0735336747691342	0	0.779152423118554
PZ_5_7-2	B-CD83	0.651992998885478	0	0.00345295358311021	0.323897982865385	0	0.00449229482386447	0	0	0.0161637698421617	0	0.651992998885478
PZ_5_7-3	MPP	0.00554378661578238	0	0.0081869558646822	0.00682971130542537	0.0124843519630281	0.945097543315325	0	0	0.0218576509357569	0	0.945097543315325
PZ_5_7-4	B-CD83	0.683843718000701	0.0223524169804144	0	0.200433197552092	0	0	0.0622379004163768	0.00943082556088712	0.0217019414895286	0	0.683843718000701
PZ_5_7-5	NKT	0	0.00793137763657688	0.978319738810193	0	0	0	0	0	0.0137488835532304	0	0.978319738810193
PZ_5_7-6	Erythrocyte	0.246737014510322	0.0425653155221598	0.0258412043406704	0.155671673612675	0.0105437543259837	0.07491386913225	0.0647373960816367	0	0.0522528093449528	0.326736963129349	0.326736963129349
PZ_5_7-7	B-CD83	0.545484338904771	0.0243529601766134	0	0.382056719223938	0	0	0.027071787658105	0.00875408791308113	0.0122801061234912	0	0.545484338904771
PZ_5_7-8	B-HLA-DRB5	0.118560658000077	0.0557815500061667	0.0139876021189064	0.292302341128605	0.0668828219759492	0.123413503476414	0.0200915616233107	0	0.249267817379028	0.0597121442915434	0.292302341128605
PZ_5_8-1	NKT	0.0964928913779648	0.0211373632077198	0.687490726207341	0.0545593482676368	0	0.067352442171936	0.00211787724684778	0	0.0708493515205533	0	0.687490726207341
PZ_5_8-2	B-HLA-DRB5	0.453307904984926	0.0191084903135363	0.00647890216060622	0.47481037767816	0	0	0	0.00527001656282698	0.0410243082999444	0	0.47481037767816
PZ_5_8-3	NKT	0.0154771333964287	0	0.984522866603571	0	0	0	0	0	0	0	0.984522866603571
PZ_5_8-4	Erythrocyte-Prol	0.123684380912671	0.0645570830069418	0.00494954610722727	0.114916771111532	0.276089607358725	0.100520397241982	0.00169523889381991	0.0136474128670923	0.0296507196997985	0.270288842800211	0.276089607358725
PZ_5_8-5	B-CD83	0.81990046810087	0.0240001509914944	0.00521467171715602	0.146886410273673	0	0	0	0	0.00399829891680693	0	0.81990046810087
PZ_5_8-6	B-CD83	0.79913206404419	0.00569594182135802	0.00160498349660884	0.186731358321089	0	0	0	0	0.00683565231675349	0	0.79913206404419
PZ_5_8-7	B-CD83	0.708906151197718	0.0170280747765185	0.0411147264159158	0.0909959132274821	0	0.054146034749188	0.0859792074169689	0	0.00182989221620887	0	0.708906151197718
PZ_5_8-8	T-GIMAP7	0.282041668711971	0.14063132035993	0.00547373705612549	0.222078353767315	0	0.00239512994472103	0.00949100330287644	0	0.337888786857061	0	0.337888786857061
PZ_5_9-1	B-CD83	0.75324066094776	0.12905257655101	0	0.00897896920703165	0	0.00251724524910768	0.073078986459143	0	0.0331315615859473	0	0.75324066094776
PZ_5_9-2	B-CD83	0.550733627600406	0.0038553903376588	0.00330798938691801	0.382714106166302	0	0	0	0.00277044427737463	0.0566184422313412	0	0.550733627600406
PZ_5_9-3	Erythrocyte-Prol	0.0237948268750147	0.0343906166011309	0	0.00379400187272835	0.585162390644488	0.0580779550164697	0	0	0.00525402400552462	0.289526184984644	0.585162390644488
PZ_5_9-4	Erythrocyte	0.0947992160162652	0.0465974551900306	0.0493737581738936	0.261516085447016	0.127452532600386	0.0358166925702842	0.00797359886762858	0	0.0351741343906001	0.341296526743896	0.341296526743896
PZ_5_9-5	B-CD83	0.81196339699501	0.0287546862042333	0	0.104171657246615	0	0	0	0	0.0551102595541412	0	0.81196339699501
PZ_5_9-6	Erythrocyte	0.0644026356558801	0.0318208339953588	0.0166236308969374	0.0174167594500783	0.0381698064119494	0.0104919301354385	0.00233482597844488	0	0.0403079372544682	0.778431640221444	0.778431640221444
PZ_5_9-7	Erythrocyte-Prol	0.0447579478126097	0.0565732787184821	0.000103805263698036	0.00219569948509026	0.5588566066872	0.114853906060415	0	0	0.0082403003157529	0.214418455656752	0.5588566066872
PZ_5_9-8	T-GIMAP7	0	0.446703722655811	0	0	0	0	0	0	0.553296277344189	0	0.553296277344189
PZ_5_10-1	B-HLA-DRB5	0.432427571874241	0.00370555407916359	0.00133061817629875	0.555471409508899	0	0.00240199831879403	0	0	0.00466284804260316	0	0.555471409508899
PZ_5_10-2	B-CD83	0.822678727623625	0.00835337831386958	0.0509851142807176	0.0843289716753017	0	0	0	0.0222672445290171	0.0113865635774692	0	0.822678727623625
PZ_5_10-3	B-CD83	0.589988295157139	0.0686579272042944	0.0157023784811515	0.19903624641735	0	0	0.0587543663052497	0	0.0678607864348155	0	0.589988295157139
PZ_5_10-4	DC/Macro	0	0	0	0	0	0	0	1	0	0	1
PZ_5_10-5	Erythrocyte	0.196734792829234	0.0500921674476928	0.0119315563032427	0.0638854915208604	0.0987478333800391	0.0505995944816878	0.0113328786671611	0	0.0492691572900448	0.467406528080037	0.467406528080037
PZ_5_10-6	B-Prol	0.291824679798586	0.00526164697192622	0.00526164697192622	0.0438909675202765	0	0.00633582932130173	0.551061674258849	0.00496564929968313	0.0913979058574513	0	0.551061674258849
PZ_5_10-7	B-CD83	0.541010753004147	0.0282947135083459	0.0612469453587248	0.039925780796474	0.0195046675507793	0.14498772516199	0	0	0	0.165029414619539	0.541010753004147
PZ_5_10-8	B-CD83	0.554757097835488	0.214329759312184	0.158495330417654	0.0369231940124128	0	0	0	0.00476819363425066	0.0307264247880113	0	0.554757097835488
PZ_5_11-2	Erythrocyte	0.0917993850023854	0	0.0262208882289392	0.0317407311845556	0.173058129641094	0.000601787803601733	0	0	0.0121743143536239	0.6644047637858	0.6644047637858
PZ_5_11-3	T-GIMAP7	0	0.330959747442426	0	0	0	0	0	0	0.669040252557574	0	0.669040252557574
PZ_5_11-4	Erythrocyte-Prol	0.0212022652903461	0.0107338057742853	0.00109013729433787	0.00433975996858833	0.697330637383835	0.0169210547422993	0	0	0.00283960880560514	0.245542730740703	0.697330637383835
PZ_5_11-5	B-CD83	0.556611482919992	0.0225810322830592	0.0019217276356753	0.193550384977659	0	0	0.20418137422702	0	0.0211539979565939	0	0.556611482919992
PZ_5_11-6	MPP	0.000720433642269263	0	0.00228705516145044	0	0	0.995628240431296	0	0	0.00136427076498417	0	0.995628240431296
PZ_5_11-7	B-CD83	0.421563833205244	0.193135252175557	0.110384613645522	0.0973420392841773	0.0878523066944348	0.000447074685786644	0.0488642144416575	0.00081623391005544	0.0395944319575641	0	0.421563833205244
PZ_5_11-8	DC/Macro	0	0	0	0	0	0	0	1	0	0	1
PZ_5_12-1	B-CD83	0.713486882307469	0	0.0064805981819954	0.25965160950306	0	0.00293922854799162	0.0025765057748186	0.00385880305297872	0.0110063726316863	0	0.713486882307469
PZ_5_12-2	DC/Macro	0	0.00219766101312895	0.00186217084394715	0.000286161769529951	0	0.0256058067760205	0	0.969715783822784	0	0.000332415774589965	0.969715783822784
PZ_5_12-3	DC/Macro	0.190526788753788	0.163227950118134	0.00332632724705586	0	0	0.000196630805049606	7.36365621997641e-05	0.642648666513772	0	0	0.642648666513772
PZ_5_12-4	DC/Macro	0	0	0	0	0	0	0	1	0	0	1
PZ_5_12-5	B-HLA-DRB5	0.325385546905002	0.000455965081332875	0.136822684416849	0.395103481469695	0	0	0	0	0.14223232212712	0	0.395103481469695
PZ_5_12-6	B-CD83	0.902782021835521	0.0048841247031464	0	0.0788113299499115	0	0.00179101083968333	0.00702556751136495	0.00121572221910032	0.00349022294127226	0	0.902782021835521
PZ_5_12-7	NKT	0.140090191794895	0.00732760515369242	0.76421963684445	0.0784800428777551	0	0	0	0	0.00988252332920768	0	0.76421963684445
PZ_5_12-8	B-CD83	0.542887226602499	0.000236195211990785	0.0469565071147404	0.396753282713481	0	0	0	0	0.0131667883572885	0	0.542887226602499
