cluster	gene	size	boundary	avgExpr	cvExpr	avgCor	cvCor	protein_coding	lncRNA	sncRNA	pseudogene	Ig/TcR	tf
M9	MTRNR2L12	15	1:15	2155.52205860167	0.949768805900127	0.268069446648276	0.52187609445268	0.6	0	0.133333333333333	0.266666666666667	0	0
M9	MTND2P28	15	1:15	2155.52205860167	0.949768805900127	0.268069446648276	0.52187609445268	0.6	0	0.133333333333333	0.266666666666667	0	0
M9	MT-ND2	15	1:15	2155.52205860167	0.949768805900127	0.268069446648276	0.52187609445268	0.6	0	0.133333333333333	0.266666666666667	0	0
M9	MTCO1P12	15	1:15	2155.52205860167	0.949768805900127	0.268069446648276	0.52187609445268	0.6	0	0.133333333333333	0.266666666666667	0	0
M9	MT-CO3	15	1:15	2155.52205860167	0.949768805900127	0.268069446648276	0.52187609445268	0.6	0	0.133333333333333	0.266666666666667	0	0
M9	MT-CO1	15	1:15	2155.52205860167	0.949768805900127	0.268069446648276	0.52187609445268	0.6	0	0.133333333333333	0.266666666666667	0	0
M9	MT-RNR1	15	1:15	2155.52205860167	0.949768805900127	0.268069446648276	0.52187609445268	0.6	0	0.133333333333333	0.266666666666667	0	0
M9	MT-RNR2	15	1:15	2155.52205860167	0.949768805900127	0.268069446648276	0.52187609445268	0.6	0	0.133333333333333	0.266666666666667	0	0
M9	MT-ND4	15	1:15	2155.52205860167	0.949768805900127	0.268069446648276	0.52187609445268	0.6	0	0.133333333333333	0.266666666666667	0	0
M9	MT-ND5	15	1:15	2155.52205860167	0.949768805900127	0.268069446648276	0.52187609445268	0.6	0	0.133333333333333	0.266666666666667	0	0
M9	MT-ATP6	15	1:15	2155.52205860167	0.949768805900127	0.268069446648276	0.52187609445268	0.6	0	0.133333333333333	0.266666666666667	0	0
M9	MT-CYB	15	1:15	2155.52205860167	0.949768805900127	0.268069446648276	0.52187609445268	0.6	0	0.133333333333333	0.266666666666667	0	0
M9	MTATP6P1	15	1:15	2155.52205860167	0.949768805900127	0.268069446648276	0.52187609445268	0.6	0	0.133333333333333	0.266666666666667	0	0
M9	MTND1P23	15	1:15	2155.52205860167	0.949768805900127	0.268069446648276	0.52187609445268	0.6	0	0.133333333333333	0.266666666666667	0	0
M9	MT-ND1	15	1:15	2155.52205860167	0.949768805900127	0.268069446648276	0.52187609445268	0.6	0	0.133333333333333	0.266666666666667	0	0
M24	DAB2	11	16:26	138.365849464038	1.84250161431058	0.11850874460421	0.395899115622702	1	0	0	0	0	0
M24	PMP22	11	16:26	138.365849464038	1.84250161431058	0.11850874460421	0.395899115622702	1	0	0	0	0	0
M24	PTRF	11	16:26	138.365849464038	1.84250161431058	0.11850874460421	0.395899115622702	1	0	0	0	0	0
M24	FHL1	11	16:26	138.365849464038	1.84250161431058	0.11850874460421	0.395899115622702	1	0	0	0	0	0
M24	PDE1C	11	16:26	138.365849464038	1.84250161431058	0.11850874460421	0.395899115622702	1	0	0	0	0	0
M24	IFITM3	11	16:26	138.365849464038	1.84250161431058	0.11850874460421	0.395899115622702	1	0	0	0	0	0
M24	NCKAP5	11	16:26	138.365849464038	1.84250161431058	0.11850874460421	0.395899115622702	1	0	0	0	0	0
M24	SVEP1	11	16:26	138.365849464038	1.84250161431058	0.11850874460421	0.395899115622702	1	0	0	0	0	0
M24	ADAMTSL3	11	16:26	138.365849464038	1.84250161431058	0.11850874460421	0.395899115622702	1	0	0	0	0	0
M24	RFTN1	11	16:26	138.365849464038	1.84250161431058	0.11850874460421	0.395899115622702	1	0	0	0	0	0
M24	OSBPL10	11	16:26	138.365849464038	1.84250161431058	0.11850874460421	0.395899115622702	1	0	0	0	0	0
M11	SERPINH1	13	8811:8823	103.358012089066	2.49767445234386	0.114072709508191	0.380489805459604	1	0	0	0	0	0.0769230769230769
M11	TACC1	13	8811:8823	103.358012089066	2.49767445234386	0.114072709508191	0.380489805459604	1	0	0	0	0	0.0769230769230769
M11	ERRFI1	13	8811:8823	103.358012089066	2.49767445234386	0.114072709508191	0.380489805459604	1	0	0	0	0	0.0769230769230769
M11	ST6GALNAC5	13	8811:8823	103.358012089066	2.49767445234386	0.114072709508191	0.380489805459604	1	0	0	0	0	0.0769230769230769
M11	IGFBP5	13	8811:8823	103.358012089066	2.49767445234386	0.114072709508191	0.380489805459604	1	0	0	0	0	0.0769230769230769
M11	GUCY1A3	13	8811:8823	103.358012089066	2.49767445234386	0.114072709508191	0.380489805459604	1	0	0	0	0	0.0769230769230769
M11	MCTP1	13	8811:8823	103.358012089066	2.49767445234386	0.114072709508191	0.380489805459604	1	0	0	0	0	0.0769230769230769
M11	GUCY1B3	13	8811:8823	103.358012089066	2.49767445234386	0.114072709508191	0.380489805459604	1	0	0	0	0	0.0769230769230769
M11	AHR	13	8811:8823	103.358012089066	2.49767445234386	0.114072709508191	0.380489805459604	1	0	0	0	0	0.0769230769230769
M11	RGL1	13	8811:8823	103.358012089066	2.49767445234386	0.114072709508191	0.380489805459604	1	0	0	0	0	0.0769230769230769
M11	STOM	13	8811:8823	103.358012089066	2.49767445234386	0.114072709508191	0.380489805459604	1	0	0	0	0	0.0769230769230769
M11	COL28A1	13	8811:8823	103.358012089066	2.49767445234386	0.114072709508191	0.380489805459604	1	0	0	0	0	0.0769230769230769
M11	FMOD	13	8811:8823	103.358012089066	2.49767445234386	0.114072709508191	0.380489805459604	1	0	0	0	0	0.0769230769230769
M34	FBLN5	10	8824:8833	660.385290742498	1.12463720689486	0.225855106485361	0.274444778621039	1	0	0	0	0	0
M34	DCN	10	8824:8833	660.385290742498	1.12463720689486	0.225855106485361	0.274444778621039	1	0	0	0	0	0
M34	SPARC	10	8824:8833	660.385290742498	1.12463720689486	0.225855106485361	0.274444778621039	1	0	0	0	0	0
M34	IGFBP7	10	8824:8833	660.385290742498	1.12463720689486	0.225855106485361	0.274444778621039	1	0	0	0	0	0
M34	LUM	10	8824:8833	660.385290742498	1.12463720689486	0.225855106485361	0.274444778621039	1	0	0	0	0	0
M34	FSTL1	10	8824:8833	660.385290742498	1.12463720689486	0.225855106485361	0.274444778621039	1	0	0	0	0	0
M34	TGFBI	10	8824:8833	660.385290742498	1.12463720689486	0.225855106485361	0.274444778621039	1	0	0	0	0	0
M34	OLFML3	10	8824:8833	660.385290742498	1.12463720689486	0.225855106485361	0.274444778621039	1	0	0	0	0	0
M34	QSOX1	10	8824:8833	660.385290742498	1.12463720689486	0.225855106485361	0.274444778621039	1	0	0	0	0	0
M34	GPC4	10	8824:8833	660.385290742498	1.12463720689486	0.225855106485361	0.274444778621039	1	0	0	0	0	0
M25	ACTR2	11	8834:8844	129.242225766135	1.64593690478913	0.0672820958615947	0.537262096317715	1	0	0	0	0	0.0909090909090909
M25	QTRT2	11	8834:8844	129.242225766135	1.64593690478913	0.0672820958615947	0.537262096317715	1	0	0	0	0	0.0909090909090909
M25	DNAJC13	11	8834:8844	129.242225766135	1.64593690478913	0.0672820958615947	0.537262096317715	1	0	0	0	0	0.0909090909090909
M25	HACD3	11	8834:8844	129.242225766135	1.64593690478913	0.0672820958615947	0.537262096317715	1	0	0	0	0	0.0909090909090909
M25	DDI2	11	8834:8844	129.242225766135	1.64593690478913	0.0672820958615947	0.537262096317715	1	0	0	0	0	0.0909090909090909
M25	SUCO	11	8834:8844	129.242225766135	1.64593690478913	0.0672820958615947	0.537262096317715	1	0	0	0	0	0.0909090909090909
M25	YWHAZ	11	8834:8844	129.242225766135	1.64593690478913	0.0672820958615947	0.537262096317715	1	0	0	0	0	0.0909090909090909
M25	MXI1	11	8834:8844	129.242225766135	1.64593690478913	0.0672820958615947	0.537262096317715	1	0	0	0	0	0.0909090909090909
M25	EEA1	11	8834:8844	129.242225766135	1.64593690478913	0.0672820958615947	0.537262096317715	1	0	0	0	0	0.0909090909090909
M25	EIF4G2	11	8834:8844	129.242225766135	1.64593690478913	0.0672820958615947	0.537262096317715	1	0	0	0	0	0.0909090909090909
M25	CDK12	11	8834:8844	129.242225766135	1.64593690478913	0.0672820958615947	0.537262096317715	1	0	0	0	0	0.0909090909090909
M26	ZRANB2	11	8845:8855	329.743363382035	1.07090133116303	0.0876585958937368	0.5252367330859	1	0	0	0	0	0.272727272727273
M26	ZEB2	11	8845:8855	329.743363382035	1.07090133116303	0.0876585958937368	0.5252367330859	1	0	0	0	0	0.272727272727273
M26	SENP6	11	8845:8855	329.743363382035	1.07090133116303	0.0876585958937368	0.5252367330859	1	0	0	0	0	0.272727272727273
M26	LUC7L3	11	8845:8855	329.743363382035	1.07090133116303	0.0876585958937368	0.5252367330859	1	0	0	0	0	0.272727272727273
M26	PLEKHH2	11	8845:8855	329.743363382035	1.07090133116303	0.0876585958937368	0.5252367330859	1	0	0	0	0	0.272727272727273
M26	NFIB	11	8845:8855	329.743363382035	1.07090133116303	0.0876585958937368	0.5252367330859	1	0	0	0	0	0.272727272727273
M26	SUPT20H	11	8845:8855	329.743363382035	1.07090133116303	0.0876585958937368	0.5252367330859	1	0	0	0	0	0.272727272727273
M26	HIBCH	11	8845:8855	329.743363382035	1.07090133116303	0.0876585958937368	0.5252367330859	1	0	0	0	0	0.272727272727273
M26	TIA1	11	8845:8855	329.743363382035	1.07090133116303	0.0876585958937368	0.5252367330859	1	0	0	0	0	0.272727272727273
M26	HP1BP3	11	8845:8855	329.743363382035	1.07090133116303	0.0876585958937368	0.5252367330859	1	0	0	0	0	0.272727272727273
M26	PLAGL1	11	8845:8855	329.743363382035	1.07090133116303	0.0876585958937368	0.5252367330859	1	0	0	0	0	0.272727272727273
M35	BAZ2B	10	8856:8865	714.87146753139	0.858992189303525	0.113488823335527	0.351905964506269	1	0	0	0	0	0.2
M35	PHACTR2	10	8856:8865	714.87146753139	0.858992189303525	0.113488823335527	0.351905964506269	1	0	0	0	0	0.2
M35	TCF4	10	8856:8865	714.87146753139	0.858992189303525	0.113488823335527	0.351905964506269	1	0	0	0	0	0.2
M35	BPTF	10	8856:8865	714.87146753139	0.858992189303525	0.113488823335527	0.351905964506269	1	0	0	0	0	0.2
M35	ASH1L	10	8856:8865	714.87146753139	0.858992189303525	0.113488823335527	0.351905964506269	1	0	0	0	0	0.2
M35	OSBPL8	10	8856:8865	714.87146753139	0.858992189303525	0.113488823335527	0.351905964506269	1	0	0	0	0	0.2
M35	SEC31A	10	8856:8865	714.87146753139	0.858992189303525	0.113488823335527	0.351905964506269	1	0	0	0	0	0.2
M35	DST	10	8856:8865	714.87146753139	0.858992189303525	0.113488823335527	0.351905964506269	1	0	0	0	0	0.2
M35	KMT2E	10	8856:8865	714.87146753139	0.858992189303525	0.113488823335527	0.351905964506269	1	0	0	0	0	0.2
M35	NIPBL	10	8856:8865	714.87146753139	0.858992189303525	0.113488823335527	0.351905964506269	1	0	0	0	0	0.2
M27	KDM5B	11	8866:8876	280.339169810419	1.19531479870678	0.091090627070974	0.49032522250239	1	0	0	0	0	0.0909090909090909
M27	ATXN2	11	8866:8876	280.339169810419	1.19531479870678	0.091090627070974	0.49032522250239	1	0	0	0	0	0.0909090909090909
M27	SRSF11	11	8866:8876	280.339169810419	1.19531479870678	0.091090627070974	0.49032522250239	1	0	0	0	0	0.0909090909090909
M27	RBMS1	11	8866:8876	280.339169810419	1.19531479870678	0.091090627070974	0.49032522250239	1	0	0	0	0	0.0909090909090909
M27	SRRM2	11	8866:8876	280.339169810419	1.19531479870678	0.091090627070974	0.49032522250239	1	0	0	0	0	0.0909090909090909
M27	U2SURP	11	8866:8876	280.339169810419	1.19531479870678	0.091090627070974	0.49032522250239	1	0	0	0	0	0.0909090909090909
M27	KMT2A	11	8866:8876	280.339169810419	1.19531479870678	0.091090627070974	0.49032522250239	1	0	0	0	0	0.0909090909090909
M27	MAPK10	11	8866:8876	280.339169810419	1.19531479870678	0.091090627070974	0.49032522250239	1	0	0	0	0	0.0909090909090909
M27	ADD3	11	8866:8876	280.339169810419	1.19531479870678	0.091090627070974	0.49032522250239	1	0	0	0	0	0.0909090909090909
M27	LDB1	11	8866:8876	280.339169810419	1.19531479870678	0.091090627070974	0.49032522250239	1	0	0	0	0	0.0909090909090909
M27	TOX	11	8866:8876	280.339169810419	1.19531479870678	0.091090627070974	0.49032522250239	1	0	0	0	0	0.0909090909090909
M4	FLRT2	18	8877:8894	556.190368917491	1.65610977516808	0.20898275789881	0.4007111803622	0.944444444444444	0.0555555555555556	0	0	0	0.111111111111111
M4	FN1	18	8877:8894	556.190368917491	1.65610977516808	0.20898275789881	0.4007111803622	0.944444444444444	0.0555555555555556	0	0	0	0.111111111111111
M4	CXCL12	18	8877:8894	556.190368917491	1.65610977516808	0.20898275789881	0.4007111803622	0.944444444444444	0.0555555555555556	0	0	0	0.111111111111111
M4	NR2F1	18	8877:8894	556.190368917491	1.65610977516808	0.20898275789881	0.4007111803622	0.944444444444444	0.0555555555555556	0	0	0	0.111111111111111
M4	RP11-715J22.6	18	8877:8894	556.190368917491	1.65610977516808	0.20898275789881	0.4007111803622	0.944444444444444	0.0555555555555556	0	0	0	0.111111111111111
M4	MAF	18	8877:8894	556.190368917491	1.65610977516808	0.20898275789881	0.4007111803622	0.944444444444444	0.0555555555555556	0	0	0	0.111111111111111
M4	WNT2B	18	8877:8894	556.190368917491	1.65610977516808	0.20898275789881	0.4007111803622	0.944444444444444	0.0555555555555556	0	0	0	0.111111111111111
M4	VIPR2	18	8877:8894	556.190368917491	1.65610977516808	0.20898275789881	0.4007111803622	0.944444444444444	0.0555555555555556	0	0	0	0.111111111111111
M4	COL14A1	18	8877:8894	556.190368917491	1.65610977516808	0.20898275789881	0.4007111803622	0.944444444444444	0.0555555555555556	0	0	0	0.111111111111111
M4	SRPX	18	8877:8894	556.190368917491	1.65610977516808	0.20898275789881	0.4007111803622	0.944444444444444	0.0555555555555556	0	0	0	0.111111111111111
M4	VCAM1	18	8877:8894	556.190368917491	1.65610977516808	0.20898275789881	0.4007111803622	0.944444444444444	0.0555555555555556	0	0	0	0.111111111111111
M4	COL21A1	18	8877:8894	556.190368917491	1.65610977516808	0.20898275789881	0.4007111803622	0.944444444444444	0.0555555555555556	0	0	0	0.111111111111111
M4	TNC	18	8877:8894	556.190368917491	1.65610977516808	0.20898275789881	0.4007111803622	0.944444444444444	0.0555555555555556	0	0	0	0.111111111111111
M4	ABI3BP	18	8877:8894	556.190368917491	1.65610977516808	0.20898275789881	0.4007111803622	0.944444444444444	0.0555555555555556	0	0	0	0.111111111111111
M4	ROBO2	18	8877:8894	556.190368917491	1.65610977516808	0.20898275789881	0.4007111803622	0.944444444444444	0.0555555555555556	0	0	0	0.111111111111111
M4	FBLN1	18	8877:8894	556.190368917491	1.65610977516808	0.20898275789881	0.4007111803622	0.944444444444444	0.0555555555555556	0	0	0	0.111111111111111
M4	SH3BP4	18	8877:8894	556.190368917491	1.65610977516808	0.20898275789881	0.4007111803622	0.944444444444444	0.0555555555555556	0	0	0	0.111111111111111
M4	SLIT3	18	8877:8894	556.190368917491	1.65610977516808	0.20898275789881	0.4007111803622	0.944444444444444	0.0555555555555556	0	0	0	0.111111111111111
M28	LRRC7	11	8895:8905	72.4355349618303	2.85318579258714	0.120660471186349	0.371487720866165	1	0	0	0	0	0
M28	GPC3	11	8895:8905	72.4355349618303	2.85318579258714	0.120660471186349	0.371487720866165	1	0	0	0	0	0
M28	COL24A1	11	8895:8905	72.4355349618303	2.85318579258714	0.120660471186349	0.371487720866165	1	0	0	0	0	0
M28	TAOK3	11	8895:8905	72.4355349618303	2.85318579258714	0.120660471186349	0.371487720866165	1	0	0	0	0	0
M28	C1QTNF7	11	8895:8905	72.4355349618303	2.85318579258714	0.120660471186349	0.371487720866165	1	0	0	0	0	0
M28	CAPN6	11	8895:8905	72.4355349618303	2.85318579258714	0.120660471186349	0.371487720866165	1	0	0	0	0	0
M28	NRP1	11	8895:8905	72.4355349618303	2.85318579258714	0.120660471186349	0.371487720866165	1	0	0	0	0	0
M28	GAS1	11	8895:8905	72.4355349618303	2.85318579258714	0.120660471186349	0.371487720866165	1	0	0	0	0	0
M28	PID1	11	8895:8905	72.4355349618303	2.85318579258714	0.120660471186349	0.371487720866165	1	0	0	0	0	0
M28	RERG	11	8895:8905	72.4355349618303	2.85318579258714	0.120660471186349	0.371487720866165	1	0	0	0	0	0
M28	CPE	11	8895:8905	72.4355349618303	2.85318579258714	0.120660471186349	0.371487720866165	1	0	0	0	0	0
M17	CSRP2	12	8906:8917	211.707427556795	1.85320084064456	0.0892121450086612	0.443430418915441	1	0	0	0	0	0.166666666666667
M17	C1QTNF3	12	8906:8917	211.707427556795	1.85320084064456	0.0892121450086612	0.443430418915441	1	0	0	0	0	0.166666666666667
M17	ZNF106	12	8906:8917	211.707427556795	1.85320084064456	0.0892121450086612	0.443430418915441	1	0	0	0	0	0.166666666666667
M17	LAMA2	12	8906:8917	211.707427556795	1.85320084064456	0.0892121450086612	0.443430418915441	1	0	0	0	0	0.166666666666667
M17	PRSS12	12	8906:8917	211.707427556795	1.85320084064456	0.0892121450086612	0.443430418915441	1	0	0	0	0	0.166666666666667
M17	NR2F2	12	8906:8917	211.707427556795	1.85320084064456	0.0892121450086612	0.443430418915441	1	0	0	0	0	0.166666666666667
M17	DDR2	12	8906:8917	211.707427556795	1.85320084064456	0.0892121450086612	0.443430418915441	1	0	0	0	0	0.166666666666667
M17	PTPRK	12	8906:8917	211.707427556795	1.85320084064456	0.0892121450086612	0.443430418915441	1	0	0	0	0	0.166666666666667
M17	BDNF	12	8906:8917	211.707427556795	1.85320084064456	0.0892121450086612	0.443430418915441	1	0	0	0	0	0.166666666666667
M17	PPP1R3C	12	8906:8917	211.707427556795	1.85320084064456	0.0892121450086612	0.443430418915441	1	0	0	0	0	0.166666666666667
M17	MARCKS	12	8906:8917	211.707427556795	1.85320084064456	0.0892121450086612	0.443430418915441	1	0	0	0	0	0.166666666666667
M17	MEIS1	12	8906:8917	211.707427556795	1.85320084064456	0.0892121450086612	0.443430418915441	1	0	0	0	0	0.166666666666667
M36	ZNF638	10	8918:8927	116.675052660451	1.69610157127733	0.0707134916254172	0.477582717863086	1	0	0	0	0	0.4
M36	ARHGAP28	10	8918:8927	116.675052660451	1.69610157127733	0.0707134916254172	0.477582717863086	1	0	0	0	0	0.4
M36	ABCA1	10	8918:8927	116.675052660451	1.69610157127733	0.0707134916254172	0.477582717863086	1	0	0	0	0	0.4
M36	RLF	10	8918:8927	116.675052660451	1.69610157127733	0.0707134916254172	0.477582717863086	1	0	0	0	0	0.4
M36	PAXBP1	10	8918:8927	116.675052660451	1.69610157127733	0.0707134916254172	0.477582717863086	1	0	0	0	0	0.4
M36	KAT7	10	8918:8927	116.675052660451	1.69610157127733	0.0707134916254172	0.477582717863086	1	0	0	0	0	0.4
M36	MLLT10	10	8918:8927	116.675052660451	1.69610157127733	0.0707134916254172	0.477582717863086	1	0	0	0	0	0.4
M36	SOBP	10	8918:8927	116.675052660451	1.69610157127733	0.0707134916254172	0.477582717863086	1	0	0	0	0	0.4
M36	GPATCH8	10	8918:8927	116.675052660451	1.69610157127733	0.0707134916254172	0.477582717863086	1	0	0	0	0	0.4
M36	SP3	10	8918:8927	116.675052660451	1.69610157127733	0.0707134916254172	0.477582717863086	1	0	0	0	0	0.4
M12	TPX2	13	8928:8940	252.761179362529	2.39299769430199	0.146643675664267	0.537697299903397	0.846153846153846	0	0	0	0.153846153846154	0
M12	MKI67	13	8928:8940	252.761179362529	2.39299769430199	0.146643675664267	0.537697299903397	0.846153846153846	0	0	0	0.153846153846154	0
M12	IGLC2	13	8928:8940	252.761179362529	2.39299769430199	0.146643675664267	0.537697299903397	0.846153846153846	0	0	0	0.153846153846154	0
M12	IGHM	13	8928:8940	252.761179362529	2.39299769430199	0.146643675664267	0.537697299903397	0.846153846153846	0	0	0	0.153846153846154	0
M12	NCF2	13	8928:8940	252.761179362529	2.39299769430199	0.146643675664267	0.537697299903397	0.846153846153846	0	0	0	0.153846153846154	0
M12	CCT5	13	8928:8940	252.761179362529	2.39299769430199	0.146643675664267	0.537697299903397	0.846153846153846	0	0	0	0.153846153846154	0
M12	PDCD5	13	8928:8940	252.761179362529	2.39299769430199	0.146643675664267	0.537697299903397	0.846153846153846	0	0	0	0.153846153846154	0
M12	NHP2	13	8928:8940	252.761179362529	2.39299769430199	0.146643675664267	0.537697299903397	0.846153846153846	0	0	0	0.153846153846154	0
M12	NOLC1	13	8928:8940	252.761179362529	2.39299769430199	0.146643675664267	0.537697299903397	0.846153846153846	0	0	0	0.153846153846154	0
M12	EIF4G1	13	8928:8940	252.761179362529	2.39299769430199	0.146643675664267	0.537697299903397	0.846153846153846	0	0	0	0.153846153846154	0
M12	KPNB1	13	8928:8940	252.761179362529	2.39299769430199	0.146643675664267	0.537697299903397	0.846153846153846	0	0	0	0.153846153846154	0
M12	TYMS	13	8928:8940	252.761179362529	2.39299769430199	0.146643675664267	0.537697299903397	0.846153846153846	0	0	0	0.153846153846154	0
M12	HIST1H4C	13	8928:8940	252.761179362529	2.39299769430199	0.146643675664267	0.537697299903397	0.846153846153846	0	0	0	0.153846153846154	0
M29	ABCB9	11	8941:8951	140.430373293995	2.98373197987279	0.0842810224780009	0.531191719243147	0.636363636363636	0.272727272727273	0	0.0909090909090909	0	0
M29	RP11-659E9.2	11	8941:8951	140.430373293995	2.98373197987279	0.0842810224780009	0.531191719243147	0.636363636363636	0.272727272727273	0	0.0909090909090909	0	0
M29	RP11-197N18.8	11	8941:8951	140.430373293995	2.98373197987279	0.0842810224780009	0.531191719243147	0.636363636363636	0.272727272727273	0	0.0909090909090909	0	0
M29	CSF3R	11	8941:8951	140.430373293995	2.98373197987279	0.0842810224780009	0.531191719243147	0.636363636363636	0.272727272727273	0	0.0909090909090909	0	0
M29	DNAH2	11	8941:8951	140.430373293995	2.98373197987279	0.0842810224780009	0.531191719243147	0.636363636363636	0.272727272727273	0	0.0909090909090909	0	0
M29	ANKS4B	11	8941:8951	140.430373293995	2.98373197987279	0.0842810224780009	0.531191719243147	0.636363636363636	0.272727272727273	0	0.0909090909090909	0	0
M29	RBM5	11	8941:8951	140.430373293995	2.98373197987279	0.0842810224780009	0.531191719243147	0.636363636363636	0.272727272727273	0	0.0909090909090909	0	0
M29	CSMD2	11	8941:8951	140.430373293995	2.98373197987279	0.0842810224780009	0.531191719243147	0.636363636363636	0.272727272727273	0	0.0909090909090909	0	0
M29	LRRC69	11	8941:8951	140.430373293995	2.98373197987279	0.0842810224780009	0.531191719243147	0.636363636363636	0.272727272727273	0	0.0909090909090909	0	0
M29	OR8A3P	11	8941:8951	140.430373293995	2.98373197987279	0.0842810224780009	0.531191719243147	0.636363636363636	0.272727272727273	0	0.0909090909090909	0	0
M29	ZNF528-AS1	11	8941:8951	140.430373293995	2.98373197987279	0.0842810224780009	0.531191719243147	0.636363636363636	0.272727272727273	0	0.0909090909090909	0	0
M30	SORL1	11	8952:8962	25.4038148535827	3.36320182776066	0.084696791527006	0.457742238683222	0.636363636363636	0.272727272727273	0	0.0909090909090909	0	0
M30	APBA1	11	8952:8962	25.4038148535827	3.36320182776066	0.084696791527006	0.457742238683222	0.636363636363636	0.272727272727273	0	0.0909090909090909	0	0
M30	MYH11	11	8952:8962	25.4038148535827	3.36320182776066	0.084696791527006	0.457742238683222	0.636363636363636	0.272727272727273	0	0.0909090909090909	0	0
M30	RP11-692C24.1	11	8952:8962	25.4038148535827	3.36320182776066	0.084696791527006	0.457742238683222	0.636363636363636	0.272727272727273	0	0.0909090909090909	0	0
M30	ZDHHC14	11	8952:8962	25.4038148535827	3.36320182776066	0.084696791527006	0.457742238683222	0.636363636363636	0.272727272727273	0	0.0909090909090909	0	0
M30	FLJ42102	11	8952:8962	25.4038148535827	3.36320182776066	0.084696791527006	0.457742238683222	0.636363636363636	0.272727272727273	0	0.0909090909090909	0	0
M30	GRIA1	11	8952:8962	25.4038148535827	3.36320182776066	0.084696791527006	0.457742238683222	0.636363636363636	0.272727272727273	0	0.0909090909090909	0	0
M30	AC100830.3	11	8952:8962	25.4038148535827	3.36320182776066	0.084696791527006	0.457742238683222	0.636363636363636	0.272727272727273	0	0.0909090909090909	0	0
M30	RP5-1039K5.19	11	8952:8962	25.4038148535827	3.36320182776066	0.084696791527006	0.457742238683222	0.636363636363636	0.272727272727273	0	0.0909090909090909	0	0
M30	C1orf167	11	8952:8962	25.4038148535827	3.36320182776066	0.084696791527006	0.457742238683222	0.636363636363636	0.272727272727273	0	0.0909090909090909	0	0
M30	AARSD1	11	8952:8962	25.4038148535827	3.36320182776066	0.084696791527006	0.457742238683222	0.636363636363636	0.272727272727273	0	0.0909090909090909	0	0
M37	UBXN1	10	8963:8972	71.9742161939352	2.7009044280645	0.0701182073181272	0.640028746323555	0.8	0.1	0	0.1	0	0
M37	MAPK13	10	8963:8972	71.9742161939352	2.7009044280645	0.0701182073181272	0.640028746323555	0.8	0.1	0	0.1	0	0
M37	PRX	10	8963:8972	71.9742161939352	2.7009044280645	0.0701182073181272	0.640028746323555	0.8	0.1	0	0.1	0	0
M37	PHPT1	10	8963:8972	71.9742161939352	2.7009044280645	0.0701182073181272	0.640028746323555	0.8	0.1	0	0.1	0	0
M37	CEP78	10	8963:8972	71.9742161939352	2.7009044280645	0.0701182073181272	0.640028746323555	0.8	0.1	0	0.1	0	0
M37	CTD-2047H16.4	10	8963:8972	71.9742161939352	2.7009044280645	0.0701182073181272	0.640028746323555	0.8	0.1	0	0.1	0	0
M37	FBXO18	10	8963:8972	71.9742161939352	2.7009044280645	0.0701182073181272	0.640028746323555	0.8	0.1	0	0.1	0	0
M37	EMC3-AS1	10	8963:8972	71.9742161939352	2.7009044280645	0.0701182073181272	0.640028746323555	0.8	0.1	0	0.1	0	0
M37	FAN1	10	8963:8972	71.9742161939352	2.7009044280645	0.0701182073181272	0.640028746323555	0.8	0.1	0	0.1	0	0
M37	CSNK1D	10	8963:8972	71.9742161939352	2.7009044280645	0.0701182073181272	0.640028746323555	0.8	0.1	0	0.1	0	0
M31	RPS12P31	11	8973:8983	27.7273016489312	3.18228560383914	0.0854932724552121	0.509565813026371	0.363636363636364	0.545454545454545	0	0.0909090909090909	0	0
M31	CTB-47B11.3	11	8973:8983	27.7273016489312	3.18228560383914	0.0854932724552121	0.509565813026371	0.363636363636364	0.545454545454545	0	0.0909090909090909	0	0
M31	CTA-212A2.3	11	8973:8983	27.7273016489312	3.18228560383914	0.0854932724552121	0.509565813026371	0.363636363636364	0.545454545454545	0	0.0909090909090909	0	0
M31	FLVCR1-AS1	11	8973:8983	27.7273016489312	3.18228560383914	0.0854932724552121	0.509565813026371	0.363636363636364	0.545454545454545	0	0.0909090909090909	0	0
M31	FAM153B	11	8973:8983	27.7273016489312	3.18228560383914	0.0854932724552121	0.509565813026371	0.363636363636364	0.545454545454545	0	0.0909090909090909	0	0
M31	NFASC	11	8973:8983	27.7273016489312	3.18228560383914	0.0854932724552121	0.509565813026371	0.363636363636364	0.545454545454545	0	0.0909090909090909	0	0
M31	AC020951.1	11	8973:8983	27.7273016489312	3.18228560383914	0.0854932724552121	0.509565813026371	0.363636363636364	0.545454545454545	0	0.0909090909090909	0	0
M31	LINC02043	11	8973:8983	27.7273016489312	3.18228560383914	0.0854932724552121	0.509565813026371	0.363636363636364	0.545454545454545	0	0.0909090909090909	0	0
M31	RP11-318C2.1	11	8973:8983	27.7273016489312	3.18228560383914	0.0854932724552121	0.509565813026371	0.363636363636364	0.545454545454545	0	0.0909090909090909	0	0
M31	MRPS31	11	8973:8983	27.7273016489312	3.18228560383914	0.0854932724552121	0.509565813026371	0.363636363636364	0.545454545454545	0	0.0909090909090909	0	0
M31	MAP3K15	11	8973:8983	27.7273016489312	3.18228560383914	0.0854932724552121	0.509565813026371	0.363636363636364	0.545454545454545	0	0.0909090909090909	0	0
M7	RND3	16	8984:8999	221.008729136975	1.84644922148003	0.1186133634247	0.394148533602123	1	0	0	0	0	0.0625
M7	ETV1	16	8984:8999	221.008729136975	1.84644922148003	0.1186133634247	0.394148533602123	1	0	0	0	0	0.0625
M7	SEMA4D	16	8984:8999	221.008729136975	1.84644922148003	0.1186133634247	0.394148533602123	1	0	0	0	0	0.0625
M7	SERTAD4	16	8984:8999	221.008729136975	1.84644922148003	0.1186133634247	0.394148533602123	1	0	0	0	0	0.0625
M7	TMEM200A	16	8984:8999	221.008729136975	1.84644922148003	0.1186133634247	0.394148533602123	1	0	0	0	0	0.0625
M7	LTBP2	16	8984:8999	221.008729136975	1.84644922148003	0.1186133634247	0.394148533602123	1	0	0	0	0	0.0625
M7	MATN2	16	8984:8999	221.008729136975	1.84644922148003	0.1186133634247	0.394148533602123	1	0	0	0	0	0.0625
M7	PDGFD	16	8984:8999	221.008729136975	1.84644922148003	0.1186133634247	0.394148533602123	1	0	0	0	0	0.0625
M7	ECE1	16	8984:8999	221.008729136975	1.84644922148003	0.1186133634247	0.394148533602123	1	0	0	0	0	0.0625
M7	NDNF	16	8984:8999	221.008729136975	1.84644922148003	0.1186133634247	0.394148533602123	1	0	0	0	0	0.0625
M7	ISLR	16	8984:8999	221.008729136975	1.84644922148003	0.1186133634247	0.394148533602123	1	0	0	0	0	0.0625
M7	SRPX2	16	8984:8999	221.008729136975	1.84644922148003	0.1186133634247	0.394148533602123	1	0	0	0	0	0.0625
M7	HSD17B2	16	8984:8999	221.008729136975	1.84644922148003	0.1186133634247	0.394148533602123	1	0	0	0	0	0.0625
M7	TSPAN33	16	8984:8999	221.008729136975	1.84644922148003	0.1186133634247	0.394148533602123	1	0	0	0	0	0.0625
M7	VSTM2A	16	8984:8999	221.008729136975	1.84644922148003	0.1186133634247	0.394148533602123	1	0	0	0	0	0.0625
M7	PMEPA1	16	8984:8999	221.008729136975	1.84644922148003	0.1186133634247	0.394148533602123	1	0	0	0	0	0.0625
M8	BMP5	16	9000:9015	240.552125702974	1.35128856917697	0.13436841315129	0.461958042809684	1	0	0	0	0	0.125
M8	COL4A5	16	9000:9015	240.552125702974	1.35128856917697	0.13436841315129	0.461958042809684	1	0	0	0	0	0.125
M8	MMP2	16	9000:9015	240.552125702974	1.35128856917697	0.13436841315129	0.461958042809684	1	0	0	0	0	0.125
M8	NDST4	16	9000:9015	240.552125702974	1.35128856917697	0.13436841315129	0.461958042809684	1	0	0	0	0	0.125
M8	MLXIP	16	9000:9015	240.552125702974	1.35128856917697	0.13436841315129	0.461958042809684	1	0	0	0	0	0.125
M8	NCAM1	16	9000:9015	240.552125702974	1.35128856917697	0.13436841315129	0.461958042809684	1	0	0	0	0	0.125
M8	ITM2A	16	9000:9015	240.552125702974	1.35128856917697	0.13436841315129	0.461958042809684	1	0	0	0	0	0.125
M8	COL4A6	16	9000:9015	240.552125702974	1.35128856917697	0.13436841315129	0.461958042809684	1	0	0	0	0	0.125
M8	MGLL	16	9000:9015	240.552125702974	1.35128856917697	0.13436841315129	0.461958042809684	1	0	0	0	0	0.125
M8	SGCD	16	9000:9015	240.552125702974	1.35128856917697	0.13436841315129	0.461958042809684	1	0	0	0	0	0.125
M8	EPS8	16	9000:9015	240.552125702974	1.35128856917697	0.13436841315129	0.461958042809684	1	0	0	0	0	0.125
M8	SPRY2	16	9000:9015	240.552125702974	1.35128856917697	0.13436841315129	0.461958042809684	1	0	0	0	0	0.125
M8	MFAP4	16	9000:9015	240.552125702974	1.35128856917697	0.13436841315129	0.461958042809684	1	0	0	0	0	0.125
M8	ECHDC2	16	9000:9015	240.552125702974	1.35128856917697	0.13436841315129	0.461958042809684	1	0	0	0	0	0.125
M8	TNFRSF19	16	9000:9015	240.552125702974	1.35128856917697	0.13436841315129	0.461958042809684	1	0	0	0	0	0.125
M8	SOX4	16	9000:9015	240.552125702974	1.35128856917697	0.13436841315129	0.461958042809684	1	0	0	0	0	0.125
M38	NRG1	10	9016:9025	254.533211394043	2.25693660488239	0.151764961669757	0.307703852780498	1	0	0	0	0	0.1
M38	MAMDC2	10	9016:9025	254.533211394043	2.25693660488239	0.151764961669757	0.307703852780498	1	0	0	0	0	0.1
M38	MMP10	10	9016:9025	254.533211394043	2.25693660488239	0.151764961669757	0.307703852780498	1	0	0	0	0	0.1
M38	TM4SF1	10	9016:9025	254.533211394043	2.25693660488239	0.151764961669757	0.307703852780498	1	0	0	0	0	0.1
M38	SOX9	10	9016:9025	254.533211394043	2.25693660488239	0.151764961669757	0.307703852780498	1	0	0	0	0	0.1
M38	DLL1	10	9016:9025	254.533211394043	2.25693660488239	0.151764961669757	0.307703852780498	1	0	0	0	0	0.1
M38	CXCR4	10	9016:9025	254.533211394043	2.25693660488239	0.151764961669757	0.307703852780498	1	0	0	0	0	0.1
M38	LAMB1	10	9016:9025	254.533211394043	2.25693660488239	0.151764961669757	0.307703852780498	1	0	0	0	0	0.1
M38	MMP1	10	9016:9025	254.533211394043	2.25693660488239	0.151764961669757	0.307703852780498	1	0	0	0	0	0.1
M38	PCDH17	10	9016:9025	254.533211394043	2.25693660488239	0.151764961669757	0.307703852780498	1	0	0	0	0	0.1
M10	SYNPO2	14	9026:9039	358.628226663306	1.31688812123189	0.193174366339876	0.34829756102152	0.928571428571429	0.0714285714285714	0	0	0	0
M10	GFRA1	14	9026:9039	358.628226663306	1.31688812123189	0.193174366339876	0.34829756102152	0.928571428571429	0.0714285714285714	0	0	0	0
M10	HHIP	14	9026:9039	358.628226663306	1.31688812123189	0.193174366339876	0.34829756102152	0.928571428571429	0.0714285714285714	0	0	0	0
M10	TMEM100	14	9026:9039	358.628226663306	1.31688812123189	0.193174366339876	0.34829756102152	0.928571428571429	0.0714285714285714	0	0	0	0
M10	VEGFA	14	9026:9039	358.628226663306	1.31688812123189	0.193174366339876	0.34829756102152	0.928571428571429	0.0714285714285714	0	0	0	0
M10	VNN2	14	9026:9039	358.628226663306	1.31688812123189	0.193174366339876	0.34829756102152	0.928571428571429	0.0714285714285714	0	0	0	0
M10	CPED1	14	9026:9039	358.628226663306	1.31688812123189	0.193174366339876	0.34829756102152	0.928571428571429	0.0714285714285714	0	0	0	0
M10	ENPP2	14	9026:9039	358.628226663306	1.31688812123189	0.193174366339876	0.34829756102152	0.928571428571429	0.0714285714285714	0	0	0	0
M10	FENDRR	14	9026:9039	358.628226663306	1.31688812123189	0.193174366339876	0.34829756102152	0.928571428571429	0.0714285714285714	0	0	0	0
M10	SLC26A2	14	9026:9039	358.628226663306	1.31688812123189	0.193174366339876	0.34829756102152	0.928571428571429	0.0714285714285714	0	0	0	0
M10	PROM1	14	9026:9039	358.628226663306	1.31688812123189	0.193174366339876	0.34829756102152	0.928571428571429	0.0714285714285714	0	0	0	0
M10	WNT4	14	9026:9039	358.628226663306	1.31688812123189	0.193174366339876	0.34829756102152	0.928571428571429	0.0714285714285714	0	0	0	0
M10	PTCH1	14	9026:9039	358.628226663306	1.31688812123189	0.193174366339876	0.34829756102152	0.928571428571429	0.0714285714285714	0	0	0	0
M10	TACR1	14	9026:9039	358.628226663306	1.31688812123189	0.193174366339876	0.34829756102152	0.928571428571429	0.0714285714285714	0	0	0	0
M39	SHANK2	10	9040:9049	108.84252543289	1.93856763070127	0.0963468120840573	0.476137885125664	1	0	0	0	0	0
M39	FSD1L	10	9040:9049	108.84252543289	1.93856763070127	0.0963468120840573	0.476137885125664	1	0	0	0	0	0
M39	SCUBE2	10	9040:9049	108.84252543289	1.93856763070127	0.0963468120840573	0.476137885125664	1	0	0	0	0	0
M39	KIAA0040	10	9040:9049	108.84252543289	1.93856763070127	0.0963468120840573	0.476137885125664	1	0	0	0	0	0
M39	PPP3CA	10	9040:9049	108.84252543289	1.93856763070127	0.0963468120840573	0.476137885125664	1	0	0	0	0	0
M39	EMP2	10	9040:9049	108.84252543289	1.93856763070127	0.0963468120840573	0.476137885125664	1	0	0	0	0	0
M39	PLAT	10	9040:9049	108.84252543289	1.93856763070127	0.0963468120840573	0.476137885125664	1	0	0	0	0	0
M39	CASK	10	9040:9049	108.84252543289	1.93856763070127	0.0963468120840573	0.476137885125664	1	0	0	0	0	0
M39	S1PR3	10	9040:9049	108.84252543289	1.93856763070127	0.0963468120840573	0.476137885125664	1	0	0	0	0	0
M39	A2M	10	9040:9049	108.84252543289	1.93856763070127	0.0963468120840573	0.476137885125664	1	0	0	0	0	0
M40	SNHG12	10	9050:9059	102.617718240858	1.70017717218366	0.0960927882441561	0.367962767079404	0.8	0.2	0	0	0	0
M40	RBM22	10	9050:9059	102.617718240858	1.70017717218366	0.0960927882441561	0.367962767079404	0.8	0.2	0	0	0	0
M40	FUS	10	9050:9059	102.617718240858	1.70017717218366	0.0960927882441561	0.367962767079404	0.8	0.2	0	0	0	0
M40	BTG1	10	9050:9059	102.617718240858	1.70017717218366	0.0960927882441561	0.367962767079404	0.8	0.2	0	0	0	0
M40	SNHG1	10	9050:9059	102.617718240858	1.70017717218366	0.0960927882441561	0.367962767079404	0.8	0.2	0	0	0	0
M40	C16orf72	10	9050:9059	102.617718240858	1.70017717218366	0.0960927882441561	0.367962767079404	0.8	0.2	0	0	0	0
M40	CCNG2	10	9050:9059	102.617718240858	1.70017717218366	0.0960927882441561	0.367962767079404	0.8	0.2	0	0	0	0
M40	KLHL15	10	9050:9059	102.617718240858	1.70017717218366	0.0960927882441561	0.367962767079404	0.8	0.2	0	0	0	0
M40	AMD1	10	9050:9059	102.617718240858	1.70017717218366	0.0960927882441561	0.367962767079404	0.8	0.2	0	0	0	0
M40	PPP1R15B	10	9050:9059	102.617718240858	1.70017717218366	0.0960927882441561	0.367962767079404	0.8	0.2	0	0	0	0
M32	BMP4	11	9060:9070	607.213737480219	0.910846325013489	0.119525611363728	0.523282836976989	1	0	0	0	0	0
M32	PLPP3	11	9060:9070	607.213737480219	0.910846325013489	0.119525611363728	0.523282836976989	1	0	0	0	0	0
M32	SEMA5A	11	9060:9070	607.213737480219	0.910846325013489	0.119525611363728	0.523282836976989	1	0	0	0	0	0
M32	ADAM28	11	9060:9070	607.213737480219	0.910846325013489	0.119525611363728	0.523282836976989	1	0	0	0	0	0
M32	COLEC12	11	9060:9070	607.213737480219	0.910846325013489	0.119525611363728	0.523282836976989	1	0	0	0	0	0
M32	ANKRD50	11	9060:9070	607.213737480219	0.910846325013489	0.119525611363728	0.523282836976989	1	0	0	0	0	0
M32	CCNI	11	9060:9070	607.213737480219	0.910846325013489	0.119525611363728	0.523282836976989	1	0	0	0	0	0
M32	NTRK3	11	9060:9070	607.213737480219	0.910846325013489	0.119525611363728	0.523282836976989	1	0	0	0	0	0
M32	ANGPT1	11	9060:9070	607.213737480219	0.910846325013489	0.119525611363728	0.523282836976989	1	0	0	0	0	0
M32	TBL1XR1	11	9060:9070	607.213737480219	0.910846325013489	0.119525611363728	0.523282836976989	1	0	0	0	0	0
M32	NID1	11	9060:9070	607.213737480219	0.910846325013489	0.119525611363728	0.523282836976989	1	0	0	0	0	0
M18	EIF4B	12	9071:9082	226.422099878112	1.39565216599788	0.1184057503564	1.05369950797357	0.75	0	0	0.25	0	0.166666666666667
M18	EIF4BP3	12	9071:9082	226.422099878112	1.39565216599788	0.1184057503564	1.05369950797357	0.75	0	0	0.25	0	0.166666666666667
M18	EIF4BP6	12	9071:9082	226.422099878112	1.39565216599788	0.1184057503564	1.05369950797357	0.75	0	0	0.25	0	0.166666666666667
M18	RAB7A	12	9071:9082	226.422099878112	1.39565216599788	0.1184057503564	1.05369950797357	0.75	0	0	0.25	0	0.166666666666667
M18	PHIP	12	9071:9082	226.422099878112	1.39565216599788	0.1184057503564	1.05369950797357	0.75	0	0	0.25	0	0.166666666666667
M18	CREBBP	12	9071:9082	226.422099878112	1.39565216599788	0.1184057503564	1.05369950797357	0.75	0	0	0.25	0	0.166666666666667
M18	EIF4BP7	12	9071:9082	226.422099878112	1.39565216599788	0.1184057503564	1.05369950797357	0.75	0	0	0.25	0	0.166666666666667
M18	PAPOLA	12	9071:9082	226.422099878112	1.39565216599788	0.1184057503564	1.05369950797357	0.75	0	0	0.25	0	0.166666666666667
M18	SMAD1	12	9071:9082	226.422099878112	1.39565216599788	0.1184057503564	1.05369950797357	0.75	0	0	0.25	0	0.166666666666667
M18	ZNF354C	12	9071:9082	226.422099878112	1.39565216599788	0.1184057503564	1.05369950797357	0.75	0	0	0.25	0	0.166666666666667
M18	GORAB	12	9071:9082	226.422099878112	1.39565216599788	0.1184057503564	1.05369950797357	0.75	0	0	0.25	0	0.166666666666667
M18	SRP72	12	9071:9082	226.422099878112	1.39565216599788	0.1184057503564	1.05369950797357	0.75	0	0	0.25	0	0.166666666666667
M5	NFIX	17	9083:9099	136.990739833572	1.36260444581979	0.206531297088867	0.734394058870352	0.882352941176471	0	0	0.117647058823529	0	0.0588235294117647
M5	NBPF14	17	9083:9099	136.990739833572	1.36260444581979	0.206531297088867	0.734394058870352	0.882352941176471	0	0	0.117647058823529	0	0.0588235294117647
M5	NBPF26	17	9083:9099	136.990739833572	1.36260444581979	0.206531297088867	0.734394058870352	0.882352941176471	0	0	0.117647058823529	0	0.0588235294117647
M5	YTHDC2	17	9083:9099	136.990739833572	1.36260444581979	0.206531297088867	0.734394058870352	0.882352941176471	0	0	0.117647058823529	0	0.0588235294117647
M5	NBPF19	17	9083:9099	136.990739833572	1.36260444581979	0.206531297088867	0.734394058870352	0.882352941176471	0	0	0.117647058823529	0	0.0588235294117647
M5	NBPF9	17	9083:9099	136.990739833572	1.36260444581979	0.206531297088867	0.734394058870352	0.882352941176471	0	0	0.117647058823529	0	0.0588235294117647
M5	NBPF8	17	9083:9099	136.990739833572	1.36260444581979	0.206531297088867	0.734394058870352	0.882352941176471	0	0	0.117647058823529	0	0.0588235294117647
M5	NBPF10	17	9083:9099	136.990739833572	1.36260444581979	0.206531297088867	0.734394058870352	0.882352941176471	0	0	0.117647058823529	0	0.0588235294117647
M5	TET1	17	9083:9099	136.990739833572	1.36260444581979	0.206531297088867	0.734394058870352	0.882352941176471	0	0	0.117647058823529	0	0.0588235294117647
M5	NBPF25P	17	9083:9099	136.990739833572	1.36260444581979	0.206531297088867	0.734394058870352	0.882352941176471	0	0	0.117647058823529	0	0.0588235294117647
M5	AC240274.1	17	9083:9099	136.990739833572	1.36260444581979	0.206531297088867	0.734394058870352	0.882352941176471	0	0	0.117647058823529	0	0.0588235294117647
M5	NBPF1	17	9083:9099	136.990739833572	1.36260444581979	0.206531297088867	0.734394058870352	0.882352941176471	0	0	0.117647058823529	0	0.0588235294117647
M5	ZFR	17	9083:9099	136.990739833572	1.36260444581979	0.206531297088867	0.734394058870352	0.882352941176471	0	0	0.117647058823529	0	0.0588235294117647
M5	NBPF20	17	9083:9099	136.990739833572	1.36260444581979	0.206531297088867	0.734394058870352	0.882352941176471	0	0	0.117647058823529	0	0.0588235294117647
M5	NBPF11	17	9083:9099	136.990739833572	1.36260444581979	0.206531297088867	0.734394058870352	0.882352941176471	0	0	0.117647058823529	0	0.0588235294117647
M5	NBPF12	17	9083:9099	136.990739833572	1.36260444581979	0.206531297088867	0.734394058870352	0.882352941176471	0	0	0.117647058823529	0	0.0588235294117647
M5	NBPF15	17	9083:9099	136.990739833572	1.36260444581979	0.206531297088867	0.734394058870352	0.882352941176471	0	0	0.117647058823529	0	0.0588235294117647
M41	MAP2K1	10	9100:9109	140.708270963345	1.92288190936675	0.0670853599136203	0.614374925554963	0.8	0.2	0	0	0	0.1
M41	ADNP	10	9100:9109	140.708270963345	1.92288190936675	0.0670853599136203	0.614374925554963	0.8	0.2	0	0	0	0.1
M41	MOB1A	10	9100:9109	140.708270963345	1.92288190936675	0.0670853599136203	0.614374925554963	0.8	0.2	0	0	0	0.1
M41	NSD1	10	9100:9109	140.708270963345	1.92288190936675	0.0670853599136203	0.614374925554963	0.8	0.2	0	0	0	0.1
M41	TRAF3IP2-AS1	10	9100:9109	140.708270963345	1.92288190936675	0.0670853599136203	0.614374925554963	0.8	0.2	0	0	0	0.1
M41	SUMO1	10	9100:9109	140.708270963345	1.92288190936675	0.0670853599136203	0.614374925554963	0.8	0.2	0	0	0	0.1
M41	CASC3	10	9100:9109	140.708270963345	1.92288190936675	0.0670853599136203	0.614374925554963	0.8	0.2	0	0	0	0.1
M41	NUTM2B-AS1	10	9100:9109	140.708270963345	1.92288190936675	0.0670853599136203	0.614374925554963	0.8	0.2	0	0	0	0.1
M41	EIF3A	10	9100:9109	140.708270963345	1.92288190936675	0.0670853599136203	0.614374925554963	0.8	0.2	0	0	0	0.1
M41	ADAMTS12	10	9100:9109	140.708270963345	1.92288190936675	0.0670853599136203	0.614374925554963	0.8	0.2	0	0	0	0.1
M19	VCL	12	9110:9121	233.0034487896	1.64937615520302	0.132793027549034	0.481482707512699	1	0	0	0	0	0
M19	CORO1C	12	9110:9121	233.0034487896	1.64937615520302	0.132793027549034	0.481482707512699	1	0	0	0	0	0
M19	TPM1	12	9110:9121	233.0034487896	1.64937615520302	0.132793027549034	0.481482707512699	1	0	0	0	0	0
M19	PLS3	12	9110:9121	233.0034487896	1.64937615520302	0.132793027549034	0.481482707512699	1	0	0	0	0	0
M19	MYLK	12	9110:9121	233.0034487896	1.64937615520302	0.132793027549034	0.481482707512699	1	0	0	0	0	0
M19	PALLD	12	9110:9121	233.0034487896	1.64937615520302	0.132793027549034	0.481482707512699	1	0	0	0	0	0
M19	LMOD1	12	9110:9121	233.0034487896	1.64937615520302	0.132793027549034	0.481482707512699	1	0	0	0	0	0
M19	ACTA2	12	9110:9121	233.0034487896	1.64937615520302	0.132793027549034	0.481482707512699	1	0	0	0	0	0
M19	DCLK1	12	9110:9121	233.0034487896	1.64937615520302	0.132793027549034	0.481482707512699	1	0	0	0	0	0
M19	RBPMS	12	9110:9121	233.0034487896	1.64937615520302	0.132793027549034	0.481482707512699	1	0	0	0	0	0
M19	LTBP1	12	9110:9121	233.0034487896	1.64937615520302	0.132793027549034	0.481482707512699	1	0	0	0	0	0
M19	RALGPS2	12	9110:9121	233.0034487896	1.64937615520302	0.132793027549034	0.481482707512699	1	0	0	0	0	0
M13	DHRS4L2	13	9122:9134	59.626303037838	2.50728176260025	0.104847672330763	0.71417097736987	0.923076923076923	0	0	0.0769230769230769	0	0
M13	PLK2	13	9122:9134	59.626303037838	2.50728176260025	0.104847672330763	0.71417097736987	0.923076923076923	0	0	0.0769230769230769	0	0
M13	DHRS4	13	9122:9134	59.626303037838	2.50728176260025	0.104847672330763	0.71417097736987	0.923076923076923	0	0	0.0769230769230769	0	0
M13	DNMBP	13	9122:9134	59.626303037838	2.50728176260025	0.104847672330763	0.71417097736987	0.923076923076923	0	0	0.0769230769230769	0	0
M13	TOB1	13	9122:9134	59.626303037838	2.50728176260025	0.104847672330763	0.71417097736987	0.923076923076923	0	0	0.0769230769230769	0	0
M13	HSPH1	13	9122:9134	59.626303037838	2.50728176260025	0.104847672330763	0.71417097736987	0.923076923076923	0	0	0.0769230769230769	0	0
M13	AZI2	13	9122:9134	59.626303037838	2.50728176260025	0.104847672330763	0.71417097736987	0.923076923076923	0	0	0.0769230769230769	0	0
M13	BAG3	13	9122:9134	59.626303037838	2.50728176260025	0.104847672330763	0.71417097736987	0.923076923076923	0	0	0.0769230769230769	0	0
M13	GADD45A	13	9122:9134	59.626303037838	2.50728176260025	0.104847672330763	0.71417097736987	0.923076923076923	0	0	0.0769230769230769	0	0
M13	CENPBD1P1	13	9122:9134	59.626303037838	2.50728176260025	0.104847672330763	0.71417097736987	0.923076923076923	0	0	0.0769230769230769	0	0
M13	NXT1	13	9122:9134	59.626303037838	2.50728176260025	0.104847672330763	0.71417097736987	0.923076923076923	0	0	0.0769230769230769	0	0
M13	ARL4D	13	9122:9134	59.626303037838	2.50728176260025	0.104847672330763	0.71417097736987	0.923076923076923	0	0	0.0769230769230769	0	0
M13	PHLDA1	13	9122:9134	59.626303037838	2.50728176260025	0.104847672330763	0.71417097736987	0.923076923076923	0	0	0.0769230769230769	0	0
M20	RPS12	12	9135:9146	1119.05853238311	1.00472560754368	0.229601881636424	0.460549304321932	0.666666666666667	0	0	0.333333333333333	0	0
M20	RPS27A	12	9135:9146	1119.05853238311	1.00472560754368	0.229601881636424	0.460549304321932	0.666666666666667	0	0	0.333333333333333	0	0
M20	RPL34P31	12	9135:9146	1119.05853238311	1.00472560754368	0.229601881636424	0.460549304321932	0.666666666666667	0	0	0.333333333333333	0	0
M20	RPL34P27	12	9135:9146	1119.05853238311	1.00472560754368	0.229601881636424	0.460549304321932	0.666666666666667	0	0	0.333333333333333	0	0
M20	RPLP2	12	9135:9146	1119.05853238311	1.00472560754368	0.229601881636424	0.460549304321932	0.666666666666667	0	0	0.333333333333333	0	0
M20	RPLP1	12	9135:9146	1119.05853238311	1.00472560754368	0.229601881636424	0.460549304321932	0.666666666666667	0	0	0.333333333333333	0	0
M20	RPS27AP16	12	9135:9146	1119.05853238311	1.00472560754368	0.229601881636424	0.460549304321932	0.666666666666667	0	0	0.333333333333333	0	0
M20	RPS17	12	9135:9146	1119.05853238311	1.00472560754368	0.229601881636424	0.460549304321932	0.666666666666667	0	0	0.333333333333333	0	0
M20	RPL11	12	9135:9146	1119.05853238311	1.00472560754368	0.229601881636424	0.460549304321932	0.666666666666667	0	0	0.333333333333333	0	0
M20	RPS3	12	9135:9146	1119.05853238311	1.00472560754368	0.229601881636424	0.460549304321932	0.666666666666667	0	0	0.333333333333333	0	0
M20	RPL34P26	12	9135:9146	1119.05853238311	1.00472560754368	0.229601881636424	0.460549304321932	0.666666666666667	0	0	0.333333333333333	0	0
M20	RPL34	12	9135:9146	1119.05853238311	1.00472560754368	0.229601881636424	0.460549304321932	0.666666666666667	0	0	0.333333333333333	0	0
M21	SF3B2	12	9147:9158	1156.22711521195	0.827194715689057	0.183060149163323	0.315493822465174	1	0	0	0	0	0
M21	B2M	12	9147:9158	1156.22711521195	0.827194715689057	0.183060149163323	0.315493822465174	1	0	0	0	0	0
M21	CD63	12	9147:9158	1156.22711521195	0.827194715689057	0.183060149163323	0.315493822465174	1	0	0	0	0	0
M21	TMSB10	12	9147:9158	1156.22711521195	0.827194715689057	0.183060149163323	0.315493822465174	1	0	0	0	0	0
M21	NEDD8	12	9147:9158	1156.22711521195	0.827194715689057	0.183060149163323	0.315493822465174	1	0	0	0	0	0
M21	HLA-A	12	9147:9158	1156.22711521195	0.827194715689057	0.183060149163323	0.315493822465174	1	0	0	0	0	0
M21	CKAP4	12	9147:9158	1156.22711521195	0.827194715689057	0.183060149163323	0.315493822465174	1	0	0	0	0	0
M21	MYL6	12	9147:9158	1156.22711521195	0.827194715689057	0.183060149163323	0.315493822465174	1	0	0	0	0	0
M21	PARK7	12	9147:9158	1156.22711521195	0.827194715689057	0.183060149163323	0.315493822465174	1	0	0	0	0	0
M21	TSPAN3	12	9147:9158	1156.22711521195	0.827194715689057	0.183060149163323	0.315493822465174	1	0	0	0	0	0
M21	MAP4	12	9147:9158	1156.22711521195	0.827194715689057	0.183060149163323	0.315493822465174	1	0	0	0	0	0
M21	RANBP1	12	9147:9158	1156.22711521195	0.827194715689057	0.183060149163323	0.315493822465174	1	0	0	0	0	0
M33	MEA1	11	9159:9169	490.613317020339	1.45881047502183	0.0959277471811246	0.396473915418518	1	0	0	0	0	0.0909090909090909
M33	MAGOH	11	9159:9169	490.613317020339	1.45881047502183	0.0959277471811246	0.396473915418518	1	0	0	0	0	0.0909090909090909
M33	SSRP1	11	9159:9169	490.613317020339	1.45881047502183	0.0959277471811246	0.396473915418518	1	0	0	0	0	0.0909090909090909
M33	DAD1	11	9159:9169	490.613317020339	1.45881047502183	0.0959277471811246	0.396473915418518	1	0	0	0	0	0.0909090909090909
M33	TOMM20	11	9159:9169	490.613317020339	1.45881047502183	0.0959277471811246	0.396473915418518	1	0	0	0	0	0.0909090909090909
M33	RING1	11	9159:9169	490.613317020339	1.45881047502183	0.0959277471811246	0.396473915418518	1	0	0	0	0	0.0909090909090909
M33	GHITM	11	9159:9169	490.613317020339	1.45881047502183	0.0959277471811246	0.396473915418518	1	0	0	0	0	0.0909090909090909
M33	PUF60	11	9159:9169	490.613317020339	1.45881047502183	0.0959277471811246	0.396473915418518	1	0	0	0	0	0.0909090909090909
M33	UFC1	11	9159:9169	490.613317020339	1.45881047502183	0.0959277471811246	0.396473915418518	1	0	0	0	0	0.0909090909090909
M33	ICMT	11	9159:9169	490.613317020339	1.45881047502183	0.0959277471811246	0.396473915418518	1	0	0	0	0	0.0909090909090909
M33	ERGIC3	11	9159:9169	490.613317020339	1.45881047502183	0.0959277471811246	0.396473915418518	1	0	0	0	0	0.0909090909090909
M22	NSD2	12	9170:9181	69.6011991026189	2.72926382684589	0.0668298986693699	0.506285571395625	1	0	0	0	0	0.0833333333333333
M22	MCM7	12	9170:9181	69.6011991026189	2.72926382684589	0.0668298986693699	0.506285571395625	1	0	0	0	0	0.0833333333333333
M22	UQCC2	12	9170:9181	69.6011991026189	2.72926382684589	0.0668298986693699	0.506285571395625	1	0	0	0	0	0.0833333333333333
M22	ATAD2	12	9170:9181	69.6011991026189	2.72926382684589	0.0668298986693699	0.506285571395625	1	0	0	0	0	0.0833333333333333
M22	AHCY	12	9170:9181	69.6011991026189	2.72926382684589	0.0668298986693699	0.506285571395625	1	0	0	0	0	0.0833333333333333
M22	ETAA1	12	9170:9181	69.6011991026189	2.72926382684589	0.0668298986693699	0.506285571395625	1	0	0	0	0	0.0833333333333333
M22	NET1	12	9170:9181	69.6011991026189	2.72926382684589	0.0668298986693699	0.506285571395625	1	0	0	0	0	0.0833333333333333
M22	TRAPPC6B	12	9170:9181	69.6011991026189	2.72926382684589	0.0668298986693699	0.506285571395625	1	0	0	0	0	0.0833333333333333
M22	ADCYAP1R1	12	9170:9181	69.6011991026189	2.72926382684589	0.0668298986693699	0.506285571395625	1	0	0	0	0	0.0833333333333333
M22	CLNS1A	12	9170:9181	69.6011991026189	2.72926382684589	0.0668298986693699	0.506285571395625	1	0	0	0	0	0.0833333333333333
M22	SRR	12	9170:9181	69.6011991026189	2.72926382684589	0.0668298986693699	0.506285571395625	1	0	0	0	0	0.0833333333333333
M22	ALDH1B1	12	9170:9181	69.6011991026189	2.72926382684589	0.0668298986693699	0.506285571395625	1	0	0	0	0	0.0833333333333333
M14	PCNA	13	9182:9194	30.2296382170588	3.14799889733102	0.150614993166713	0.314784399866777	1	0	0	0	0	0
M14	MCM4	13	9182:9194	30.2296382170588	3.14799889733102	0.150614993166713	0.314784399866777	1	0	0	0	0	0
M14	GINS2	13	9182:9194	30.2296382170588	3.14799889733102	0.150614993166713	0.314784399866777	1	0	0	0	0	0
M14	CDCA7	13	9182:9194	30.2296382170588	3.14799889733102	0.150614993166713	0.314784399866777	1	0	0	0	0	0
M14	KNTC1	13	9182:9194	30.2296382170588	3.14799889733102	0.150614993166713	0.314784399866777	1	0	0	0	0	0
M14	CDC7	13	9182:9194	30.2296382170588	3.14799889733102	0.150614993166713	0.314784399866777	1	0	0	0	0	0
M14	MCM8	13	9182:9194	30.2296382170588	3.14799889733102	0.150614993166713	0.314784399866777	1	0	0	0	0	0
M14	TIMELESS	13	9182:9194	30.2296382170588	3.14799889733102	0.150614993166713	0.314784399866777	1	0	0	0	0	0
M14	CHEK1	13	9182:9194	30.2296382170588	3.14799889733102	0.150614993166713	0.314784399866777	1	0	0	0	0	0
M14	MCM5	13	9182:9194	30.2296382170588	3.14799889733102	0.150614993166713	0.314784399866777	1	0	0	0	0	0
M14	FEN1	13	9182:9194	30.2296382170588	3.14799889733102	0.150614993166713	0.314784399866777	1	0	0	0	0	0
M14	MCM2	13	9182:9194	30.2296382170588	3.14799889733102	0.150614993166713	0.314784399866777	1	0	0	0	0	0
M14	HELLS	13	9182:9194	30.2296382170588	3.14799889733102	0.150614993166713	0.314784399866777	1	0	0	0	0	0
M15	PGA3	13	9195:9207	27.8655629436667	3.04800723752053	0.0764293035365985	0.492008738422361	0.615384615384615	0.230769230769231	0.0769230769230769	0.0769230769230769	0	0
M15	RP11-346D14.1	13	9195:9207	27.8655629436667	3.04800723752053	0.0764293035365985	0.492008738422361	0.615384615384615	0.230769230769231	0.0769230769230769	0.0769230769230769	0	0
M15	ADGRF5	13	9195:9207	27.8655629436667	3.04800723752053	0.0764293035365985	0.492008738422361	0.615384615384615	0.230769230769231	0.0769230769230769	0.0769230769230769	0	0
M15	ITPA	13	9195:9207	27.8655629436667	3.04800723752053	0.0764293035365985	0.492008738422361	0.615384615384615	0.230769230769231	0.0769230769230769	0.0769230769230769	0	0
M15	WDR31	13	9195:9207	27.8655629436667	3.04800723752053	0.0764293035365985	0.492008738422361	0.615384615384615	0.230769230769231	0.0769230769230769	0.0769230769230769	0	0
M15	RP11-499P20.2	13	9195:9207	27.8655629436667	3.04800723752053	0.0764293035365985	0.492008738422361	0.615384615384615	0.230769230769231	0.0769230769230769	0.0769230769230769	0	0
M15	TNFAIP8	13	9195:9207	27.8655629436667	3.04800723752053	0.0764293035365985	0.492008738422361	0.615384615384615	0.230769230769231	0.0769230769230769	0.0769230769230769	0	0
M15	CELA3B	13	9195:9207	27.8655629436667	3.04800723752053	0.0764293035365985	0.492008738422361	0.615384615384615	0.230769230769231	0.0769230769230769	0.0769230769230769	0	0
M15	RNU7-40P	13	9195:9207	27.8655629436667	3.04800723752053	0.0764293035365985	0.492008738422361	0.615384615384615	0.230769230769231	0.0769230769230769	0.0769230769230769	0	0
M15	RNF183	13	9195:9207	27.8655629436667	3.04800723752053	0.0764293035365985	0.492008738422361	0.615384615384615	0.230769230769231	0.0769230769230769	0.0769230769230769	0	0
M15	RP11-277I20.3	13	9195:9207	27.8655629436667	3.04800723752053	0.0764293035365985	0.492008738422361	0.615384615384615	0.230769230769231	0.0769230769230769	0.0769230769230769	0	0
M15	HMGCL	13	9195:9207	27.8655629436667	3.04800723752053	0.0764293035365985	0.492008738422361	0.615384615384615	0.230769230769231	0.0769230769230769	0.0769230769230769	0	0
M15	RP3-323A16.1	13	9195:9207	27.8655629436667	3.04800723752053	0.0764293035365985	0.492008738422361	0.615384615384615	0.230769230769231	0.0769230769230769	0.0769230769230769	0	0
M1	DDX3X	30	9208:9237	569.488779935576	1.61837283197382	0.299839175389807	0.380020252268949	1	0	0	0	0	0.233333333333333
M1	PPP1R15A	30	9208:9237	569.488779935576	1.61837283197382	0.299839175389807	0.380020252268949	1	0	0	0	0	0.233333333333333
M1	IFRD1	30	9208:9237	569.488779935576	1.61837283197382	0.299839175389807	0.380020252268949	1	0	0	0	0	0.233333333333333
M1	SRSF3	30	9208:9237	569.488779935576	1.61837283197382	0.299839175389807	0.380020252268949	1	0	0	0	0	0.233333333333333
M1	JUN	30	9208:9237	569.488779935576	1.61837283197382	0.299839175389807	0.380020252268949	1	0	0	0	0	0.233333333333333
M1	EIF4A3	30	9208:9237	569.488779935576	1.61837283197382	0.299839175389807	0.380020252268949	1	0	0	0	0	0.233333333333333
M1	ZNF844	30	9208:9237	569.488779935576	1.61837283197382	0.299839175389807	0.380020252268949	1	0	0	0	0	0.233333333333333
M1	BTG2	30	9208:9237	569.488779935576	1.61837283197382	0.299839175389807	0.380020252268949	1	0	0	0	0	0.233333333333333
M1	FOS	30	9208:9237	569.488779935576	1.61837283197382	0.299839175389807	0.380020252268949	1	0	0	0	0	0.233333333333333
M1	IER5	30	9208:9237	569.488779935576	1.61837283197382	0.299839175389807	0.380020252268949	1	0	0	0	0	0.233333333333333
M1	EIF1	30	9208:9237	569.488779935576	1.61837283197382	0.299839175389807	0.380020252268949	1	0	0	0	0	0.233333333333333
M1	TRA2B	30	9208:9237	569.488779935576	1.61837283197382	0.299839175389807	0.380020252268949	1	0	0	0	0	0.233333333333333
M1	KLF4	30	9208:9237	569.488779935576	1.61837283197382	0.299839175389807	0.380020252268949	1	0	0	0	0	0.233333333333333
M1	NFKBIZ	30	9208:9237	569.488779935576	1.61837283197382	0.299839175389807	0.380020252268949	1	0	0	0	0	0.233333333333333
M1	CCNL1	30	9208:9237	569.488779935576	1.61837283197382	0.299839175389807	0.380020252268949	1	0	0	0	0	0.233333333333333
M1	DDX5	30	9208:9237	569.488779935576	1.61837283197382	0.299839175389807	0.380020252268949	1	0	0	0	0	0.233333333333333
M1	IRF1	30	9208:9237	569.488779935576	1.61837283197382	0.299839175389807	0.380020252268949	1	0	0	0	0	0.233333333333333
M1	DUSP5	30	9208:9237	569.488779935576	1.61837283197382	0.299839175389807	0.380020252268949	1	0	0	0	0	0.233333333333333
M1	ZFP36	30	9208:9237	569.488779935576	1.61837283197382	0.299839175389807	0.380020252268949	1	0	0	0	0	0.233333333333333
M1	TUBB4B	30	9208:9237	569.488779935576	1.61837283197382	0.299839175389807	0.380020252268949	1	0	0	0	0	0.233333333333333
M1	CYR61	30	9208:9237	569.488779935576	1.61837283197382	0.299839175389807	0.380020252268949	1	0	0	0	0	0.233333333333333
M1	SLC38A2	30	9208:9237	569.488779935576	1.61837283197382	0.299839175389807	0.380020252268949	1	0	0	0	0	0.233333333333333
M1	RHOB	30	9208:9237	569.488779935576	1.61837283197382	0.299839175389807	0.380020252268949	1	0	0	0	0	0.233333333333333
M1	DUSP1	30	9208:9237	569.488779935576	1.61837283197382	0.299839175389807	0.380020252268949	1	0	0	0	0	0.233333333333333
M1	SOCS3	30	9208:9237	569.488779935576	1.61837283197382	0.299839175389807	0.380020252268949	1	0	0	0	0	0.233333333333333
M1	IER2	30	9208:9237	569.488779935576	1.61837283197382	0.299839175389807	0.380020252268949	1	0	0	0	0	0.233333333333333
M1	EGR1	30	9208:9237	569.488779935576	1.61837283197382	0.299839175389807	0.380020252268949	1	0	0	0	0	0.233333333333333
M1	FOSB	30	9208:9237	569.488779935576	1.61837283197382	0.299839175389807	0.380020252268949	1	0	0	0	0	0.233333333333333
M1	MCL1	30	9208:9237	569.488779935576	1.61837283197382	0.299839175389807	0.380020252268949	1	0	0	0	0	0.233333333333333
M1	SRSF7	30	9208:9237	569.488779935576	1.61837283197382	0.299839175389807	0.380020252268949	1	0	0	0	0	0.233333333333333
M2	NFIL3	23	9238:9260	310.825592440316	1.72507293371574	0.148775885530933	0.447935778456358	0.869565217391304	0.0869565217391304	0	0.0434782608695652	0	0.173913043478261
M2	MYLIP	23	9238:9260	310.825592440316	1.72507293371574	0.148775885530933	0.447935778456358	0.869565217391304	0.0869565217391304	0	0.0434782608695652	0	0.173913043478261
M2	HEXIM1	23	9238:9260	310.825592440316	1.72507293371574	0.148775885530933	0.447935778456358	0.869565217391304	0.0869565217391304	0	0.0434782608695652	0	0.173913043478261
M2	PNRC1	23	9238:9260	310.825592440316	1.72507293371574	0.148775885530933	0.447935778456358	0.869565217391304	0.0869565217391304	0	0.0434782608695652	0	0.173913043478261
M2	EGR2	23	9238:9260	310.825592440316	1.72507293371574	0.148775885530933	0.447935778456358	0.869565217391304	0.0869565217391304	0	0.0434782608695652	0	0.173913043478261
M2	DNAJB4	23	9238:9260	310.825592440316	1.72507293371574	0.148775885530933	0.447935778456358	0.869565217391304	0.0869565217391304	0	0.0434782608695652	0	0.173913043478261
M2	DNAJA1	23	9238:9260	310.825592440316	1.72507293371574	0.148775885530933	0.447935778456358	0.869565217391304	0.0869565217391304	0	0.0434782608695652	0	0.173913043478261
M2	CTD-3252C9.4	23	9238:9260	310.825592440316	1.72507293371574	0.148775885530933	0.447935778456358	0.869565217391304	0.0869565217391304	0	0.0434782608695652	0	0.173913043478261
M2	XBP1	23	9238:9260	310.825592440316	1.72507293371574	0.148775885530933	0.447935778456358	0.869565217391304	0.0869565217391304	0	0.0434782608695652	0	0.173913043478261
M2	RGS2	23	9238:9260	310.825592440316	1.72507293371574	0.148775885530933	0.447935778456358	0.869565217391304	0.0869565217391304	0	0.0434782608695652	0	0.173913043478261
M2	HSP90AA2P	23	9238:9260	310.825592440316	1.72507293371574	0.148775885530933	0.447935778456358	0.869565217391304	0.0869565217391304	0	0.0434782608695652	0	0.173913043478261
M2	HSP90AA1	23	9238:9260	310.825592440316	1.72507293371574	0.148775885530933	0.447935778456358	0.869565217391304	0.0869565217391304	0	0.0434782608695652	0	0.173913043478261
M2	RP11-326I11.3	23	9238:9260	310.825592440316	1.72507293371574	0.148775885530933	0.447935778456358	0.869565217391304	0.0869565217391304	0	0.0434782608695652	0	0.173913043478261
M2	BRD2	23	9238:9260	310.825592440316	1.72507293371574	0.148775885530933	0.447935778456358	0.869565217391304	0.0869565217391304	0	0.0434782608695652	0	0.173913043478261
M2	EIF4A2	23	9238:9260	310.825592440316	1.72507293371574	0.148775885530933	0.447935778456358	0.869565217391304	0.0869565217391304	0	0.0434782608695652	0	0.173913043478261
M2	EIF5	23	9238:9260	310.825592440316	1.72507293371574	0.148775885530933	0.447935778456358	0.869565217391304	0.0869565217391304	0	0.0434782608695652	0	0.173913043478261
M2	ADAMTS1	23	9238:9260	310.825592440316	1.72507293371574	0.148775885530933	0.447935778456358	0.869565217391304	0.0869565217391304	0	0.0434782608695652	0	0.173913043478261
M2	PCF11	23	9238:9260	310.825592440316	1.72507293371574	0.148775885530933	0.447935778456358	0.869565217391304	0.0869565217391304	0	0.0434782608695652	0	0.173913043478261
M2	INTS6	23	9238:9260	310.825592440316	1.72507293371574	0.148775885530933	0.447935778456358	0.869565217391304	0.0869565217391304	0	0.0434782608695652	0	0.173913043478261
M2	MYADM	23	9238:9260	310.825592440316	1.72507293371574	0.148775885530933	0.447935778456358	0.869565217391304	0.0869565217391304	0	0.0434782608695652	0	0.173913043478261
M2	ZBTB11	23	9238:9260	310.825592440316	1.72507293371574	0.148775885530933	0.447935778456358	0.869565217391304	0.0869565217391304	0	0.0434782608695652	0	0.173913043478261
M2	TIPARP	23	9238:9260	310.825592440316	1.72507293371574	0.148775885530933	0.447935778456358	0.869565217391304	0.0869565217391304	0	0.0434782608695652	0	0.173913043478261
M2	PTP4A1	23	9238:9260	310.825592440316	1.72507293371574	0.148775885530933	0.447935778456358	0.869565217391304	0.0869565217391304	0	0.0434782608695652	0	0.173913043478261
M3	SAP18	19	9261:9279	410.151562981627	2.02059552536913	0.171710328524333	0.316574975693649	1	0	0	0	0	0.368421052631579
M3	EGR3	19	9261:9279	410.151562981627	2.02059552536913	0.171710328524333	0.316574975693649	1	0	0	0	0	0.368421052631579
M3	SNAI1	19	9261:9279	410.151562981627	2.02059552536913	0.171710328524333	0.316574975693649	1	0	0	0	0	0.368421052631579
M3	IER3	19	9261:9279	410.151562981627	2.02059552536913	0.171710328524333	0.316574975693649	1	0	0	0	0	0.368421052631579
M3	ID3	19	9261:9279	410.151562981627	2.02059552536913	0.171710328524333	0.316574975693649	1	0	0	0	0	0.368421052631579
M3	HERPUD1	19	9261:9279	410.151562981627	2.02059552536913	0.171710328524333	0.316574975693649	1	0	0	0	0	0.368421052631579
M3	ATF4	19	9261:9279	410.151562981627	2.02059552536913	0.171710328524333	0.316574975693649	1	0	0	0	0	0.368421052631579
M3	UBB	19	9261:9279	410.151562981627	2.02059552536913	0.171710328524333	0.316574975693649	1	0	0	0	0	0.368421052631579
M3	H2AFZ	19	9261:9279	410.151562981627	2.02059552536913	0.171710328524333	0.316574975693649	1	0	0	0	0	0.368421052631579
M3	MAFF	19	9261:9279	410.151562981627	2.02059552536913	0.171710328524333	0.316574975693649	1	0	0	0	0	0.368421052631579
M3	HSPE1	19	9261:9279	410.151562981627	2.02059552536913	0.171710328524333	0.316574975693649	1	0	0	0	0	0.368421052631579
M3	DYNLL1	19	9261:9279	410.151562981627	2.02059552536913	0.171710328524333	0.316574975693649	1	0	0	0	0	0.368421052631579
M3	GADD45B	19	9261:9279	410.151562981627	2.02059552536913	0.171710328524333	0.316574975693649	1	0	0	0	0	0.368421052631579
M3	ING1	19	9261:9279	410.151562981627	2.02059552536913	0.171710328524333	0.316574975693649	1	0	0	0	0	0.368421052631579
M3	ID2	19	9261:9279	410.151562981627	2.02059552536913	0.171710328524333	0.316574975693649	1	0	0	0	0	0.368421052631579
M3	UBC	19	9261:9279	410.151562981627	2.02059552536913	0.171710328524333	0.316574975693649	1	0	0	0	0	0.368421052631579
M3	ADM	19	9261:9279	410.151562981627	2.02059552536913	0.171710328524333	0.316574975693649	1	0	0	0	0	0.368421052631579
M3	CDKN1A	19	9261:9279	410.151562981627	2.02059552536913	0.171710328524333	0.316574975693649	1	0	0	0	0	0.368421052631579
M3	JUNB	19	9261:9279	410.151562981627	2.02059552536913	0.171710328524333	0.316574975693649	1	0	0	0	0	0.368421052631579
M16	HSPA5	13	9280:9292	180.481097625246	2.13753535972079	0.184038471757235	0.383758644184954	1	0	0	0	0	0.307692307692308
M16	CSRNP1	13	9280:9292	180.481097625246	2.13753535972079	0.184038471757235	0.383758644184954	1	0	0	0	0	0.307692307692308
M16	ATF3	13	9280:9292	180.481097625246	2.13753535972079	0.184038471757235	0.383758644184954	1	0	0	0	0	0.307692307692308
M16	GEM	13	9280:9292	180.481097625246	2.13753535972079	0.184038471757235	0.383758644184954	1	0	0	0	0	0.307692307692308
M16	KLF10	13	9280:9292	180.481097625246	2.13753535972079	0.184038471757235	0.383758644184954	1	0	0	0	0	0.307692307692308
M16	HSPA1B	13	9280:9292	180.481097625246	2.13753535972079	0.184038471757235	0.383758644184954	1	0	0	0	0	0.307692307692308
M16	HSPA1A	13	9280:9292	180.481097625246	2.13753535972079	0.184038471757235	0.383758644184954	1	0	0	0	0	0.307692307692308
M16	MORF4L2	13	9280:9292	180.481097625246	2.13753535972079	0.184038471757235	0.383758644184954	1	0	0	0	0	0.307692307692308
M16	SERTAD1	13	9280:9292	180.481097625246	2.13753535972079	0.184038471757235	0.383758644184954	1	0	0	0	0	0.307692307692308
M16	DNAJB1	13	9280:9292	180.481097625246	2.13753535972079	0.184038471757235	0.383758644184954	1	0	0	0	0	0.307692307692308
M16	CALM1	13	9280:9292	180.481097625246	2.13753535972079	0.184038471757235	0.383758644184954	1	0	0	0	0	0.307692307692308
M16	RASD1	13	9280:9292	180.481097625246	2.13753535972079	0.184038471757235	0.383758644184954	1	0	0	0	0	0.307692307692308
M16	JUND	13	9280:9292	180.481097625246	2.13753535972079	0.184038471757235	0.383758644184954	1	0	0	0	0	0.307692307692308
M23	WARS	12	9293:9304	107.946387832919	2.67523387061434	0.150052567830571	0.332243163835388	1	0	0	0	0	0
M23	IGFBP3	12	9293:9304	107.946387832919	2.67523387061434	0.150052567830571	0.332243163835388	1	0	0	0	0	0
M23	EFEMP1	12	9293:9304	107.946387832919	2.67523387061434	0.150052567830571	0.332243163835388	1	0	0	0	0	0
M23	PLAU	12	9293:9304	107.946387832919	2.67523387061434	0.150052567830571	0.332243163835388	1	0	0	0	0	0
M23	SLC6A6	12	9293:9304	107.946387832919	2.67523387061434	0.150052567830571	0.332243163835388	1	0	0	0	0	0
M23	DPP4	12	9293:9304	107.946387832919	2.67523387061434	0.150052567830571	0.332243163835388	1	0	0	0	0	0
M23	CTSC	12	9293:9304	107.946387832919	2.67523387061434	0.150052567830571	0.332243163835388	1	0	0	0	0	0
M23	SEMA3C	12	9293:9304	107.946387832919	2.67523387061434	0.150052567830571	0.332243163835388	1	0	0	0	0	0
M23	PAMR1	12	9293:9304	107.946387832919	2.67523387061434	0.150052567830571	0.332243163835388	1	0	0	0	0	0
M23	PTGS1	12	9293:9304	107.946387832919	2.67523387061434	0.150052567830571	0.332243163835388	1	0	0	0	0	0
M23	FILIP1L	12	9293:9304	107.946387832919	2.67523387061434	0.150052567830571	0.332243163835388	1	0	0	0	0	0
M23	CSMD3	12	9293:9304	107.946387832919	2.67523387061434	0.150052567830571	0.332243163835388	1	0	0	0	0	0
M42	RPL14	10	9305:9314	1004.33847651782	1.04830121810301	0.159318215755397	0.769917708559931	0.5	0	0	0.5	0	0
M42	CTD-2287O16.1	10	9305:9314	1004.33847651782	1.04830121810301	0.159318215755397	0.769917708559931	0.5	0	0	0.5	0	0
M42	RPL10AP6	10	9305:9314	1004.33847651782	1.04830121810301	0.159318215755397	0.769917708559931	0.5	0	0	0.5	0	0
M42	RPS23	10	9305:9314	1004.33847651782	1.04830121810301	0.159318215755397	0.769917708559931	0.5	0	0	0.5	0	0
M42	RPS5	10	9305:9314	1004.33847651782	1.04830121810301	0.159318215755397	0.769917708559931	0.5	0	0	0.5	0	0
M42	RPL14P1	10	9305:9314	1004.33847651782	1.04830121810301	0.159318215755397	0.769917708559931	0.5	0	0	0.5	0	0
M42	RPL10AP2	10	9305:9314	1004.33847651782	1.04830121810301	0.159318215755397	0.769917708559931	0.5	0	0	0.5	0	0
M42	RPS25	10	9305:9314	1004.33847651782	1.04830121810301	0.159318215755397	0.769917708559931	0.5	0	0	0.5	0	0
M42	RPS23P8	10	9305:9314	1004.33847651782	1.04830121810301	0.159318215755397	0.769917708559931	0.5	0	0	0.5	0	0
M42	RPL10A	10	9305:9314	1004.33847651782	1.04830121810301	0.159318215755397	0.769917708559931	0.5	0	0	0.5	0	0
M43	HNRNPA1L2	10	9315:9324	291.644669233385	1.21149651871813	0.126259232653388	0.780825822268134	0.4	0	0.2	0.4	0	0
M43	RPLP0	10	9315:9324	291.644669233385	1.21149651871813	0.126259232653388	0.780825822268134	0.4	0	0.2	0.4	0	0
M43	NPM1P6	10	9315:9324	291.644669233385	1.21149651871813	0.126259232653388	0.780825822268134	0.4	0	0.2	0.4	0	0
M43	NPM1	10	9315:9324	291.644669233385	1.21149651871813	0.126259232653388	0.780825822268134	0.4	0	0.2	0.4	0	0
M43	MIR1244-3	10	9315:9324	291.644669233385	1.21149651871813	0.126259232653388	0.780825822268134	0.4	0	0.2	0.4	0	0
M43	CTB-63M22.1	10	9315:9324	291.644669233385	1.21149651871813	0.126259232653388	0.780825822268134	0.4	0	0.2	0.4	0	0
M43	RPLP0P6	10	9315:9324	291.644669233385	1.21149651871813	0.126259232653388	0.780825822268134	0.4	0	0.2	0.4	0	0
M43	HNRNPA1P10	10	9315:9324	291.644669233385	1.21149651871813	0.126259232653388	0.780825822268134	0.4	0	0.2	0.4	0	0
M43	MIR1244-2	10	9315:9324	291.644669233385	1.21149651871813	0.126259232653388	0.780825822268134	0.4	0	0.2	0.4	0	0
M43	HMGN2	10	9315:9324	291.644669233385	1.21149651871813	0.126259232653388	0.780825822268134	0.4	0	0.2	0.4	0	0
M44	SALL2	10	9325:9334	85.0203495368058	2.07806353299602	0.0667003123642596	0.575382512421224	1	0	0	0	0	0.1
M44	C4orf3	10	9325:9334	85.0203495368058	2.07806353299602	0.0667003123642596	0.575382512421224	1	0	0	0	0	0.1
M44	TRAM2	10	9325:9334	85.0203495368058	2.07806353299602	0.0667003123642596	0.575382512421224	1	0	0	0	0	0.1
M44	SNX7	10	9325:9334	85.0203495368058	2.07806353299602	0.0667003123642596	0.575382512421224	1	0	0	0	0	0.1
M44	PRCC	10	9325:9334	85.0203495368058	2.07806353299602	0.0667003123642596	0.575382512421224	1	0	0	0	0	0.1
M44	CCDC28B	10	9325:9334	85.0203495368058	2.07806353299602	0.0667003123642596	0.575382512421224	1	0	0	0	0	0.1
M44	MAPK9	10	9325:9334	85.0203495368058	2.07806353299602	0.0667003123642596	0.575382512421224	1	0	0	0	0	0.1
M44	SEPHS1	10	9325:9334	85.0203495368058	2.07806353299602	0.0667003123642596	0.575382512421224	1	0	0	0	0	0.1
M44	FGD4	10	9325:9334	85.0203495368058	2.07806353299602	0.0667003123642596	0.575382512421224	1	0	0	0	0	0.1
M44	DDX18	10	9325:9334	85.0203495368058	2.07806353299602	0.0667003123642596	0.575382512421224	1	0	0	0	0	0.1
M6	TPT1	17	9335:9351	1142.12400543531	0.581024415273608	0.233439586282568	0.324385557827225	0.941176470588235	0	0	0.0588235294117647	0	0
M6	RPL27A	17	9335:9351	1142.12400543531	0.581024415273608	0.233439586282568	0.324385557827225	0.941176470588235	0	0	0.0588235294117647	0	0
M6	RPS16	17	9335:9351	1142.12400543531	0.581024415273608	0.233439586282568	0.324385557827225	0.941176470588235	0	0	0.0588235294117647	0	0
M6	RPL4	17	9335:9351	1142.12400543531	0.581024415273608	0.233439586282568	0.324385557827225	0.941176470588235	0	0	0.0588235294117647	0	0
M6	RPS15A	17	9335:9351	1142.12400543531	0.581024415273608	0.233439586282568	0.324385557827225	0.941176470588235	0	0	0.0588235294117647	0	0
M6	RPL27	17	9335:9351	1142.12400543531	0.581024415273608	0.233439586282568	0.324385557827225	0.941176470588235	0	0	0.0588235294117647	0	0
M6	RPL32	17	9335:9351	1142.12400543531	0.581024415273608	0.233439586282568	0.324385557827225	0.941176470588235	0	0	0.0588235294117647	0	0
M6	RPS20	17	9335:9351	1142.12400543531	0.581024415273608	0.233439586282568	0.324385557827225	0.941176470588235	0	0	0.0588235294117647	0	0
M6	RPS6	17	9335:9351	1142.12400543531	0.581024415273608	0.233439586282568	0.324385557827225	0.941176470588235	0	0	0.0588235294117647	0	0
M6	HNRNPA1P48	17	9335:9351	1142.12400543531	0.581024415273608	0.233439586282568	0.324385557827225	0.941176470588235	0	0	0.0588235294117647	0	0
M6	RPL31	17	9335:9351	1142.12400543531	0.581024415273608	0.233439586282568	0.324385557827225	0.941176470588235	0	0	0.0588235294117647	0	0
M6	RPS24	17	9335:9351	1142.12400543531	0.581024415273608	0.233439586282568	0.324385557827225	0.941176470588235	0	0	0.0588235294117647	0	0
M6	HNRNPA1	17	9335:9351	1142.12400543531	0.581024415273608	0.233439586282568	0.324385557827225	0.941176470588235	0	0	0.0588235294117647	0	0
M6	RPS8	17	9335:9351	1142.12400543531	0.581024415273608	0.233439586282568	0.324385557827225	0.941176470588235	0	0	0.0588235294117647	0	0
M6	RPL38	17	9335:9351	1142.12400543531	0.581024415273608	0.233439586282568	0.324385557827225	0.941176470588235	0	0	0.0588235294117647	0	0
M6	RPL37A	17	9335:9351	1142.12400543531	0.581024415273608	0.233439586282568	0.324385557827225	0.941176470588235	0	0	0.0588235294117647	0	0
M6	RPL23	17	9335:9351	1142.12400543531	0.581024415273608	0.233439586282568	0.324385557827225	0.941176470588235	0	0	0.0588235294117647	0	0
M45	MEIS2	10	9352:9361	219.593116538429	1.25222422093435	0.0761714615793291	0.460614812980898	1	0	0	0	0	0.3
M45	SYNE2	10	9352:9361	219.593116538429	1.25222422093435	0.0761714615793291	0.460614812980898	1	0	0	0	0	0.3
M45	PBX1	10	9352:9361	219.593116538429	1.25222422093435	0.0761714615793291	0.460614812980898	1	0	0	0	0	0.3
M45	COPB1	10	9352:9361	219.593116538429	1.25222422093435	0.0761714615793291	0.460614812980898	1	0	0	0	0	0.3
M45	LRP6	10	9352:9361	219.593116538429	1.25222422093435	0.0761714615793291	0.460614812980898	1	0	0	0	0	0.3
M45	WAC	10	9352:9361	219.593116538429	1.25222422093435	0.0761714615793291	0.460614812980898	1	0	0	0	0	0.3
M45	MIB1	10	9352:9361	219.593116538429	1.25222422093435	0.0761714615793291	0.460614812980898	1	0	0	0	0	0.3
M45	TNRC6B	10	9352:9361	219.593116538429	1.25222422093435	0.0761714615793291	0.460614812980898	1	0	0	0	0	0.3
M45	RERE	10	9352:9361	219.593116538429	1.25222422093435	0.0761714615793291	0.460614812980898	1	0	0	0	0	0.3
M45	SRRM1	10	9352:9361	219.593116538429	1.25222422093435	0.0761714615793291	0.460614812980898	1	0	0	0	0	0.3
