cluster	gene	size	boundary	avgExpr	cvExpr	avgCor	cvCor	protein_coding	lncRNA	sncRNA	pseudogene	Ig/TcR	tf
M9	TTC3	12	9206:9217	298.736134962268	1.1413559810499	0.154913640788399	0.667764531017414	1	0	0	0	0	0.0833333333333333
M9	OSBPL8	12	9206:9217	298.736134962268	1.1413559810499	0.154913640788399	0.667764531017414	1	0	0	0	0	0.0833333333333333
M9	KMT2E	12	9206:9217	298.736134962268	1.1413559810499	0.154913640788399	0.667764531017414	1	0	0	0	0	0.0833333333333333
M9	EPS8	12	9206:9217	298.736134962268	1.1413559810499	0.154913640788399	0.667764531017414	1	0	0	0	0	0.0833333333333333
M9	ANKRD36B	12	9206:9217	298.736134962268	1.1413559810499	0.154913640788399	0.667764531017414	1	0	0	0	0	0.0833333333333333
M9	ANKRD36C	12	9206:9217	298.736134962268	1.1413559810499	0.154913640788399	0.667764531017414	1	0	0	0	0	0.0833333333333333
M9	WDR36	12	9206:9217	298.736134962268	1.1413559810499	0.154913640788399	0.667764531017414	1	0	0	0	0	0.0833333333333333
M9	HIF3A	12	9206:9217	298.736134962268	1.1413559810499	0.154913640788399	0.667764531017414	1	0	0	0	0	0.0833333333333333
M9	PDS5B	12	9206:9217	298.736134962268	1.1413559810499	0.154913640788399	0.667764531017414	1	0	0	0	0	0.0833333333333333
M9	ARHGAP5	12	9206:9217	298.736134962268	1.1413559810499	0.154913640788399	0.667764531017414	1	0	0	0	0	0.0833333333333333
M9	ANKRD36	12	9206:9217	298.736134962268	1.1413559810499	0.154913640788399	0.667764531017414	1	0	0	0	0	0.0833333333333333
M9	RECK	12	9206:9217	298.736134962268	1.1413559810499	0.154913640788399	0.667764531017414	1	0	0	0	0	0.0833333333333333
M19	LTBP1	10	9218:9227	158.790746747075	1.67625227845472	0.155249213248899	0.566785433993553	1	0	0	0	0	0
M19	RALGPS2	10	9218:9227	158.790746747075	1.67625227845472	0.155249213248899	0.566785433993553	1	0	0	0	0	0
M19	CORO1C	10	9218:9227	158.790746747075	1.67625227845472	0.155249213248899	0.566785433993553	1	0	0	0	0	0
M19	VCL	10	9218:9227	158.790746747075	1.67625227845472	0.155249213248899	0.566785433993553	1	0	0	0	0	0
M19	MYOCD	10	9218:9227	158.790746747075	1.67625227845472	0.155249213248899	0.566785433993553	1	0	0	0	0	0
M19	DENND5A	10	9218:9227	158.790746747075	1.67625227845472	0.155249213248899	0.566785433993553	1	0	0	0	0	0
M19	ACTA2	10	9218:9227	158.790746747075	1.67625227845472	0.155249213248899	0.566785433993553	1	0	0	0	0	0
M19	COQ5	10	9218:9227	158.790746747075	1.67625227845472	0.155249213248899	0.566785433993553	1	0	0	0	0	0
M19	PLS3	10	9218:9227	158.790746747075	1.67625227845472	0.155249213248899	0.566785433993553	1	0	0	0	0	0
M19	LAP3	10	9218:9227	158.790746747075	1.67625227845472	0.155249213248899	0.566785433993553	1	0	0	0	0	0
M20	ETFDH	10	9228:9237	22.0571542345133	3.07099931203465	0.142900131038701	0.470634039571952	0.8	0.1	0.1	0	0	0.1
M20	GRK4	10	9228:9237	22.0571542345133	3.07099931203465	0.142900131038701	0.470634039571952	0.8	0.1	0.1	0	0	0.1
M20	RNU7-40P	10	9228:9237	22.0571542345133	3.07099931203465	0.142900131038701	0.470634039571952	0.8	0.1	0.1	0	0	0.1
M20	CTD-2199O4.1	10	9228:9237	22.0571542345133	3.07099931203465	0.142900131038701	0.470634039571952	0.8	0.1	0.1	0	0	0.1
M20	DNAH2	10	9228:9237	22.0571542345133	3.07099931203465	0.142900131038701	0.470634039571952	0.8	0.1	0.1	0	0	0.1
M20	ABAT	10	9228:9237	22.0571542345133	3.07099931203465	0.142900131038701	0.470634039571952	0.8	0.1	0.1	0	0	0.1
M20	NOTCH4	10	9228:9237	22.0571542345133	3.07099931203465	0.142900131038701	0.470634039571952	0.8	0.1	0.1	0	0	0.1
M20	PLG	10	9228:9237	22.0571542345133	3.07099931203465	0.142900131038701	0.470634039571952	0.8	0.1	0.1	0	0	0.1
M20	CRX	10	9228:9237	22.0571542345133	3.07099931203465	0.142900131038701	0.470634039571952	0.8	0.1	0.1	0	0	0.1
M20	LINC00959	10	9228:9237	22.0571542345133	3.07099931203465	0.142900131038701	0.470634039571952	0.8	0.1	0.1	0	0	0.1
M3	CXCL14	14	9238:9251	351.479855133545	1.72854805592663	0.212225716789567	0.346493518996705	0.857142857142857	0.142857142857143	0	0	0	0
M3	HHIP	14	9238:9251	351.479855133545	1.72854805592663	0.212225716789567	0.346493518996705	0.857142857142857	0.142857142857143	0	0	0	0
M3	NSG1	14	9238:9251	351.479855133545	1.72854805592663	0.212225716789567	0.346493518996705	0.857142857142857	0.142857142857143	0	0	0	0
M3	CXCR4	14	9238:9251	351.479855133545	1.72854805592663	0.212225716789567	0.346493518996705	0.857142857142857	0.142857142857143	0	0	0	0
M3	SYNPO2	14	9238:9251	351.479855133545	1.72854805592663	0.212225716789567	0.346493518996705	0.857142857142857	0.142857142857143	0	0	0	0
M3	OLFM1	14	9238:9251	351.479855133545	1.72854805592663	0.212225716789567	0.346493518996705	0.857142857142857	0.142857142857143	0	0	0	0
M3	CDH13	14	9238:9251	351.479855133545	1.72854805592663	0.212225716789567	0.346493518996705	0.857142857142857	0.142857142857143	0	0	0	0
M3	FENDRR	14	9238:9251	351.479855133545	1.72854805592663	0.212225716789567	0.346493518996705	0.857142857142857	0.142857142857143	0	0	0	0
M3	RP11-358D17.2	14	9238:9251	351.479855133545	1.72854805592663	0.212225716789567	0.346493518996705	0.857142857142857	0.142857142857143	0	0	0	0
M3	MMP10	14	9238:9251	351.479855133545	1.72854805592663	0.212225716789567	0.346493518996705	0.857142857142857	0.142857142857143	0	0	0	0
M3	VNN2	14	9238:9251	351.479855133545	1.72854805592663	0.212225716789567	0.346493518996705	0.857142857142857	0.142857142857143	0	0	0	0
M3	SLC26A2	14	9238:9251	351.479855133545	1.72854805592663	0.212225716789567	0.346493518996705	0.857142857142857	0.142857142857143	0	0	0	0
M3	PTCH1	14	9238:9251	351.479855133545	1.72854805592663	0.212225716789567	0.346493518996705	0.857142857142857	0.142857142857143	0	0	0	0
M3	DLL1	14	9238:9251	351.479855133545	1.72854805592663	0.212225716789567	0.346493518996705	0.857142857142857	0.142857142857143	0	0	0	0
M21	PHF3	10	9252:9261	342.012077778129	0.969830143901769	0.180619646379892	0.826452204669682	0.7	0	0	0.3	0	0.1
M21	EMP2	10	9252:9261	342.012077778129	0.969830143901769	0.180619646379892	0.826452204669682	0.7	0	0	0.3	0	0.1
M21	HMGB1P5	10	9252:9261	342.012077778129	0.969830143901769	0.180619646379892	0.826452204669682	0.7	0	0	0.3	0	0.1
M21	BPTF	10	9252:9261	342.012077778129	0.969830143901769	0.180619646379892	0.826452204669682	0.7	0	0	0.3	0	0.1
M21	MAP4K5	10	9252:9261	342.012077778129	0.969830143901769	0.180619646379892	0.826452204669682	0.7	0	0	0.3	0	0.1
M21	HMGB1	10	9252:9261	342.012077778129	0.969830143901769	0.180619646379892	0.826452204669682	0.7	0	0	0.3	0	0.1
M21	UBE3A	10	9252:9261	342.012077778129	0.969830143901769	0.180619646379892	0.826452204669682	0.7	0	0	0.3	0	0.1
M21	PHACTR2	10	9252:9261	342.012077778129	0.969830143901769	0.180619646379892	0.826452204669682	0.7	0	0	0.3	0	0.1
M21	HMGB1P6	10	9252:9261	342.012077778129	0.969830143901769	0.180619646379892	0.826452204669682	0.7	0	0	0.3	0	0.1
M21	HMGB1P10	10	9252:9261	342.012077778129	0.969830143901769	0.180619646379892	0.826452204669682	0.7	0	0	0.3	0	0.1
M15	UBR3	11	9262:9272	158.811797759281	1.29886520043178	0.240286899981493	0.82816258287765	0.818181818181818	0	0	0.181818181818182	0	0.0909090909090909
M15	NBPF19	11	9262:9272	158.811797759281	1.29886520043178	0.240286899981493	0.82816258287765	0.818181818181818	0	0	0.181818181818182	0	0.0909090909090909
M15	NBPF26	11	9262:9272	158.811797759281	1.29886520043178	0.240286899981493	0.82816258287765	0.818181818181818	0	0	0.181818181818182	0	0.0909090909090909
M15	PLSCR1	11	9262:9272	158.811797759281	1.29886520043178	0.240286899981493	0.82816258287765	0.818181818181818	0	0	0.181818181818182	0	0.0909090909090909
M15	ANKRD17	11	9262:9272	158.811797759281	1.29886520043178	0.240286899981493	0.82816258287765	0.818181818181818	0	0	0.181818181818182	0	0.0909090909090909
M15	NBPF14	11	9262:9272	158.811797759281	1.29886520043178	0.240286899981493	0.82816258287765	0.818181818181818	0	0	0.181818181818182	0	0.0909090909090909
M15	DYNC2H1	11	9262:9272	158.811797759281	1.29886520043178	0.240286899981493	0.82816258287765	0.818181818181818	0	0	0.181818181818182	0	0.0909090909090909
M15	NBPF25P	11	9262:9272	158.811797759281	1.29886520043178	0.240286899981493	0.82816258287765	0.818181818181818	0	0	0.181818181818182	0	0.0909090909090909
M15	NBPF8	11	9262:9272	158.811797759281	1.29886520043178	0.240286899981493	0.82816258287765	0.818181818181818	0	0	0.181818181818182	0	0.0909090909090909
M15	SUPT16H	11	9262:9272	158.811797759281	1.29886520043178	0.240286899981493	0.82816258287765	0.818181818181818	0	0	0.181818181818182	0	0.0909090909090909
M15	NBPF10	11	9262:9272	158.811797759281	1.29886520043178	0.240286899981493	0.82816258287765	0.818181818181818	0	0	0.181818181818182	0	0.0909090909090909
M2	RPS6	22	9273:9294	937.10391314429	0.75976904075387	0.210242540390203	0.54400442272607	0.5	0	0	0.5	0	0
M2	RPL5	22	9273:9294	937.10391314429	0.75976904075387	0.210242540390203	0.54400442272607	0.5	0	0	0.5	0	0
M2	RPL9	22	9273:9294	937.10391314429	0.75976904075387	0.210242540390203	0.54400442272607	0.5	0	0	0.5	0	0
M2	RPS27A	22	9273:9294	937.10391314429	0.75976904075387	0.210242540390203	0.54400442272607	0.5	0	0	0.5	0	0
M2	RPS3AP47	22	9273:9294	937.10391314429	0.75976904075387	0.210242540390203	0.54400442272607	0.5	0	0	0.5	0	0
M2	RPL15	22	9273:9294	937.10391314429	0.75976904075387	0.210242540390203	0.54400442272607	0.5	0	0	0.5	0	0
M2	AC009245.3	22	9273:9294	937.10391314429	0.75976904075387	0.210242540390203	0.54400442272607	0.5	0	0	0.5	0	0
M2	EEF1A1	22	9273:9294	937.10391314429	0.75976904075387	0.210242540390203	0.54400442272607	0.5	0	0	0.5	0	0
M2	EEF1A1P6	22	9273:9294	937.10391314429	0.75976904075387	0.210242540390203	0.54400442272607	0.5	0	0	0.5	0	0
M2	RPL9P9	22	9273:9294	937.10391314429	0.75976904075387	0.210242540390203	0.54400442272607	0.5	0	0	0.5	0	0
M2	RPS3AP49	22	9273:9294	937.10391314429	0.75976904075387	0.210242540390203	0.54400442272607	0.5	0	0	0.5	0	0
M2	NPM1	22	9273:9294	937.10391314429	0.75976904075387	0.210242540390203	0.54400442272607	0.5	0	0	0.5	0	0
M2	RPS3AP26	22	9273:9294	937.10391314429	0.75976904075387	0.210242540390203	0.54400442272607	0.5	0	0	0.5	0	0
M2	RPL6P27	22	9273:9294	937.10391314429	0.75976904075387	0.210242540390203	0.54400442272607	0.5	0	0	0.5	0	0
M2	EEF1A1P5	22	9273:9294	937.10391314429	0.75976904075387	0.210242540390203	0.54400442272607	0.5	0	0	0.5	0	0
M2	CIRBP	22	9273:9294	937.10391314429	0.75976904075387	0.210242540390203	0.54400442272607	0.5	0	0	0.5	0	0
M2	RPL6	22	9273:9294	937.10391314429	0.75976904075387	0.210242540390203	0.54400442272607	0.5	0	0	0.5	0	0
M2	RPS3A	22	9273:9294	937.10391314429	0.75976904075387	0.210242540390203	0.54400442272607	0.5	0	0	0.5	0	0
M2	RPS3AP6	22	9273:9294	937.10391314429	0.75976904075387	0.210242540390203	0.54400442272607	0.5	0	0	0.5	0	0
M2	EEF1A1P11	22	9273:9294	937.10391314429	0.75976904075387	0.210242540390203	0.54400442272607	0.5	0	0	0.5	0	0
M2	RPL5P34	22	9273:9294	937.10391314429	0.75976904075387	0.210242540390203	0.54400442272607	0.5	0	0	0.5	0	0
M2	RACK1	22	9273:9294	937.10391314429	0.75976904075387	0.210242540390203	0.54400442272607	0.5	0	0	0.5	0	0
M6	COL4A6	13	9295:9307	356.170496026604	1.22354726768057	0.206188416830216	0.369562049389423	1	0	0	0	0	0
M6	SEMA5A	13	9295:9307	356.170496026604	1.22354726768057	0.206188416830216	0.369562049389423	1	0	0	0	0	0
M6	SGCD	13	9295:9307	356.170496026604	1.22354726768057	0.206188416830216	0.369562049389423	1	0	0	0	0	0
M6	PROM1	13	9295:9307	356.170496026604	1.22354726768057	0.206188416830216	0.369562049389423	1	0	0	0	0	0
M6	NCAM1	13	9295:9307	356.170496026604	1.22354726768057	0.206188416830216	0.369562049389423	1	0	0	0	0	0
M6	NID1	13	9295:9307	356.170496026604	1.22354726768057	0.206188416830216	0.369562049389423	1	0	0	0	0	0
M6	BMP5	13	9295:9307	356.170496026604	1.22354726768057	0.206188416830216	0.369562049389423	1	0	0	0	0	0
M6	TMEM100	13	9295:9307	356.170496026604	1.22354726768057	0.206188416830216	0.369562049389423	1	0	0	0	0	0
M6	NTRK3	13	9295:9307	356.170496026604	1.22354726768057	0.206188416830216	0.369562049389423	1	0	0	0	0	0
M6	COL4A5	13	9295:9307	356.170496026604	1.22354726768057	0.206188416830216	0.369562049389423	1	0	0	0	0	0
M6	SERTAD4	13	9295:9307	356.170496026604	1.22354726768057	0.206188416830216	0.369562049389423	1	0	0	0	0	0
M6	COLEC12	13	9295:9307	356.170496026604	1.22354726768057	0.206188416830216	0.369562049389423	1	0	0	0	0	0
M6	LTBP2	13	9295:9307	356.170496026604	1.22354726768057	0.206188416830216	0.369562049389423	1	0	0	0	0	0
M22	PCDH17	10	9308:9317	670.961361871951	1.30235749677225	0.164596477239261	0.492984779889214	1	0	0	0	0	0.1
M22	PAMR1	10	9308:9317	670.961361871951	1.30235749677225	0.164596477239261	0.492984779889214	1	0	0	0	0	0.1
M22	SALL1	10	9308:9317	670.961361871951	1.30235749677225	0.164596477239261	0.492984779889214	1	0	0	0	0	0.1
M22	BMP4	10	9308:9317	670.961361871951	1.30235749677225	0.164596477239261	0.492984779889214	1	0	0	0	0	0.1
M22	FZD1	10	9308:9317	670.961361871951	1.30235749677225	0.164596477239261	0.492984779889214	1	0	0	0	0	0.1
M22	GFRA1	10	9308:9317	670.961361871951	1.30235749677225	0.164596477239261	0.492984779889214	1	0	0	0	0	0.1
M22	SHANK2	10	9308:9317	670.961361871951	1.30235749677225	0.164596477239261	0.492984779889214	1	0	0	0	0	0.1
M22	NUDT4	10	9308:9317	670.961361871951	1.30235749677225	0.164596477239261	0.492984779889214	1	0	0	0	0	0.1
M22	AKAP12	10	9308:9317	670.961361871951	1.30235749677225	0.164596477239261	0.492984779889214	1	0	0	0	0	0.1
M22	VCAN	10	9308:9317	670.961361871951	1.30235749677225	0.164596477239261	0.492984779889214	1	0	0	0	0	0.1
M7	MT-CO3	13	9318:9330	2475.77590570512	0.887590296646349	0.28584032714518	0.434113436523516	0.615384615384615	0	0.153846153846154	0.230769230769231	0	0
M7	MT-RNR1	13	9318:9330	2475.77590570512	0.887590296646349	0.28584032714518	0.434113436523516	0.615384615384615	0	0.153846153846154	0.230769230769231	0	0
M7	MT-ND1	13	9318:9330	2475.77590570512	0.887590296646349	0.28584032714518	0.434113436523516	0.615384615384615	0	0.153846153846154	0.230769230769231	0	0
M7	MT-CO1	13	9318:9330	2475.77590570512	0.887590296646349	0.28584032714518	0.434113436523516	0.615384615384615	0	0.153846153846154	0.230769230769231	0	0
M7	MTND2P28	13	9318:9330	2475.77590570512	0.887590296646349	0.28584032714518	0.434113436523516	0.615384615384615	0	0.153846153846154	0.230769230769231	0	0
M7	MT-CYB	13	9318:9330	2475.77590570512	0.887590296646349	0.28584032714518	0.434113436523516	0.615384615384615	0	0.153846153846154	0.230769230769231	0	0
M7	MT-RNR2	13	9318:9330	2475.77590570512	0.887590296646349	0.28584032714518	0.434113436523516	0.615384615384615	0	0.153846153846154	0.230769230769231	0	0
M7	MT-ND5	13	9318:9330	2475.77590570512	0.887590296646349	0.28584032714518	0.434113436523516	0.615384615384615	0	0.153846153846154	0.230769230769231	0	0
M7	MT-ATP6	13	9318:9330	2475.77590570512	0.887590296646349	0.28584032714518	0.434113436523516	0.615384615384615	0	0.153846153846154	0.230769230769231	0	0
M7	MTND1P23	13	9318:9330	2475.77590570512	0.887590296646349	0.28584032714518	0.434113436523516	0.615384615384615	0	0.153846153846154	0.230769230769231	0	0
M7	MTCO1P12	13	9318:9330	2475.77590570512	0.887590296646349	0.28584032714518	0.434113436523516	0.615384615384615	0	0.153846153846154	0.230769230769231	0	0
M7	MT-ND4	13	9318:9330	2475.77590570512	0.887590296646349	0.28584032714518	0.434113436523516	0.615384615384615	0	0.153846153846154	0.230769230769231	0	0
M7	MT-ND2	13	9318:9330	2475.77590570512	0.887590296646349	0.28584032714518	0.434113436523516	0.615384615384615	0	0.153846153846154	0.230769230769231	0	0
M4	RPL13AP5	14	9331:9344	1049.76554086913	0.590630078461457	0.286501043917564	0.290286507302821	0.857142857142857	0	0	0.142857142857143	0	0
M4	RPL27	14	9331:9344	1049.76554086913	0.590630078461457	0.286501043917564	0.290286507302821	0.857142857142857	0	0	0.142857142857143	0	0
M4	TPT1	14	9331:9344	1049.76554086913	0.590630078461457	0.286501043917564	0.290286507302821	0.857142857142857	0	0	0.142857142857143	0	0
M4	RPS20	14	9331:9344	1049.76554086913	0.590630078461457	0.286501043917564	0.290286507302821	0.857142857142857	0	0	0.142857142857143	0	0
M4	RPL32	14	9331:9344	1049.76554086913	0.590630078461457	0.286501043917564	0.290286507302821	0.857142857142857	0	0	0.142857142857143	0	0
M4	RPL13A	14	9331:9344	1049.76554086913	0.590630078461457	0.286501043917564	0.290286507302821	0.857142857142857	0	0	0.142857142857143	0	0
M4	RPL27A	14	9331:9344	1049.76554086913	0.590630078461457	0.286501043917564	0.290286507302821	0.857142857142857	0	0	0.142857142857143	0	0
M4	RPL13AP25	14	9331:9344	1049.76554086913	0.590630078461457	0.286501043917564	0.290286507302821	0.857142857142857	0	0	0.142857142857143	0	0
M4	RPL37A	14	9331:9344	1049.76554086913	0.590630078461457	0.286501043917564	0.290286507302821	0.857142857142857	0	0	0.142857142857143	0	0
M4	RPS24	14	9331:9344	1049.76554086913	0.590630078461457	0.286501043917564	0.290286507302821	0.857142857142857	0	0	0.142857142857143	0	0
M4	RPL31	14	9331:9344	1049.76554086913	0.590630078461457	0.286501043917564	0.290286507302821	0.857142857142857	0	0	0.142857142857143	0	0
M4	RPL23	14	9331:9344	1049.76554086913	0.590630078461457	0.286501043917564	0.290286507302821	0.857142857142857	0	0	0.142857142857143	0	0
M4	RPLP2	14	9331:9344	1049.76554086913	0.590630078461457	0.286501043917564	0.290286507302821	0.857142857142857	0	0	0.142857142857143	0	0
M4	RPL11	14	9331:9344	1049.76554086913	0.590630078461457	0.286501043917564	0.290286507302821	0.857142857142857	0	0	0.142857142857143	0	0
M10	RPL34	12	9345:9356	1135.59965220249	0.732549961143539	0.227340608418355	0.40372994010252	0.916666666666667	0	0	0.0833333333333333	0	0
M10	RPL13P12	12	9345:9356	1135.59965220249	0.732549961143539	0.227340608418355	0.40372994010252	0.916666666666667	0	0	0.0833333333333333	0	0
M10	RPS17	12	9345:9356	1135.59965220249	0.732549961143539	0.227340608418355	0.40372994010252	0.916666666666667	0	0	0.0833333333333333	0	0
M10	NACA	12	9345:9356	1135.59965220249	0.732549961143539	0.227340608418355	0.40372994010252	0.916666666666667	0	0	0.0833333333333333	0	0
M10	RPS3	12	9345:9356	1135.59965220249	0.732549961143539	0.227340608418355	0.40372994010252	0.916666666666667	0	0	0.0833333333333333	0	0
M10	GLTSCR2	12	9345:9356	1135.59965220249	0.732549961143539	0.227340608418355	0.40372994010252	0.916666666666667	0	0	0.0833333333333333	0	0
M10	RPL26	12	9345:9356	1135.59965220249	0.732549961143539	0.227340608418355	0.40372994010252	0.916666666666667	0	0	0.0833333333333333	0	0
M10	RPL36	12	9345:9356	1135.59965220249	0.732549961143539	0.227340608418355	0.40372994010252	0.916666666666667	0	0	0.0833333333333333	0	0
M10	RPLP1	12	9345:9356	1135.59965220249	0.732549961143539	0.227340608418355	0.40372994010252	0.916666666666667	0	0	0.0833333333333333	0	0
M10	RPL13	12	9345:9356	1135.59965220249	0.732549961143539	0.227340608418355	0.40372994010252	0.916666666666667	0	0	0.0833333333333333	0	0
M10	RPS16	12	9345:9356	1135.59965220249	0.732549961143539	0.227340608418355	0.40372994010252	0.916666666666667	0	0	0.0833333333333333	0	0
M10	RPL22	12	9345:9356	1135.59965220249	0.732549961143539	0.227340608418355	0.40372994010252	0.916666666666667	0	0	0.0833333333333333	0	0
M11	RP11-466H18.1	12	9357:9368	460.711193357981	0.905267212703932	0.159833087274897	0.6022968119113	0.75	0	0	0.25	0	0
M11	RPS12	12	9357:9368	460.711193357981	0.905267212703932	0.159833087274897	0.6022968119113	0.75	0	0	0.25	0	0
M11	RP11-234A1.1	12	9357:9368	460.711193357981	0.905267212703932	0.159833087274897	0.6022968119113	0.75	0	0	0.25	0	0
M11	RPS18	12	9357:9368	460.711193357981	0.905267212703932	0.159833087274897	0.6022968119113	0.75	0	0	0.25	0	0
M11	RPL19	12	9357:9368	460.711193357981	0.905267212703932	0.159833087274897	0.6022968119113	0.75	0	0	0.25	0	0
M11	TOMM7	12	9357:9368	460.711193357981	0.905267212703932	0.159833087274897	0.6022968119113	0.75	0	0	0.25	0	0
M11	RPL38	12	9357:9368	460.711193357981	0.905267212703932	0.159833087274897	0.6022968119113	0.75	0	0	0.25	0	0
M11	RP11-864N7.2	12	9357:9368	460.711193357981	0.905267212703932	0.159833087274897	0.6022968119113	0.75	0	0	0.25	0	0
M11	PPIB	12	9357:9368	460.711193357981	0.905267212703932	0.159833087274897	0.6022968119113	0.75	0	0	0.25	0	0
M11	RPL30	12	9357:9368	460.711193357981	0.905267212703932	0.159833087274897	0.6022968119113	0.75	0	0	0.25	0	0
M11	RPL35	12	9357:9368	460.711193357981	0.905267212703932	0.159833087274897	0.6022968119113	0.75	0	0	0.25	0	0
M11	EEF2	12	9357:9368	460.711193357981	0.905267212703932	0.159833087274897	0.6022968119113	0.75	0	0	0.25	0	0
M12	RP4-706A16.3	12	9369:9380	667.082799831653	0.957053897954693	0.15872478688638	0.682444293684999	0.583333333333333	0	0	0.416666666666667	0	0
M12	UQCRB	12	9369:9380	667.082799831653	0.957053897954693	0.15872478688638	0.682444293684999	0.583333333333333	0	0	0.416666666666667	0	0
M12	RPL14P1	12	9369:9380	667.082799831653	0.957053897954693	0.15872478688638	0.682444293684999	0.583333333333333	0	0	0.416666666666667	0	0
M12	RPS21	12	9369:9380	667.082799831653	0.957053897954693	0.15872478688638	0.682444293684999	0.583333333333333	0	0	0.416666666666667	0	0
M12	RP11-20O24.4	12	9369:9380	667.082799831653	0.957053897954693	0.15872478688638	0.682444293684999	0.583333333333333	0	0	0.416666666666667	0	0
M12	RPL12	12	9369:9380	667.082799831653	0.957053897954693	0.15872478688638	0.682444293684999	0.583333333333333	0	0	0.416666666666667	0	0
M12	RP11-592N21.1	12	9369:9380	667.082799831653	0.957053897954693	0.15872478688638	0.682444293684999	0.583333333333333	0	0	0.416666666666667	0	0
M12	STX12	12	9369:9380	667.082799831653	0.957053897954693	0.15872478688638	0.682444293684999	0.583333333333333	0	0	0.416666666666667	0	0
M12	RPL14	12	9369:9380	667.082799831653	0.957053897954693	0.15872478688638	0.682444293684999	0.583333333333333	0	0	0.416666666666667	0	0
M12	ATP5L	12	9369:9380	667.082799831653	0.957053897954693	0.15872478688638	0.682444293684999	0.583333333333333	0	0	0.416666666666667	0	0
M12	RPS23	12	9369:9380	667.082799831653	0.957053897954693	0.15872478688638	0.682444293684999	0.583333333333333	0	0	0.416666666666667	0	0
M12	RPS23P8	12	9369:9380	667.082799831653	0.957053897954693	0.15872478688638	0.682444293684999	0.583333333333333	0	0	0.416666666666667	0	0
M16	ATP7B	11	9381:9391	39.9386943292034	2.69008603540616	0.177551074744314	0.887883579104288	0.636363636363636	0	0	0.363636363636364	0	0
M16	AP000936.1	11	9381:9391	39.9386943292034	2.69008603540616	0.177551074744314	0.887883579104288	0.636363636363636	0	0	0.363636363636364	0	0
M16	LRRC57	11	9381:9391	39.9386943292034	2.69008603540616	0.177551074744314	0.887883579104288	0.636363636363636	0	0	0.363636363636364	0	0
M16	TMC5	11	9381:9391	39.9386943292034	2.69008603540616	0.177551074744314	0.887883579104288	0.636363636363636	0	0	0.363636363636364	0	0
M16	RPS27	11	9381:9391	39.9386943292034	2.69008603540616	0.177551074744314	0.887883579104288	0.636363636363636	0	0	0.363636363636364	0	0
M16	GAN	11	9381:9391	39.9386943292034	2.69008603540616	0.177551074744314	0.887883579104288	0.636363636363636	0	0	0.363636363636364	0	0
M16	RP11-761N21.2	11	9381:9391	39.9386943292034	2.69008603540616	0.177551074744314	0.887883579104288	0.636363636363636	0	0	0.363636363636364	0	0
M16	RP11-175B9.3	11	9381:9391	39.9386943292034	2.69008603540616	0.177551074744314	0.887883579104288	0.636363636363636	0	0	0.363636363636364	0	0
M16	LAMA1	11	9381:9391	39.9386943292034	2.69008603540616	0.177551074744314	0.887883579104288	0.636363636363636	0	0	0.363636363636364	0	0
M16	RP11-543P15.1	11	9381:9391	39.9386943292034	2.69008603540616	0.177551074744314	0.887883579104288	0.636363636363636	0	0	0.363636363636364	0	0
M16	KIAA1549L	11	9381:9391	39.9386943292034	2.69008603540616	0.177551074744314	0.887883579104288	0.636363636363636	0	0	0.363636363636364	0	0
M17	DCN	11	9392:9402	245.672897271961	2.33183524542823	0.192822523651347	0.548964360724091	1	0	0	0	0	0
M17	GPC4	11	9392:9402	245.672897271961	2.33183524542823	0.192822523651347	0.548964360724091	1	0	0	0	0	0
M17	KIRREL	11	9392:9402	245.672897271961	2.33183524542823	0.192822523651347	0.548964360724091	1	0	0	0	0	0
M17	COL21A1	11	9392:9402	245.672897271961	2.33183524542823	0.192822523651347	0.548964360724091	1	0	0	0	0	0
M17	IGF1	11	9392:9402	245.672897271961	2.33183524542823	0.192822523651347	0.548964360724091	1	0	0	0	0	0
M17	ASPN	11	9392:9402	245.672897271961	2.33183524542823	0.192822523651347	0.548964360724091	1	0	0	0	0	0
M17	LUM	11	9392:9402	245.672897271961	2.33183524542823	0.192822523651347	0.548964360724091	1	0	0	0	0	0
M17	IFIT1	11	9392:9402	245.672897271961	2.33183524542823	0.192822523651347	0.548964360724091	1	0	0	0	0	0
M17	SRPX	11	9392:9402	245.672897271961	2.33183524542823	0.192822523651347	0.548964360724091	1	0	0	0	0	0
M17	IKBIP	11	9392:9402	245.672897271961	2.33183524542823	0.192822523651347	0.548964360724091	1	0	0	0	0	0
M17	TNC	11	9392:9402	245.672897271961	2.33183524542823	0.192822523651347	0.548964360724091	1	0	0	0	0	0
M13	ABI3BP	12	9403:9414	750.747897074928	1.27700720288539	0.182289036011863	0.426266503898837	1	0	0	0	0	0.0833333333333333
M13	FN1	12	9403:9414	750.747897074928	1.27700720288539	0.182289036011863	0.426266503898837	1	0	0	0	0	0.0833333333333333
M13	VCAM1	12	9403:9414	750.747897074928	1.27700720288539	0.182289036011863	0.426266503898837	1	0	0	0	0	0.0833333333333333
M13	FBLN1	12	9403:9414	750.747897074928	1.27700720288539	0.182289036011863	0.426266503898837	1	0	0	0	0	0.0833333333333333
M13	ROBO2	12	9403:9414	750.747897074928	1.27700720288539	0.182289036011863	0.426266503898837	1	0	0	0	0	0.0833333333333333
M13	LRRC17	12	9403:9414	750.747897074928	1.27700720288539	0.182289036011863	0.426266503898837	1	0	0	0	0	0.0833333333333333
M13	PTPRK	12	9403:9414	750.747897074928	1.27700720288539	0.182289036011863	0.426266503898837	1	0	0	0	0	0.0833333333333333
M13	SLIT3	12	9403:9414	750.747897074928	1.27700720288539	0.182289036011863	0.426266503898837	1	0	0	0	0	0.0833333333333333
M13	FLRT2	12	9403:9414	750.747897074928	1.27700720288539	0.182289036011863	0.426266503898837	1	0	0	0	0	0.0833333333333333
M13	NREP	12	9403:9414	750.747897074928	1.27700720288539	0.182289036011863	0.426266503898837	1	0	0	0	0	0.0833333333333333
M13	LMBRD1	12	9403:9414	750.747897074928	1.27700720288539	0.182289036011863	0.426266503898837	1	0	0	0	0	0.0833333333333333
M13	NR2F1	12	9403:9414	750.747897074928	1.27700720288539	0.182289036011863	0.426266503898837	1	0	0	0	0	0.0833333333333333
M23	MPP3	10	9415:9424	165.030328160296	2.225332836835	0.117523744205665	0.578599068664706	1	0	0	0	0	0
M23	ADAMTSL3	10	9415:9424	165.030328160296	2.225332836835	0.117523744205665	0.578599068664706	1	0	0	0	0	0
M23	YIPF4	10	9415:9424	165.030328160296	2.225332836835	0.117523744205665	0.578599068664706	1	0	0	0	0	0
M23	GGCX	10	9415:9424	165.030328160296	2.225332836835	0.117523744205665	0.578599068664706	1	0	0	0	0	0
M23	SVEP1	10	9415:9424	165.030328160296	2.225332836835	0.117523744205665	0.578599068664706	1	0	0	0	0	0
M23	SNRPA1	10	9415:9424	165.030328160296	2.225332836835	0.117523744205665	0.578599068664706	1	0	0	0	0	0
M23	VPS54	10	9415:9424	165.030328160296	2.225332836835	0.117523744205665	0.578599068664706	1	0	0	0	0	0
M23	CSNK1D	10	9415:9424	165.030328160296	2.225332836835	0.117523744205665	0.578599068664706	1	0	0	0	0	0
M23	TACC1	10	9415:9424	165.030328160296	2.225332836835	0.117523744205665	0.578599068664706	1	0	0	0	0	0
M23	TYSND1	10	9415:9424	165.030328160296	2.225332836835	0.117523744205665	0.578599068664706	1	0	0	0	0	0
M18	C1S	11	9425:9435	426.612030414956	1.41089621783942	0.133645982581361	0.592834184019279	0.818181818181818	0	0	0.181818181818182	0	0
M18	TGFBI	11	9425:9435	426.612030414956	1.41089621783942	0.133645982581361	0.592834184019279	0.818181818181818	0	0	0.181818181818182	0	0
M18	C1R	11	9425:9435	426.612030414956	1.41089621783942	0.133645982581361	0.592834184019279	0.818181818181818	0	0	0.181818181818182	0	0
M18	RPL34P26	11	9425:9435	426.612030414956	1.41089621783942	0.133645982581361	0.592834184019279	0.818181818181818	0	0	0.181818181818182	0	0
M18	EEF1D	11	9425:9435	426.612030414956	1.41089621783942	0.133645982581361	0.592834184019279	0.818181818181818	0	0	0.181818181818182	0	0
M18	CD63	11	9425:9435	426.612030414956	1.41089621783942	0.133645982581361	0.592834184019279	0.818181818181818	0	0	0.181818181818182	0	0
M18	RPL34P27	11	9425:9435	426.612030414956	1.41089621783942	0.133645982581361	0.592834184019279	0.818181818181818	0	0	0.181818181818182	0	0
M18	GLIPR2	11	9425:9435	426.612030414956	1.41089621783942	0.133645982581361	0.592834184019279	0.818181818181818	0	0	0.181818181818182	0	0
M18	NCBP1	11	9425:9435	426.612030414956	1.41089621783942	0.133645982581361	0.592834184019279	0.818181818181818	0	0	0.181818181818182	0	0
M18	UQCRC1	11	9425:9435	426.612030414956	1.41089621783942	0.133645982581361	0.592834184019279	0.818181818181818	0	0	0.181818181818182	0	0
M18	GHITM	11	9425:9435	426.612030414956	1.41089621783942	0.133645982581361	0.592834184019279	0.818181818181818	0	0	0.181818181818182	0	0
M5	COL3A1	14	9436:9449	1350.0615759105	1.19080365446282	0.230462661119403	0.398701387663336	1	0	0	0	0	0
M5	COL5A2	14	9436:9449	1350.0615759105	1.19080365446282	0.230462661119403	0.398701387663336	1	0	0	0	0	0
M5	COL1A2	14	9436:9449	1350.0615759105	1.19080365446282	0.230462661119403	0.398701387663336	1	0	0	0	0	0
M5	FSTL1	14	9436:9449	1350.0615759105	1.19080365446282	0.230462661119403	0.398701387663336	1	0	0	0	0	0
M5	CTSC	14	9436:9449	1350.0615759105	1.19080365446282	0.230462661119403	0.398701387663336	1	0	0	0	0	0
M5	COL1A1	14	9436:9449	1350.0615759105	1.19080365446282	0.230462661119403	0.398701387663336	1	0	0	0	0	0
M5	IGFBP7	14	9436:9449	1350.0615759105	1.19080365446282	0.230462661119403	0.398701387663336	1	0	0	0	0	0
M5	FBLN5	14	9436:9449	1350.0615759105	1.19080365446282	0.230462661119403	0.398701387663336	1	0	0	0	0	0
M5	AHNAK	14	9436:9449	1350.0615759105	1.19080365446282	0.230462661119403	0.398701387663336	1	0	0	0	0	0
M5	IGFBP3	14	9436:9449	1350.0615759105	1.19080365446282	0.230462661119403	0.398701387663336	1	0	0	0	0	0
M5	PMP22	14	9436:9449	1350.0615759105	1.19080365446282	0.230462661119403	0.398701387663336	1	0	0	0	0	0
M5	PDE1C	14	9436:9449	1350.0615759105	1.19080365446282	0.230462661119403	0.398701387663336	1	0	0	0	0	0
M5	SPARC	14	9436:9449	1350.0615759105	1.19080365446282	0.230462661119403	0.398701387663336	1	0	0	0	0	0
M5	NCKAP5	14	9436:9449	1350.0615759105	1.19080365446282	0.230462661119403	0.398701387663336	1	0	0	0	0	0
M8	TNFRSF19	13	9450:9462	238.924607856501	1.90500589574411	0.155675934372448	0.444653616508627	1	0	0	0	0	0.0769230769230769
M8	VEGFA	13	9450:9462	238.924607856501	1.90500589574411	0.155675934372448	0.444653616508627	1	0	0	0	0	0.0769230769230769
M8	PMEPA1	13	9450:9462	238.924607856501	1.90500589574411	0.155675934372448	0.444653616508627	1	0	0	0	0	0.0769230769230769
M8	SPRY2	13	9450:9462	238.924607856501	1.90500589574411	0.155675934372448	0.444653616508627	1	0	0	0	0	0.0769230769230769
M8	ISLR	13	9450:9462	238.924607856501	1.90500589574411	0.155675934372448	0.444653616508627	1	0	0	0	0	0.0769230769230769
M8	NDST4	13	9450:9462	238.924607856501	1.90500589574411	0.155675934372448	0.444653616508627	1	0	0	0	0	0.0769230769230769
M8	NRG1	13	9450:9462	238.924607856501	1.90500589574411	0.155675934372448	0.444653616508627	1	0	0	0	0	0.0769230769230769
M8	SRPX2	13	9450:9462	238.924607856501	1.90500589574411	0.155675934372448	0.444653616508627	1	0	0	0	0	0.0769230769230769
M8	OLFML2A	13	9450:9462	238.924607856501	1.90500589574411	0.155675934372448	0.444653616508627	1	0	0	0	0	0.0769230769230769
M8	SOX9	13	9450:9462	238.924607856501	1.90500589574411	0.155675934372448	0.444653616508627	1	0	0	0	0	0.0769230769230769
M8	PDGFRA	13	9450:9462	238.924607856501	1.90500589574411	0.155675934372448	0.444653616508627	1	0	0	0	0	0.0769230769230769
M8	MATN2	13	9450:9462	238.924607856501	1.90500589574411	0.155675934372448	0.444653616508627	1	0	0	0	0	0.0769230769230769
M8	BMP7	13	9450:9462	238.924607856501	1.90500589574411	0.155675934372448	0.444653616508627	1	0	0	0	0	0.0769230769230769
M24	LOXL2	10	9463:9472	494.445057339585	1.84274197854438	0.146543357741633	0.491171619112528	1	0	0	0	0	0
M24	PLAU	10	9463:9472	494.445057339585	1.84274197854438	0.146543357741633	0.491171619112528	1	0	0	0	0	0
M24	HLA-A	10	9463:9472	494.445057339585	1.84274197854438	0.146543357741633	0.491171619112528	1	0	0	0	0	0
M24	LAMC1	10	9463:9472	494.445057339585	1.84274197854438	0.146543357741633	0.491171619112528	1	0	0	0	0	0
M24	COL4A2	10	9463:9472	494.445057339585	1.84274197854438	0.146543357741633	0.491171619112528	1	0	0	0	0	0
M24	PTGS1	10	9463:9472	494.445057339585	1.84274197854438	0.146543357741633	0.491171619112528	1	0	0	0	0	0
M24	PXDN	10	9463:9472	494.445057339585	1.84274197854438	0.146543357741633	0.491171619112528	1	0	0	0	0	0
M24	LAMB1	10	9463:9472	494.445057339585	1.84274197854438	0.146543357741633	0.491171619112528	1	0	0	0	0	0
M24	F2R	10	9463:9472	494.445057339585	1.84274197854438	0.146543357741633	0.491171619112528	1	0	0	0	0	0
M24	SLFN5	10	9463:9472	494.445057339585	1.84274197854438	0.146543357741633	0.491171619112528	1	0	0	0	0	0
M1	UBC	28	9473:9500	702.248702425402	1.67835322219807	0.314178834717156	0.374522250535908	1	0	0	0	0	0.321428571428571
M1	RHOB	28	9473:9500	702.248702425402	1.67835322219807	0.314178834717156	0.374522250535908	1	0	0	0	0	0.321428571428571
M1	UBB	28	9473:9500	702.248702425402	1.67835322219807	0.314178834717156	0.374522250535908	1	0	0	0	0	0.321428571428571
M1	ATF4	28	9473:9500	702.248702425402	1.67835322219807	0.314178834717156	0.374522250535908	1	0	0	0	0	0.321428571428571
M1	JUND	28	9473:9500	702.248702425402	1.67835322219807	0.314178834717156	0.374522250535908	1	0	0	0	0	0.321428571428571
M1	TRA2B	28	9473:9500	702.248702425402	1.67835322219807	0.314178834717156	0.374522250535908	1	0	0	0	0	0.321428571428571
M1	EIF4A3	28	9473:9500	702.248702425402	1.67835322219807	0.314178834717156	0.374522250535908	1	0	0	0	0	0.321428571428571
M1	JUNB	28	9473:9500	702.248702425402	1.67835322219807	0.314178834717156	0.374522250535908	1	0	0	0	0	0.321428571428571
M1	BTG2	28	9473:9500	702.248702425402	1.67835322219807	0.314178834717156	0.374522250535908	1	0	0	0	0	0.321428571428571
M1	SOCS3	28	9473:9500	702.248702425402	1.67835322219807	0.314178834717156	0.374522250535908	1	0	0	0	0	0.321428571428571
M1	IER2	28	9473:9500	702.248702425402	1.67835322219807	0.314178834717156	0.374522250535908	1	0	0	0	0	0.321428571428571
M1	DNAJA1	28	9473:9500	702.248702425402	1.67835322219807	0.314178834717156	0.374522250535908	1	0	0	0	0	0.321428571428571
M1	ADAMTS1	28	9473:9500	702.248702425402	1.67835322219807	0.314178834717156	0.374522250535908	1	0	0	0	0	0.321428571428571
M1	ZFP36	28	9473:9500	702.248702425402	1.67835322219807	0.314178834717156	0.374522250535908	1	0	0	0	0	0.321428571428571
M1	HSPA1A	28	9473:9500	702.248702425402	1.67835322219807	0.314178834717156	0.374522250535908	1	0	0	0	0	0.321428571428571
M1	HSPA1B	28	9473:9500	702.248702425402	1.67835322219807	0.314178834717156	0.374522250535908	1	0	0	0	0	0.321428571428571
M1	EGR3	28	9473:9500	702.248702425402	1.67835322219807	0.314178834717156	0.374522250535908	1	0	0	0	0	0.321428571428571
M1	SERTAD1	28	9473:9500	702.248702425402	1.67835322219807	0.314178834717156	0.374522250535908	1	0	0	0	0	0.321428571428571
M1	KLF4	28	9473:9500	702.248702425402	1.67835322219807	0.314178834717156	0.374522250535908	1	0	0	0	0	0.321428571428571
M1	JUN	28	9473:9500	702.248702425402	1.67835322219807	0.314178834717156	0.374522250535908	1	0	0	0	0	0.321428571428571
M1	FOS	28	9473:9500	702.248702425402	1.67835322219807	0.314178834717156	0.374522250535908	1	0	0	0	0	0.321428571428571
M1	EGR1	28	9473:9500	702.248702425402	1.67835322219807	0.314178834717156	0.374522250535908	1	0	0	0	0	0.321428571428571
M1	FOSB	28	9473:9500	702.248702425402	1.67835322219807	0.314178834717156	0.374522250535908	1	0	0	0	0	0.321428571428571
M1	MCL1	28	9473:9500	702.248702425402	1.67835322219807	0.314178834717156	0.374522250535908	1	0	0	0	0	0.321428571428571
M1	DUSP1	28	9473:9500	702.248702425402	1.67835322219807	0.314178834717156	0.374522250535908	1	0	0	0	0	0.321428571428571
M1	SRSF7	28	9473:9500	702.248702425402	1.67835322219807	0.314178834717156	0.374522250535908	1	0	0	0	0	0.321428571428571
M1	TUBB4B	28	9473:9500	702.248702425402	1.67835322219807	0.314178834717156	0.374522250535908	1	0	0	0	0	0.321428571428571
M1	NFKBIZ	28	9473:9500	702.248702425402	1.67835322219807	0.314178834717156	0.374522250535908	1	0	0	0	0	0.321428571428571
M14	SLC38A2	12	9501:9512	111.357100435689	2.03786424364681	0.216337301775841	0.330791420934994	1	0	0	0	0	0
M14	CDKN1A	12	9501:9512	111.357100435689	2.03786424364681	0.216337301775841	0.330791420934994	1	0	0	0	0	0
M14	CCNL1	12	9501:9512	111.357100435689	2.03786424364681	0.216337301775841	0.330791420934994	1	0	0	0	0	0
M14	PLK2	12	9501:9512	111.357100435689	2.03786424364681	0.216337301775841	0.330791420934994	1	0	0	0	0	0
M14	ING1	12	9501:9512	111.357100435689	2.03786424364681	0.216337301775841	0.330791420934994	1	0	0	0	0	0
M14	TOB1	12	9501:9512	111.357100435689	2.03786424364681	0.216337301775841	0.330791420934994	1	0	0	0	0	0
M14	GADD45A	12	9501:9512	111.357100435689	2.03786424364681	0.216337301775841	0.330791420934994	1	0	0	0	0	0
M14	DDX3X	12	9501:9512	111.357100435689	2.03786424364681	0.216337301775841	0.330791420934994	1	0	0	0	0	0
M14	PCF11	12	9501:9512	111.357100435689	2.03786424364681	0.216337301775841	0.330791420934994	1	0	0	0	0	0
M14	IER5	12	9501:9512	111.357100435689	2.03786424364681	0.216337301775841	0.330791420934994	1	0	0	0	0	0
M14	DUSP5	12	9501:9512	111.357100435689	2.03786424364681	0.216337301775841	0.330791420934994	1	0	0	0	0	0
M14	IFRD1	12	9501:9512	111.357100435689	2.03786424364681	0.216337301775841	0.330791420934994	1	0	0	0	0	0
M25	CTD-3252C9.4	10	9513:9522	525.485205246187	1.4948220985977	0.242421863070244	0.435654971891198	0.8	0.1	0	0.1	0	0
M25	HSP90AA1	10	9513:9522	525.485205246187	1.4948220985977	0.242421863070244	0.435654971891198	0.8	0.1	0	0.1	0	0
M25	DNAJB4	10	9513:9522	525.485205246187	1.4948220985977	0.242421863070244	0.435654971891198	0.8	0.1	0	0.1	0	0
M25	NABP1	10	9513:9522	525.485205246187	1.4948220985977	0.242421863070244	0.435654971891198	0.8	0.1	0	0.1	0	0
M25	INTS6	10	9513:9522	525.485205246187	1.4948220985977	0.242421863070244	0.435654971891198	0.8	0.1	0	0.1	0	0
M25	HERPUD1	10	9513:9522	525.485205246187	1.4948220985977	0.242421863070244	0.435654971891198	0.8	0.1	0	0.1	0	0
M25	MORF4L2	10	9513:9522	525.485205246187	1.4948220985977	0.242421863070244	0.435654971891198	0.8	0.1	0	0.1	0	0
M25	EIF4A2	10	9513:9522	525.485205246187	1.4948220985977	0.242421863070244	0.435654971891198	0.8	0.1	0	0.1	0	0
M25	EIF5	10	9513:9522	525.485205246187	1.4948220985977	0.242421863070244	0.435654971891198	0.8	0.1	0	0.1	0	0
M25	HSP90AA2P	10	9513:9522	525.485205246187	1.4948220985977	0.242421863070244	0.435654971891198	0.8	0.1	0	0.1	0	0
