cluster	myAUC	avg_diff	power	avg_logFC	pct.1	pct.2	p_val_adj	gene	ident	spec
0	0.911	1.89210218983438	0.822	1.89210218983438	0.967	0.466	NA	RAG1	T-DP	TRUE
0	0.868	1.26243707432689	0.736	1.26243707432689	0.962	0.359	NA	ARPP21	T-DP	FALSE
0	0.861	1.26842518870735	0.722	1.26842518870735	0.995	0.885	NA	MDM4	T-DP	TRUE
0	0.849	1.18101374036618	0.698	1.18101374036618	0.94	0.443	NA	CD8B	T-DP	FALSE
0	0.828	1.23632968647634	0.656	1.23632968647634	0.863	0.397	NA	ELOVL4	T-DP	FALSE
0	0.827	1.05884968564487	0.654	1.05884968564487	0.94	0.42	NA	CD1E	T-DP	FALSE
0	0.827	1.05235449080559	0.654	1.05235449080559	0.962	0.557	NA	CD1B	T-DP	FALSE
0	0.819	1.04989231142629	0.638	1.04989231142629	0.907	0.611	NA	ZNF280D	T-DP	TRUE
0	0.804	0.945570036131389	0.608	0.945570036131389	0.907	0.481	NA	CD8A	T-DP	FALSE
0	0.804	0.91599863666739	0.608	0.91599863666739	0.824	0.42	NA	DAPK1	T-DP	TRUE
0	0.803	0.764290347839065	0.606	0.764290347839065	0.995	0.939	NA	PTP4A2	T-DP	FALSE
0	0.8	0.700848299764642	0.6	0.700848299764642	0.945	0.664	NA	TCF12	T-DP	FALSE
0	0.786	1.0676606003737	0.572	1.0676606003737	0.896	0.634	NA	LYST	T-DP	FALSE
0	0.786	0.716514006451717	0.572	0.716514006451717	0.896	0.58	NA	CD99--1	T-DP	FALSE
0	0.785	0.851661984263041	0.57	0.851661984263041	0.978	0.809	NA	SH2D1A	T-DP	FALSE
0	0.785	0.744633823059482	0.57	0.744633823059482	0.962	0.893	NA	CHD1	T-DP	FALSE
0	0.78	1.14553954362956	0.56	1.14553954362956	0.736	0.275	NA	RP11-144L1.4	T-DP	FALSE
0	0.777	0.789889308044764	0.554	0.789889308044764	0.797	0.443	NA	ADA	T-DP	FALSE
0	0.769	1.28183945315033	0.538	1.28183945315033	0.703	0.26	NA	CYP2U1	T-DP	FALSE
0	0.766	0.941651723245671	0.532	0.941651723245671	0.786	0.511	NA	CD38	T-DP	FALSE
0	0.763	1.19938517072262	0.526	1.19938517072262	0.648	0.183	NA	RASSF6	T-DP	FALSE
0	0.758	0.788552853638007	0.516	0.788552853638007	0.863	0.595	NA	NFATC3	T-DP	FALSE
0	0.757	0.797808439318168	0.514	0.797808439318168	0.846	0.603	NA	EDEM1	T-DP	FALSE
0	0.754	0.800037924338136	0.508	0.800037924338136	0.78	0.45	NA	LAIR1	T-DP	FALSE
0	0.752	0.746143602920859	0.504	0.746143602920859	0.835	0.565	NA	MAN2A1	T-DP	TRUE
0	0.748	0.913714615375523	0.496	0.913714615375523	0.709	0.305	NA	MZB1	T-DP	FALSE
0	0.748	0.800900660044089	0.496	0.800900660044089	0.791	0.443	NA	LINC01226	T-DP	FALSE
0	0.748	0.72159907392912	0.496	0.72159907392912	0.901	0.656	NA	AQP3	T-DP	FALSE
0	0.743	0.848716324921038	0.486	0.848716324921038	0.923	0.802	NA	ITPR2	T-DP	FALSE
0	0.739	1.30875847777605	0.478	1.30875847777605	0.681	0.328	NA	IDNK	T-DP	TRUE
0	0.739	0.801772394449519	0.478	0.801772394449519	0.868	0.71	NA	GOLGA3	T-DP	FALSE
0	0.739	0.750580655429645	0.478	0.750580655429645	0.973	0.878	NA	HSPA1B	T-DP	FALSE
0	0.738	0.779283611573285	0.476	0.779283611573285	0.857	0.641	NA	APBB1IP	T-DP	FALSE
0	0.732	0.705441232500043	0.464	0.705441232500043	0.863	0.634	NA	PSAP	T-DP	FALSE
0	0.725	0.798859883562246	0.45	0.798859883562246	0.78	0.473	NA	GSE1	T-DP	FALSE
0	0.72	0.719782168073106	0.44	0.719782168073106	0.989	0.954	NA	HSPH1	T-DP	FALSE
0	0.715	1.07279858921982	0.43	1.07279858921982	0.846	0.641	NA	DNAJB4	T-DP	FALSE
0	0.715	0.770133156486947	0.43	0.770133156486947	0.698	0.374	NA	PAFAH2	T-DP	FALSE
0	0.71	0.713224209338675	0.42	0.713224209338675	0.813	0.542	NA	LTB	T-DP	TRUE
0	0.71	0.697519934161384	0.42	0.697519934161384	0.709	0.45	NA	MYB	T-DP	FALSE
0	0.709	0.706939201054516	0.418	0.706939201054516	0.813	0.649	NA	RBM33	T-DP	FALSE
0	0.708	0.944460682835513	0.416	0.944460682835513	0.709	0.389	NA	TJP2	T-DP	FALSE
0	0.707	0.874182172456529	0.414	0.874182172456529	0.687	0.382	NA	RP11-356I2.4	T-DP	FALSE
0	0.705	0.883222939282334	0.41	0.883222939282334	0.621	0.267	NA	CD1C	T-DP	FALSE
0	0.704	1.12203187688357	0.408	1.12203187688357	0.736	0.489	NA	XBP1	T-DP	FALSE
0	0.703	0.875328348826383	0.406	0.875328348826383	0.648	0.313	NA	CEP128	T-DP	FALSE
0	0.702	0.89162813062391	0.404	0.89162813062391	0.808	0.588	NA	TSC22D3	T-DP	FALSE
2	0.921	1.38006925390489	0.842	1.38006925390489	0.919	0.216	NA	CD44	Pre-T	TRUE
2	0.901	1.50419407952034	0.802	1.50419407952034	0.895	0.269	NA	COTL1	Pre-T	TRUE
2	0.898	1.24517709447558	0.796	1.24517709447558	0.93	0.308	NA	NDFIP1	Pre-T	FALSE
2	0.893	1.39990690826834	0.786	1.39990690826834	1	0.74	NA	TMSB10	Pre-T	TRUE
2	0.888	1.59999306095305	0.776	1.59999306095305	0.942	0.604	NA	HLA-E	Pre-T	TRUE
2	0.874	1.46477988243806	0.748	1.46477988243806	0.86	0.22	NA	ABLIM1	Pre-T	TRUE
2	0.871	2.37994722190845	0.742	2.37994722190845	0.895	0.454	NA	HLA-B	Pre-T	TRUE
2	0.857	1.04418480811886	0.714	1.04418480811886	0.791	0.128	NA	ST6GAL1	Pre-T	TRUE
2	0.855	0.808756216373511	0.71	0.808756216373511	0.977	0.841	NA	RPL10	Pre-T	TRUE
2	0.848	0.707119910121845	0.696	0.707119910121845	1	0.974	NA	EEF1A1	Pre-T	TRUE
2	0.84	1.11296329984267	0.68	1.11296329984267	0.733	0.097	NA	STAT5A	Pre-T	TRUE
2	0.837	0.754748338616905	0.674	0.754748338616905	1	0.912	NA	RPL13A	Pre-T	TRUE
2	0.835	0.735609540371153	0.67	0.735609540371153	1	0.965	NA	RPL3	Pre-T	TRUE
2	0.834	1.10213394177641	0.668	1.10213394177641	0.837	0.251	NA	BACH2	Pre-T	FALSE
2	0.83	0.748620959658756	0.66	0.748620959658756	1	0.991	NA	B2M	Pre-T	TRUE
2	0.828	0.961477249056544	0.656	0.961477249056544	0.895	0.445	NA	VIM	Pre-T	TRUE
2	0.825	0.867005289915162	0.65	0.867005289915162	0.965	0.648	NA	RPS2	Pre-T	FALSE
2	0.821	1.31158567540735	0.642	1.31158567540735	0.767	0.22	NA	CYTIP	Pre-T	TRUE
2	0.82	0.820038452422019	0.64	0.820038452422019	1	0.938	NA	RPS12	Pre-T	FALSE
2	0.819	0.959702765447028	0.638	0.959702765447028	1	0.819	NA	RPS18	Pre-T	TRUE
2	0.817	0.750784286799812	0.634	0.750784286799812	1	0.947	NA	ACTB	Pre-T	FALSE
2	0.815	0.824196473944175	0.63	0.824196473944175	0.988	0.683	NA	EVL	Pre-T	TRUE
2	0.814	0.734165092829068	0.628	0.734165092829068	1	0.943	NA	RPS6	Pre-T	FALSE
2	0.813	1.23997437750879	0.626	1.23997437750879	0.895	0.515	NA	CLEC2D	Pre-T	TRUE
2	0.813	0.752662756133743	0.626	0.752662756133743	1	0.828	NA	RPL3P4	Pre-T	TRUE
2	0.812	0.822357803682413	0.624	0.822357803682413	1	0.938	NA	RPL14	Pre-T	TRUE
2	0.809	0.771181279011661	0.618	0.771181279011661	0.988	0.894	NA	RPL10A	Pre-T	TRUE
2	0.803	1.09850420874172	0.606	1.09850420874172	0.756	0.211	NA	PDE4D	Pre-T	FALSE
2	0.801	0.866431942978438	0.602	0.866431942978438	0.674	0.088	NA	RCAN3	Pre-T	TRUE
2	0.801	0.81146157802868	0.602	0.81146157802868	0.953	0.837	NA	RPSA	Pre-T	TRUE
2	0.8	0.93559718502977	0.6	0.93559718502977	0.919	0.648	NA	HLA-C	Pre-T	TRUE
2	0.8	0.795324747477981	0.6	0.795324747477981	0.942	0.476	NA	ATM	Pre-T	FALSE
2	0.798	0.703340457790469	0.596	0.703340457790469	0.686	0.075	NA	TOX2	Pre-T	TRUE
2	0.797	0.847735631444776	0.594	0.847735631444776	0.977	0.863	NA	RPS14	Pre-T	FALSE
2	0.793	1.58776462977821	0.586	1.58776462977821	0.837	0.612	NA	HLA-A	Pre-T	TRUE
2	0.792	0.837090652057757	0.584	0.837090652057757	1	0.767	NA	RPLP0	Pre-T	FALSE
2	0.791	1.16093843501598	0.582	1.16093843501598	0.826	0.392	NA	STAT1	Pre-T	FALSE
2	0.79	0.767509951551575	0.58	0.767509951551575	0.907	0.476	NA	STK17B	Pre-T	FALSE
2	0.786	0.71829811356577	0.572	0.71829811356577	0.674	0.123	NA	IL27RA	Pre-T	TRUE
2	0.784	0.823340027702404	0.568	0.823340027702404	0.791	0.326	NA	CNN2	Pre-T	TRUE
2	0.782	0.850097084051762	0.564	0.850097084051762	0.802	0.317	NA	PRKCH	Pre-T	TRUE
2	0.78	0.765584042932022	0.56	0.765584042932022	0.884	0.511	NA	RP11-234A1.1	Pre-T	FALSE
2	0.78	0.729554792104029	0.56	0.729554792104029	0.919	0.542	NA	TPM3	Pre-T	FALSE
2	0.779	0.941286074199893	0.558	0.941286074199893	0.907	0.507	NA	LDHA	Pre-T	FALSE
2	0.776	0.7953021064597	0.552	0.7953021064597	0.674	0.163	NA	TGFBR2	Pre-T	TRUE
2	0.775	0.768755662982446	0.55	0.768755662982446	0.779	0.317	NA	PKM	Pre-T	FALSE
2	0.77	0.887245687400312	0.54	0.887245687400312	0.779	0.335	NA	CD96	Pre-T	TRUE
2	0.77	0.805386047143924	0.54	0.805386047143924	0.93	0.634	NA	RPS5	Pre-T	FALSE
2	0.768	1.36774189701346	0.536	1.36774189701346	0.663	0.176	NA	CCND2	Pre-T	TRUE
2	0.762	0.879118737195535	0.524	0.879118737195535	0.744	0.326	NA	STK17A	Pre-T	TRUE
2	0.752	0.83492121460775	0.504	0.83492121460775	0.581	0.101	NA	NFKB1	Pre-T	TRUE
2	0.746	0.909252136370886	0.492	0.909252136370886	0.849	0.436	NA	NIN	Pre-T	FALSE
2	0.745	0.73630587457927	0.49	0.73630587457927	0.57	0.101	NA	DENND2D	Pre-T	TRUE
2	0.738	0.774791774237823	0.476	0.774791774237823	0.698	0.313	NA	PTPN6	Pre-T	FALSE
2	0.725	0.889934744010292	0.45	0.889934744010292	0.616	0.233	NA	CD28	Pre-T	FALSE
2	0.72	1.11475798246677	0.44	1.11475798246677	0.686	0.291	NA	SLC2A3	Pre-T	FALSE
2	0.72	0.718931621577685	0.44	0.718931621577685	0.674	0.251	NA	ATIC	Pre-T	FALSE
2	0.718	0.720537089612108	0.436	0.720537089612108	0.663	0.273	NA	HELB	Pre-T	FALSE
2	0.711	0.713025450641181	0.422	0.713025450641181	0.744	0.419	NA	CYLD	Pre-T	FALSE
2	0.708	1.03644051016339	0.416	1.03644051016339	0.442	0.026	NA	SYTL2	Pre-T	FALSE
3	0.994	2.51123427489971	0.988	2.51123427489971	1	0.712	NA	HMGB2	T-Prol	TRUE
3	0.984	2.20462895093946	0.968	2.20462895093946	1	0.205	NA	BIRC5	T-Prol	TRUE
3	0.981	2.1032345076994	0.962	2.1032345076994	1	0.812	NA	TUBA1B	T-Prol	TRUE
3	0.972	1.6354646055199	0.944	1.6354646055199	1	0.747	NA	TUBB	T-Prol	TRUE
3	0.971	2.01406668793512	0.942	2.01406668793512	0.96	0.066	NA	DLGAP5	T-Prol	TRUE
3	0.968	3.00715193196874	0.936	3.00715193196874	0.96	0.236	NA	CENPF	T-Prol	TRUE
3	0.968	2.99901878396126	0.936	2.99901878396126	0.96	0.194	NA	MKI67	T-Prol	TRUE
3	0.967	2.9210137880869	0.934	2.9210137880869	0.96	0.139	NA	TOP2A	T-Prol	TRUE
3	0.966	2.72598063259344	0.932	2.72598063259344	0.96	0.24	NA	TPX2	T-Prol	TRUE
3	0.965	2.35620040063935	0.93	2.35620040063935	0.96	0.142	NA	CENPE	T-Prol	TRUE
3	0.962	1.39914306962536	0.924	1.39914306962536	0.96	0.108	NA	ARHGAP11A	T-Prol	TRUE
3	0.962	1.1611391192237	0.924	1.1611391192237	1	0.972	NA	HMGB1	T-Prol	TRUE
3	0.959	1.37488435123145	0.918	1.37488435123145	1	0.795	NA	SMC4	T-Prol	TRUE
3	0.952	1.21341681414402	0.904	1.21341681414402	1	0.962	NA	STMN1	T-Prol	TRUE
3	0.95	1.33098462654119	0.9	1.33098462654119	1	0.764	NA	NUCKS1	T-Prol	TRUE
3	0.94	2.58296747256369	0.88	2.58296747256369	1	0.389	NA	HIST1H4C	T-Prol	TRUE
3	0.939	1.10537516070625	0.878	1.10537516070625	0.92	0.09	NA	ECT2	T-Prol	TRUE
3	0.933	1.54348101917121	0.866	1.54348101917121	0.92	0.156	NA	NUSAP1	T-Prol	TRUE
3	0.931	1.65920822131566	0.862	1.65920822131566	0.92	0.403	NA	NCAPD2	T-Prol	TRUE
3	0.93	1.83899872272692	0.86	1.83899872272692	0.88	0.083	NA	NCAPG	T-Prol	TRUE
3	0.93	1.15957709420601	0.86	1.15957709420601	0.96	0.24	NA	KIF22	T-Prol	TRUE
3	0.928	2.5160756524531	0.856	2.5160756524531	0.88	0.097	NA	ASPM	T-Prol	TRUE
3	0.926	1.58522964893482	0.852	1.58522964893482	0.88	0.087	NA	CCNB2	T-Prol	TRUE
3	0.923	1.69902274789424	0.846	1.69902274789424	0.88	0.087	NA	KIF14	T-Prol	TRUE
3	0.923	1.49212319361948	0.846	1.49212319361948	0.88	0.122	NA	KIF15	T-Prol	TRUE
3	0.92	1.45996564840815	0.84	1.45996564840815	0.88	0.094	NA	NDC80	T-Prol	TRUE
3	0.918	1.34012120940718	0.836	1.34012120940718	0.88	0.118	NA	SPAG5	T-Prol	TRUE
3	0.917	1.64426106266674	0.834	1.64426106266674	0.92	0.194	NA	PRC1	T-Prol	TRUE
3	0.915	1.11373784408298	0.83	1.11373784408298	0.96	0.667	NA	HMGB1P6	T-Prol	TRUE
3	0.913	1.13657918960841	0.826	1.13657918960841	1	0.83	NA	HMGB1P5	T-Prol	TRUE
3	0.908	1.48358789743184	0.816	1.48358789743184	0.84	0.062	NA	NUF2	T-Prol	TRUE
3	0.906	1.42097281465392	0.812	1.42097281465392	0.84	0.062	NA	CCNB1	T-Prol	TRUE
3	0.904	1.61957251411694	0.808	1.61957251411694	0.84	0.094	NA	CCNA2	T-Prol	TRUE
3	0.903	1.08445090781478	0.806	1.08445090781478	0.96	0.608	NA	HMGN2	T-Prol	TRUE
3	0.903	0.950625436208441	0.806	0.950625436208441	0.84	0.059	NA	NEK2	T-Prol	TRUE
3	0.902	1.75375787014604	0.804	1.75375787014604	0.88	0.122	NA	RRM2	T-Prol	TRUE
3	0.902	1.38836462071174	0.804	1.38836462071174	0.84	0.09	NA	KIF18B	T-Prol	TRUE
3	0.902	0.957901681338572	0.804	0.957901681338572	1	0.733	NA	H2AFZ	T-Prol	TRUE
3	0.901	1.2494694360823	0.802	1.2494694360823	0.96	0.316	NA	TUBA1C	T-Prol	TRUE
3	0.9	1.19035354438482	0.8	1.19035354438482	0.84	0.076	NA	KIF20A	T-Prol	TRUE
3	0.9	1.04867893830252	0.8	1.04867893830252	0.92	0.479	NA	TMPO	T-Prol	TRUE
3	0.897	1.1142093825907	0.794	1.1142093825907	0.84	0.104	NA	GTSE1	T-Prol	TRUE
3	0.896	1.5448647335733	0.792	1.5448647335733	0.84	0.128	NA	KIF11	T-Prol	TRUE
3	0.896	1.2857926131376	0.792	1.2857926131376	0.84	0.076	NA	SHCBP1	T-Prol	TRUE
3	0.893	1.15913160807131	0.786	1.15913160807131	0.92	0.392	NA	ANP32E	T-Prol	TRUE
3	0.893	0.88449676530088	0.786	0.88449676530088	0.8	0.028	NA	DEPDC1	T-Prol	TRUE
3	0.892	1.42557009232128	0.784	1.42557009232128	0.8	0.052	NA	KIF4A	T-Prol	TRUE
3	0.892	0.859583268091053	0.784	0.859583268091053	0.84	0.09	NA	RACGAP1	T-Prol	TRUE
3	0.891	1.67357421018873	0.782	1.67357421018873	0.8	0.049	NA	CDC20	T-Prol	TRUE
3	0.889	0.968801566852687	0.778	0.968801566852687	0.84	0.104	NA	NCAPG2	T-Prol	TRUE
3	0.887	1.16241020930713	0.774	1.16241020930713	0.8	0.052	NA	CDK1	T-Prol	TRUE
3	0.885	1.52587115349636	0.77	1.52587115349636	0.8	0.087	NA	AURKB	T-Prol	TRUE
3	0.885	0.918695126201912	0.77	0.918695126201912	0.8	0.049	NA	KIF2C	T-Prol	TRUE
3	0.885	0.891145812789763	0.77	0.891145812789763	0.84	0.132	NA	CCDC34	T-Prol	TRUE
3	0.884	1.69801394511032	0.768	1.69801394511032	0.8	0.094	NA	KNL1	T-Prol	TRUE
3	0.884	1.16178918767165	0.768	1.16178918767165	0.8	0.052	NA	HJURP	T-Prol	TRUE
3	0.884	1.07387922747091	0.768	1.07387922747091	0.8	0.059	NA	BUB1B	T-Prol	TRUE
3	0.883	1.26682077133375	0.766	1.26682077133375	0.88	0.25	NA	SMC2	T-Prol	TRUE
3	0.882	0.823826207712944	0.764	0.823826207712944	1	0.92	NA	ANP32B	T-Prol	TRUE
3	0.881	0.901459803581956	0.762	0.901459803581956	0.8	0.073	NA	KNSTRN	T-Prol	TRUE
3	0.879	1.18707390456566	0.758	1.18707390456566	0.8	0.062	NA	HMMR	T-Prol	TRUE
3	0.878	1.11435387016476	0.756	1.11435387016476	1	0.722	NA	RAD21	T-Prol	TRUE
3	0.877	0.857198458849307	0.754	0.857198458849307	0.84	0.146	NA	CENPN	T-Prol	TRUE
3	0.874	1.23352779805013	0.748	1.23352779805013	0.8	0.09	NA	SGO2	T-Prol	TRUE
3	0.874	0.827414931594683	0.748	0.827414931594683	0.76	0.031	NA	DEPDC1B	T-Prol	TRUE
3	0.873	0.975757744736591	0.746	0.975757744736591	0.88	0.274	NA	SKA2	T-Prol	TRUE
3	0.873	0.908263472988261	0.746	0.908263472988261	0.8	0.08	NA	KIAA1524	T-Prol	TRUE
3	0.873	0.861629703802263	0.746	0.861629703802263	0.8	0.08	NA	CEP55	T-Prol	TRUE
3	0.872	1.21929797896307	0.744	1.21929797896307	0.84	0.184	NA	ARHGAP19	T-Prol	TRUE
3	0.872	0.784917579412909	0.744	0.784917579412909	1	0.74	NA	RAN	T-Prol	TRUE
3	0.871	1.01692760529528	0.742	1.01692760529528	0.84	0.16	NA	PTTG1	T-Prol	TRUE
3	0.87	1.09168023393593	0.74	1.09168023393593	0.88	0.274	NA	CDK5RAP2	T-Prol	TRUE
3	0.87	1.0111454058059	0.74	1.0111454058059	0.76	0.035	NA	SGO1	T-Prol	TRUE
3	0.87	0.901927773473061	0.74	0.901927773473061	0.76	0.045	NA	CDCA2	T-Prol	TRUE
3	0.868	0.926199483419663	0.736	0.926199483419663	0.8	0.146	NA	CKS1B	T-Prol	TRUE
3	0.866	0.919115016418084	0.732	0.919115016418084	0.76	0.052	NA	AURKA	T-Prol	TRUE
3	0.864	0.925091298169547	0.728	0.925091298169547	1	0.649	NA	CALM3	T-Prol	TRUE
3	0.863	0.917204763159479	0.726	0.917204763159479	0.96	0.299	NA	VRK1	T-Prol	TRUE
3	0.862	0.826832400904135	0.724	0.826832400904135	0.8	0.097	NA	CIT	T-Prol	TRUE
3	0.862	0.739438242509612	0.724	0.739438242509613	1	0.983	NA	PTMA	T-Prol	TRUE
3	0.861	1.30650372105186	0.722	1.30650372105186	0.84	0.299	NA	KIF20B	T-Prol	TRUE
3	0.861	0.936124988347073	0.722	0.936124988347073	0.84	0.188	NA	ZWINT	T-Prol	TRUE
3	0.86	1.88733639816268	0.72	1.88733639816268	0.88	0.337	NA	TYMS	T-Prol	TRUE
3	0.86	1.30714372658399	0.72	1.30714372658399	0.8	0.191	NA	PRR11	T-Prol	TRUE
3	0.86	1.02149681370974	0.72	1.02149681370974	0.8	0.128	NA	FANCI	T-Prol	TRUE
3	0.859	1.00561260981265	0.718	1.00561260981265	0.8	0.139	NA	BUB1	T-Prol	TRUE
3	0.856	0.953183985301991	0.712	0.953183985301991	0.76	0.062	NA	DIAPH3	T-Prol	TRUE
3	0.852	0.827235784746496	0.704	0.827235784746496	0.76	0.076	NA	KIF18A	T-Prol	TRUE
3	0.852	0.715821276848133	0.704	0.715821276848133	0.76	0.073	NA	STIL	T-Prol	TRUE
3	0.851	1.00596998385749	0.702	1.00596998385749	0.72	0.028	NA	KIF23	T-Prol	TRUE
3	0.851	0.988206196683441	0.702	0.988206196683441	0.96	0.552	NA	DEK	T-Prol	TRUE
3	0.848	0.740988992309088	0.696	0.740988992309088	0.92	0.323	NA	CORO1C	T-Prol	TRUE
3	0.847	1.03495817624828	0.694	1.03495817624828	0.88	0.385	NA	CDC25B	T-Prol	TRUE
3	0.847	1.01318737023532	0.694	1.01318737023532	0.92	0.462	NA	NSD2	T-Prol	TRUE
3	0.845	0.773922477076887	0.69	0.773922477076887	0.8	0.163	NA	LMNB1	T-Prol	TRUE
3	0.842	1.18522397834843	0.684	1.18522397834843	0.8	0.274	NA	CKAP5	T-Prol	TRUE
3	0.838	1.0449343821698	0.676	1.0449343821698	0.76	0.115	NA	CDCA5	T-Prol	TRUE
3	0.837	0.99166849602314	0.674	0.99166849602314	0.92	0.688	NA	TUBB4B	T-Prol	TRUE
3	0.837	0.71875915689913	0.674	0.71875915689913	0.96	0.868	NA	SRSF3	T-Prol	TRUE
3	0.835	0.849972201634602	0.67	0.849972201634602	0.96	0.656	NA	HP1BP3	T-Prol	TRUE
3	0.833	0.804178115571645	0.666	0.804178115571645	0.92	0.719	NA	H2AFV	T-Prol	TRUE
3	0.831	0.713056556394415	0.662	0.713056556394415	0.72	0.062	NA	CKAP2L	T-Prol	TRUE
3	0.83	1.09255685508973	0.66	1.09255685508973	0.72	0.108	NA	ANLN	T-Prol	TRUE
3	0.829	1.02531710688281	0.658	1.02531710688281	0.72	0.118	NA	ARHGAP11B	T-Prol	TRUE
3	0.828	1.41119122993057	0.656	1.41119122993057	0.8	0.372	NA	KPNA2	T-Prol	TRUE
3	0.826	1.15613389505077	0.652	1.15613389505077	0.76	0.177	NA	E2F2	T-Prol	TRUE
3	0.824	0.829469220805359	0.648	0.829469220805359	0.84	0.24	NA	SEPHS1	T-Prol	TRUE
3	0.822	0.940056873477345	0.644	0.940056873477345	0.8	0.281	NA	CKAP2	T-Prol	TRUE
3	0.82	0.822780765696899	0.64	0.822780765696899	0.72	0.118	NA	TACC3	T-Prol	FALSE
3	0.819	0.767382428091612	0.638	0.767382428091612	0.96	0.549	NA	EZH2	T-Prol	TRUE
3	0.817	0.816460864350705	0.634	0.816460864350705	0.96	0.58	NA	BUB3	T-Prol	TRUE
3	0.816	1.2970561240185	0.632	1.2970561240185	0.76	0.201	NA	RRM1	T-Prol	TRUE
3	0.815	0.74212168992193	0.63	0.74212168992193	0.96	0.872	NA	CALM2	T-Prol	TRUE
3	0.811	0.884785275612608	0.622	0.884785275612608	0.68	0.062	NA	CCNF	T-Prol	TRUE
3	0.81	0.700756883738417	0.62	0.700756883738417	0.84	0.316	NA	NEIL3	T-Prol	TRUE
3	0.808	0.997894998613047	0.616	0.997894998613047	0.76	0.208	NA	ATAD2	T-Prol	TRUE
3	0.808	0.891721891030358	0.616	0.891721891030358	0.64	0.035	NA	PLK1	T-Prol	TRUE
3	0.806	0.958578783229083	0.612	0.958578783229083	0.64	0.042	NA	UBE2C	T-Prol	TRUE
3	0.806	0.776482974628923	0.612	0.776482974628923	0.72	0.149	NA	HMGB3	T-Prol	TRUE
3	0.8	0.74157875612673	0.6	0.74157875612673	0.68	0.101	NA	GEN1	T-Prol	TRUE
3	0.798	0.907148598540063	0.596	0.907148598540063	0.84	0.406	NA	MIS18BP1	T-Prol	FALSE
3	0.795	0.699974106596885	0.59	0.699974106596885	0.84	0.267	NA	DNAJC9	T-Prol	TRUE
3	0.793	0.702989175488447	0.586	0.702989175488447	0.8	0.306	NA	DDX39A	T-Prol	TRUE
3	0.793	0.699572865406007	0.586	0.699572865406007	0.64	0.066	NA	MELK	T-Prol	TRUE
3	0.792	0.723018173736416	0.584	0.723018173736416	0.96	0.698	NA	GAPDH	T-Prol	FALSE
3	0.791	0.712871494595807	0.582	0.712871494595807	0.72	0.139	NA	CRNDE	T-Prol	TRUE
3	0.78	0.967636200609109	0.56	0.967636200609109	0.84	0.569	NA	ARL6IP1	T-Prol	TRUE
3	0.775	0.767503646604993	0.55	0.767503646604993	0.92	0.417	NA	PCNA	T-Prol	TRUE
3	0.772	0.875570591796705	0.544	0.875570591796705	0.84	0.403	NA	SYNE2	T-Prol	TRUE
3	0.77	0.795730227326212	0.54	0.795730227326212	0.8	0.33	NA	DUT	T-Prol	TRUE
3	0.769	0.864732673814002	0.538	0.864732673814002	0.72	0.205	NA	CLSPN	T-Prol	FALSE
3	0.764	1.00615821693162	0.528	1.00615821693162	0.68	0.191	NA	HELLS	T-Prol	TRUE
3	0.759	0.774249506743266	0.518	0.774249506743266	0.68	0.215	NA	HIST1H1D	T-Prol	TRUE
3	0.758	0.723074048917907	0.516	0.723074048917907	0.76	0.354	NA	SAE1	T-Prol	TRUE
3	0.75	0.713137571538179	0.5	0.713137571538179	0.68	0.191	NA	TIMELESS	T-Prol	TRUE
3	0.732	0.69532472034942	0.464	0.69532472034942	0.6	0.156	NA	FEN1	T-Prol	TRUE
3	0.711	0.986326531423015	0.422	0.986326531423015	0.48	0.083	NA	FAM111B	T-Prol	TRUE
4	0.98	2.2468351476953	0.96	2.2468351476953	1	0.391	NA	RP11-262H14.4	T-CACNA1A	TRUE
4	0.953	1.62297203555951	0.906	1.62297203555951	1	0.578	NA	CACNA1A	T-CACNA1A	TRUE
4	0.928	1.60133660665733	0.856	1.60133660665733	0.947	0.463	NA	HELLPAR	T-CACNA1A	TRUE
4	0.919	2.10351374283519	0.838	2.10351374283519	0.895	0.224	NA	CPS1	T-CACNA1A	TRUE
4	0.888	1.67778521903449	0.776	1.67778521903449	0.842	0.279	NA	RP3-323A16.1	T-CACNA1A	TRUE
4	0.862	1.47273104986728	0.724	1.47273104986728	0.789	0.17	NA	RP11-692C24.1	T-CACNA1A	TRUE
4	0.861	1.56109849321832	0.722	1.56109849321832	0.789	0.231	NA	SORBS2	T-CACNA1A	TRUE
4	0.86	1.3566217978491	0.72	1.3566217978491	0.895	0.551	NA	KCNQ1OT1	T-CACNA1A	TRUE
4	0.857	1.42852960498849	0.714	1.42852960498849	0.737	0.071	NA	RP11-5A11.1	T-CACNA1A	TRUE
4	0.85	1.38066417506194	0.7	1.38066417506194	0.789	0.333	NA	PEAK1	T-CACNA1A	TRUE
4	0.829	1.44297527898064	0.658	1.44297527898064	0.789	0.313	NA	KIAA0930	T-CACNA1A	TRUE
4	0.825	1.29151818357679	0.65	1.29151818357679	0.789	0.323	NA	KANK4	T-CACNA1A	TRUE
4	0.824	1.22426112412563	0.648	1.22426112412563	0.684	0.078	NA	SDAD1P4	T-CACNA1A	TRUE
4	0.819	1.0908054716088	0.638	1.0908054716088	0.737	0.153	NA	GREM1	T-CACNA1A	TRUE
4	0.813	1.24320804605395	0.626	1.24320804605395	0.684	0.133	NA	HAND2-AS1	T-CACNA1A	TRUE
4	0.81	1.32522533148383	0.62	1.32522533148383	0.684	0.177	NA	CDH13	T-CACNA1A	TRUE
4	0.804	1.09260314312822	0.608	1.09260314312822	0.789	0.497	NA	MYH11	T-CACNA1A	TRUE
4	0.803	1.22918115100308	0.606	1.22918115100308	0.684	0.18	NA	EBF2	T-CACNA1A	TRUE
4	0.803	1.17503645530683	0.606	1.17503645530683	0.737	0.282	NA	SEC24D	T-CACNA1A	TRUE
4	0.799	1.13083872999615	0.598	1.13083872999615	0.789	0.432	NA	SRGAP3	T-CACNA1A	TRUE
4	0.797	1.5669703610678	0.594	1.5669703610678	0.737	0.357	NA	RP11-318C2.1	T-CACNA1A	TRUE
4	0.797	1.35117211247827	0.594	1.35117211247827	0.684	0.153	NA	DGAT2	T-CACNA1A	TRUE
4	0.796	1.10251543310412	0.592	1.10251543310412	0.684	0.218	NA	LINC01588	T-CACNA1A	TRUE
4	0.795	1.76117352025854	0.59	1.76117352025854	0.632	0.095	NA	ATP5A1P2	T-CACNA1A	TRUE
4	0.795	1.30209688630687	0.59	1.30209688630687	0.789	0.429	NA	ATXN3	T-CACNA1A	TRUE
4	0.793	1.19433467763656	0.586	1.19433467763656	0.684	0.252	NA	KCNB1	T-CACNA1A	TRUE
4	0.793	1.06454648994634	0.586	1.06454648994634	0.632	0.088	NA	AC016712.1	T-CACNA1A	TRUE
4	0.792	1.44231036406585	0.584	1.44231036406585	0.737	0.384	NA	SRGAP1	T-CACNA1A	TRUE
4	0.791	1.24593049540486	0.582	1.24593049540486	0.684	0.221	NA	CSMD2	T-CACNA1A	TRUE
4	0.791	1.10551823694775	0.582	1.10551823694775	0.632	0.095	NA	RP11-19G24.2	T-CACNA1A	TRUE
4	0.79	1.51609686055481	0.58	1.51609686055481	0.632	0.109	NA	RP11-267N12.2	T-CACNA1A	TRUE
4	0.79	1.36081469372653	0.58	1.36081469372653	0.684	0.245	NA	PATJ	T-CACNA1A	TRUE
4	0.789	1.43567333615263	0.578	1.43567333615263	0.632	0.109	NA	RP11-1144P22.1	T-CACNA1A	TRUE
4	0.788	1.09872233499335	0.576	1.09872233499335	0.737	0.378	NA	DAAM1	T-CACNA1A	TRUE
4	0.787	1.45937501401549	0.574	1.45937501401549	0.684	0.276	NA	NFASC	T-CACNA1A	TRUE
4	0.786	1.34963103739745	0.572	1.34963103739745	0.632	0.119	NA	PAPPA	T-CACNA1A	TRUE
4	0.786	1.24516954359045	0.572	1.24516954359045	0.632	0.126	NA	NAP1L6	T-CACNA1A	TRUE
4	0.786	1.14649559386398	0.572	1.14649559386398	0.737	0.306	NA	RP3-394A18.1	T-CACNA1A	TRUE
4	0.783	1.69868510433922	0.566	1.69868510433922	0.684	0.279	NA	RP11-377K22.2	T-CACNA1A	TRUE
4	0.783	1.44215331475363	0.566	1.44215331475363	0.632	0.156	NA	AC009404.2	T-CACNA1A	TRUE
4	0.783	1.16967179200687	0.566	1.16967179200687	0.632	0.143	NA	CCDC30	T-CACNA1A	TRUE
4	0.78	1.56736726700666	0.56	1.56736726700666	0.632	0.143	NA	RP11-288C18.1	T-CACNA1A	TRUE
4	0.779	1.53517268382848	0.558	1.53517268382848	0.684	0.259	NA	TGM4	T-CACNA1A	TRUE
4	0.777	1.05566887986868	0.554	1.05566887986868	0.684	0.289	NA	RAB3IP	T-CACNA1A	TRUE
4	0.777	0.889017988247235	0.554	0.889017988247235	0.632	0.122	NA	CXCL14	T-CACNA1A	TRUE
4	0.774	1.28273978434647	0.548	1.28273978434647	0.632	0.19	NA	LRRC69	T-CACNA1A	TRUE
4	0.773	0.860803314228996	0.546	0.860803314228996	0.842	0.605	NA	PCSK7	T-CACNA1A	TRUE
4	0.771	1.56142737450147	0.542	1.56142737450147	0.632	0.184	NA	POU2F2	T-CACNA1A	TRUE
4	0.771	1.05235063225199	0.542	1.05235063225199	0.579	0.078	NA	ENO4	T-CACNA1A	TRUE
4	0.771	0.993341636497436	0.542	0.993341636497436	0.684	0.241	NA	MGST3	T-CACNA1A	TRUE
4	0.77	1.67925495521636	0.54	1.67925495521636	0.579	0.065	NA	ANP32BP3	T-CACNA1A	TRUE
4	0.77	1.42056686559686	0.54	1.42056686559686	0.632	0.173	NA	ZNF114	T-CACNA1A	TRUE
4	0.769	1.37590875518923	0.538	1.37590875518923	0.579	0.078	NA	ALOX12P2	T-CACNA1A	TRUE
4	0.769	1.14100361888908	0.538	1.14100361888908	0.684	0.323	NA	TTL	T-CACNA1A	TRUE
4	0.768	0.898177555106344	0.536	0.898177555106344	0.737	0.313	NA	CHD7	T-CACNA1A	FALSE
4	0.767	1.13949183464233	0.534	1.13949183464233	0.579	0.102	NA	CCDC150	T-CACNA1A	FALSE
4	0.767	1.01807320008843	0.534	1.01807320008843	0.737	0.374	NA	MAP3K20	T-CACNA1A	FALSE
4	0.766	1.49184245653257	0.532	1.49184245653257	0.632	0.184	NA	GOLGA6L2	T-CACNA1A	TRUE
4	0.765	1.14794969585271	0.53	1.14794969585271	0.579	0.088	NA	GJA8	T-CACNA1A	TRUE
4	0.762	1.20288304574527	0.524	1.20288304574527	0.632	0.211	NA	ZSCAN5A	T-CACNA1A	TRUE
4	0.761	1.48196166249859	0.522	1.48196166249859	0.579	0.105	NA	LINC01655	T-CACNA1A	TRUE
4	0.76	1.5065181238052	0.52	1.5065181238052	0.579	0.116	NA	GPM6A	T-CACNA1A	TRUE
4	0.76	1.04445862830721	0.52	1.04445862830721	0.632	0.241	NA	KCNMB1	T-CACNA1A	TRUE
4	0.759	1.08482930819911	0.518	1.08482930819911	0.632	0.238	NA	SLC16A1-AS1	T-CACNA1A	TRUE
4	0.758	1.25141428844455	0.516	1.25141428844455	0.579	0.126	NA	Y_RNA--553	T-CACNA1A	TRUE
4	0.758	1.04310746149759	0.516	1.04310746149759	0.579	0.109	NA	PSG2	T-CACNA1A	TRUE
4	0.757	1.26457614944176	0.514	1.26457614944176	0.632	0.238	NA	STARD9	T-CACNA1A	TRUE
4	0.757	1.15612495699235	0.514	1.15612495699235	0.579	0.126	NA	GRM7	T-CACNA1A	TRUE
4	0.757	0.761797864762096	0.514	0.761797864762096	0.737	0.398	NA	AC005154.6	T-CACNA1A	TRUE
4	0.756	1.11726241942995	0.512	1.11726241942995	0.579	0.126	NA	RP11-106D4.2	T-CACNA1A	TRUE
4	0.756	1.07070998219496	0.512	1.07070998219496	0.579	0.116	NA	NPM1P30	T-CACNA1A	TRUE
4	0.755	1.23593014084718	0.51	1.23593014084718	0.579	0.116	NA	RP11-201E8.1	T-CACNA1A	TRUE
4	0.755	1.16287321113896	0.51	1.16287321113896	0.632	0.238	NA	PDE4DIP	T-CACNA1A	TRUE
4	0.754	1.62812248035635	0.508	1.62812248035635	0.632	0.265	NA	DLG5	T-CACNA1A	TRUE
4	0.754	1.08641606710293	0.508	1.08641606710293	0.579	0.126	NA	RFPL1S	T-CACNA1A	TRUE
4	0.753	0.947369039398224	0.506	0.947369039398224	0.632	0.224	NA	TGFBR3	T-CACNA1A	TRUE
4	0.752	1.19583368463661	0.504	1.19583368463661	0.579	0.116	NA	RP11-273G15.2	T-CACNA1A	TRUE
4	0.752	1.14436792190171	0.504	1.14436792190171	0.526	0.041	NA	RP11-93G5.1	T-CACNA1A	TRUE
4	0.752	0.973544375405086	0.504	0.973544375405086	0.579	0.15	NA	FAM227A	T-CACNA1A	TRUE
4	0.751	1.21551551953304	0.502	1.21551551953304	0.579	0.139	NA	CTD-2014B16.3	T-CACNA1A	TRUE
4	0.75	1.3025236944591	0.5	1.3025236944591	0.737	0.452	NA	AC004893.11	T-CACNA1A	TRUE
4	0.75	1.20672691608736	0.5	1.20672691608736	0.579	0.143	NA	AC004381.6	T-CACNA1A	FALSE
4	0.75	0.980799946757971	0.5	0.980799946757971	0.737	0.548	NA	TCOF1	T-CACNA1A	TRUE
4	0.749	0.894857368467031	0.498	0.894857368467031	0.632	0.272	NA	FBXW4	T-CACNA1A	TRUE
4	0.748	1.36677497941627	0.496	1.36677497941627	0.579	0.146	NA	CTB-47B11.3	T-CACNA1A	TRUE
4	0.748	1.34870377793926	0.496	1.34870377793926	0.579	0.167	NA	RP11-624D20.1	T-CACNA1A	TRUE
4	0.748	1.01984446303539	0.496	1.01984446303539	0.632	0.228	NA	ZNF75A	T-CACNA1A	FALSE
4	0.747	1.56605628425242	0.494	1.56605628425242	0.526	0.065	NA	KRT18P35	T-CACNA1A	TRUE
4	0.744	1.0055595658231	0.488	1.0055595658231	0.579	0.187	NA	AC006548.28	T-CACNA1A	TRUE
4	0.743	1.18173097475074	0.486	1.18173097475074	0.579	0.177	NA	TTC28	T-CACNA1A	TRUE
4	0.743	0.938666463867852	0.486	0.938666463867852	0.526	0.075	NA	ATP5EP2	T-CACNA1A	TRUE
4	0.743	0.890671124653843	0.486	0.890671124653843	0.579	0.177	NA	ANKH	T-CACNA1A	TRUE
4	0.743	0.840261711963305	0.486	0.840261711963305	0.526	0.061	NA	ITGBL1	T-CACNA1A	TRUE
4	0.742	1.20480902288417	0.484	1.20480902288417	0.579	0.173	NA	CTA-228A9.4	T-CACNA1A	TRUE
4	0.741	1.10357719830653	0.482	1.10357719830653	0.632	0.293	NA	DET1	T-CACNA1A	TRUE
4	0.74	1.2128406765201	0.48	1.2128406765201	0.526	0.085	NA	RP1-79C4.4	T-CACNA1A	TRUE
4	0.74	1.06001720416094	0.48	1.06001720416094	0.526	0.088	NA	RP11-68E19.2	T-CACNA1A	TRUE
4	0.739	1.25124114570686	0.478	1.25124114570686	0.579	0.18	NA	MYO3B	T-CACNA1A	TRUE
4	0.739	1.11609552558057	0.478	1.11609552558057	0.632	0.34	NA	FANCA	T-CACNA1A	FALSE
4	0.739	0.978086605820632	0.478	0.978086605820632	0.526	0.085	NA	RUNX1T1	T-CACNA1A	TRUE
4	0.738	1.16756642974242	0.476	1.16756642974242	0.526	0.088	NA	CYP17A1	T-CACNA1A	TRUE
4	0.738	1.03514625249623	0.476	1.03514625249623	0.526	0.082	NA	RN7SL854P	T-CACNA1A	TRUE
4	0.737	1.00287017836366	0.474	1.00287017836366	0.579	0.18	NA	FLVCR1-AS1	T-CACNA1A	TRUE
4	0.736	0.858002092310868	0.472	0.858002092310868	0.684	0.408	NA	HM13	T-CACNA1A	FALSE
4	0.735	1.16748443901437	0.47	1.16748443901437	0.526	0.112	NA	MARVELD3	T-CACNA1A	FALSE
4	0.735	1.14259462367121	0.47	1.14259462367121	0.579	0.19	NA	ANKS4B	T-CACNA1A	TRUE
4	0.735	0.993077055120655	0.47	0.993077055120655	0.526	0.088	NA	RP11-120I21.3	T-CACNA1A	TRUE
4	0.734	1.25173611984763	0.468	1.25173611984763	0.579	0.204	NA	NEGR1	T-CACNA1A	TRUE
4	0.734	0.903548685222608	0.468	0.903548685222608	0.526	0.095	NA	HMGB3P5	T-CACNA1A	TRUE
4	0.733	1.58690989489127	0.466	1.58690989489127	0.579	0.201	NA	NPM1P11	T-CACNA1A	TRUE
4	0.733	1.21368770634499	0.466	1.21368770634499	0.632	0.303	NA	ACTN1	T-CACNA1A	FALSE
4	0.733	0.925657149550463	0.466	0.925657149550463	0.526	0.102	NA	KCNN3	T-CACNA1A	TRUE
4	0.733	0.807014090396411	0.466	0.807014090396411	0.526	0.095	NA	FZD3	T-CACNA1A	TRUE
4	0.732	0.718423104044301	0.464	0.718423104044301	0.526	0.099	NA	LIPG	T-CACNA1A	TRUE
4	0.731	1.03150138630758	0.462	1.03150138630758	0.632	0.327	NA	KIAA0319L	T-CACNA1A	TRUE
4	0.729	1.48513205067275	0.458	1.48513205067275	0.579	0.235	NA	GLIDR	T-CACNA1A	TRUE
4	0.729	1.35086535487318	0.458	1.35086535487318	0.526	0.122	NA	EEF1DP3	T-CACNA1A	TRUE
4	0.729	1.09828543629425	0.458	1.09828543629425	0.579	0.235	NA	TMEM254-AS1	T-CACNA1A	TRUE
4	0.729	0.870873312444436	0.458	0.870873312444436	0.526	0.102	NA	RP11-189G24.2	T-CACNA1A	TRUE
4	0.728	1.22484931351057	0.456	1.22484931351057	0.526	0.129	NA	COX7CP1	T-CACNA1A	TRUE
4	0.728	1.15726816291741	0.456	1.15726816291741	0.526	0.126	NA	TSIX	T-CACNA1A	TRUE
4	0.725	1.15630133673377	0.45	1.15630133673377	0.579	0.259	NA	TIMM50	T-CACNA1A	FALSE
4	0.725	0.955443662267519	0.45	0.955443662267519	0.526	0.126	NA	CCDC159	T-CACNA1A	TRUE
4	0.725	0.953230326769174	0.45	0.953230326769174	0.579	0.245	NA	RPS6KA5	T-CACNA1A	FALSE
4	0.724	0.959564667695962	0.448	0.959564667695962	0.579	0.238	NA	SFXN5	T-CACNA1A	TRUE
4	0.724	0.907980871229055	0.448	0.907980871229055	0.526	0.139	NA	TRIM29	T-CACNA1A	FALSE
4	0.724	0.733150026356093	0.448	0.733150026356093	0.526	0.133	NA	CTB-113D17.1	T-CACNA1A	FALSE
4	0.723	0.859237501161169	0.446	0.859237501161169	0.474	0.051	NA	DCDC1	T-CACNA1A	TRUE
4	0.723	0.795235524442362	0.446	0.795235524442362	0.526	0.129	NA	LEAP2	T-CACNA1A	FALSE
4	0.723	0.748262809375444	0.446	0.748262809375444	0.526	0.143	NA	RNA5SP89	T-CACNA1A	TRUE
4	0.722	1.08277574315514	0.444	1.08277574315514	0.526	0.146	NA	LINC01304	T-CACNA1A	TRUE
4	0.722	0.777499651096631	0.444	0.777499651096631	0.579	0.221	NA	LRRC1	T-CACNA1A	TRUE
4	0.721	1.09014511669761	0.442	1.09014511669761	0.474	0.048	NA	RP11-113I24.1	T-CACNA1A	TRUE
4	0.721	0.878712692606376	0.442	0.878712692606376	0.474	0.048	NA	RP11-356C4.3	T-CACNA1A	TRUE
4	0.72	0.830964541257353	0.44	0.830964541257353	0.684	0.418	NA	C14orf159	T-CACNA1A	FALSE
4	0.719	1.19492041190924	0.438	1.19492041190924	0.579	0.296	NA	DOCK5	T-CACNA1A	TRUE
4	0.719	1.19469739490579	0.438	1.19469739490579	0.526	0.16	NA	SCARA5	T-CACNA1A	TRUE
4	0.718	1.22003145271056	0.436	1.22003145271056	0.474	0.068	NA	RP11-200A13.1	T-CACNA1A	TRUE
4	0.718	0.730120861333453	0.436	0.730120861333453	0.474	0.058	NA	AC074391.1	T-CACNA1A	FALSE
4	0.717	1.25084632637352	0.434	1.25084632637352	0.526	0.156	NA	EMCN	T-CACNA1A	TRUE
4	0.717	1.00311429198064	0.434	1.00311429198064	0.474	0.061	NA	RP11-659E9.2	T-CACNA1A	TRUE
4	0.716	1.26746526161698	0.432	1.26746526161698	0.526	0.167	NA	COLEC12	T-CACNA1A	TRUE
4	0.716	0.871637648951129	0.432	0.871637648951129	0.526	0.143	NA	RP5-1065J22.8	T-CACNA1A	FALSE
4	0.715	0.866599065450955	0.43	0.866599065450955	0.526	0.15	NA	ELF3	T-CACNA1A	TRUE
4	0.715	0.839858195241752	0.43	0.839858195241752	0.526	0.163	NA	LUZP4P1	T-CACNA1A	TRUE
4	0.715	0.777733588692653	0.43	0.777733588692653	0.474	0.071	NA	RP11-637O19.2	T-CACNA1A	TRUE
4	0.715	0.730643854039419	0.43	0.730643854039419	0.474	0.061	NA	PRELID2	T-CACNA1A	TRUE
4	0.714	1.15584714579043	0.428	1.15584714579043	0.579	0.221	NA	RN7SL832P	T-CACNA1A	FALSE
4	0.714	1.00578023439333	0.428	1.00578023439333	0.579	0.303	NA	GNB5	T-CACNA1A	FALSE
4	0.714	1.00540278588055	0.428	1.00540278588055	0.526	0.167	NA	PLEKHA1	T-CACNA1A	FALSE
4	0.714	0.884626803873385	0.428	0.884626803873385	0.579	0.293	NA	AC004951.6	T-CACNA1A	TRUE
4	0.713	0.927316026466678	0.426	0.927316026466678	0.579	0.265	NA	RP5-1039K5.19	T-CACNA1A	TRUE
4	0.713	0.814145740246972	0.426	0.814145740246972	0.474	0.082	NA	CTD-2503O16.4	T-CACNA1A	TRUE
4	0.712	1.12440492514117	0.424	1.12440492514117	0.474	0.078	NA	KRT18P16	T-CACNA1A	FALSE
4	0.711	1.16079173727506	0.422	1.16079173727506	0.474	0.085	NA	SCN10A	T-CACNA1A	FALSE
4	0.71	1.41350148734405	0.42	1.41350148734405	0.474	0.088	NA	MVK	T-CACNA1A	TRUE
4	0.71	1.34071600444762	0.42	1.34071600444762	0.579	0.269	NA	EEF1DP6	T-CACNA1A	FALSE
4	0.71	0.801907286462929	0.42	0.801907286462929	0.526	0.18	NA	AC106870.2	T-CACNA1A	FALSE
4	0.71	0.736801585215518	0.42	0.736801585215518	0.526	0.173	NA	ERCC4	T-CACNA1A	FALSE
4	0.709	1.68146823155164	0.418	1.68146823155164	0.526	0.194	NA	MKLN1-AS	T-CACNA1A	TRUE
4	0.709	0.849757713999898	0.418	0.849757713999898	0.526	0.173	NA	RP11-626G3.1	T-CACNA1A	TRUE
4	0.708	0.976168422649029	0.416	0.976168422649029	0.474	0.102	NA	CTC-529P8.1	T-CACNA1A	FALSE
4	0.708	0.74860399997761	0.416	0.74860399997761	0.632	0.35	NA	RRN3P3	T-CACNA1A	FALSE
4	0.707	1.01553240432813	0.414	1.01553240432813	0.474	0.102	NA	EFCAB6-AS1	T-CACNA1A	FALSE
4	0.707	0.831934805740892	0.414	0.831934805740892	0.526	0.184	NA	RP11-34P1.1	T-CACNA1A	TRUE
4	0.707	0.789763895594659	0.414	0.789763895594659	0.526	0.177	NA	PDGFRA	T-CACNA1A	FALSE
4	0.706	1.54793909853094	0.412	1.54793909853094	0.474	0.105	NA	RN7SL849P	T-CACNA1A	FALSE
4	0.706	1.02520669253906	0.412	1.02520669253906	0.474	0.099	NA	SYMPK	T-CACNA1A	FALSE
4	0.705	0.803201049127691	0.41	0.803201049127691	0.526	0.177	NA	ZNF568	T-CACNA1A	FALSE
4	0.705	0.794742492728969	0.41	0.794742492728969	0.579	0.269	NA	NAGK	T-CACNA1A	FALSE
4	0.704	0.817315932661638	0.408	0.817315932661638	0.526	0.197	NA	RAB27A	T-CACNA1A	FALSE
4	0.704	0.756351410773316	0.408	0.756351410773316	0.579	0.255	NA	EBLN2	T-CACNA1A	FALSE
4	0.703	1.06448191405317	0.406	1.06448191405317	0.684	0.486	NA	KANSL3	T-CACNA1A	FALSE
4	0.703	0.776754753847208	0.406	0.776754753847208	0.474	0.105	NA	C8orf17	T-CACNA1A	FALSE
4	0.702	1.20471450966617	0.404	1.20471450966617	0.474	0.109	NA	OSBPL6	T-CACNA1A	FALSE
4	0.702	1.11085976171325	0.404	1.11085976171325	0.474	0.122	NA	GPR1-AS	T-CACNA1A	FALSE
4	0.702	1.04741603673108	0.404	1.04741603673108	0.526	0.194	NA	KANK1	T-CACNA1A	FALSE
4	0.702	0.910957441061564	0.404	0.910957441061564	0.421	0.024	NA	LGALS4	T-CACNA1A	FALSE
4	0.702	0.795744401003205	0.404	0.795744401003205	0.474	0.109	NA	NCKAP1	T-CACNA1A	FALSE
4	0.701	1.4537915121347	0.402	1.4537915121347	0.526	0.241	NA	LINC00511	T-CACNA1A	FALSE
4	0.701	0.947735631913516	0.402	0.947735631913516	0.579	0.289	NA	FRMD4A	T-CACNA1A	FALSE
4	0.701	0.938850753502621	0.402	0.938850753502621	0.421	0.024	NA	ELL2P2	T-CACNA1A	FALSE
4	0.701	0.929421286021426	0.402	0.929421286021426	0.421	0.031	NA	RP11-529H22.1	T-CACNA1A	FALSE
4	0.701	0.914067543939316	0.402	0.914067543939316	0.474	0.129	NA	AC008697.1	T-CACNA1A	FALSE
4	0.701	0.900794563717373	0.402	0.900794563717373	0.526	0.197	NA	ALDH2	T-CACNA1A	FALSE
4	0.701	0.810763073841451	0.402	0.810763073841451	0.526	0.204	NA	KIAA1549L	T-CACNA1A	FALSE
4	0.701	0.770523260860194	0.402	0.770523260860194	0.421	0.034	NA	GTF3AP1	T-CACNA1A	FALSE
