cluster	gene	size	boundary	avgExpr	cvExpr	avgCor	cvCor	protein_coding	lncRNA	sncRNA	pseudogene	Ig/TcR	tf
M11	LTBP2	13	1:13	300.164378789587	1.5215075432434	0.172372738058798	0.329324936652193	1	0	0	0	0	0
M11	NDST4	13	1:13	300.164378789587	1.5215075432434	0.172372738058798	0.329324936652193	1	0	0	0	0	0
M11	COL4A6	13	1:13	300.164378789587	1.5215075432434	0.172372738058798	0.329324936652193	1	0	0	0	0	0
M11	COL4A5	13	1:13	300.164378789587	1.5215075432434	0.172372738058798	0.329324936652193	1	0	0	0	0	0
M11	ISLR	13	1:13	300.164378789587	1.5215075432434	0.172372738058798	0.329324936652193	1	0	0	0	0	0
M11	LAMB1	13	1:13	300.164378789587	1.5215075432434	0.172372738058798	0.329324936652193	1	0	0	0	0	0
M11	MATN2	13	1:13	300.164378789587	1.5215075432434	0.172372738058798	0.329324936652193	1	0	0	0	0	0
M11	ECE1	13	1:13	300.164378789587	1.5215075432434	0.172372738058798	0.329324936652193	1	0	0	0	0	0
M11	SRPX2	13	1:13	300.164378789587	1.5215075432434	0.172372738058798	0.329324936652193	1	0	0	0	0	0
M11	SERTAD4	13	1:13	300.164378789587	1.5215075432434	0.172372738058798	0.329324936652193	1	0	0	0	0	0
M11	SPRY2	13	1:13	300.164378789587	1.5215075432434	0.172372738058798	0.329324936652193	1	0	0	0	0	0
M11	RND3	13	1:13	300.164378789587	1.5215075432434	0.172372738058798	0.329324936652193	1	0	0	0	0	0
M11	PDGFD	13	1:13	300.164378789587	1.5215075432434	0.172372738058798	0.329324936652193	1	0	0	0	0	0
M4	SLC18B1	18	14:31	235.590627075078	1.83940226721361	0.131363817875231	0.400907113176165	1	0	0	0	0	0.0555555555555556
M4	TMEM123	18	14:31	235.590627075078	1.83940226721361	0.131363817875231	0.400907113176165	1	0	0	0	0	0.0555555555555556
M4	RHOU	18	14:31	235.590627075078	1.83940226721361	0.131363817875231	0.400907113176165	1	0	0	0	0	0.0555555555555556
M4	ETV1	18	14:31	235.590627075078	1.83940226721361	0.131363817875231	0.400907113176165	1	0	0	0	0	0.0555555555555556
M4	TMEM100	18	14:31	235.590627075078	1.83940226721361	0.131363817875231	0.400907113176165	1	0	0	0	0	0.0555555555555556
M4	CCDC102B	18	14:31	235.590627075078	1.83940226721361	0.131363817875231	0.400907113176165	1	0	0	0	0	0.0555555555555556
M4	CXCR4	18	14:31	235.590627075078	1.83940226721361	0.131363817875231	0.400907113176165	1	0	0	0	0	0.0555555555555556
M4	PTCH1	18	14:31	235.590627075078	1.83940226721361	0.131363817875231	0.400907113176165	1	0	0	0	0	0.0555555555555556
M4	VNN2	18	14:31	235.590627075078	1.83940226721361	0.131363817875231	0.400907113176165	1	0	0	0	0	0.0555555555555556
M4	SHANK2	18	14:31	235.590627075078	1.83940226721361	0.131363817875231	0.400907113176165	1	0	0	0	0	0.0555555555555556
M4	F2R	18	14:31	235.590627075078	1.83940226721361	0.131363817875231	0.400907113176165	1	0	0	0	0	0.0555555555555556
M4	NELL1	18	14:31	235.590627075078	1.83940226721361	0.131363817875231	0.400907113176165	1	0	0	0	0	0.0555555555555556
M4	HSD17B2	18	14:31	235.590627075078	1.83940226721361	0.131363817875231	0.400907113176165	1	0	0	0	0	0.0555555555555556
M4	NSG1	18	14:31	235.590627075078	1.83940226721361	0.131363817875231	0.400907113176165	1	0	0	0	0	0.0555555555555556
M4	OLFM1	18	14:31	235.590627075078	1.83940226721361	0.131363817875231	0.400907113176165	1	0	0	0	0	0.0555555555555556
M4	MMP1	18	14:31	235.590627075078	1.83940226721361	0.131363817875231	0.400907113176165	1	0	0	0	0	0.0555555555555556
M4	MMP10	18	14:31	235.590627075078	1.83940226721361	0.131363817875231	0.400907113176165	1	0	0	0	0	0.0555555555555556
M4	CDH13	18	14:31	235.590627075078	1.83940226721361	0.131363817875231	0.400907113176165	1	0	0	0	0	0.0555555555555556
M19	CXCL14	11	8948:8958	236.01783608893	1.48558893717361	0.17893500870587	0.438593739930056	1	0	0	0	0	0.0909090909090909
M19	FZD1	11	8948:8958	236.01783608893	1.48558893717361	0.17893500870587	0.438593739930056	1	0	0	0	0	0.0909090909090909
M19	GFRA1	11	8948:8958	236.01783608893	1.48558893717361	0.17893500870587	0.438593739930056	1	0	0	0	0	0.0909090909090909
M19	SEMA3A	11	8948:8958	236.01783608893	1.48558893717361	0.17893500870587	0.438593739930056	1	0	0	0	0	0.0909090909090909
M19	SYNPO2	11	8948:8958	236.01783608893	1.48558893717361	0.17893500870587	0.438593739930056	1	0	0	0	0	0.0909090909090909
M19	FOXF2	11	8948:8958	236.01783608893	1.48558893717361	0.17893500870587	0.438593739930056	1	0	0	0	0	0.0909090909090909
M19	TM4SF1	11	8948:8958	236.01783608893	1.48558893717361	0.17893500870587	0.438593739930056	1	0	0	0	0	0.0909090909090909
M19	HHIP	11	8948:8958	236.01783608893	1.48558893717361	0.17893500870587	0.438593739930056	1	0	0	0	0	0.0909090909090909
M19	ENPP2	11	8948:8958	236.01783608893	1.48558893717361	0.17893500870587	0.438593739930056	1	0	0	0	0	0.0909090909090909
M19	BMP5	11	8948:8958	236.01783608893	1.48558893717361	0.17893500870587	0.438593739930056	1	0	0	0	0	0.0909090909090909
M19	PCDH17	11	8948:8958	236.01783608893	1.48558893717361	0.17893500870587	0.438593739930056	1	0	0	0	0	0.0909090909090909
M17	HIPK2	12	8959:8970	135.46495039757	1.7715386112061	0.115641546789167	0.382359202069872	1	0	0	0	0	0.0833333333333333
M17	DLL1	12	8959:8970	135.46495039757	1.7715386112061	0.115641546789167	0.382359202069872	1	0	0	0	0	0.0833333333333333
M17	SEMA4D	12	8959:8970	135.46495039757	1.7715386112061	0.115641546789167	0.382359202069872	1	0	0	0	0	0.0833333333333333
M17	EDNRB	12	8959:8970	135.46495039757	1.7715386112061	0.115641546789167	0.382359202069872	1	0	0	0	0	0.0833333333333333
M17	PAG1	12	8959:8970	135.46495039757	1.7715386112061	0.115641546789167	0.382359202069872	1	0	0	0	0	0.0833333333333333
M17	SLFN5	12	8959:8970	135.46495039757	1.7715386112061	0.115641546789167	0.382359202069872	1	0	0	0	0	0.0833333333333333
M17	CRISPLD2	12	8959:8970	135.46495039757	1.7715386112061	0.115641546789167	0.382359202069872	1	0	0	0	0	0.0833333333333333
M17	ZEB1	12	8959:8970	135.46495039757	1.7715386112061	0.115641546789167	0.382359202069872	1	0	0	0	0	0.0833333333333333
M17	ATP2B4	12	8959:8970	135.46495039757	1.7715386112061	0.115641546789167	0.382359202069872	1	0	0	0	0	0.0833333333333333
M17	KREMEN1	12	8959:8970	135.46495039757	1.7715386112061	0.115641546789167	0.382359202069872	1	0	0	0	0	0.0833333333333333
M17	A2M	12	8959:8970	135.46495039757	1.7715386112061	0.115641546789167	0.382359202069872	1	0	0	0	0	0.0833333333333333
M17	VSTM2A	12	8959:8970	135.46495039757	1.7715386112061	0.115641546789167	0.382359202069872	1	0	0	0	0	0.0833333333333333
M28	TEP1	10	8971:8980	19.8778548642458	3.26138426438889	0.0739673125412319	0.619006271018602	0.8	0.1	0	0.1	0	0.1
M28	FUBP3	10	8971:8980	19.8778548642458	3.26138426438889	0.0739673125412319	0.619006271018602	0.8	0.1	0	0.1	0	0.1
M28	NFS1	10	8971:8980	19.8778548642458	3.26138426438889	0.0739673125412319	0.619006271018602	0.8	0.1	0	0.1	0	0.1
M28	HYOU1	10	8971:8980	19.8778548642458	3.26138426438889	0.0739673125412319	0.619006271018602	0.8	0.1	0	0.1	0	0.1
M28	CRX	10	8971:8980	19.8778548642458	3.26138426438889	0.0739673125412319	0.619006271018602	0.8	0.1	0	0.1	0	0.1
M28	RPL23AP32	10	8971:8980	19.8778548642458	3.26138426438889	0.0739673125412319	0.619006271018602	0.8	0.1	0	0.1	0	0.1
M28	CACNA1E	10	8971:8980	19.8778548642458	3.26138426438889	0.0739673125412319	0.619006271018602	0.8	0.1	0	0.1	0	0.1
M28	PELP1	10	8971:8980	19.8778548642458	3.26138426438889	0.0739673125412319	0.619006271018602	0.8	0.1	0	0.1	0	0.1
M28	TRIM29	10	8971:8980	19.8778548642458	3.26138426438889	0.0739673125412319	0.619006271018602	0.8	0.1	0	0.1	0	0.1
M28	CTD-2547G23.2	10	8971:8980	19.8778548642458	3.26138426438889	0.0739673125412319	0.619006271018602	0.8	0.1	0	0.1	0	0.1
M20	RPS3A	11	8981:8991	850.941266038128	0.933077585552535	0.243088479984675	0.413521805249413	0.181818181818182	0	0	0.818181818181818	0	0
M20	AC010468.1	11	8981:8991	850.941266038128	0.933077585552535	0.243088479984675	0.413521805249413	0.181818181818182	0	0	0.818181818181818	0	0
M20	RPS3AP49	11	8981:8991	850.941266038128	0.933077585552535	0.243088479984675	0.413521805249413	0.181818181818182	0	0	0.818181818181818	0	0
M20	EEF1A1P11	11	8981:8991	850.941266038128	0.933077585552535	0.243088479984675	0.413521805249413	0.181818181818182	0	0	0.818181818181818	0	0
M20	RPS3AP6	11	8981:8991	850.941266038128	0.933077585552535	0.243088479984675	0.413521805249413	0.181818181818182	0	0	0.818181818181818	0	0
M20	RP11-371A22.1	11	8981:8991	850.941266038128	0.933077585552535	0.243088479984675	0.413521805249413	0.181818181818182	0	0	0.818181818181818	0	0
M20	EEF1A1	11	8981:8991	850.941266038128	0.933077585552535	0.243088479984675	0.413521805249413	0.181818181818182	0	0	0.818181818181818	0	0
M20	RPS3AP26	11	8981:8991	850.941266038128	0.933077585552535	0.243088479984675	0.413521805249413	0.181818181818182	0	0	0.818181818181818	0	0
M20	RPS3AP47	11	8981:8991	850.941266038128	0.933077585552535	0.243088479984675	0.413521805249413	0.181818181818182	0	0	0.818181818181818	0	0
M20	EEF1A1P5	11	8981:8991	850.941266038128	0.933077585552535	0.243088479984675	0.413521805249413	0.181818181818182	0	0	0.818181818181818	0	0
M20	EEF1A1P6	11	8981:8991	850.941266038128	0.933077585552535	0.243088479984675	0.413521805249413	0.181818181818182	0	0	0.818181818181818	0	0
M29	RPS13	10	8992:9001	672.134749370771	0.718202105313811	0.186914050512184	0.812222941046847	0.7	0	0	0.3	0	0
M29	NAP1L1	10	8992:9001	672.134749370771	0.718202105313811	0.186914050512184	0.812222941046847	0.7	0	0	0.3	0	0
M29	RPL15	10	8992:9001	672.134749370771	0.718202105313811	0.186914050512184	0.812222941046847	0.7	0	0	0.3	0	0
M29	RPL6	10	8992:9001	672.134749370771	0.718202105313811	0.186914050512184	0.812222941046847	0.7	0	0	0.3	0	0
M29	RPL9P9	10	8992:9001	672.134749370771	0.718202105313811	0.186914050512184	0.812222941046847	0.7	0	0	0.3	0	0
M29	RPL9	10	8992:9001	672.134749370771	0.718202105313811	0.186914050512184	0.812222941046847	0.7	0	0	0.3	0	0
M29	RPL6P27	10	8992:9001	672.134749370771	0.718202105313811	0.186914050512184	0.812222941046847	0.7	0	0	0.3	0	0
M29	RPL35A	10	8992:9001	672.134749370771	0.718202105313811	0.186914050512184	0.812222941046847	0.7	0	0	0.3	0	0
M29	RPL15P3	10	8992:9001	672.134749370771	0.718202105313811	0.186914050512184	0.812222941046847	0.7	0	0	0.3	0	0
M29	RPL30	10	8992:9001	672.134749370771	0.718202105313811	0.186914050512184	0.812222941046847	0.7	0	0	0.3	0	0
M21	TIMM10	11	9002:9012	49.3108724902284	2.52253380825513	0.0771856054173097	0.542703636808387	0.818181818181818	0.181818181818182	0	0	0	0
M21	REXO2	11	9002:9012	49.3108724902284	2.52253380825513	0.0771856054173097	0.542703636808387	0.818181818181818	0.181818181818182	0	0	0	0
M21	CCDC59	11	9002:9012	49.3108724902284	2.52253380825513	0.0771856054173097	0.542703636808387	0.818181818181818	0.181818181818182	0	0	0	0
M21	RP11-999E24.3	11	9002:9012	49.3108724902284	2.52253380825513	0.0771856054173097	0.542703636808387	0.818181818181818	0.181818181818182	0	0	0	0
M21	GNPDA2	11	9002:9012	49.3108724902284	2.52253380825513	0.0771856054173097	0.542703636808387	0.818181818181818	0.181818181818182	0	0	0	0
M21	RP11-345P4.9	11	9002:9012	49.3108724902284	2.52253380825513	0.0771856054173097	0.542703636808387	0.818181818181818	0.181818181818182	0	0	0	0
M21	CDV3	11	9002:9012	49.3108724902284	2.52253380825513	0.0771856054173097	0.542703636808387	0.818181818181818	0.181818181818182	0	0	0	0
M21	SH3YL1	11	9002:9012	49.3108724902284	2.52253380825513	0.0771856054173097	0.542703636808387	0.818181818181818	0.181818181818182	0	0	0	0
M21	SYNGR1	11	9002:9012	49.3108724902284	2.52253380825513	0.0771856054173097	0.542703636808387	0.818181818181818	0.181818181818182	0	0	0	0
M21	KIF1BP	11	9002:9012	49.3108724902284	2.52253380825513	0.0771856054173097	0.542703636808387	0.818181818181818	0.181818181818182	0	0	0	0
M21	TMEM39A	11	9002:9012	49.3108724902284	2.52253380825513	0.0771856054173097	0.542703636808387	0.818181818181818	0.181818181818182	0	0	0	0
M30	YBX1P1	10	9013:9022	189.55255410239	1.89696961634032	0.0921050597310722	0.984706575337157	0.8	0	0	0.2	0	0.2
M30	MED11	10	9013:9022	189.55255410239	1.89696961634032	0.0921050597310722	0.984706575337157	0.8	0	0	0.2	0	0.2
M30	SNRPF	10	9013:9022	189.55255410239	1.89696961634032	0.0921050597310722	0.984706575337157	0.8	0	0	0.2	0	0.2
M30	YBX1	10	9013:9022	189.55255410239	1.89696961634032	0.0921050597310722	0.984706575337157	0.8	0	0	0.2	0	0.2
M30	TERF2IP	10	9013:9022	189.55255410239	1.89696961634032	0.0921050597310722	0.984706575337157	0.8	0	0	0.2	0	0.2
M30	ID3	10	9013:9022	189.55255410239	1.89696961634032	0.0921050597310722	0.984706575337157	0.8	0	0	0.2	0	0.2
M30	YBX1P2	10	9013:9022	189.55255410239	1.89696961634032	0.0921050597310722	0.984706575337157	0.8	0	0	0.2	0	0.2
M30	PPP2R5C	10	9013:9022	189.55255410239	1.89696961634032	0.0921050597310722	0.984706575337157	0.8	0	0	0.2	0	0.2
M30	FIBIN	10	9013:9022	189.55255410239	1.89696961634032	0.0921050597310722	0.984706575337157	0.8	0	0	0.2	0	0.2
M30	NDUFAB1	10	9013:9022	189.55255410239	1.89696961634032	0.0921050597310722	0.984706575337157	0.8	0	0	0.2	0	0.2
M31	ADAMTS13	10	9023:9032	81.0790305827996	2.41709539497273	0.0788409022849352	0.848195780127286	0.8	0	0	0.2	0	0.1
M31	SCAF11	10	9023:9032	81.0790305827996	2.41709539497273	0.0788409022849352	0.848195780127286	0.8	0	0	0.2	0	0.1
M31	RP11-98J23.2	10	9023:9032	81.0790305827996	2.41709539497273	0.0788409022849352	0.848195780127286	0.8	0	0	0.2	0	0.1
M31	METTL14	10	9023:9032	81.0790305827996	2.41709539497273	0.0788409022849352	0.848195780127286	0.8	0	0	0.2	0	0.1
M31	MAP2K4	10	9023:9032	81.0790305827996	2.41709539497273	0.0788409022849352	0.848195780127286	0.8	0	0	0.2	0	0.1
M31	SBDS	10	9023:9032	81.0790305827996	2.41709539497273	0.0788409022849352	0.848195780127286	0.8	0	0	0.2	0	0.1
M31	SCN2B	10	9023:9032	81.0790305827996	2.41709539497273	0.0788409022849352	0.848195780127286	0.8	0	0	0.2	0	0.1
M31	ZNF644	10	9023:9032	81.0790305827996	2.41709539497273	0.0788409022849352	0.848195780127286	0.8	0	0	0.2	0	0.1
M31	RP11-1415C14.4	10	9023:9032	81.0790305827996	2.41709539497273	0.0788409022849352	0.848195780127286	0.8	0	0	0.2	0	0.1
M31	KLC4	10	9023:9032	81.0790305827996	2.41709539497273	0.0788409022849352	0.848195780127286	0.8	0	0	0.2	0	0.1
M12	NBPF26	13	9033:9045	119.407473514714	1.35657364284479	0.269142600740766	0.585936684272457	0.846153846153846	0	0	0.153846153846154	0	0
M12	NBPF19	13	9033:9045	119.407473514714	1.35657364284479	0.269142600740766	0.585936684272457	0.846153846153846	0	0	0.153846153846154	0	0
M12	NBPF8	13	9033:9045	119.407473514714	1.35657364284479	0.269142600740766	0.585936684272457	0.846153846153846	0	0	0.153846153846154	0	0
M12	NBPF15	13	9033:9045	119.407473514714	1.35657364284479	0.269142600740766	0.585936684272457	0.846153846153846	0	0	0.153846153846154	0	0
M12	NBPF1	13	9033:9045	119.407473514714	1.35657364284479	0.269142600740766	0.585936684272457	0.846153846153846	0	0	0.153846153846154	0	0
M12	NBPF25P	13	9033:9045	119.407473514714	1.35657364284479	0.269142600740766	0.585936684272457	0.846153846153846	0	0	0.153846153846154	0	0
M12	NBPF14	13	9033:9045	119.407473514714	1.35657364284479	0.269142600740766	0.585936684272457	0.846153846153846	0	0	0.153846153846154	0	0
M12	NBPF10	13	9033:9045	119.407473514714	1.35657364284479	0.269142600740766	0.585936684272457	0.846153846153846	0	0	0.153846153846154	0	0
M12	NBPF12	13	9033:9045	119.407473514714	1.35657364284479	0.269142600740766	0.585936684272457	0.846153846153846	0	0	0.153846153846154	0	0
M12	NBPF11	13	9033:9045	119.407473514714	1.35657364284479	0.269142600740766	0.585936684272457	0.846153846153846	0	0	0.153846153846154	0	0
M12	NBPF20	13	9033:9045	119.407473514714	1.35657364284479	0.269142600740766	0.585936684272457	0.846153846153846	0	0	0.153846153846154	0	0
M12	AC240274.1	13	9033:9045	119.407473514714	1.35657364284479	0.269142600740766	0.585936684272457	0.846153846153846	0	0	0.153846153846154	0	0
M12	NBPF9	13	9033:9045	119.407473514714	1.35657364284479	0.269142600740766	0.585936684272457	0.846153846153846	0	0	0.153846153846154	0	0
M13	NCBP3	13	9046:9058	337.72075982515	1.08499368700183	0.10207260636984	0.919925790301332	1	0	0	0	0	0.153846153846154
M13	ANKRD36C	13	9046:9058	337.72075982515	1.08499368700183	0.10207260636984	0.919925790301332	1	0	0	0	0	0.153846153846154
M13	FAM89A	13	9046:9058	337.72075982515	1.08499368700183	0.10207260636984	0.919925790301332	1	0	0	0	0	0.153846153846154
M13	ANKRD36	13	9046:9058	337.72075982515	1.08499368700183	0.10207260636984	0.919925790301332	1	0	0	0	0	0.153846153846154
M13	TCF4	13	9046:9058	337.72075982515	1.08499368700183	0.10207260636984	0.919925790301332	1	0	0	0	0	0.153846153846154
M13	PHACTR2	13	9046:9058	337.72075982515	1.08499368700183	0.10207260636984	0.919925790301332	1	0	0	0	0	0.153846153846154
M13	CREBBP	13	9046:9058	337.72075982515	1.08499368700183	0.10207260636984	0.919925790301332	1	0	0	0	0	0.153846153846154
M13	NCOR1	13	9046:9058	337.72075982515	1.08499368700183	0.10207260636984	0.919925790301332	1	0	0	0	0	0.153846153846154
M13	SRRM1	13	9046:9058	337.72075982515	1.08499368700183	0.10207260636984	0.919925790301332	1	0	0	0	0	0.153846153846154
M13	SPAG9	13	9046:9058	337.72075982515	1.08499368700183	0.10207260636984	0.919925790301332	1	0	0	0	0	0.153846153846154
M13	NIPBL	13	9046:9058	337.72075982515	1.08499368700183	0.10207260636984	0.919925790301332	1	0	0	0	0	0.153846153846154
M13	MYCBP2	13	9046:9058	337.72075982515	1.08499368700183	0.10207260636984	0.919925790301332	1	0	0	0	0	0.153846153846154
M13	ANKRD36B	13	9046:9058	337.72075982515	1.08499368700183	0.10207260636984	0.919925790301332	1	0	0	0	0	0.153846153846154
M22	HMGB1P6	11	9059:9069	477.609148082346	0.859904409371538	0.150552043709475	0.949485407067456	0.727272727272727	0	0	0.272727272727273	0	0.181818181818182
M22	CCNI	11	9059:9069	477.609148082346	0.859904409371538	0.150552043709475	0.949485407067456	0.727272727272727	0	0	0.272727272727273	0	0.181818181818182
M22	SEC31A	11	9059:9069	477.609148082346	0.859904409371538	0.150552043709475	0.949485407067456	0.727272727272727	0	0	0.272727272727273	0	0.181818181818182
M22	EIF3E	11	9059:9069	477.609148082346	0.859904409371538	0.150552043709475	0.949485407067456	0.727272727272727	0	0	0.272727272727273	0	0.181818181818182
M22	NFIA	11	9059:9069	477.609148082346	0.859904409371538	0.150552043709475	0.949485407067456	0.727272727272727	0	0	0.272727272727273	0	0.181818181818182
M22	PABPC1	11	9059:9069	477.609148082346	0.859904409371538	0.150552043709475	0.949485407067456	0.727272727272727	0	0	0.272727272727273	0	0.181818181818182
M22	HMGB1	11	9059:9069	477.609148082346	0.859904409371538	0.150552043709475	0.949485407067456	0.727272727272727	0	0	0.272727272727273	0	0.181818181818182
M22	ACTR2	11	9059:9069	477.609148082346	0.859904409371538	0.150552043709475	0.949485407067456	0.727272727272727	0	0	0.272727272727273	0	0.181818181818182
M22	HMGB1P10	11	9059:9069	477.609148082346	0.859904409371538	0.150552043709475	0.949485407067456	0.727272727272727	0	0	0.272727272727273	0	0.181818181818182
M22	HMGB1P5	11	9059:9069	477.609148082346	0.859904409371538	0.150552043709475	0.949485407067456	0.727272727272727	0	0	0.272727272727273	0	0.181818181818182
M22	SETD2	11	9059:9069	477.609148082346	0.859904409371538	0.150552043709475	0.949485407067456	0.727272727272727	0	0	0.272727272727273	0	0.181818181818182
M10	MTATP6P1	14	9070:9083	2310.25250218606	0.875112335072571	0.280134059428509	0.473760677629485	0.642857142857143	0	0.142857142857143	0.214285714285714	0	0
M10	MTND2P28	14	9070:9083	2310.25250218606	0.875112335072571	0.280134059428509	0.473760677629485	0.642857142857143	0	0.142857142857143	0.214285714285714	0	0
M10	MT-CO1	14	9070:9083	2310.25250218606	0.875112335072571	0.280134059428509	0.473760677629485	0.642857142857143	0	0.142857142857143	0.214285714285714	0	0
M10	MTCO1P12	14	9070:9083	2310.25250218606	0.875112335072571	0.280134059428509	0.473760677629485	0.642857142857143	0	0.142857142857143	0.214285714285714	0	0
M10	MT-ND2	14	9070:9083	2310.25250218606	0.875112335072571	0.280134059428509	0.473760677629485	0.642857142857143	0	0.142857142857143	0.214285714285714	0	0
M10	MT-CO3	14	9070:9083	2310.25250218606	0.875112335072571	0.280134059428509	0.473760677629485	0.642857142857143	0	0.142857142857143	0.214285714285714	0	0
M10	MT-CYB	14	9070:9083	2310.25250218606	0.875112335072571	0.280134059428509	0.473760677629485	0.642857142857143	0	0.142857142857143	0.214285714285714	0	0
M10	MT-RNR1	14	9070:9083	2310.25250218606	0.875112335072571	0.280134059428509	0.473760677629485	0.642857142857143	0	0.142857142857143	0.214285714285714	0	0
M10	MT-ND5	14	9070:9083	2310.25250218606	0.875112335072571	0.280134059428509	0.473760677629485	0.642857142857143	0	0.142857142857143	0.214285714285714	0	0
M10	MT-CO2	14	9070:9083	2310.25250218606	0.875112335072571	0.280134059428509	0.473760677629485	0.642857142857143	0	0.142857142857143	0.214285714285714	0	0
M10	MT-RNR2	14	9070:9083	2310.25250218606	0.875112335072571	0.280134059428509	0.473760677629485	0.642857142857143	0	0.142857142857143	0.214285714285714	0	0
M10	MT-ND4	14	9070:9083	2310.25250218606	0.875112335072571	0.280134059428509	0.473760677629485	0.642857142857143	0	0.142857142857143	0.214285714285714	0	0
M10	MT-ATP6	14	9070:9083	2310.25250218606	0.875112335072571	0.280134059428509	0.473760677629485	0.642857142857143	0	0.142857142857143	0.214285714285714	0	0
M10	MTRNR2L12	14	9070:9083	2310.25250218606	0.875112335072571	0.280134059428509	0.473760677629485	0.642857142857143	0	0.142857142857143	0.214285714285714	0	0
M7	PLEKHH2	16	9084:9099	401.838728384784	1.10892222137604	0.102147751713421	0.46137804058388	1	0	0	0	0	0.375
M7	SRSF11	16	9084:9099	401.838728384784	1.10892222137604	0.102147751713421	0.46137804058388	1	0	0	0	0	0.375
M7	ZEB2	16	9084:9099	401.838728384784	1.10892222137604	0.102147751713421	0.46137804058388	1	0	0	0	0	0.375
M7	HOXB3	16	9084:9099	401.838728384784	1.10892222137604	0.102147751713421	0.46137804058388	1	0	0	0	0	0.375
M7	SRRM2	16	9084:9099	401.838728384784	1.10892222137604	0.102147751713421	0.46137804058388	1	0	0	0	0	0.375
M7	PLEKHA5	16	9084:9099	401.838728384784	1.10892222137604	0.102147751713421	0.46137804058388	1	0	0	0	0	0.375
M7	MAF	16	9084:9099	401.838728384784	1.10892222137604	0.102147751713421	0.46137804058388	1	0	0	0	0	0.375
M7	LAMA2	16	9084:9099	401.838728384784	1.10892222137604	0.102147751713421	0.46137804058388	1	0	0	0	0	0.375
M7	TTC3	16	9084:9099	401.838728384784	1.10892222137604	0.102147751713421	0.46137804058388	1	0	0	0	0	0.375
M7	BAZ2B	16	9084:9099	401.838728384784	1.10892222137604	0.102147751713421	0.46137804058388	1	0	0	0	0	0.375
M7	TIA1	16	9084:9099	401.838728384784	1.10892222137604	0.102147751713421	0.46137804058388	1	0	0	0	0	0.375
M7	AGO2	16	9084:9099	401.838728384784	1.10892222137604	0.102147751713421	0.46137804058388	1	0	0	0	0	0.375
M7	WSB1	16	9084:9099	401.838728384784	1.10892222137604	0.102147751713421	0.46137804058388	1	0	0	0	0	0.375
M7	PBX1	16	9084:9099	401.838728384784	1.10892222137604	0.102147751713421	0.46137804058388	1	0	0	0	0	0.375
M7	MLLT10	16	9084:9099	401.838728384784	1.10892222137604	0.102147751713421	0.46137804058388	1	0	0	0	0	0.375
M7	CCDC68	16	9084:9099	401.838728384784	1.10892222137604	0.102147751713421	0.46137804058388	1	0	0	0	0	0.375
M23	RERG	11	9100:9110	40.5639267128879	3.13335143692596	0.110341025168885	0.490761292934035	1	0	0	0	0	0.0909090909090909
M23	SYNPO	11	9100:9110	40.5639267128879	3.13335143692596	0.110341025168885	0.490761292934035	1	0	0	0	0	0.0909090909090909
M23	MDGA2	11	9100:9110	40.5639267128879	3.13335143692596	0.110341025168885	0.490761292934035	1	0	0	0	0	0.0909090909090909
M23	PPIC	11	9100:9110	40.5639267128879	3.13335143692596	0.110341025168885	0.490761292934035	1	0	0	0	0	0.0909090909090909
M23	SASH1	11	9100:9110	40.5639267128879	3.13335143692596	0.110341025168885	0.490761292934035	1	0	0	0	0	0.0909090909090909
M23	LRRC7	11	9100:9110	40.5639267128879	3.13335143692596	0.110341025168885	0.490761292934035	1	0	0	0	0	0.0909090909090909
M23	CAPN6	11	9100:9110	40.5639267128879	3.13335143692596	0.110341025168885	0.490761292934035	1	0	0	0	0	0.0909090909090909
M23	MYOZ3	11	9100:9110	40.5639267128879	3.13335143692596	0.110341025168885	0.490761292934035	1	0	0	0	0	0.0909090909090909
M23	MEIS2	11	9100:9110	40.5639267128879	3.13335143692596	0.110341025168885	0.490761292934035	1	0	0	0	0	0.0909090909090909
M23	COL24A1	11	9100:9110	40.5639267128879	3.13335143692596	0.110341025168885	0.490761292934035	1	0	0	0	0	0.0909090909090909
M23	SLC4A4	11	9100:9110	40.5639267128879	3.13335143692596	0.110341025168885	0.490761292934035	1	0	0	0	0	0.0909090909090909
M8	ROBO2	15	9111:9125	639.824090413852	1.6704091391619	0.158826331390612	0.462214224969979	1	0	0	0	0	0
M8	ABI3BP	15	9111:9125	639.824090413852	1.6704091391619	0.158826331390612	0.462214224969979	1	0	0	0	0	0
M8	FN1	15	9111:9125	639.824090413852	1.6704091391619	0.158826331390612	0.462214224969979	1	0	0	0	0	0
M8	LMBRD1	15	9111:9125	639.824090413852	1.6704091391619	0.158826331390612	0.462214224969979	1	0	0	0	0	0
M8	C1QTNF3	15	9111:9125	639.824090413852	1.6704091391619	0.158826331390612	0.462214224969979	1	0	0	0	0	0
M8	SH3BP4	15	9111:9125	639.824090413852	1.6704091391619	0.158826331390612	0.462214224969979	1	0	0	0	0	0
M8	FBLN1	15	9111:9125	639.824090413852	1.6704091391619	0.158826331390612	0.462214224969979	1	0	0	0	0	0
M8	CPE	15	9111:9125	639.824090413852	1.6704091391619	0.158826331390612	0.462214224969979	1	0	0	0	0	0
M8	PID1	15	9111:9125	639.824090413852	1.6704091391619	0.158826331390612	0.462214224969979	1	0	0	0	0	0
M8	SPARCL1	15	9111:9125	639.824090413852	1.6704091391619	0.158826331390612	0.462214224969979	1	0	0	0	0	0
M8	DIAPH3	15	9111:9125	639.824090413852	1.6704091391619	0.158826331390612	0.462214224969979	1	0	0	0	0	0
M8	VCAM1	15	9111:9125	639.824090413852	1.6704091391619	0.158826331390612	0.462214224969979	1	0	0	0	0	0
M8	WNT2B	15	9111:9125	639.824090413852	1.6704091391619	0.158826331390612	0.462214224969979	1	0	0	0	0	0
M8	CXCL12	15	9111:9125	639.824090413852	1.6704091391619	0.158826331390612	0.462214224969979	1	0	0	0	0	0
M8	C1QTNF7	15	9111:9125	639.824090413852	1.6704091391619	0.158826331390612	0.462214224969979	1	0	0	0	0	0
M5	COL21A1	17	9126:9142	216.693184882261	1.93977035503354	0.171763746934165	0.516580344123203	1	0	0	0	0	0.0588235294117647
M5	SVEP1	17	9126:9142	216.693184882261	1.93977035503354	0.171763746934165	0.516580344123203	1	0	0	0	0	0.0588235294117647
M5	SRPX	17	9126:9142	216.693184882261	1.93977035503354	0.171763746934165	0.516580344123203	1	0	0	0	0	0.0588235294117647
M5	DPYSL3	17	9126:9142	216.693184882261	1.93977035503354	0.171763746934165	0.516580344123203	1	0	0	0	0	0.0588235294117647
M5	NR2F1	17	9126:9142	216.693184882261	1.93977035503354	0.171763746934165	0.516580344123203	1	0	0	0	0	0.0588235294117647
M5	ASPA	17	9126:9142	216.693184882261	1.93977035503354	0.171763746934165	0.516580344123203	1	0	0	0	0	0.0588235294117647
M5	PRSS12	17	9126:9142	216.693184882261	1.93977035503354	0.171763746934165	0.516580344123203	1	0	0	0	0	0.0588235294117647
M5	VIPR2	17	9126:9142	216.693184882261	1.93977035503354	0.171763746934165	0.516580344123203	1	0	0	0	0	0.0588235294117647
M5	FBLN5	17	9126:9142	216.693184882261	1.93977035503354	0.171763746934165	0.516580344123203	1	0	0	0	0	0.0588235294117647
M5	TNC	17	9126:9142	216.693184882261	1.93977035503354	0.171763746934165	0.516580344123203	1	0	0	0	0	0.0588235294117647
M5	COL12A1	17	9126:9142	216.693184882261	1.93977035503354	0.171763746934165	0.516580344123203	1	0	0	0	0	0.0588235294117647
M5	ADAMTSL3	17	9126:9142	216.693184882261	1.93977035503354	0.171763746934165	0.516580344123203	1	0	0	0	0	0.0588235294117647
M5	THBS1	17	9126:9142	216.693184882261	1.93977035503354	0.171763746934165	0.516580344123203	1	0	0	0	0	0.0588235294117647
M5	NCKAP5	17	9126:9142	216.693184882261	1.93977035503354	0.171763746934165	0.516580344123203	1	0	0	0	0	0.0588235294117647
M5	SEPT7	17	9126:9142	216.693184882261	1.93977035503354	0.171763746934165	0.516580344123203	1	0	0	0	0	0.0588235294117647
M5	DPP4	17	9126:9142	216.693184882261	1.93977035503354	0.171763746934165	0.516580344123203	1	0	0	0	0	0.0588235294117647
M5	CSRP2	17	9126:9142	216.693184882261	1.93977035503354	0.171763746934165	0.516580344123203	1	0	0	0	0	0.0588235294117647
M32	TPM1	10	9143:9152	273.655156846989	1.24796377283264	0.187580851245857	0.301084358140625	1	0	0	0	0	0
M32	ACTA2	10	9143:9152	273.655156846989	1.24796377283264	0.187580851245857	0.301084358140625	1	0	0	0	0	0
M32	TPM4	10	9143:9152	273.655156846989	1.24796377283264	0.187580851245857	0.301084358140625	1	0	0	0	0	0
M32	CORO1C	10	9143:9152	273.655156846989	1.24796377283264	0.187580851245857	0.301084358140625	1	0	0	0	0	0
M32	PARVA	10	9143:9152	273.655156846989	1.24796377283264	0.187580851245857	0.301084358140625	1	0	0	0	0	0
M32	MYLK	10	9143:9152	273.655156846989	1.24796377283264	0.187580851245857	0.301084358140625	1	0	0	0	0	0
M32	VCL	10	9143:9152	273.655156846989	1.24796377283264	0.187580851245857	0.301084358140625	1	0	0	0	0	0
M32	MYOCD	10	9143:9152	273.655156846989	1.24796377283264	0.187580851245857	0.301084358140625	1	0	0	0	0	0
M32	FHL1	10	9143:9152	273.655156846989	1.24796377283264	0.187580851245857	0.301084358140625	1	0	0	0	0	0
M32	PDLIM3	10	9143:9152	273.655156846989	1.24796377283264	0.187580851245857	0.301084358140625	1	0	0	0	0	0
M9	FMOD	15	9153:9167	1016.75200254721	1.51998003880253	0.150616814785089	0.495116790779033	1	0	0	0	0	0.0666666666666667
M9	GUCY1B3	15	9153:9167	1016.75200254721	1.51998003880253	0.150616814785089	0.495116790779033	1	0	0	0	0	0.0666666666666667
M9	COL1A2	15	9153:9167	1016.75200254721	1.51998003880253	0.150616814785089	0.495116790779033	1	0	0	0	0	0.0666666666666667
M9	GUCY1A3	15	9153:9167	1016.75200254721	1.51998003880253	0.150616814785089	0.495116790779033	1	0	0	0	0	0.0666666666666667
M9	MARCKS	15	9153:9167	1016.75200254721	1.51998003880253	0.150616814785089	0.495116790779033	1	0	0	0	0	0.0666666666666667
M9	PMP22	15	9153:9167	1016.75200254721	1.51998003880253	0.150616814785089	0.495116790779033	1	0	0	0	0	0.0666666666666667
M9	COL1A1	15	9153:9167	1016.75200254721	1.51998003880253	0.150616814785089	0.495116790779033	1	0	0	0	0	0.0666666666666667
M9	SERPINH1	15	9153:9167	1016.75200254721	1.51998003880253	0.150616814785089	0.495116790779033	1	0	0	0	0	0.0666666666666667
M9	COL14A1	15	9153:9167	1016.75200254721	1.51998003880253	0.150616814785089	0.495116790779033	1	0	0	0	0	0.0666666666666667
M9	COL6A3	15	9153:9167	1016.75200254721	1.51998003880253	0.150616814785089	0.495116790779033	1	0	0	0	0	0.0666666666666667
M9	RGL1	15	9153:9167	1016.75200254721	1.51998003880253	0.150616814785089	0.495116790779033	1	0	0	0	0	0.0666666666666667
M9	COL5A2	15	9153:9167	1016.75200254721	1.51998003880253	0.150616814785089	0.495116790779033	1	0	0	0	0	0.0666666666666667
M9	PDE1C	15	9153:9167	1016.75200254721	1.51998003880253	0.150616814785089	0.495116790779033	1	0	0	0	0	0.0666666666666667
M9	AHR	15	9153:9167	1016.75200254721	1.51998003880253	0.150616814785089	0.495116790779033	1	0	0	0	0	0.0666666666666667
M9	COL3A1	15	9153:9167	1016.75200254721	1.51998003880253	0.150616814785089	0.495116790779033	1	0	0	0	0	0.0666666666666667
M3	RPL22	22	9168:9189	1334.2226338332	0.638996831646008	0.212279008928856	0.410953249093408	0.863636363636364	0.0454545454545455	0	0.0909090909090909	0	0
M3	RPLP2	22	9168:9189	1334.2226338332	0.638996831646008	0.212279008928856	0.410953249093408	0.863636363636364	0.0454545454545455	0	0.0909090909090909	0	0
M3	RPL36	22	9168:9189	1334.2226338332	0.638996831646008	0.212279008928856	0.410953249093408	0.863636363636364	0.0454545454545455	0	0.0909090909090909	0	0
M3	RPS6	22	9168:9189	1334.2226338332	0.638996831646008	0.212279008928856	0.410953249093408	0.863636363636364	0.0454545454545455	0	0.0909090909090909	0	0
M3	HNRNPA1P48	22	9168:9189	1334.2226338332	0.638996831646008	0.212279008928856	0.410953249093408	0.863636363636364	0.0454545454545455	0	0.0909090909090909	0	0
M3	RPS23	22	9168:9189	1334.2226338332	0.638996831646008	0.212279008928856	0.410953249093408	0.863636363636364	0.0454545454545455	0	0.0909090909090909	0	0
M3	TPT1	22	9168:9189	1334.2226338332	0.638996831646008	0.212279008928856	0.410953249093408	0.863636363636364	0.0454545454545455	0	0.0909090909090909	0	0
M3	COX7C	22	9168:9189	1334.2226338332	0.638996831646008	0.212279008928856	0.410953249093408	0.863636363636364	0.0454545454545455	0	0.0909090909090909	0	0
M3	RPLP1	22	9168:9189	1334.2226338332	0.638996831646008	0.212279008928856	0.410953249093408	0.863636363636364	0.0454545454545455	0	0.0909090909090909	0	0
M3	RPL27	22	9168:9189	1334.2226338332	0.638996831646008	0.212279008928856	0.410953249093408	0.863636363636364	0.0454545454545455	0	0.0909090909090909	0	0
M3	RPL26	22	9168:9189	1334.2226338332	0.638996831646008	0.212279008928856	0.410953249093408	0.863636363636364	0.0454545454545455	0	0.0909090909090909	0	0
M3	RPS23P8	22	9168:9189	1334.2226338332	0.638996831646008	0.212279008928856	0.410953249093408	0.863636363636364	0.0454545454545455	0	0.0909090909090909	0	0
M3	RPS3	22	9168:9189	1334.2226338332	0.638996831646008	0.212279008928856	0.410953249093408	0.863636363636364	0.0454545454545455	0	0.0909090909090909	0	0
M3	RPL11	22	9168:9189	1334.2226338332	0.638996831646008	0.212279008928856	0.410953249093408	0.863636363636364	0.0454545454545455	0	0.0909090909090909	0	0
M3	RPL34	22	9168:9189	1334.2226338332	0.638996831646008	0.212279008928856	0.410953249093408	0.863636363636364	0.0454545454545455	0	0.0909090909090909	0	0
M3	ZFAS1	22	9168:9189	1334.2226338332	0.638996831646008	0.212279008928856	0.410953249093408	0.863636363636364	0.0454545454545455	0	0.0909090909090909	0	0
M3	RPL27A	22	9168:9189	1334.2226338332	0.638996831646008	0.212279008928856	0.410953249093408	0.863636363636364	0.0454545454545455	0	0.0909090909090909	0	0
M3	RPL32	22	9168:9189	1334.2226338332	0.638996831646008	0.212279008928856	0.410953249093408	0.863636363636364	0.0454545454545455	0	0.0909090909090909	0	0
M3	HNRNPA1	22	9168:9189	1334.2226338332	0.638996831646008	0.212279008928856	0.410953249093408	0.863636363636364	0.0454545454545455	0	0.0909090909090909	0	0
M3	RPS17	22	9168:9189	1334.2226338332	0.638996831646008	0.212279008928856	0.410953249093408	0.863636363636364	0.0454545454545455	0	0.0909090909090909	0	0
M3	UQCRB	22	9168:9189	1334.2226338332	0.638996831646008	0.212279008928856	0.410953249093408	0.863636363636364	0.0454545454545455	0	0.0909090909090909	0	0
M3	RPS12	22	9168:9189	1334.2226338332	0.638996831646008	0.212279008928856	0.410953249093408	0.863636363636364	0.0454545454545455	0	0.0909090909090909	0	0
M24	RPS24	11	9190:9200	747.390283000434	0.647808610150801	0.21832130812178	0.404231869025431	1	0	0	0	0	0
M24	EEF2	11	9190:9200	747.390283000434	0.647808610150801	0.21832130812178	0.404231869025431	1	0	0	0	0	0
M24	RPL37	11	9190:9200	747.390283000434	0.647808610150801	0.21832130812178	0.404231869025431	1	0	0	0	0	0
M24	RPS27A	11	9190:9200	747.390283000434	0.647808610150801	0.21832130812178	0.404231869025431	1	0	0	0	0	0
M24	RPL38	11	9190:9200	747.390283000434	0.647808610150801	0.21832130812178	0.404231869025431	1	0	0	0	0	0
M24	RPL37A	11	9190:9200	747.390283000434	0.647808610150801	0.21832130812178	0.404231869025431	1	0	0	0	0	0
M24	RPS16	11	9190:9200	747.390283000434	0.647808610150801	0.21832130812178	0.404231869025431	1	0	0	0	0	0
M24	RPL31	11	9190:9200	747.390283000434	0.647808610150801	0.21832130812178	0.404231869025431	1	0	0	0	0	0
M24	RPL23	11	9190:9200	747.390283000434	0.647808610150801	0.21832130812178	0.404231869025431	1	0	0	0	0	0
M24	RPS20	11	9190:9200	747.390283000434	0.647808610150801	0.21832130812178	0.404231869025431	1	0	0	0	0	0
M24	RPL19	11	9190:9200	747.390283000434	0.647808610150801	0.21832130812178	0.404231869025431	1	0	0	0	0	0
M33	TMSB4XP4	10	9201:9210	481.37823367717	1.58611234998355	0.161890781835054	0.672420861419773	0.1	0	0	0.9	0	0
M33	RP11-592N21.1	10	9201:9210	481.37823367717	1.58611234998355	0.161890781835054	0.672420861419773	0.1	0	0	0.9	0	0
M33	CTD-2218G20.1	10	9201:9210	481.37823367717	1.58611234998355	0.161890781835054	0.672420861419773	0.1	0	0	0.9	0	0
M33	RP11-478C6.4	10	9201:9210	481.37823367717	1.58611234998355	0.161890781835054	0.672420861419773	0.1	0	0	0.9	0	0
M33	RPL14P1	10	9201:9210	481.37823367717	1.58611234998355	0.161890781835054	0.672420861419773	0.1	0	0	0.9	0	0
M33	AC144530.1	10	9201:9210	481.37823367717	1.58611234998355	0.161890781835054	0.672420861419773	0.1	0	0	0.9	0	0
M33	RP11-20O24.4	10	9201:9210	481.37823367717	1.58611234998355	0.161890781835054	0.672420861419773	0.1	0	0	0.9	0	0
M33	SC22CB-1E7.1	10	9201:9210	481.37823367717	1.58611234998355	0.161890781835054	0.672420861419773	0.1	0	0	0.9	0	0
M33	RP4-706A16.3	10	9201:9210	481.37823367717	1.58611234998355	0.161890781835054	0.672420861419773	0.1	0	0	0.9	0	0
M33	RPL14	10	9201:9210	481.37823367717	1.58611234998355	0.161890781835054	0.672420861419773	0.1	0	0	0.9	0	0
M25	RALA	11	9211:9221	190.974943326196	1.91848044896237	0.167784745603	0.970003437272167	0.545454545454545	0	0	0.454545454545455	0	0
M25	RPL7AP6	11	9211:9221	190.974943326196	1.91848044896237	0.167784745603	0.970003437272167	0.545454545454545	0	0	0.454545454545455	0	0
M25	RPL7A	11	9211:9221	190.974943326196	1.91848044896237	0.167784745603	0.970003437272167	0.545454545454545	0	0	0.454545454545455	0	0
M25	BRK1	11	9211:9221	190.974943326196	1.91848044896237	0.167784745603	0.970003437272167	0.545454545454545	0	0	0.454545454545455	0	0
M25	AP000936.1	11	9211:9221	190.974943326196	1.91848044896237	0.167784745603	0.970003437272167	0.545454545454545	0	0	0.454545454545455	0	0
M25	NACA	11	9211:9221	190.974943326196	1.91848044896237	0.167784745603	0.970003437272167	0.545454545454545	0	0	0.454545454545455	0	0
M25	NACA2	11	9211:9221	190.974943326196	1.91848044896237	0.167784745603	0.970003437272167	0.545454545454545	0	0	0.454545454545455	0	0
M25	RP11-761N21.2	11	9211:9221	190.974943326196	1.91848044896237	0.167784745603	0.970003437272167	0.545454545454545	0	0	0.454545454545455	0	0
M25	RP11-543P15.1	11	9211:9221	190.974943326196	1.91848044896237	0.167784745603	0.970003437272167	0.545454545454545	0	0	0.454545454545455	0	0
M25	RPS27	11	9211:9221	190.974943326196	1.91848044896237	0.167784745603	0.970003437272167	0.545454545454545	0	0	0.454545454545455	0	0
M25	RP11-175B9.3	11	9211:9221	190.974943326196	1.91848044896237	0.167784745603	0.970003437272167	0.545454545454545	0	0	0.454545454545455	0	0
M6	SRSF7	17	9222:9238	169.669798476019	1.76892935007848	0.145523020891527	0.477082511681938	0.941176470588235	0.0588235294117647	0	0	0	0.0588235294117647
M6	SLC38A2	17	9222:9238	169.669798476019	1.76892935007848	0.145523020891527	0.477082511681938	0.941176470588235	0.0588235294117647	0	0	0	0.0588235294117647
M6	PCF11	17	9222:9238	169.669798476019	1.76892935007848	0.145523020891527	0.477082511681938	0.941176470588235	0.0588235294117647	0	0	0	0.0588235294117647
M6	MYLIP	17	9222:9238	169.669798476019	1.76892935007848	0.145523020891527	0.477082511681938	0.941176470588235	0.0588235294117647	0	0	0	0.0588235294117647
M6	TRA2B	17	9222:9238	169.669798476019	1.76892935007848	0.145523020891527	0.477082511681938	0.941176470588235	0.0588235294117647	0	0	0	0.0588235294117647
M6	HEXIM1	17	9222:9238	169.669798476019	1.76892935007848	0.145523020891527	0.477082511681938	0.941176470588235	0.0588235294117647	0	0	0	0.0588235294117647
M6	MDM1	17	9222:9238	169.669798476019	1.76892935007848	0.145523020891527	0.477082511681938	0.941176470588235	0.0588235294117647	0	0	0	0.0588235294117647
M6	CDKN2AIP	17	9222:9238	169.669798476019	1.76892935007848	0.145523020891527	0.477082511681938	0.941176470588235	0.0588235294117647	0	0	0	0.0588235294117647
M6	AC116366.6	17	9222:9238	169.669798476019	1.76892935007848	0.145523020891527	0.477082511681938	0.941176470588235	0.0588235294117647	0	0	0	0.0588235294117647
M6	IRF1	17	9222:9238	169.669798476019	1.76892935007848	0.145523020891527	0.477082511681938	0.941176470588235	0.0588235294117647	0	0	0	0.0588235294117647
M6	CCNL1	17	9222:9238	169.669798476019	1.76892935007848	0.145523020891527	0.477082511681938	0.941176470588235	0.0588235294117647	0	0	0	0.0588235294117647
M6	UBR3	17	9222:9238	169.669798476019	1.76892935007848	0.145523020891527	0.477082511681938	0.941176470588235	0.0588235294117647	0	0	0	0.0588235294117647
M6	PPP1R15B	17	9222:9238	169.669798476019	1.76892935007848	0.145523020891527	0.477082511681938	0.941176470588235	0.0588235294117647	0	0	0	0.0588235294117647
M6	EIF5	17	9222:9238	169.669798476019	1.76892935007848	0.145523020891527	0.477082511681938	0.941176470588235	0.0588235294117647	0	0	0	0.0588235294117647
M6	HERPUD1	17	9222:9238	169.669798476019	1.76892935007848	0.145523020891527	0.477082511681938	0.941176470588235	0.0588235294117647	0	0	0	0.0588235294117647
M6	FAM53C	17	9222:9238	169.669798476019	1.76892935007848	0.145523020891527	0.477082511681938	0.941176470588235	0.0588235294117647	0	0	0	0.0588235294117647
M6	IFRD1	17	9222:9238	169.669798476019	1.76892935007848	0.145523020891527	0.477082511681938	0.941176470588235	0.0588235294117647	0	0	0	0.0588235294117647
M1	KLF2	44	9239:9282	485.228282337183	1.96178937729751	0.249582986778367	0.437679421693074	0.954545454545455	0.0227272727272727	0	0.0227272727272727	0	0.295454545454545
M1	SNAI1	44	9239:9282	485.228282337183	1.96178937729751	0.249582986778367	0.437679421693074	0.954545454545455	0.0227272727272727	0	0.0227272727272727	0	0.295454545454545
M1	DNAJA1	44	9239:9282	485.228282337183	1.96178937729751	0.249582986778367	0.437679421693074	0.954545454545455	0.0227272727272727	0	0.0227272727272727	0	0.295454545454545
M1	SLC2A3	44	9239:9282	485.228282337183	1.96178937729751	0.249582986778367	0.437679421693074	0.954545454545455	0.0227272727272727	0	0.0227272727272727	0	0.295454545454545
M1	HSPA5	44	9239:9282	485.228282337183	1.96178937729751	0.249582986778367	0.437679421693074	0.954545454545455	0.0227272727272727	0	0.0227272727272727	0	0.295454545454545
M1	DDX5	44	9239:9282	485.228282337183	1.96178937729751	0.249582986778367	0.437679421693074	0.954545454545455	0.0227272727272727	0	0.0227272727272727	0	0.295454545454545
M1	ADM	44	9239:9282	485.228282337183	1.96178937729751	0.249582986778367	0.437679421693074	0.954545454545455	0.0227272727272727	0	0.0227272727272727	0	0.295454545454545
M1	HSP90AA1	44	9239:9282	485.228282337183	1.96178937729751	0.249582986778367	0.437679421693074	0.954545454545455	0.0227272727272727	0	0.0227272727272727	0	0.295454545454545
M1	BTG1	44	9239:9282	485.228282337183	1.96178937729751	0.249582986778367	0.437679421693074	0.954545454545455	0.0227272727272727	0	0.0227272727272727	0	0.295454545454545
M1	ADAMTS1	44	9239:9282	485.228282337183	1.96178937729751	0.249582986778367	0.437679421693074	0.954545454545455	0.0227272727272727	0	0.0227272727272727	0	0.295454545454545
M1	XBP1	44	9239:9282	485.228282337183	1.96178937729751	0.249582986778367	0.437679421693074	0.954545454545455	0.0227272727272727	0	0.0227272727272727	0	0.295454545454545
M1	DDX3X	44	9239:9282	485.228282337183	1.96178937729751	0.249582986778367	0.437679421693074	0.954545454545455	0.0227272727272727	0	0.0227272727272727	0	0.295454545454545
M1	PHLDA1	44	9239:9282	485.228282337183	1.96178937729751	0.249582986778367	0.437679421693074	0.954545454545455	0.0227272727272727	0	0.0227272727272727	0	0.295454545454545
M1	CTD-3252C9.4	44	9239:9282	485.228282337183	1.96178937729751	0.249582986778367	0.437679421693074	0.954545454545455	0.0227272727272727	0	0.0227272727272727	0	0.295454545454545
M1	UBE2S	44	9239:9282	485.228282337183	1.96178937729751	0.249582986778367	0.437679421693074	0.954545454545455	0.0227272727272727	0	0.0227272727272727	0	0.295454545454545
M1	DNAJB1	44	9239:9282	485.228282337183	1.96178937729751	0.249582986778367	0.437679421693074	0.954545454545455	0.0227272727272727	0	0.0227272727272727	0	0.295454545454545
M1	CYR61	44	9239:9282	485.228282337183	1.96178937729751	0.249582986778367	0.437679421693074	0.954545454545455	0.0227272727272727	0	0.0227272727272727	0	0.295454545454545
M1	SOCS3	44	9239:9282	485.228282337183	1.96178937729751	0.249582986778367	0.437679421693074	0.954545454545455	0.0227272727272727	0	0.0227272727272727	0	0.295454545454545
M1	ZFP36	44	9239:9282	485.228282337183	1.96178937729751	0.249582986778367	0.437679421693074	0.954545454545455	0.0227272727272727	0	0.0227272727272727	0	0.295454545454545
M1	HSP90AA2P	44	9239:9282	485.228282337183	1.96178937729751	0.249582986778367	0.437679421693074	0.954545454545455	0.0227272727272727	0	0.0227272727272727	0	0.295454545454545
M1	MCL1	44	9239:9282	485.228282337183	1.96178937729751	0.249582986778367	0.437679421693074	0.954545454545455	0.0227272727272727	0	0.0227272727272727	0	0.295454545454545
M1	TSC22D1	44	9239:9282	485.228282337183	1.96178937729751	0.249582986778367	0.437679421693074	0.954545454545455	0.0227272727272727	0	0.0227272727272727	0	0.295454545454545
M1	NFKBIZ	44	9239:9282	485.228282337183	1.96178937729751	0.249582986778367	0.437679421693074	0.954545454545455	0.0227272727272727	0	0.0227272727272727	0	0.295454545454545
M1	DUSP1	44	9239:9282	485.228282337183	1.96178937729751	0.249582986778367	0.437679421693074	0.954545454545455	0.0227272727272727	0	0.0227272727272727	0	0.295454545454545
M1	PPP1R15A	44	9239:9282	485.228282337183	1.96178937729751	0.249582986778367	0.437679421693074	0.954545454545455	0.0227272727272727	0	0.0227272727272727	0	0.295454545454545
M1	SGK1	44	9239:9282	485.228282337183	1.96178937729751	0.249582986778367	0.437679421693074	0.954545454545455	0.0227272727272727	0	0.0227272727272727	0	0.295454545454545
M1	UBC	44	9239:9282	485.228282337183	1.96178937729751	0.249582986778367	0.437679421693074	0.954545454545455	0.0227272727272727	0	0.0227272727272727	0	0.295454545454545
M1	RHOB	44	9239:9282	485.228282337183	1.96178937729751	0.249582986778367	0.437679421693074	0.954545454545455	0.0227272727272727	0	0.0227272727272727	0	0.295454545454545
M1	BTG2	44	9239:9282	485.228282337183	1.96178937729751	0.249582986778367	0.437679421693074	0.954545454545455	0.0227272727272727	0	0.0227272727272727	0	0.295454545454545
M1	CDKN1A	44	9239:9282	485.228282337183	1.96178937729751	0.249582986778367	0.437679421693074	0.954545454545455	0.0227272727272727	0	0.0227272727272727	0	0.295454545454545
M1	SERTAD1	44	9239:9282	485.228282337183	1.96178937729751	0.249582986778367	0.437679421693074	0.954545454545455	0.0227272727272727	0	0.0227272727272727	0	0.295454545454545
M1	IER3	44	9239:9282	485.228282337183	1.96178937729751	0.249582986778367	0.437679421693074	0.954545454545455	0.0227272727272727	0	0.0227272727272727	0	0.295454545454545
M1	KLF4	44	9239:9282	485.228282337183	1.96178937729751	0.249582986778367	0.437679421693074	0.954545454545455	0.0227272727272727	0	0.0227272727272727	0	0.295454545454545
M1	EGR1	44	9239:9282	485.228282337183	1.96178937729751	0.249582986778367	0.437679421693074	0.954545454545455	0.0227272727272727	0	0.0227272727272727	0	0.295454545454545
M1	JUN	44	9239:9282	485.228282337183	1.96178937729751	0.249582986778367	0.437679421693074	0.954545454545455	0.0227272727272727	0	0.0227272727272727	0	0.295454545454545
M1	FOSB	44	9239:9282	485.228282337183	1.96178937729751	0.249582986778367	0.437679421693074	0.954545454545455	0.0227272727272727	0	0.0227272727272727	0	0.295454545454545
M1	TUBB2A	44	9239:9282	485.228282337183	1.96178937729751	0.249582986778367	0.437679421693074	0.954545454545455	0.0227272727272727	0	0.0227272727272727	0	0.295454545454545
M1	FOS	44	9239:9282	485.228282337183	1.96178937729751	0.249582986778367	0.437679421693074	0.954545454545455	0.0227272727272727	0	0.0227272727272727	0	0.295454545454545
M1	JUND	44	9239:9282	485.228282337183	1.96178937729751	0.249582986778367	0.437679421693074	0.954545454545455	0.0227272727272727	0	0.0227272727272727	0	0.295454545454545
M1	MAFF	44	9239:9282	485.228282337183	1.96178937729751	0.249582986778367	0.437679421693074	0.954545454545455	0.0227272727272727	0	0.0227272727272727	0	0.295454545454545
M1	ATF3	44	9239:9282	485.228282337183	1.96178937729751	0.249582986778367	0.437679421693074	0.954545454545455	0.0227272727272727	0	0.0227272727272727	0	0.295454545454545
M1	IER2	44	9239:9282	485.228282337183	1.96178937729751	0.249582986778367	0.437679421693074	0.954545454545455	0.0227272727272727	0	0.0227272727272727	0	0.295454545454545
M1	JUNB	44	9239:9282	485.228282337183	1.96178937729751	0.249582986778367	0.437679421693074	0.954545454545455	0.0227272727272727	0	0.0227272727272727	0	0.295454545454545
M1	TUBB4B	44	9239:9282	485.228282337183	1.96178937729751	0.249582986778367	0.437679421693074	0.954545454545455	0.0227272727272727	0	0.0227272727272727	0	0.295454545454545
M2	BRD2	26	9283:9308	399.121946395123	1.88465578445564	0.155383672412932	0.332477520670215	0.923076923076923	0.0769230769230769	0	0	0	0.0769230769230769
M2	HSPH1	26	9283:9308	399.121946395123	1.88465578445564	0.155383672412932	0.332477520670215	0.923076923076923	0.0769230769230769	0	0	0	0.0769230769230769
M2	H2AFZ	26	9283:9308	399.121946395123	1.88465578445564	0.155383672412932	0.332477520670215	0.923076923076923	0.0769230769230769	0	0	0	0.0769230769230769
M2	DNAJB4	26	9283:9308	399.121946395123	1.88465578445564	0.155383672412932	0.332477520670215	0.923076923076923	0.0769230769230769	0	0	0	0.0769230769230769
M2	PTP4A1	26	9283:9308	399.121946395123	1.88465578445564	0.155383672412932	0.332477520670215	0.923076923076923	0.0769230769230769	0	0	0	0.0769230769230769
M2	BAG3	26	9283:9308	399.121946395123	1.88465578445564	0.155383672412932	0.332477520670215	0.923076923076923	0.0769230769230769	0	0	0	0.0769230769230769
M2	HSPA1B	26	9283:9308	399.121946395123	1.88465578445564	0.155383672412932	0.332477520670215	0.923076923076923	0.0769230769230769	0	0	0	0.0769230769230769
M2	TOB1	26	9283:9308	399.121946395123	1.88465578445564	0.155383672412932	0.332477520670215	0.923076923076923	0.0769230769230769	0	0	0	0.0769230769230769
M2	RASD1	26	9283:9308	399.121946395123	1.88465578445564	0.155383672412932	0.332477520670215	0.923076923076923	0.0769230769230769	0	0	0	0.0769230769230769
M2	GADD45B	26	9283:9308	399.121946395123	1.88465578445564	0.155383672412932	0.332477520670215	0.923076923076923	0.0769230769230769	0	0	0	0.0769230769230769
M2	ING1	26	9283:9308	399.121946395123	1.88465578445564	0.155383672412932	0.332477520670215	0.923076923076923	0.0769230769230769	0	0	0	0.0769230769230769
M2	IER5	26	9283:9308	399.121946395123	1.88465578445564	0.155383672412932	0.332477520670215	0.923076923076923	0.0769230769230769	0	0	0	0.0769230769230769
M2	EGR3	26	9283:9308	399.121946395123	1.88465578445564	0.155383672412932	0.332477520670215	0.923076923076923	0.0769230769230769	0	0	0	0.0769230769230769
M2	HSPE1	26	9283:9308	399.121946395123	1.88465578445564	0.155383672412932	0.332477520670215	0.923076923076923	0.0769230769230769	0	0	0	0.0769230769230769
M2	NFKBIA	26	9283:9308	399.121946395123	1.88465578445564	0.155383672412932	0.332477520670215	0.923076923076923	0.0769230769230769	0	0	0	0.0769230769230769
M2	KLF10	26	9283:9308	399.121946395123	1.88465578445564	0.155383672412932	0.332477520670215	0.923076923076923	0.0769230769230769	0	0	0	0.0769230769230769
M2	HSP90AB1	26	9283:9308	399.121946395123	1.88465578445564	0.155383672412932	0.332477520670215	0.923076923076923	0.0769230769230769	0	0	0	0.0769230769230769
M2	CHORDC1	26	9283:9308	399.121946395123	1.88465578445564	0.155383672412932	0.332477520670215	0.923076923076923	0.0769230769230769	0	0	0	0.0769230769230769
M2	HSPA1A	26	9283:9308	399.121946395123	1.88465578445564	0.155383672412932	0.332477520670215	0.923076923076923	0.0769230769230769	0	0	0	0.0769230769230769
M2	TCP1	26	9283:9308	399.121946395123	1.88465578445564	0.155383672412932	0.332477520670215	0.923076923076923	0.0769230769230769	0	0	0	0.0769230769230769
M2	DUSP5	26	9283:9308	399.121946395123	1.88465578445564	0.155383672412932	0.332477520670215	0.923076923076923	0.0769230769230769	0	0	0	0.0769230769230769
M2	EIF1	26	9283:9308	399.121946395123	1.88465578445564	0.155383672412932	0.332477520670215	0.923076923076923	0.0769230769230769	0	0	0	0.0769230769230769
M2	EIF4A2	26	9283:9308	399.121946395123	1.88465578445564	0.155383672412932	0.332477520670215	0.923076923076923	0.0769230769230769	0	0	0	0.0769230769230769
M2	ARL4D	26	9283:9308	399.121946395123	1.88465578445564	0.155383672412932	0.332477520670215	0.923076923076923	0.0769230769230769	0	0	0	0.0769230769230769
M2	SNHG12	26	9283:9308	399.121946395123	1.88465578445564	0.155383672412932	0.332477520670215	0.923076923076923	0.0769230769230769	0	0	0	0.0769230769230769
M2	SNHG1	26	9283:9308	399.121946395123	1.88465578445564	0.155383672412932	0.332477520670215	0.923076923076923	0.0769230769230769	0	0	0	0.0769230769230769
M14	PAPLN	13	9309:9321	73.560741034863	2.98133809769522	0.125495051847724	0.49742519169285	0.923076923076923	0.0769230769230769	0	0	0	0.0769230769230769
M14	MYL12A	13	9309:9321	73.560741034863	2.98133809769522	0.125495051847724	0.49742519169285	0.923076923076923	0.0769230769230769	0	0	0	0.0769230769230769
M14	ACKR3	13	9309:9321	73.560741034863	2.98133809769522	0.125495051847724	0.49742519169285	0.923076923076923	0.0769230769230769	0	0	0	0.0769230769230769
M14	S100A10	13	9309:9321	73.560741034863	2.98133809769522	0.125495051847724	0.49742519169285	0.923076923076923	0.0769230769230769	0	0	0	0.0769230769230769
M14	PRKG1	13	9309:9321	73.560741034863	2.98133809769522	0.125495051847724	0.49742519169285	0.923076923076923	0.0769230769230769	0	0	0	0.0769230769230769
M14	ETS2	13	9309:9321	73.560741034863	2.98133809769522	0.125495051847724	0.49742519169285	0.923076923076923	0.0769230769230769	0	0	0	0.0769230769230769
M14	CTSC	13	9309:9321	73.560741034863	2.98133809769522	0.125495051847724	0.49742519169285	0.923076923076923	0.0769230769230769	0	0	0	0.0769230769230769
M14	PLAU	13	9309:9321	73.560741034863	2.98133809769522	0.125495051847724	0.49742519169285	0.923076923076923	0.0769230769230769	0	0	0	0.0769230769230769
M14	HHIP-AS1	13	9309:9321	73.560741034863	2.98133809769522	0.125495051847724	0.49742519169285	0.923076923076923	0.0769230769230769	0	0	0	0.0769230769230769
M14	PTGS1	13	9309:9321	73.560741034863	2.98133809769522	0.125495051847724	0.49742519169285	0.923076923076923	0.0769230769230769	0	0	0	0.0769230769230769
M14	IGFBP3	13	9309:9321	73.560741034863	2.98133809769522	0.125495051847724	0.49742519169285	0.923076923076923	0.0769230769230769	0	0	0	0.0769230769230769
M14	P2RY1	13	9309:9321	73.560741034863	2.98133809769522	0.125495051847724	0.49742519169285	0.923076923076923	0.0769230769230769	0	0	0	0.0769230769230769
M14	EFEMP1	13	9309:9321	73.560741034863	2.98133809769522	0.125495051847724	0.49742519169285	0.923076923076923	0.0769230769230769	0	0	0	0.0769230769230769
M34	FADS3	10	9322:9331	43.3026632467429	3.23671326948791	0.0747716684884754	0.623919536966119	0.7	0.2	0	0.1	0	0.1
M34	DPP6	10	9322:9331	43.3026632467429	3.23671326948791	0.0747716684884754	0.623919536966119	0.7	0.2	0	0.1	0	0.1
M34	NDUFB9P2	10	9322:9331	43.3026632467429	3.23671326948791	0.0747716684884754	0.623919536966119	0.7	0.2	0	0.1	0	0.1
M34	MBP	10	9322:9331	43.3026632467429	3.23671326948791	0.0747716684884754	0.623919536966119	0.7	0.2	0	0.1	0	0.1
M34	KSR2	10	9322:9331	43.3026632467429	3.23671326948791	0.0747716684884754	0.623919536966119	0.7	0.2	0	0.1	0	0.1
M34	ZFP30	10	9322:9331	43.3026632467429	3.23671326948791	0.0747716684884754	0.623919536966119	0.7	0.2	0	0.1	0	0.1
M34	SLC16A1-AS1	10	9322:9331	43.3026632467429	3.23671326948791	0.0747716684884754	0.623919536966119	0.7	0.2	0	0.1	0	0.1
M34	PDE7A	10	9322:9331	43.3026632467429	3.23671326948791	0.0747716684884754	0.623919536966119	0.7	0.2	0	0.1	0	0.1
M34	AC004893.11	10	9322:9331	43.3026632467429	3.23671326948791	0.0747716684884754	0.623919536966119	0.7	0.2	0	0.1	0	0.1
M34	TRAPPC12	10	9322:9331	43.3026632467429	3.23671326948791	0.0747716684884754	0.623919536966119	0.7	0.2	0	0.1	0	0.1
M35	WBP11	10	9332:9341	49.3843676123278	2.10826601371144	0.0687483698294747	0.527822159909537	1	0	0	0	0	0
M35	OTUB1	10	9332:9341	49.3843676123278	2.10826601371144	0.0687483698294747	0.527822159909537	1	0	0	0	0	0
M35	SUOX	10	9332:9341	49.3843676123278	2.10826601371144	0.0687483698294747	0.527822159909537	1	0	0	0	0	0
M35	AKIRIN1	10	9332:9341	49.3843676123278	2.10826601371144	0.0687483698294747	0.527822159909537	1	0	0	0	0	0
M35	KRT10	10	9332:9341	49.3843676123278	2.10826601371144	0.0687483698294747	0.527822159909537	1	0	0	0	0	0
M35	PTPN18	10	9332:9341	49.3843676123278	2.10826601371144	0.0687483698294747	0.527822159909537	1	0	0	0	0	0
M35	RIT1	10	9332:9341	49.3843676123278	2.10826601371144	0.0687483698294747	0.527822159909537	1	0	0	0	0	0
M35	FBXW2	10	9332:9341	49.3843676123278	2.10826601371144	0.0687483698294747	0.527822159909537	1	0	0	0	0	0
M35	STAU2	10	9332:9341	49.3843676123278	2.10826601371144	0.0687483698294747	0.527822159909537	1	0	0	0	0	0
M35	SNTB2	10	9332:9341	49.3843676123278	2.10826601371144	0.0687483698294747	0.527822159909537	1	0	0	0	0	0
M36	MYADM	10	9342:9351	37.980183982664	2.67335941102875	0.0736949174136269	0.601478769365658	1	0	0	0	0	0.2
M36	ZNF607	10	9342:9351	37.980183982664	2.67335941102875	0.0736949174136269	0.601478769365658	1	0	0	0	0	0.2
M36	KBTBD4	10	9342:9351	37.980183982664	2.67335941102875	0.0736949174136269	0.601478769365658	1	0	0	0	0	0.2
M36	DAAM1	10	9342:9351	37.980183982664	2.67335941102875	0.0736949174136269	0.601478769365658	1	0	0	0	0	0.2
M36	TRMT10C	10	9342:9351	37.980183982664	2.67335941102875	0.0736949174136269	0.601478769365658	1	0	0	0	0	0.2
M36	SETDB1	10	9342:9351	37.980183982664	2.67335941102875	0.0736949174136269	0.601478769365658	1	0	0	0	0	0.2
M36	CDC37L1	10	9342:9351	37.980183982664	2.67335941102875	0.0736949174136269	0.601478769365658	1	0	0	0	0	0.2
M36	TIPARP	10	9342:9351	37.980183982664	2.67335941102875	0.0736949174136269	0.601478769365658	1	0	0	0	0	0.2
M36	KLHL5	10	9342:9351	37.980183982664	2.67335941102875	0.0736949174136269	0.601478769365658	1	0	0	0	0	0.2
M36	SWAP70	10	9342:9351	37.980183982664	2.67335941102875	0.0736949174136269	0.601478769365658	1	0	0	0	0	0.2
M37	ELF3	10	9352:9361	17.6535115098492	3.18277273881743	0.111517605458048	0.44052355602266	0.3	0.5	0	0.2	0	0.1
M37	GPR1-AS	10	9352:9361	17.6535115098492	3.18277273881743	0.111517605458048	0.44052355602266	0.3	0.5	0	0.2	0	0.1
M37	RP11-83M16.5	10	9352:9361	17.6535115098492	3.18277273881743	0.111517605458048	0.44052355602266	0.3	0.5	0	0.2	0	0.1
M37	RP13-228J13.8	10	9352:9361	17.6535115098492	3.18277273881743	0.111517605458048	0.44052355602266	0.3	0.5	0	0.2	0	0.1
M37	PHACTR1	10	9352:9361	17.6535115098492	3.18277273881743	0.111517605458048	0.44052355602266	0.3	0.5	0	0.2	0	0.1
M37	LINC02043	10	9352:9361	17.6535115098492	3.18277273881743	0.111517605458048	0.44052355602266	0.3	0.5	0	0.2	0	0.1
M37	RYR1	10	9352:9361	17.6535115098492	3.18277273881743	0.111517605458048	0.44052355602266	0.3	0.5	0	0.2	0	0.1
M37	AC108142.1	10	9352:9361	17.6535115098492	3.18277273881743	0.111517605458048	0.44052355602266	0.3	0.5	0	0.2	0	0.1
M37	AC008697.1	10	9352:9361	17.6535115098492	3.18277273881743	0.111517605458048	0.44052355602266	0.3	0.5	0	0.2	0	0.1
M37	ATP5A1P2	10	9352:9361	17.6535115098492	3.18277273881743	0.111517605458048	0.44052355602266	0.3	0.5	0	0.2	0	0.1
M38	CDK18	10	9362:9371	46.1012065375781	3.32352871413176	0.0861024258298447	0.624352949147822	0.8	0.1	0.1	0	0	0
M38	SYP	10	9362:9371	46.1012065375781	3.32352871413176	0.0861024258298447	0.624352949147822	0.8	0.1	0.1	0	0	0
M38	CTBS	10	9362:9371	46.1012065375781	3.32352871413176	0.0861024258298447	0.624352949147822	0.8	0.1	0.1	0	0	0
M38	GREM1	10	9362:9371	46.1012065375781	3.32352871413176	0.0861024258298447	0.624352949147822	0.8	0.1	0.1	0	0	0
M38	CYP17A1	10	9362:9371	46.1012065375781	3.32352871413176	0.0861024258298447	0.624352949147822	0.8	0.1	0.1	0	0	0
M38	ARL15	10	9362:9371	46.1012065375781	3.32352871413176	0.0861024258298447	0.624352949147822	0.8	0.1	0.1	0	0	0
M38	KANSL3	10	9362:9371	46.1012065375781	3.32352871413176	0.0861024258298447	0.624352949147822	0.8	0.1	0.1	0	0	0
M38	LINC00511	10	9362:9371	46.1012065375781	3.32352871413176	0.0861024258298447	0.624352949147822	0.8	0.1	0.1	0	0	0
M38	RNU7-40P	10	9362:9371	46.1012065375781	3.32352871413176	0.0861024258298447	0.624352949147822	0.8	0.1	0.1	0	0	0
M38	SEM1	10	9362:9371	46.1012065375781	3.32352871413176	0.0861024258298447	0.624352949147822	0.8	0.1	0.1	0	0	0
M26	LRRC75A	11	9372:9382	410.801999367262	1.58353423645757	0.105335193991874	0.651621361095019	1	0	0	0	0	0
M26	STT3A	11	9372:9382	410.801999367262	1.58353423645757	0.105335193991874	0.651621361095019	1	0	0	0	0	0
M26	CALM2	11	9372:9382	410.801999367262	1.58353423645757	0.105335193991874	0.651621361095019	1	0	0	0	0	0
M26	PRCP	11	9372:9382	410.801999367262	1.58353423645757	0.105335193991874	0.651621361095019	1	0	0	0	0	0
M26	PCOLCE	11	9372:9382	410.801999367262	1.58353423645757	0.105335193991874	0.651621361095019	1	0	0	0	0	0
M26	HLA-A	11	9372:9382	410.801999367262	1.58353423645757	0.105335193991874	0.651621361095019	1	0	0	0	0	0
M26	C1S	11	9372:9382	410.801999367262	1.58353423645757	0.105335193991874	0.651621361095019	1	0	0	0	0	0
M26	CTSK	11	9372:9382	410.801999367262	1.58353423645757	0.105335193991874	0.651621361095019	1	0	0	0	0	0
M26	C1R	11	9372:9382	410.801999367262	1.58353423645757	0.105335193991874	0.651621361095019	1	0	0	0	0	0
M26	B2M	11	9372:9382	410.801999367262	1.58353423645757	0.105335193991874	0.651621361095019	1	0	0	0	0	0
M26	IFI6	11	9372:9382	410.801999367262	1.58353423645757	0.105335193991874	0.651621361095019	1	0	0	0	0	0
M15	CD63	13	9383:9395	949.751749238674	1.17220616944834	0.149820628268784	0.487922223486378	1	0	0	0	0	0
M15	PFKM	13	9383:9395	949.751749238674	1.17220616944834	0.149820628268784	0.487922223486378	1	0	0	0	0	0
M15	TMA7	13	9383:9395	949.751749238674	1.17220616944834	0.149820628268784	0.487922223486378	1	0	0	0	0	0
M15	YIPF3	13	9383:9395	949.751749238674	1.17220616944834	0.149820628268784	0.487922223486378	1	0	0	0	0	0
M15	TUBA1B	13	9383:9395	949.751749238674	1.17220616944834	0.149820628268784	0.487922223486378	1	0	0	0	0	0
M15	CD55	13	9383:9395	949.751749238674	1.17220616944834	0.149820628268784	0.487922223486378	1	0	0	0	0	0
M15	BEX3	13	9383:9395	949.751749238674	1.17220616944834	0.149820628268784	0.487922223486378	1	0	0	0	0	0
M15	MAP4	13	9383:9395	949.751749238674	1.17220616944834	0.149820628268784	0.487922223486378	1	0	0	0	0	0
M15	ILF2	13	9383:9395	949.751749238674	1.17220616944834	0.149820628268784	0.487922223486378	1	0	0	0	0	0
M15	NEDD8	13	9383:9395	949.751749238674	1.17220616944834	0.149820628268784	0.487922223486378	1	0	0	0	0	0
M15	TMSB10	13	9383:9395	949.751749238674	1.17220616944834	0.149820628268784	0.487922223486378	1	0	0	0	0	0
M15	TUBA1A	13	9383:9395	949.751749238674	1.17220616944834	0.149820628268784	0.487922223486378	1	0	0	0	0	0
M15	MYL6	13	9383:9395	949.751749238674	1.17220616944834	0.149820628268784	0.487922223486378	1	0	0	0	0	0
M27	SSX2IP	11	9396:9406	630.890117724004	1.42377575236177	0.101529399965573	0.490412694271631	1	0	0	0	0	0
M27	IGF1	11	9396:9406	630.890117724004	1.42377575236177	0.101529399965573	0.490412694271631	1	0	0	0	0	0
M27	TSPAN3	11	9396:9406	630.890117724004	1.42377575236177	0.101529399965573	0.490412694271631	1	0	0	0	0	0
M27	NDFIP1	11	9396:9406	630.890117724004	1.42377575236177	0.101529399965573	0.490412694271631	1	0	0	0	0	0
M27	PARK7	11	9396:9406	630.890117724004	1.42377575236177	0.101529399965573	0.490412694271631	1	0	0	0	0	0
M27	BLVRA	11	9396:9406	630.890117724004	1.42377575236177	0.101529399965573	0.490412694271631	1	0	0	0	0	0
M27	TIMP2	11	9396:9406	630.890117724004	1.42377575236177	0.101529399965573	0.490412694271631	1	0	0	0	0	0
M27	CKAP4	11	9396:9406	630.890117724004	1.42377575236177	0.101529399965573	0.490412694271631	1	0	0	0	0	0
M27	HNRNPDL	11	9396:9406	630.890117724004	1.42377575236177	0.101529399965573	0.490412694271631	1	0	0	0	0	0
M27	SF3B2	11	9396:9406	630.890117724004	1.42377575236177	0.101529399965573	0.490412694271631	1	0	0	0	0	0
M27	EIF3K	11	9396:9406	630.890117724004	1.42377575236177	0.101529399965573	0.490412694271631	1	0	0	0	0	0
M39	MASP1	10	9407:9416	17.0928969464715	3.3062392183901	0.081647783172156	0.528285900626073	0.9	0	0	0.1	0	0
M39	NPM1P11	10	9407:9416	17.0928969464715	3.3062392183901	0.081647783172156	0.528285900626073	0.9	0	0	0.1	0	0
M39	CAMKK1	10	9407:9416	17.0928969464715	3.3062392183901	0.081647783172156	0.528285900626073	0.9	0	0	0.1	0	0
M39	PGA3	10	9407:9416	17.0928969464715	3.3062392183901	0.081647783172156	0.528285900626073	0.9	0	0	0.1	0	0
M39	VWA3B	10	9407:9416	17.0928969464715	3.3062392183901	0.081647783172156	0.528285900626073	0.9	0	0	0.1	0	0
M39	CPS1	10	9407:9416	17.0928969464715	3.3062392183901	0.081647783172156	0.528285900626073	0.9	0	0	0.1	0	0
M39	LRRC69	10	9407:9416	17.0928969464715	3.3062392183901	0.081647783172156	0.528285900626073	0.9	0	0	0.1	0	0
M39	BCAS1	10	9407:9416	17.0928969464715	3.3062392183901	0.081647783172156	0.528285900626073	0.9	0	0	0.1	0	0
M39	ANKS1B	10	9407:9416	17.0928969464715	3.3062392183901	0.081647783172156	0.528285900626073	0.9	0	0	0.1	0	0
M39	NRSN2	10	9407:9416	17.0928969464715	3.3062392183901	0.081647783172156	0.528285900626073	0.9	0	0	0.1	0	0
M18	MUC17	12	9417:9428	12.2948280884274	3.46721245359251	0.0825765621205874	0.609301532805713	0.5	0.25	0	0.25	0	0
M18	CTD-2047H16.4	12	9417:9428	12.2948280884274	3.46721245359251	0.0825765621205874	0.609301532805713	0.5	0.25	0	0.25	0	0
M18	CTB-181H17.1	12	9417:9428	12.2948280884274	3.46721245359251	0.0825765621205874	0.609301532805713	0.5	0.25	0	0.25	0	0
M18	MYBPHL	12	9417:9428	12.2948280884274	3.46721245359251	0.0825765621205874	0.609301532805713	0.5	0.25	0	0.25	0	0
M18	FAM131A	12	9417:9428	12.2948280884274	3.46721245359251	0.0825765621205874	0.609301532805713	0.5	0.25	0	0.25	0	0
M18	PCLAF	12	9417:9428	12.2948280884274	3.46721245359251	0.0825765621205874	0.609301532805713	0.5	0.25	0	0.25	0	0
M18	RP11-15G8.1	12	9417:9428	12.2948280884274	3.46721245359251	0.0825765621205874	0.609301532805713	0.5	0.25	0	0.25	0	0
M18	RPL17P41	12	9417:9428	12.2948280884274	3.46721245359251	0.0825765621205874	0.609301532805713	0.5	0.25	0	0.25	0	0
M18	RPS3AP34	12	9417:9428	12.2948280884274	3.46721245359251	0.0825765621205874	0.609301532805713	0.5	0.25	0	0.25	0	0
M18	MAP3K15	12	9417:9428	12.2948280884274	3.46721245359251	0.0825765621205874	0.609301532805713	0.5	0.25	0	0.25	0	0
M18	CTA-243E7.1	12	9417:9428	12.2948280884274	3.46721245359251	0.0825765621205874	0.609301532805713	0.5	0.25	0	0.25	0	0
M18	HRH2	12	9417:9428	12.2948280884274	3.46721245359251	0.0825765621205874	0.609301532805713	0.5	0.25	0	0.25	0	0
M40	ZXDB	10	9429:9438	54.0243667787987	2.10418475197528	0.081985376740319	1.02278783283188	1	0	0	0	0	0.3
M40	SMARCAD1	10	9429:9438	54.0243667787987	2.10418475197528	0.081985376740319	1.02278783283188	1	0	0	0	0	0.3
M40	PDCL3	10	9429:9438	54.0243667787987	2.10418475197528	0.081985376740319	1.02278783283188	1	0	0	0	0	0.3
M40	ZNF286A	10	9429:9438	54.0243667787987	2.10418475197528	0.081985376740319	1.02278783283188	1	0	0	0	0	0.3
M40	ZNF286B	10	9429:9438	54.0243667787987	2.10418475197528	0.081985376740319	1.02278783283188	1	0	0	0	0	0.3
M40	DESI2	10	9429:9438	54.0243667787987	2.10418475197528	0.081985376740319	1.02278783283188	1	0	0	0	0	0.3
M40	SNAP29	10	9429:9438	54.0243667787987	2.10418475197528	0.081985376740319	1.02278783283188	1	0	0	0	0	0.3
M40	ATP1A1	10	9429:9438	54.0243667787987	2.10418475197528	0.081985376740319	1.02278783283188	1	0	0	0	0	0.3
M40	GSR	10	9429:9438	54.0243667787987	2.10418475197528	0.081985376740319	1.02278783283188	1	0	0	0	0	0.3
M40	DNAJC15	10	9429:9438	54.0243667787987	2.10418475197528	0.081985376740319	1.02278783283188	1	0	0	0	0	0.3
M16	THUMPD3-AS1	13	9439:9451	173.941531224609	1.73529093206378	0.134101189344468	0.318310355966519	0.923076923076923	0.0769230769230769	0	0	0	0.230769230769231
M16	SAP18	13	9439:9451	173.941531224609	1.73529093206378	0.134101189344468	0.318310355966519	0.923076923076923	0.0769230769230769	0	0	0	0.230769230769231
M16	NABP1	13	9439:9451	173.941531224609	1.73529093206378	0.134101189344468	0.318310355966519	0.923076923076923	0.0769230769230769	0	0	0	0.230769230769231
M16	INTS6	13	9439:9451	173.941531224609	1.73529093206378	0.134101189344468	0.318310355966519	0.923076923076923	0.0769230769230769	0	0	0	0.230769230769231
M16	SRSF3	13	9439:9451	173.941531224609	1.73529093206378	0.134101189344468	0.318310355966519	0.923076923076923	0.0769230769230769	0	0	0	0.230769230769231
M16	CALM1	13	9439:9451	173.941531224609	1.73529093206378	0.134101189344468	0.318310355966519	0.923076923076923	0.0769230769230769	0	0	0	0.230769230769231
M16	KLHL15	13	9439:9451	173.941531224609	1.73529093206378	0.134101189344468	0.318310355966519	0.923076923076923	0.0769230769230769	0	0	0	0.230769230769231
M16	ID2	13	9439:9451	173.941531224609	1.73529093206378	0.134101189344468	0.318310355966519	0.923076923076923	0.0769230769230769	0	0	0	0.230769230769231
M16	HNRNPH1	13	9439:9451	173.941531224609	1.73529093206378	0.134101189344468	0.318310355966519	0.923076923076923	0.0769230769230769	0	0	0	0.230769230769231
M16	DDIT3	13	9439:9451	173.941531224609	1.73529093206378	0.134101189344468	0.318310355966519	0.923076923076923	0.0769230769230769	0	0	0	0.230769230769231
M16	PLK2	13	9439:9451	173.941531224609	1.73529093206378	0.134101189344468	0.318310355966519	0.923076923076923	0.0769230769230769	0	0	0	0.230769230769231
M16	MAFB	13	9439:9451	173.941531224609	1.73529093206378	0.134101189344468	0.318310355966519	0.923076923076923	0.0769230769230769	0	0	0	0.230769230769231
M16	RGS2	13	9439:9451	173.941531224609	1.73529093206378	0.134101189344468	0.318310355966519	0.923076923076923	0.0769230769230769	0	0	0	0.230769230769231
M41	MCM5	10	9452:9461	50.1449463796163	3.06195607090632	0.129345463371467	0.591438591870664	1	0	0	0	0	0.1
M41	MCM2	10	9452:9461	50.1449463796163	3.06195607090632	0.129345463371467	0.591438591870664	1	0	0	0	0	0.1
M41	MCM3	10	9452:9461	50.1449463796163	3.06195607090632	0.129345463371467	0.591438591870664	1	0	0	0	0	0.1
M41	HELLS	10	9452:9461	50.1449463796163	3.06195607090632	0.129345463371467	0.591438591870664	1	0	0	0	0	0.1
M41	CDCA7	10	9452:9461	50.1449463796163	3.06195607090632	0.129345463371467	0.591438591870664	1	0	0	0	0	0.1
M41	GINS2	10	9452:9461	50.1449463796163	3.06195607090632	0.129345463371467	0.591438591870664	1	0	0	0	0	0.1
M41	ZNF736	10	9452:9461	50.1449463796163	3.06195607090632	0.129345463371467	0.591438591870664	1	0	0	0	0	0.1
M41	KNOP1	10	9452:9461	50.1449463796163	3.06195607090632	0.129345463371467	0.591438591870664	1	0	0	0	0	0.1
M41	POLE2	10	9452:9461	50.1449463796163	3.06195607090632	0.129345463371467	0.591438591870664	1	0	0	0	0	0.1
M41	BRCA1	10	9452:9461	50.1449463796163	3.06195607090632	0.129345463371467	0.591438591870664	1	0	0	0	0	0.1
