PD10_XXL_293-B9-1_S32_L007	cell_1_PD10_XXL_293-B9-1_S32_L007	2107360	2900058	2848449	2790441	2790383
PD10_XXL_293-B9-1_S32_L007	cell_2_PD10_XXL_293-B9-1_S32_L007	2549614	3507489	3459741	3385199	3385128
PD10_XXL_293-B9-1_S32_L007	cell_3_PD10_XXL_293-B9-1_S32_L007	1776800	2580850	2542765	2493671	2493633
PD10_XXL_293-B9-1_S32_L007	cell_4_PD10_XXL_293-B9-1_S32_L007	1990464	2769359	2735764	2686414	2686363
PD10_XXL_293-B9-1_S32_L007	cell_5_PD10_XXL_293-B9-1_S32_L007	2261953	3314823	3283176	3222586	3222553
PD10_XXL_293-B9-1_S32_L007	cell_6_PD10_XXL_293-B9-1_S32_L007	1736007	2695903	2658919	2608807	2608770
PD10_XXL_293-B9-1_S32_L007	cell_7_PD10_XXL_293-B9-1_S32_L007	1407242	1993952	1961730	1921418	1921384
PD10_XXL_293-B9-1_S32_L007	cell_8_PD10_XXL_293-B9-1_S32_L007	2715561	3915484	3854140	3780484	3780426
PD10_XXL_293-B9-1_S32_L007	cell_9_PD10_XXL_293-B9-1_S32_L007	2076123	2712670	2673516	2639024	2638954
PD10_XXL_293-B9-1_S32_L007	cell_10_PD10_XXL_293-B9-1_S32_L007	1581511	2195883	2162426	2130082	2130038
PD10_XXL_293-B9-1_S32_L007	cell_11_PD10_XXL_293-B9-1_S32_L007	1486166	2025787	1997227	1966992	1966950
PD10_XXL_293-B9-1_S32_L007	cell_12_PD10_XXL_293-B9-1_S32_L007	1303722	1824597	1805299	1782589	1782541
PD10_XXL_293-B9-1_S32_L007	cell_13_PD10_XXL_293-B9-1_S32_L007	1300155	1836015	1806649	1779345	1779308
PD10_XXL_293-B9-1_S32_L007	cell_14_PD10_XXL_293-B9-1_S32_L007	1305665	1854054	1833398	1809119	1809084
PD10_XXL_293-B9-1_S32_L007	cell_15_PD10_XXL_293-B9-1_S32_L007	2571004	3415299	3376056	3324254	3324175
PD10_XXL_293-B9-1_S32_L007	cell_16_PD10_XXL_293-B9-1_S32_L007	1461806	2193514	2160327	2132880	2132835
PD10_XXL_293-B9-1_S32_L007	cell_17_PD10_XXL_293-B9-1_S32_L007	1285488	1937517	1934965	1892148	1892119
PD10_XXL_293-B9-1_S32_L007	cell_18_PD10_XXL_293-B9-1_S32_L007	948576	1328120	1326772	1293050	1293033
PD10_XXL_293-B9-1_S32_L007	cell_19_PD10_XXL_293-B9-1_S32_L007	1080375	1719444	1717066	1675735	1675711
PD10_XXL_293-B9-1_S32_L007	cell_20_PD10_XXL_293-B9-1_S32_L007	929098	1434818	1433314	1402578	1402562
PD10_XXL_293-B9-1_S32_L007	cell_21_PD10_XXL_293-B9-1_S32_L007	1685021	2509423	2506981	2447932	2447904
PD10_XXL_293-B9-1_S32_L007	cell_22_PD10_XXL_293-B9-1_S32_L007	1514248	2719151	2717288	2660606	2660570
PD10_XXL_293-B9-1_S32_L007	cell_23_PD10_XXL_293-B9-1_S32_L007	1901060	3100484	3098280	3023055	3023012
PD10_XXL_293-B9-1_S32_L007	cell_24_PD10_XXL_293-B9-1_S32_L007	977853	1588905	1587081	1552669	1552653
PD10_XXL_293-B9-1_S32_L007	cell_25_PD10_XXL_293-B9-1_S32_L007	2101811	2736766	2694887	2662317	2662255
PD10_XXL_293-B9-1_S32_L007	cell_26_PD10_XXL_293-B9-1_S32_L007	1679330	2395701	2370913	2337223	2337161
PD10_XXL_293-B9-1_S32_L007	cell_27_PD10_XXL_293-B9-1_S32_L007	1525286	2035859	2011195	1982195	1982155
PD10_XXL_293-B9-1_S32_L007	cell_28_PD10_XXL_293-B9-1_S32_L007	1716470	2439320	2413857	2381191	2381142
PD10_XXL_293-B9-1_S32_L007	cell_29_PD10_XXL_293-B9-1_S32_L007	1220649	1754575	1731442	1706594	1706561
PD10_XXL_293-B9-1_S32_L007	cell_30_PD10_XXL_293-B9-1_S32_L007	1728734	2445486	2423895	2394781	2394720
PD10_XXL_293-B9-1_S32_L007	cell_31_PD10_XXL_293-B9-1_S32_L007	1764139	2278996	2248918	2215697	2215653
PD10_XXL_293-B9-1_S32_L007	cell_32_PD10_XXL_293-B9-1_S32_L007	1612398	2319258	2297034	2268334	2268291
PD10_XXL_293-B9-1_S32_L007	cell_33_PD10_XXL_293-B9-1_S32_L007	234437	408033	408004	397252	397249
PD10_XXL_293-B9-1_S32_L007	cell_34_PD10_XXL_293-B9-1_S32_L007	1149101	1706060	1705317	1659768	1659746
PD10_XXL_293-B9-1_S32_L007	cell_35_PD10_XXL_293-B9-1_S32_L007	1080916	1802170	1801410	1760734	1760719
PD10_XXL_293-B9-1_S32_L007	cell_36_PD10_XXL_293-B9-1_S32_L007	971322	1590476	1589982	1552957	1552932
PD10_XXL_293-B9-1_S32_L007	cell_37_PD10_XXL_293-B9-1_S32_L007	1254683	1961678	1960774	1909896	1909872
PD10_XXL_293-B9-1_S32_L007	cell_38_PD10_XXL_293-B9-1_S32_L007	454106	873688	873508	853757	853746
PD10_XXL_293-B9-1_S32_L007	cell_39_PD10_XXL_293-B9-1_S32_L007	924421	1567497	1567151	1527951	1527936
PD10_XXL_293-B9-1_S32_L007	cell_40_PD10_XXL_293-B9-1_S32_L007	539067	912518	912186	892400	892389
PD10_XXL_293-B9-1_S32_L007	cell_41_PD10_XXL_293-B9-1_S32_L007	1215427	1756737	1731917	1698957	1698934
PD10_XXL_293-B9-1_S32_L007	cell_42_PD10_XXL_293-B9-1_S32_L007	1755945	2485754	2443227	2389042	2389006
PD10_XXL_293-B9-1_S32_L007	cell_43_PD10_XXL_293-B9-1_S32_L007	1736229	2628077	2585355	2531950	2531902
PD10_XXL_293-B9-1_S32_L007	cell_44_PD10_XXL_293-B9-1_S32_L007	1887730	2700528	2657701	2607717	2607673
PD10_XXL_293-B9-1_S32_L007	cell_45_PD10_XXL_293-B9-1_S32_L007	309859	502961	500518	488661	488650
PD10_XXL_293-B9-1_S32_L007	cell_46_PD10_XXL_293-B9-1_S32_L007	1393534	2290976	2266073	2224291	2224272
PD10_XXL_293-B9-1_S32_L007	cell_47_PD10_XXL_293-B9-1_S32_L007	1161438	1729361	1706380	1668675	1668652
PD10_XXL_293-B9-1_S32_L007	cell_48_PD10_XXL_293-B9-1_S32_L007	1027105	1568248	1549008	1520584	1520564
PD10_XXL_293-B9-1_S32_L007	cell_49_PD10_XXL_293-B9-1_S32_L007	2202843	2859118	2825353	2789588	2789531
PD10_XXL_293-B9-1_S32_L007	cell_50_PD10_XXL_293-B9-1_S32_L007	1042753	1439598	1421957	1399733	1399709
PD10_XXL_293-B9-1_S32_L007	cell_51_PD10_XXL_293-B9-1_S32_L007	1226367	1632507	1618217	1595778	1595733
PD10_XXL_293-B9-1_S32_L007	cell_52_PD10_XXL_293-B9-1_S32_L007	1620515	2274350	2251274	2222082	2222038
PD10_XXL_293-B9-1_S32_L007	cell_53_PD10_XXL_293-B9-1_S32_L007	982539	1384556	1368670	1348293	1348272
PD10_XXL_293-B9-1_S32_L007	cell_54_PD10_XXL_293-B9-1_S32_L007	1402795	1963313	1947747	1922081	1922037
PD10_XXL_293-B9-1_S32_L007	cell_55_PD10_XXL_293-B9-1_S32_L007	1461568	1883094	1864598	1834790	1834742
PD10_XXL_293-B9-1_S32_L007	cell_56_PD10_XXL_293-B9-1_S32_L007	1391506	1999661	1980926	1954797	1954750
PD10_XXL_293-B9-1_S32_L007	cell_57_PD10_XXL_293-B9-1_S32_L007	2381082	3071450	3030483	2992753	2992686
PD10_XXL_293-B9-1_S32_L007	cell_58_PD10_XXL_293-B9-1_S32_L007	1401600	1858787	1829530	1800020	1799978
PD10_XXL_293-B9-1_S32_L007	cell_59_PD10_XXL_293-B9-1_S32_L007	2142487	2882241	2849014	2808716	2808655
PD10_XXL_293-B9-1_S32_L007	cell_60_PD10_XXL_293-B9-1_S32_L007	2176139	2931479	2888107	2846127	2846050
PD10_XXL_293-B9-1_S32_L007	cell_61_PD10_XXL_293-B9-1_S32_L007	1826735	2506023	2472676	2434368	2434321
PD10_XXL_293-B9-1_S32_L007	cell_62_PD10_XXL_293-B9-1_S32_L007	1917248	2655463	2631565	2597754	2597695
PD10_XXL_293-B9-1_S32_L007	cell_63_PD10_XXL_293-B9-1_S32_L007	1643602	2145372	2111280	2079441	2079386
PD10_XXL_293-B9-1_S32_L007	cell_64_PD10_XXL_293-B9-1_S32_L007	1467463	2106707	2080383	2053697	2053647
PD10_XXL_293-B9-1_S32_L007	cell_65_PD10_XXL_293-B9-1_S32_L007	1932509	2665151	2628240	2565082	2565050
PD10_XXL_293-B9-1_S32_L007	cell_66_PD10_XXL_293-B9-1_S32_L007	1719699	2215845	2184036	2126974	2126941
PD10_XXL_293-B9-1_S32_L007	cell_67_PD10_XXL_293-B9-1_S32_L007	1801341	2613662	2587801	2525115	2525077
PD10_XXL_293-B9-1_S32_L007	cell_68_PD10_XXL_293-B9-1_S32_L007	1887297	2665987	2632850	2581265	2581228
PD10_XXL_293-B9-1_S32_L007	cell_69_PD10_XXL_293-B9-1_S32_L007	1113067	1525119	1508776	1474569	1474542
PD10_XXL_293-B9-1_S32_L007	cell_70_PD10_XXL_293-B9-1_S32_L007	1202266	1943981	1928868	1882325	1882301
PD10_XXL_293-B9-1_S32_L007	cell_71_PD10_XXL_293-B9-1_S32_L007	2047301	3044668	3012249	2941904	2941864
PD10_XXL_293-B9-1_S32_L007	cell_72_PD10_XXL_293-B9-1_S32_L007	1087686	1623385	1609042	1575260	1575244
PD10_XXL_293-B9-1_S32_L007	cell_73_PD10_XXL_293-B9-1_S32_L007	1555967	2001896	1970679	1945157	1945119
PD10_XXL_293-B9-1_S32_L007	cell_74_PD10_XXL_293-B9-1_S32_L007	1720909	2368432	2330927	2296129	2296090
PD10_XXL_293-B9-1_S32_L007	cell_75_PD10_XXL_293-B9-1_S32_L007	1715285	2276930	2249854	2215738	2215695
PD10_XXL_293-B9-1_S32_L007	cell_76_PD10_XXL_293-B9-1_S32_L007	1812095	2554090	2524404	2492481	2492422
PD10_XXL_293-B9-1_S32_L007	cell_77_PD10_XXL_293-B9-1_S32_L007	1701796	2460596	2433452	2396782	2396740
PD10_XXL_293-B9-1_S32_L007	cell_78_PD10_XXL_293-B9-1_S32_L007	1440416	2007935	1986065	1960801	1960764
PD10_XXL_293-B9-1_S32_L007	cell_79_PD10_XXL_293-B9-1_S32_L007	2112952	2710318	2675687	2636263	2636208
PD10_XXL_293-B9-1_S32_L007	cell_80_PD10_XXL_293-B9-1_S32_L007	1524912	2178155	2154006	2125257	2125212
PD10_XXL_293-B9-1_S32_L007	cell_81_PD10_XXL_293-B9-1_S32_L007	2479193	3222541	3175482	3135860	3135797
PD10_XXL_293-B9-1_S32_L007	cell_82_PD10_XXL_293-B9-1_S32_L007	1065165	1440364	1415094	1394371	1394329
PD10_XXL_293-B9-1_S32_L007	cell_83_PD10_XXL_293-B9-1_S32_L007	2020073	2755344	2727473	2691129	2691063
PD10_XXL_293-B9-1_S32_L007	cell_84_PD10_XXL_293-B9-1_S32_L007	1324620	1852842	1834409	1813557	1813526
PD10_XXL_293-B9-1_S32_L007	cell_85_PD10_XXL_293-B9-1_S32_L007	1478821	2110781	2085222	2056920	2056871
PD10_XXL_293-B9-1_S32_L007	cell_86_PD10_XXL_293-B9-1_S32_L007	2067975	2956635	2940362	2904725	2904663
PD10_XXL_293-B9-1_S32_L007	cell_87_PD10_XXL_293-B9-1_S32_L007	1774099	2311959	2282034	2246205	2246163
PD10_XXL_293-B9-1_S32_L007	cell_88_PD10_XXL_293-B9-1_S32_L007	1240638	1894573	1875964	1851185	1851147
PD10_XXL_293-B9-1_S32_L007	cell_89_PD10_XXL_293-B9-1_S32_L007	1960868	2843481	2808695	2761213	2761168
PD10_XXL_293-B9-1_S32_L007	cell_90_PD10_XXL_293-B9-1_S32_L007	994336	1416119	1396380	1367311	1367283
PD10_XXL_293-B9-1_S32_L007	cell_91_PD10_XXL_293-B9-1_S32_L007	718961	1082796	1069691	1047940	1047925
PD10_XXL_293-B9-1_S32_L007	cell_92_PD10_XXL_293-B9-1_S32_L007	806642	1171899	1158703	1137635	1137612
PD10_XXL_293-B9-1_S32_L007	cell_93_PD10_XXL_293-B9-1_S32_L007	525366	772273	760139	744569	744557
PD10_XXL_293-B9-1_S32_L007	cell_94_PD10_XXL_293-B9-1_S32_L007	1024669	1667412	1651438	1622324	1622304
PD10_XXL_293-B9-1_S32_L007	cell_95_PD10_XXL_293-B9-1_S32_L007	1387875	2093348	2078688	2034190	2034161
PD10_XXL_293-B9-1_S32_L007	cell_96_PD10_XXL_293-B9-1_S32_L007	1553123	2331079	2305663	2264548	2264500
PD10_XXL_293-B9-2_S33_L008	cell_1_PD10_XXL_293-B9-2_S33_L008	2767021	3824899	3785851	3713427	3713399
PD10_XXL_293-B9-2_S33_L008	cell_2_PD10_XXL_293-B9-2_S33_L008	1095344	1433786	1420259	1388771	1388761
PD10_XXL_293-B9-2_S33_L008	cell_3_PD10_XXL_293-B9-2_S33_L008	1964783	2885700	2856261	2793835	2793819
PD10_XXL_293-B9-2_S33_L008	cell_4_PD10_XXL_293-B9-2_S33_L008	1686135	2334614	2316466	2272821	2272806
PD10_XXL_293-B9-2_S33_L008	cell_5_PD10_XXL_293-B9-2_S33_L008	3134449	4277955	4234305	4145801	4145772
PD10_XXL_293-B9-2_S33_L008	cell_6_PD10_XXL_293-B9-2_S33_L008	271729	492271	491699	480245	480237
PD10_XXL_293-B9-2_S33_L008	cell_7_PD10_XXL_293-B9-2_S33_L008	2252412	3033506	3003848	2936819	2936786
PD10_XXL_293-B9-2_S33_L008	cell_8_PD10_XXL_293-B9-2_S33_L008	3162716	4514123	4468799	4387059	4387017
PD10_XXL_293-B9-2_S33_L008	cell_9_PD10_XXL_293-B9-2_S33_L008	2355652	3199263	3172232	3130663	3130631
PD10_XXL_293-B9-2_S33_L008	cell_10_PD10_XXL_293-B9-2_S33_L008	1543542	2087901	2065596	2031272	2031254
PD10_XXL_293-B9-2_S33_L008	cell_11_PD10_XXL_293-B9-2_S33_L008	1216443	1728395	1715212	1688978	1688965
PD10_XXL_293-B9-2_S33_L008	cell_12_PD10_XXL_293-B9-2_S33_L008	1349554	1971451	1958822	1932725	1932703
PD10_XXL_293-B9-2_S33_L008	cell_13_PD10_XXL_293-B9-2_S33_L008	1798049	2528216	2508228	2467841	2467811
PD10_XXL_293-B9-2_S33_L008	cell_14_PD10_XXL_293-B9-2_S33_L008	2010695	3001181	2976882	2939753	2939723
PD10_XXL_293-B9-2_S33_L008	cell_15_PD10_XXL_293-B9-2_S33_L008	2285295	3056872	3028371	2982656	2982621
PD10_XXL_293-B9-2_S33_L008	cell_16_PD10_XXL_293-B9-2_S33_L008	2194273	3285356	3259059	3215981	3215945
PD10_XXL_293-B9-2_S33_L008	cell_17_PD10_XXL_293-B9-2_S33_L008	1426646	2232164	2230830	2181413	2181403
PD10_XXL_293-B9-2_S33_L008	cell_18_PD10_XXL_293-B9-2_S33_L008	1477085	2163389	2161751	2106190	2106178
PD10_XXL_293-B9-2_S33_L008	cell_19_PD10_XXL_293-B9-2_S33_L008	1284243	2137075	2135810	2084771	2084744
PD10_XXL_293-B9-2_S33_L008	cell_20_PD10_XXL_293-B9-2_S33_L008	870844	1360665	1359891	1330248	1330234
PD10_XXL_293-B9-2_S33_L008	cell_21_PD10_XXL_293-B9-2_S33_L008	1098759	1643694	1642392	1603105	1603089
PD10_XXL_293-B9-2_S33_L008	cell_22_PD10_XXL_293-B9-2_S33_L008	1045153	1958762	1958002	1908630	1908621
PD10_XXL_293-B9-2_S33_L008	cell_23_PD10_XXL_293-B9-2_S33_L008	1275035	2018987	2017993	1964876	1964863
PD10_XXL_293-B9-2_S33_L008	cell_24_PD10_XXL_293-B9-2_S33_L008	1180592	1936181	1935255	1892311	1892301
PD10_XXL_293-B9-2_S33_L008	cell_25_PD10_XXL_293-B9-2_S33_L008	2140009	2863790	2838074	2801903	2801876
PD10_XXL_293-B9-2_S33_L008	cell_26_PD10_XXL_293-B9-2_S33_L008	1258138	1679829	1661087	1633186	1633166
PD10_XXL_293-B9-2_S33_L008	cell_27_PD10_XXL_293-B9-2_S33_L008	1723587	2361907	2341220	2306422	2306400
PD10_XXL_293-B9-2_S33_L008	cell_28_PD10_XXL_293-B9-2_S33_L008	1395588	2033398	2018044	1992599	1992566
PD10_XXL_293-B9-2_S33_L008	cell_29_PD10_XXL_293-B9-2_S33_L008	1738005	2422636	2403223	2366775	2366759
PD10_XXL_293-B9-2_S33_L008	cell_30_PD10_XXL_293-B9-2_S33_L008	528899	778357	773165	763868	763865
PD10_XXL_293-B9-2_S33_L008	cell_31_PD10_XXL_293-B9-2_S33_L008	1860395	2480899	2456605	2420393	2420363
PD10_XXL_293-B9-2_S33_L008	cell_32_PD10_XXL_293-B9-2_S33_L008	1889025	2667043	2646429	2613331	2613309
PD10_XXL_293-B9-2_S33_L008	cell_33_PD10_XXL_293-B9-2_S33_L008	942373	1572103	1571754	1534637	1534623
PD10_XXL_293-B9-2_S33_L008	cell_34_PD10_XXL_293-B9-2_S33_L008	1026186	1597561	1597164	1555013	1555005
PD10_XXL_293-B9-2_S33_L008	cell_35_PD10_XXL_293-B9-2_S33_L008	979923	1718426	1718175	1676128	1676115
PD10_XXL_293-B9-2_S33_L008	cell_36_PD10_XXL_293-B9-2_S33_L008	1038633	1766567	1766238	1728484	1728476
PD10_XXL_293-B9-2_S33_L008	cell_37_PD10_XXL_293-B9-2_S33_L008	887467	1434459	1434138	1400833	1400821
PD10_XXL_293-B9-2_S33_L008	cell_38_PD10_XXL_293-B9-2_S33_L008	779415	1616667	1616465	1582020	1582010
PD10_XXL_293-B9-2_S33_L008	cell_39_PD10_XXL_293-B9-2_S33_L008	942069	1594889	1594623	1554858	1554846
PD10_XXL_293-B9-2_S33_L008	cell_40_PD10_XXL_293-B9-2_S33_L008	658649	1150944	1150751	1124063	1124058
PD10_XXL_293-B9-2_S33_L008	cell_41_PD10_XXL_293-B9-2_S33_L008	2103698	2931466	2896559	2838321	2838294
PD10_XXL_293-B9-2_S33_L008	cell_42_PD10_XXL_293-B9-2_S33_L008	1349208	1780925	1757937	1718551	1718535
PD10_XXL_293-B9-2_S33_L008	cell_43_PD10_XXL_293-B9-2_S33_L008	576318	847559	839532	821005	821000
PD10_XXL_293-B9-2_S33_L008	cell_44_PD10_XXL_293-B9-2_S33_L008	1229208	1705908	1687883	1655835	1655816
PD10_XXL_293-B9-2_S33_L008	cell_45_PD10_XXL_293-B9-2_S33_L008	346489	526064	524360	513762	513753
PD10_XXL_293-B9-2_S33_L008	cell_46_PD10_XXL_293-B9-2_S33_L008	1097749	1834192	1821576	1785078	1785066
PD10_XXL_293-B9-2_S33_L008	cell_47_PD10_XXL_293-B9-2_S33_L008	1534382	2083943	2060772	2014841	2014827
PD10_XXL_293-B9-2_S33_L008	cell_48_PD10_XXL_293-B9-2_S33_L008	1289547	1855932	1838944	1804025	1804011
PD10_XXL_293-B9-2_S33_L008	cell_49_PD10_XXL_293-B9-2_S33_L008	1660543	2198097	2182744	2153904	2153877
PD10_XXL_293-B9-2_S33_L008	cell_50_PD10_XXL_293-B9-2_S33_L008	2178450	2957557	2946625	2899379	2899352
PD10_XXL_293-B9-2_S33_L008	cell_51_PD10_XXL_293-B9-2_S33_L008	1646686	2248648	2232187	2197512	2197489
PD10_XXL_293-B9-2_S33_L008	cell_52_PD10_XXL_293-B9-2_S33_L008	1337018	1935629	1924785	1899714	1899694
PD10_XXL_293-B9-2_S33_L008	cell_53_PD10_XXL_293-B9-2_S33_L008	2023048	2808522	2791694	2754023	2753995
PD10_XXL_293-B9-2_S33_L008	cell_54_PD10_XXL_293-B9-2_S33_L008	1303812	1874048	1864620	1841160	1841143
PD10_XXL_293-B9-2_S33_L008	cell_55_PD10_XXL_293-B9-2_S33_L008	2160504	2880527	2866569	2816870	2816831
PD10_XXL_293-B9-2_S33_L008	cell_56_PD10_XXL_293-B9-2_S33_L008	1352497	1910426	1900746	1876723	1876699
PD10_XXL_293-B9-2_S33_L008	cell_57_PD10_XXL_293-B9-2_S33_L008	1278520	1712776	1701853	1680427	1680404
PD10_XXL_293-B9-2_S33_L008	cell_58_PD10_XXL_293-B9-2_S33_L008	416642	586054	585116	576199	576195
PD10_XXL_293-B9-2_S33_L008	cell_59_PD10_XXL_293-B9-2_S33_L008	216103	326168	325647	320605	320602
PD10_XXL_293-B9-2_S33_L008	cell_60_PD10_XXL_293-B9-2_S33_L008	974457	1342154	1333468	1315418	1315408
PD10_XXL_293-B9-2_S33_L008	cell_61_PD10_XXL_293-B9-2_S33_L008	1368846	1830201	1816904	1790876	1790855
PD10_XXL_293-B9-2_S33_L008	cell_62_PD10_XXL_293-B9-2_S33_L008	1216194	1718654	1711331	1690937	1690921
PD10_XXL_293-B9-2_S33_L008	cell_63_PD10_XXL_293-B9-2_S33_L008	1641527	2140655	2125766	2094817	2094794
PD10_XXL_293-B9-2_S33_L008	cell_64_PD10_XXL_293-B9-2_S33_L008	2014950	2804851	2789624	2754852	2754825
PD10_XXL_293-B9-2_S33_L008	cell_65_PD10_XXL_293-B9-2_S33_L008	1944074	2772847	2750605	2687651	2687622
PD10_XXL_293-B9-2_S33_L008	cell_66_PD10_XXL_293-B9-2_S33_L008	928556	1229885	1216983	1186149	1186142
PD10_XXL_293-B9-2_S33_L008	cell_67_PD10_XXL_293-B9-2_S33_L008	1567420	2355132	2336365	2276342	2276327
PD10_XXL_293-B9-2_S33_L008	cell_68_PD10_XXL_293-B9-2_S33_L008	1280238	1837857	1824330	1783709	1783690
PD10_XXL_293-B9-2_S33_L008	cell_69_PD10_XXL_293-B9-2_S33_L008	1660513	2272788	2255100	2201126	2201100
PD10_XXL_293-B9-2_S33_L008	cell_70_PD10_XXL_293-B9-2_S33_L008	983636	1666909	1656615	1616156	1616141
PD10_XXL_293-B9-2_S33_L008	cell_71_PD10_XXL_293-B9-2_S33_L008	2019560	2915079	2890312	2817009	2816981
PD10_XXL_293-B9-2_S33_L008	cell_72_PD10_XXL_293-B9-2_S33_L008	1329969	1947621	1933387	1889776	1889757
PD10_XXL_293-B9-2_S33_L008	cell_73_PD10_XXL_293-B9-2_S33_L008	2211310	2907262	2876039	2836859	2836825
PD10_XXL_293-B9-2_S33_L008	cell_74_PD10_XXL_293-B9-2_S33_L008	1295835	1709640	1689581	1664483	1664475
PD10_XXL_293-B9-2_S33_L008	cell_75_PD10_XXL_293-B9-2_S33_L008	1504072	2041308	2022678	1992917	1992893
PD10_XXL_293-B9-2_S33_L008	cell_76_PD10_XXL_293-B9-2_S33_L008	958570	1380746	1368747	1350556	1350537
PD10_XXL_293-B9-2_S33_L008	cell_77_PD10_XXL_293-B9-2_S33_L008	1898349	2640313	2621211	2581599	2581578
PD10_XXL_293-B9-2_S33_L008	cell_78_PD10_XXL_293-B9-2_S33_L008	1462343	2120345	2107143	2081306	2081285
PD10_XXL_293-B9-2_S33_L008	cell_79_PD10_XXL_293-B9-2_S33_L008	1549039	2045195	2027604	1995528	1995505
PD10_XXL_293-B9-2_S33_L008	cell_80_PD10_XXL_293-B9-2_S33_L008	1688185	2398423	2379404	2347701	2347668
PD10_XXL_293-B9-2_S33_L008	cell_81_PD10_XXL_293-B9-2_S33_L008	2081082	2793516	2766948	2730666	2730646
PD10_XXL_293-B9-2_S33_L008	cell_82_PD10_XXL_293-B9-2_S33_L008	1822832	2442364	2421566	2380807	2380784
PD10_XXL_293-B9-2_S33_L008	cell_83_PD10_XXL_293-B9-2_S33_L008	1780036	2490702	2469110	2432515	2432480
PD10_XXL_293-B9-2_S33_L008	cell_84_PD10_XXL_293-B9-2_S33_L008	1396229	2017204	2004148	1977395	1977375
PD10_XXL_293-B9-2_S33_L008	cell_85_PD10_XXL_293-B9-2_S33_L008	1422438	1946595	1927753	1897044	1897028
PD10_XXL_293-B9-2_S33_L008	cell_86_PD10_XXL_293-B9-2_S33_L008	1453258	2119191	2106702	2079791	2079764
PD10_XXL_293-B9-2_S33_L008	cell_87_PD10_XXL_293-B9-2_S33_L008	2913189	3872707	3849960	3789761	3789722
PD10_XXL_293-B9-2_S33_L008	cell_88_PD10_XXL_293-B9-2_S33_L008	1523028	2228628	2210628	2180950	2180931
PD10_XXL_293-B9-2_S33_L008	cell_89_PD10_XXL_293-B9-2_S33_L008	3056949	4356478	4312313	4230267	4230228
PD10_XXL_293-B9-2_S33_L008	cell_90_PD10_XXL_293-B9-2_S33_L008	1301091	1762079	1746044	1708132	1708123
PD10_XXL_293-B9-2_S33_L008	cell_91_PD10_XXL_293-B9-2_S33_L008	1270697	1906236	1890316	1850719	1850697
PD10_XXL_293-B9-2_S33_L008	cell_92_PD10_XXL_293-B9-2_S33_L008	1105443	1581812	1570388	1538983	1538965
PD10_XXL_293-B9-2_S33_L008	cell_93_PD10_XXL_293-B9-2_S33_L008	847833	1189043	1177363	1153459	1153448
PD10_XXL_293-B9-2_S33_L008	cell_94_PD10_XXL_293-B9-2_S33_L008	726146	1219070	1210822	1186780	1186772
PD10_XXL_293-B9-2_S33_L008	cell_95_PD10_XXL_293-B9-2_S33_L008	1131866	1576363	1563979	1528634	1528607
PD10_XXL_293-B9-2_S33_L008	cell_96_PD10_XXL_293-B9-2_S33_L008	740512	1094735	1086571	1066294	1066283
PR10_XXL_293-B9-3_S17_L002	cell_1_PR10_XXL_293-B9-3_S17_L002	354762	552879	551178	540846	540839
PR10_XXL_293-B9-3_S17_L002	cell_2_PR10_XXL_293-B9-3_S17_L002	1306323	1704686	1667682	1632317	1632310
PR10_XXL_293-B9-3_S17_L002	cell_3_PR10_XXL_293-B9-3_S17_L002	1519707	2142401	2100768	2057601	2057585
PR10_XXL_293-B9-3_S17_L002	cell_4_PR10_XXL_293-B9-3_S17_L002	2582005	3491879	3441632	3378645	3378622
PR10_XXL_293-B9-3_S17_L002	cell_5_PR10_XXL_293-B9-3_S17_L002	2675314	3651905	3593995	3520540	3520527
PR10_XXL_293-B9-3_S17_L002	cell_6_PR10_XXL_293-B9-3_S17_L002	1521943	2370193	2323607	2283140	2283132
PR10_XXL_293-B9-3_S17_L002	cell_7_PR10_XXL_293-B9-3_S17_L002	2663280	3696803	3635834	3561246	3561231
PR10_XXL_293-B9-3_S17_L002	cell_8_PR10_XXL_293-B9-3_S17_L002	2248688	3196798	3134893	3076533	3076511
PR10_XXL_293-B9-3_S17_L002	cell_9_PR10_XXL_293-B9-3_S17_L002	2538343	3306670	3239720	3196530	3196519
PR10_XXL_293-B9-3_S17_L002	cell_10_PR10_XXL_293-B9-3_S17_L002	2793667	3763886	3703366	3643765	3643745
PR10_XXL_293-B9-3_S17_L002	cell_11_PR10_XXL_293-B9-3_S17_L002	1878293	2521950	2481556	2444319	2444309
PR10_XXL_293-B9-3_S17_L002	cell_12_PR10_XXL_293-B9-3_S17_L002	1601835	2230659	2194897	2164809	2164799
PR10_XXL_293-B9-3_S17_L002	cell_13_PR10_XXL_293-B9-3_S17_L002	1332066	1838316	1805246	1778545	1778534
PR10_XXL_293-B9-3_S17_L002	cell_14_PR10_XXL_293-B9-3_S17_L002	1897700	2678354	2650158	2616266	2616256
PR10_XXL_293-B9-3_S17_L002	cell_15_PR10_XXL_293-B9-3_S17_L002	234936	351160	350360	337864	337863
PR10_XXL_293-B9-3_S17_L002	cell_16_PR10_XXL_293-B9-3_S17_L002	1816797	2684363	2638308	2602540	2602524
PR10_XXL_293-B9-3_S17_L002	cell_17_PR10_XXL_293-B9-3_S17_L002	1855742	2682470	2677057	2621310	2621301
PR10_XXL_293-B9-3_S17_L002	cell_18_PR10_XXL_293-B9-3_S17_L002	1397162	1897078	1892961	1846666	1846651
PR10_XXL_293-B9-3_S17_L002	cell_19_PR10_XXL_293-B9-3_S17_L002	2191796	3328781	3323486	3244386	3244366
PR10_XXL_293-B9-3_S17_L002	cell_20_PR10_XXL_293-B9-3_S17_L002	1852105	2746971	2742716	2684523	2684514
PR10_XXL_293-B9-3_S17_L002	cell_21_PR10_XXL_293-B9-3_S17_L002	2439761	3455985	3448788	3368714	3368697
PR10_XXL_293-B9-3_S17_L002	cell_22_PR10_XXL_293-B9-3_S17_L002	1846227	3161266	3157678	3083301	3083286
PR10_XXL_293-B9-3_S17_L002	cell_23_PR10_XXL_293-B9-3_S17_L002	2282307	3540075	3534557	3452306	3452290
PR10_XXL_293-B9-3_S17_L002	cell_24_PR10_XXL_293-B9-3_S17_L002	241604	464546	464406	452516	452515
PR10_XXL_293-B9-3_S17_L002	cell_25_PR10_XXL_293-B9-3_S17_L002	2565015	3307014	3250563	3208792	3208776
PR10_XXL_293-B9-3_S17_L002	cell_26_PR10_XXL_293-B9-3_S17_L002	1592604	2128600	2083101	2048584	2048567
PR10_XXL_293-B9-3_S17_L002	cell_27_PR10_XXL_293-B9-3_S17_L002	1784113	2357651	2319395	2284603	2284590
PR10_XXL_293-B9-3_S17_L002	cell_28_PR10_XXL_293-B9-3_S17_L002	1825207	2555853	2525400	2491170	2491157
PR10_XXL_293-B9-3_S17_L002	cell_29_PR10_XXL_293-B9-3_S17_L002	1416112	1941111	1905064	1877912	1877900
PR10_XXL_293-B9-3_S17_L002	cell_30_PR10_XXL_293-B9-3_S17_L002	1821668	2534594	2510560	2480205	2480189
PR10_XXL_293-B9-3_S17_L002	cell_31_PR10_XXL_293-B9-3_S17_L002	290099	425428	424208	416545	416545
PR10_XXL_293-B9-3_S17_L002	cell_32_PR10_XXL_293-B9-3_S17_L002	1504830	2109329	2074495	2049727	2049713
PR10_XXL_293-B9-3_S17_L002	cell_33_PR10_XXL_293-B9-3_S17_L002	2274855	3462321	3460244	3392404	3392393
PR10_XXL_293-B9-3_S17_L002	cell_34_PR10_XXL_293-B9-3_S17_L002	1857612	2629486	2628150	2560166	2560154
PR10_XXL_293-B9-3_S17_L002	cell_35_PR10_XXL_293-B9-3_S17_L002	1098391	1740031	1739005	1694941	1694930
PR10_XXL_293-B9-3_S17_L002	cell_36_PR10_XXL_293-B9-3_S17_L002	1240251	1933533	1932768	1892188	1892175
PR10_XXL_293-B9-3_S17_L002	cell_37_PR10_XXL_293-B9-3_S17_L002	483141	716000	715477	697680	697677
PR10_XXL_293-B9-3_S17_L002	cell_38_PR10_XXL_293-B9-3_S17_L002	911560	1722677	1722192	1680129	1680123
PR10_XXL_293-B9-3_S17_L002	cell_39_PR10_XXL_293-B9-3_S17_L002	2143317	3415756	3414070	3322066	3322051
PR10_XXL_293-B9-3_S17_L002	cell_40_PR10_XXL_293-B9-3_S17_L002	1116052	1788277	1787563	1747367	1747360
PR10_XXL_293-B9-3_S17_L002	cell_41_PR10_XXL_293-B9-3_S17_L002	1724486	2434972	2389964	2345097	2345087
PR10_XXL_293-B9-3_S17_L002	cell_42_PR10_XXL_293-B9-3_S17_L002	124219	176378	173931	170240	170239
PR10_XXL_293-B9-3_S17_L002	cell_43_PR10_XXL_293-B9-3_S17_L002	1454893	2148796	2108717	2065728	2065718
PR10_XXL_293-B9-3_S17_L002	cell_44_PR10_XXL_293-B9-3_S17_L002	1756010	2470367	2432836	2389673	2389655
PR10_XXL_293-B9-3_S17_L002	cell_45_PR10_XXL_293-B9-3_S17_L002	213792	337195	335004	327190	327190
PR10_XXL_293-B9-3_S17_L002	cell_46_PR10_XXL_293-B9-3_S17_L002	1237753	2063714	2041389	2003707	2003696
PR10_XXL_293-B9-3_S17_L002	cell_47_PR10_XXL_293-B9-3_S17_L002	1727029	2489993	2454780	2399317	2399306
PR10_XXL_293-B9-3_S17_L002	cell_48_PR10_XXL_293-B9-3_S17_L002	1165364	1726782	1697986	1668286	1668277
PR10_XXL_293-B9-3_S17_L002	cell_49_PR10_XXL_293-B9-3_S17_L002	2245078	2908263	2875856	2838760	2838749
PR10_XXL_293-B9-3_S17_L002	cell_50_PR10_XXL_293-B9-3_S17_L002	1807741	2406944	2369008	2332039	2332028
PR10_XXL_293-B9-3_S17_L002	cell_51_PR10_XXL_293-B9-3_S17_L002	1697941	2227207	2203112	2170578	2170567
PR10_XXL_293-B9-3_S17_L002	cell_52_PR10_XXL_293-B9-3_S17_L002	176741	287707	287389	280192	280190
PR10_XXL_293-B9-3_S17_L002	cell_53_PR10_XXL_293-B9-3_S17_L002	1606911	2199157	2170659	2138539	2138528
PR10_XXL_293-B9-3_S17_L002	cell_54_PR10_XXL_293-B9-3_S17_L002	1303534	1791093	1773751	1752707	1752696
PR10_XXL_293-B9-3_S17_L002	cell_55_PR10_XXL_293-B9-3_S17_L002	1164201	1464836	1445474	1422914	1422905
PR10_XXL_293-B9-3_S17_L002	cell_56_PR10_XXL_293-B9-3_S17_L002	1010289	1415652	1399128	1382981	1382973
PR10_XXL_293-B9-3_S17_L002	cell_57_PR10_XXL_293-B9-3_S17_L002	1811882	2371061	2344038	2310705	2310688
PR10_XXL_293-B9-3_S17_L002	cell_58_PR10_XXL_293-B9-3_S17_L002	1125539	1456135	1422034	1398581	1398576
PR10_XXL_293-B9-3_S17_L002	cell_59_PR10_XXL_293-B9-3_S17_L002	2996847	4005989	3976260	3919392	3919374
PR10_XXL_293-B9-3_S17_L002	cell_60_PR10_XXL_293-B9-3_S17_L002	1553713	2129148	2102883	2074234	2074221
PR10_XXL_293-B9-3_S17_L002	cell_61_PR10_XXL_293-B9-3_S17_L002	1235992	1647105	1613747	1590355	1590337
PR10_XXL_293-B9-3_S17_L002	cell_62_PR10_XXL_293-B9-3_S17_L002	1230358	1667818	1644098	1624892	1624885
PR10_XXL_293-B9-3_S17_L002	cell_63_PR10_XXL_293-B9-3_S17_L002	1634237	2087972	2049104	2016711	2016698
PR10_XXL_293-B9-3_S17_L002	cell_64_PR10_XXL_293-B9-3_S17_L002	225382	373387	372345	366145	366140
PR10_XXL_293-B9-3_S17_L002	cell_65_PR10_XXL_293-B9-3_S17_L002	1519482	2064187	2034455	1993478	1993468
PR10_XXL_293-B9-3_S17_L002	cell_66_PR10_XXL_293-B9-3_S17_L002	1784778	2259327	2219748	2166904	2166891
PR10_XXL_293-B9-3_S17_L002	cell_67_PR10_XXL_293-B9-3_S17_L002	1446200	2039336	2007443	1960891	1960885
PR10_XXL_293-B9-3_S17_L002	cell_68_PR10_XXL_293-B9-3_S17_L002	1524920	2119121	2090469	2048208	2048193
PR10_XXL_293-B9-3_S17_L002	cell_69_PR10_XXL_293-B9-3_S17_L002	1942165	2569622	2523711	2460795	2460783
PR10_XXL_293-B9-3_S17_L002	cell_70_PR10_XXL_293-B9-3_S17_L002	972156	1549173	1530972	1495009	1494998
PR10_XXL_293-B9-3_S17_L002	cell_71_PR10_XXL_293-B9-3_S17_L002	1872265	2705688	2682311	2614374	2614358
PR10_XXL_293-B9-3_S17_L002	cell_72_PR10_XXL_293-B9-3_S17_L002	992005	1432861	1413364	1383006	1382995
PR10_XXL_293-B9-3_S17_L002	cell_73_PR10_XXL_293-B9-3_S17_L002	2215290	2863164	2817107	2783361	2783346
PR10_XXL_293-B9-3_S17_L002	cell_74_PR10_XXL_293-B9-3_S17_L002	1738956	2319778	2274181	2234423	2234409
PR10_XXL_293-B9-3_S17_L002	cell_75_PR10_XXL_293-B9-3_S17_L002	1877123	2444034	2400016	2364139	2364121
PR10_XXL_293-B9-3_S17_L002	cell_76_PR10_XXL_293-B9-3_S17_L002	1336013	1839536	1809018	1783718	1783701
PR10_XXL_293-B9-3_S17_L002	cell_77_PR10_XXL_293-B9-3_S17_L002	1237797	1681930	1648802	1624327	1624319
PR10_XXL_293-B9-3_S17_L002	cell_78_PR10_XXL_293-B9-3_S17_L002	1365631	1891063	1867812	1843848	1843835
PR10_XXL_293-B9-3_S17_L002	cell_79_PR10_XXL_293-B9-3_S17_L002	244063	346175	345231	338844	338841
PR10_XXL_293-B9-3_S17_L002	cell_80_PR10_XXL_293-B9-3_S17_L002	529891	741270	729856	720726	720725
PR10_XXL_293-B9-3_S17_L002	cell_81_PR10_XXL_293-B9-3_S17_L002	3937841	5197038	5166124	5092494	5092462
PR10_XXL_293-B9-3_S17_L002	cell_82_PR10_XXL_293-B9-3_S17_L002	1366873	1808656	1777932	1751374	1751365
PR10_XXL_293-B9-3_S17_L002	cell_83_PR10_XXL_293-B9-3_S17_L002	1632293	2166576	2131191	2099697	2099684
PR10_XXL_293-B9-3_S17_L002	cell_84_PR10_XXL_293-B9-3_S17_L002	781000	1175213	1173826	1158311	1158305
PR10_XXL_293-B9-3_S17_L002	cell_85_PR10_XXL_293-B9-3_S17_L002	1303140	1770975	1735491	1710848	1710838
PR10_XXL_293-B9-3_S17_L002	cell_86_PR10_XXL_293-B9-3_S17_L002	1153729	1607199	1590788	1570248	1570243
PR10_XXL_293-B9-3_S17_L002	cell_87_PR10_XXL_293-B9-3_S17_L002	1739336	2239242	2203937	2167128	2167116
PR10_XXL_293-B9-3_S17_L002	cell_88_PR10_XXL_293-B9-3_S17_L002	798088	1177031	1160131	1146500	1146497
PR10_XXL_293-B9-3_S17_L002	cell_89_PR10_XXL_293-B9-3_S17_L002	1421665	1978070	1943430	1906845	1906837
PR10_XXL_293-B9-3_S17_L002	cell_90_PR10_XXL_293-B9-3_S17_L002	1267185	1736966	1720016	1684941	1684934
PR10_XXL_293-B9-3_S17_L002	cell_91_PR10_XXL_293-B9-3_S17_L002	1025047	1480549	1451108	1420785	1420772
PR10_XXL_293-B9-3_S17_L002	cell_92_PR10_XXL_293-B9-3_S17_L002	794153	1116143	1100328	1079689	1079680
PR10_XXL_293-B9-3_S17_L002	cell_93_PR10_XXL_293-B9-3_S17_L002	857431	1199924	1176865	1155444	1155436
PR10_XXL_293-B9-3_S17_L002	cell_94_PR10_XXL_293-B9-3_S17_L002	433096	698317	688704	676219	676217
PR10_XXL_293-B9-3_S17_L002	cell_95_PR10_XXL_293-B9-3_S17_L002	1507160	2125971	2091050	2042415	2042403
PR10_XXL_293-B9-3_S17_L002	cell_96_PR10_XXL_293-B9-3_S17_L002	563372	825904	813114	798297	798293
PR10_XXL_293-B9-4_S1_L001	cell_1_PR10_XXL_293-B9-4_S1_L001	57882	87258	85144	83722	83720
PR10_XXL_293-B9-4_S1_L001	cell_2_PR10_XXL_293-B9-4_S1_L001	2809607	3651068	3560244	3480220	3480185
PR10_XXL_293-B9-4_S1_L001	cell_3_PR10_XXL_293-B9-4_S1_L001	384101	546223	532141	521714	521707
PR10_XXL_293-B9-4_S1_L001	cell_4_PR10_XXL_293-B9-4_S1_L001	257367	412439	410543	400785	400780
PR10_XXL_293-B9-4_S1_L001	cell_5_PR10_XXL_293-B9-4_S1_L001	1554858	2064541	2005288	1964717	1964687
PR10_XXL_293-B9-4_S1_L001	cell_6_PR10_XXL_293-B9-4_S1_L001	1995091	2967828	2898143	2848681	2848645
PR10_XXL_293-B9-4_S1_L001	cell_7_PR10_XXL_293-B9-4_S1_L001	3557634	4759842	4633211	4531708	4531646
PR10_XXL_293-B9-4_S1_L001	cell_8_PR10_XXL_293-B9-4_S1_L001	1982185	2798391	2731964	2683985	2683951
PR10_XXL_293-B9-4_S1_L001	cell_9_PR10_XXL_293-B9-4_S1_L001	3612748	4768933	4642668	4582805	4582760
PR10_XXL_293-B9-4_S1_L001	cell_10_PR10_XXL_293-B9-4_S1_L001	1841697	2448793	2377126	2341682	2341654
PR10_XXL_293-B9-4_S1_L001	cell_11_PR10_XXL_293-B9-4_S1_L001	2054341	2818343	2752870	2710403	2710366
PR10_XXL_293-B9-4_S1_L001	cell_12_PR10_XXL_293-B9-4_S1_L001	208604	373208	372124	362704	362702
PR10_XXL_293-B9-4_S1_L001	cell_13_PR10_XXL_293-B9-4_S1_L001	1222002	1648849	1601770	1577515	1577491
PR10_XXL_293-B9-4_S1_L001	cell_14_PR10_XXL_293-B9-4_S1_L001	2029179	2897835	2856613	2816929	2816899
PR10_XXL_293-B9-4_S1_L001	cell_15_PR10_XXL_293-B9-4_S1_L001	3389798	4433734	4320920	4255106	4255050
PR10_XXL_293-B9-4_S1_L001	cell_16_PR10_XXL_293-B9-4_S1_L001	2337715	3395978	3304905	3262598	3262561
PR10_XXL_293-B9-4_S1_L001	cell_17_PR10_XXL_293-B9-4_S1_L001	3786276	5631985	5617278	5499270	5499214
PR10_XXL_293-B9-4_S1_L001	cell_18_PR10_XXL_293-B9-4_S1_L001	2806128	3901151	3889122	3793726	3793687
PR10_XXL_293-B9-4_S1_L001	cell_19_PR10_XXL_293-B9-4_S1_L001	2549951	3934836	3926455	3832882	3832845
PR10_XXL_293-B9-4_S1_L001	cell_20_PR10_XXL_293-B9-4_S1_L001	2094639	3107064	3098596	3031827	3031784
PR10_XXL_293-B9-4_S1_L001	cell_21_PR10_XXL_293-B9-4_S1_L001	1867002	2658817	2648986	2589711	2589676
PR10_XXL_293-B9-4_S1_L001	cell_22_PR10_XXL_293-B9-4_S1_L001	223695	423725	423555	416107	416098
PR10_XXL_293-B9-4_S1_L001	cell_23_PR10_XXL_293-B9-4_S1_L001	3392909	5165265	5150374	5029247	5029186
PR10_XXL_293-B9-4_S1_L001	cell_24_PR10_XXL_293-B9-4_S1_L001	2283426	3553585	3543660	3468433	3468392
PR10_XXL_293-B9-4_S1_L001	cell_25_PR10_XXL_293-B9-4_S1_L001	2776165	3651320	3582481	3530295	3530253
PR10_XXL_293-B9-4_S1_L001	cell_26_PR10_XXL_293-B9-4_S1_L001	1246052	1650298	1608426	1582327	1582306
PR10_XXL_293-B9-4_S1_L001	cell_27_PR10_XXL_293-B9-4_S1_L001	1967757	2616213	2556549	2519206	2519175
PR10_XXL_293-B9-4_S1_L001	cell_28_PR10_XXL_293-B9-4_S1_L001	1370778	1914233	1870070	1845631	1845611
PR10_XXL_293-B9-4_S1_L001	cell_29_PR10_XXL_293-B9-4_S1_L001	1340812	1827260	1782093	1755786	1755766
PR10_XXL_293-B9-4_S1_L001	cell_30_PR10_XXL_293-B9-4_S1_L001	1745329	2403336	2356763	2326264	2326246
PR10_XXL_293-B9-4_S1_L001	cell_31_PR10_XXL_293-B9-4_S1_L001	3210351	4175283	4097351	4039809	4039753
PR10_XXL_293-B9-4_S1_L001	cell_32_PR10_XXL_293-B9-4_S1_L001	1767323	2474890	2428176	2398656	2398631
PR10_XXL_293-B9-4_S1_L001	cell_33_PR10_XXL_293-B9-4_S1_L001	2312979	3638803	3635938	3558888	3558856
PR10_XXL_293-B9-4_S1_L001	cell_34_PR10_XXL_293-B9-4_S1_L001	2148016	3201513	3198554	3116354	3116326
PR10_XXL_293-B9-4_S1_L001	cell_35_PR10_XXL_293-B9-4_S1_L001	1977999	3267308	3264861	3181039	3181011
PR10_XXL_293-B9-4_S1_L001	cell_36_PR10_XXL_293-B9-4_S1_L001	1477828	2352684	2351048	2300303	2300280
PR10_XXL_293-B9-4_S1_L001	cell_37_PR10_XXL_293-B9-4_S1_L001	1619049	2487078	2484880	2425315	2425289
PR10_XXL_293-B9-4_S1_L001	cell_38_PR10_XXL_293-B9-4_S1_L001	1543061	2760807	2759731	2698736	2698705
PR10_XXL_293-B9-4_S1_L001	cell_39_PR10_XXL_293-B9-4_S1_L001	1972980	3190598	3188110	3110503	3110471
PR10_XXL_293-B9-4_S1_L001	cell_40_PR10_XXL_293-B9-4_S1_L001	1467608	2455384	2453404	2401455	2401434
PR10_XXL_293-B9-4_S1_L001	cell_41_PR10_XXL_293-B9-4_S1_L001	346980	534545	531374	515190	515184
PR10_XXL_293-B9-4_S1_L001	cell_42_PR10_XXL_293-B9-4_S1_L001	1286962	1688294	1641060	1605440	1605420
PR10_XXL_293-B9-4_S1_L001	cell_43_PR10_XXL_293-B9-4_S1_L001	175546	285065	282999	276884	276879
PR10_XXL_293-B9-4_S1_L001	cell_44_PR10_XXL_293-B9-4_S1_L001	1285833	1710201	1665954	1636657	1636642
PR10_XXL_293-B9-4_S1_L001	cell_45_PR10_XXL_293-B9-4_S1_L001	286109	429719	426504	413014	413005
PR10_XXL_293-B9-4_S1_L001	cell_46_PR10_XXL_293-B9-4_S1_L001	1634488	2487567	2433924	2394307	2394277
PR10_XXL_293-B9-4_S1_L001	cell_47_PR10_XXL_293-B9-4_S1_L001	1614914	2182909	2123678	2081479	2081449
PR10_XXL_293-B9-4_S1_L001	cell_48_PR10_XXL_293-B9-4_S1_L001	1587565	2273956	2225082	2184255	2184219
PR10_XXL_293-B9-4_S1_L001	cell_49_PR10_XXL_293-B9-4_S1_L001	2838814	3728690	3687123	3634266	3634221
PR10_XXL_293-B9-4_S1_L001	cell_50_PR10_XXL_293-B9-4_S1_L001	1585485	2104555	2062942	2028990	2028958
PR10_XXL_293-B9-4_S1_L001	cell_51_PR10_XXL_293-B9-4_S1_L001	159948	253563	252964	248858	248854
PR10_XXL_293-B9-4_S1_L001	cell_52_PR10_XXL_293-B9-4_S1_L001	1509144	2119260	2090849	2063518	2063495
PR10_XXL_293-B9-4_S1_L001	cell_53_PR10_XXL_293-B9-4_S1_L001	1567759	2133367	2095783	2064668	2064634
PR10_XXL_293-B9-4_S1_L001	cell_54_PR10_XXL_293-B9-4_S1_L001	166943	276057	275618	271651	271649
PR10_XXL_293-B9-4_S1_L001	cell_55_PR10_XXL_293-B9-4_S1_L001	507641	654296	640471	630637	630627
PR10_XXL_293-B9-4_S1_L001	cell_56_PR10_XXL_293-B9-4_S1_L001	524949	729702	717981	709345	709334
PR10_XXL_293-B9-4_S1_L001	cell_57_PR10_XXL_293-B9-4_S1_L001	2932847	3845958	3765015	3719590	3719559
PR10_XXL_293-B9-4_S1_L001	cell_58_PR10_XXL_293-B9-4_S1_L001	2122521	2729972	2664376	2619436	2619399
PR10_XXL_293-B9-4_S1_L001	cell_59_PR10_XXL_293-B9-4_S1_L001	2343259	3150994	3094393	3049170	3049135
PR10_XXL_293-B9-4_S1_L001	cell_60_PR10_XXL_293-B9-4_S1_L001	2018450	2711958	2662386	2624758	2624720
PR10_XXL_293-B9-4_S1_L001	cell_61_PR10_XXL_293-B9-4_S1_L001	2724227	3577477	3504352	3454252	3454203
PR10_XXL_293-B9-4_S1_L001	cell_62_PR10_XXL_293-B9-4_S1_L001	222127	331744	330259	325790	325786
PR10_XXL_293-B9-4_S1_L001	cell_63_PR10_XXL_293-B9-4_S1_L001	837376	1071234	1045083	1029010	1028998
PR10_XXL_293-B9-4_S1_L001	cell_64_PR10_XXL_293-B9-4_S1_L001	1279851	1773967	1747006	1721701	1721684
PR10_XXL_293-B9-4_S1_L001	cell_65_PR10_XXL_293-B9-4_S1_L001	2194209	3009318	2944933	2881494	2881459
PR10_XXL_293-B9-4_S1_L001	cell_66_PR10_XXL_293-B9-4_S1_L001	2157483	2777759	2719557	2651530	2651495
PR10_XXL_293-B9-4_S1_L001	cell_67_PR10_XXL_293-B9-4_S1_L001	1805229	2569535	2514895	2456442	2456415
PR10_XXL_293-B9-4_S1_L001	cell_68_PR10_XXL_293-B9-4_S1_L001	1982100	2751103	2699926	2640317	2640281
PR10_XXL_293-B9-4_S1_L001	cell_69_PR10_XXL_293-B9-4_S1_L001	1810952	2409915	2366871	2310254	2310226
PR10_XXL_293-B9-4_S1_L001	cell_70_PR10_XXL_293-B9-4_S1_L001	1522120	2317320	2277183	2228414	2228387
PR10_XXL_293-B9-4_S1_L001	cell_71_PR10_XXL_293-B9-4_S1_L001	2584606	3674424	3614348	3521470	3521418
PR10_XXL_293-B9-4_S1_L001	cell_72_PR10_XXL_293-B9-4_S1_L001	1188740	1691411	1655044	1620479	1620451
PR10_XXL_293-B9-4_S1_L001	cell_73_PR10_XXL_293-B9-4_S1_L001	2393529	3137713	3080770	3039280	3039245
PR10_XXL_293-B9-4_S1_L001	cell_74_PR10_XXL_293-B9-4_S1_L001	1725472	2277408	2211279	2178150	2178119
PR10_XXL_293-B9-4_S1_L001	cell_75_PR10_XXL_293-B9-4_S1_L001	2180860	2880080	2817540	2776752	2776710
PR10_XXL_293-B9-4_S1_L001	cell_76_PR10_XXL_293-B9-4_S1_L001	194677	335388	334385	327223	327221
PR10_XXL_293-B9-4_S1_L001	cell_77_PR10_XXL_293-B9-4_S1_L001	524902	714588	694948	684210	684201
PR10_XXL_293-B9-4_S1_L001	cell_78_PR10_XXL_293-B9-4_S1_L001	1801671	2479979	2427979	2395380	2395349
PR10_XXL_293-B9-4_S1_L001	cell_79_PR10_XXL_293-B9-4_S1_L001	2255900	2862168	2804149	2758419	2758388
PR10_XXL_293-B9-4_S1_L001	cell_80_PR10_XXL_293-B9-4_S1_L001	1846083	2631301	2591635	2561932	2561911
PR10_XXL_293-B9-4_S1_L001	cell_81_PR10_XXL_293-B9-4_S1_L001	325538	504165	502854	493941	493938
PR10_XXL_293-B9-4_S1_L001	cell_82_PR10_XXL_293-B9-4_S1_L001	309582	465898	464706	456656	456652
PR10_XXL_293-B9-4_S1_L001	cell_83_PR10_XXL_293-B9-4_S1_L001	1592480	2157487	2112222	2082339	2082313
PR10_XXL_293-B9-4_S1_L001	cell_84_PR10_XXL_293-B9-4_S1_L001	1563093	2179723	2138955	2109602	2109581
PR10_XXL_293-B9-4_S1_L001	cell_85_PR10_XXL_293-B9-4_S1_L001	1533815	2101823	2062496	2029817	2029779
PR10_XXL_293-B9-4_S1_L001	cell_86_PR10_XXL_293-B9-4_S1_L001	1795136	2513711	2471670	2438497	2438462
PR10_XXL_293-B9-4_S1_L001	cell_87_PR10_XXL_293-B9-4_S1_L001	2005437	2600729	2541363	2505105	2505071
PR10_XXL_293-B9-4_S1_L001	cell_88_PR10_XXL_293-B9-4_S1_L001	1220725	1764904	1725816	1704787	1704768
PR10_XXL_293-B9-4_S1_L001	cell_89_PR10_XXL_293-B9-4_S1_L001	1617978	2243075	2188615	2150580	2150547
PR10_XXL_293-B9-4_S1_L001	cell_90_PR10_XXL_293-B9-4_S1_L001	1143358	1533516	1497111	1467306	1467287
PR10_XXL_293-B9-4_S1_L001	cell_91_PR10_XXL_293-B9-4_S1_L001	1090021	1618776	1593562	1560602	1560586
PR10_XXL_293-B9-4_S1_L001	cell_92_PR10_XXL_293-B9-4_S1_L001	141523	233959	233310	227295	227290
PR10_XXL_293-B9-4_S1_L001	cell_93_PR10_XXL_293-B9-4_S1_L001	1564470	2136077	2084992	2042708	2042681
PR10_XXL_293-B9-4_S1_L001	cell_94_PR10_XXL_293-B9-4_S1_L001	941202	1452164	1420942	1396854	1396830
PR10_XXL_293-B9-4_S1_L001	cell_95_PR10_XXL_293-B9-4_S1_L001	1497376	2091960	2054386	2011189	2011169
PR10_XXL_293-B9-4_S1_L001	cell_96_PR10_XXL_293-B9-4_S1_L001	52833	76218	74477	73224	73224
PR10_XXL_293-B9-5_S2_L002	cell_1_PR10_XXL_293-B9-5_S2_L002	45249	81107	78078	77021	77020
PR10_XXL_293-B9-5_S2_L002	cell_2_PR10_XXL_293-B9-5_S2_L002	2198093	2871659	2750981	2693985	2693847
PR10_XXL_293-B9-5_S2_L002	cell_3_PR10_XXL_293-B9-5_S2_L002	1767673	2478533	2378385	2334310	2334182
PR10_XXL_293-B9-5_S2_L002	cell_4_PR10_XXL_293-B9-5_S2_L002	1634467	2202901	2127330	2092556	2092456
PR10_XXL_293-B9-5_S2_L002	cell_5_PR10_XXL_293-B9-5_S2_L002	2597430	3549061	3422850	3359966	3359820
PR10_XXL_293-B9-5_S2_L002	cell_6_PR10_XXL_293-B9-5_S2_L002	166819	291985	291034	284287	284271
PR10_XXL_293-B9-5_S2_L002	cell_7_PR10_XXL_293-B9-5_S2_L002	4405559	6107740	5913918	5798449	5798163
PR10_XXL_293-B9-5_S2_L002	cell_8_PR10_XXL_293-B9-5_S2_L002	22961	35250	34279	33768	33768
PR10_XXL_293-B9-5_S2_L002	cell_9_PR10_XXL_293-B9-5_S2_L002	2157692	2795073	2714260	2680435	2680304
PR10_XXL_293-B9-5_S2_L002	cell_10_PR10_XXL_293-B9-5_S2_L002	2392391	3238768	3135974	3091360	3091205
PR10_XXL_293-B9-5_S2_L002	cell_11_PR10_XXL_293-B9-5_S2_L002	1962236	2628708	2549385	2513021	2512922
PR10_XXL_293-B9-5_S2_L002	cell_12_PR10_XXL_293-B9-5_S2_L002	1939664	2661296	2582824	2549552	2549421
PR10_XXL_293-B9-5_S2_L002	cell_13_PR10_XXL_293-B9-5_S2_L002	2042274	2820260	2728389	2688907	2688794
PR10_XXL_293-B9-5_S2_L002	cell_14_PR10_XXL_293-B9-5_S2_L002	1329428	1862379	1815067	1793072	1792973
PR10_XXL_293-B9-5_S2_L002	cell_15_PR10_XXL_293-B9-5_S2_L002	2755739	3581979	3469525	3415297	3415129
PR10_XXL_293-B9-5_S2_L002	cell_16_PR10_XXL_293-B9-5_S2_L002	825652	1284701	1277953	1260330	1260278
PR10_XXL_293-B9-5_S2_L002	cell_17_PR10_XXL_293-B9-5_S2_L002	2101700	3085794	3078943	3013000	3012872
PR10_XXL_293-B9-5_S2_L002	cell_18_PR10_XXL_293-B9-5_S2_L002	2074877	2836414	2827887	2757751	2757636
PR10_XXL_293-B9-5_S2_L002	cell_19_PR10_XXL_293-B9-5_S2_L002	140519	243914	243787	237249	237241
PR10_XXL_293-B9-5_S2_L002	cell_20_PR10_XXL_293-B9-5_S2_L002	1915806	2867715	2861909	2806438	2806348
PR10_XXL_293-B9-5_S2_L002	cell_21_PR10_XXL_293-B9-5_S2_L002	1729033	2466124	2457344	2400831	2400725
PR10_XXL_293-B9-5_S2_L002	cell_22_PR10_XXL_293-B9-5_S2_L002	803529	1324777	1322483	1292348	1292305
PR10_XXL_293-B9-5_S2_L002	cell_23_PR10_XXL_293-B9-5_S2_L002	2815569	4417650	4406538	4306975	4306819
PR10_XXL_293-B9-5_S2_L002	cell_24_PR10_XXL_293-B9-5_S2_L002	2482280	3879379	3868707	3796000	3795863
PR10_XXL_293-B9-5_S2_L002	cell_25_PR10_XXL_293-B9-5_S2_L002	3770090	4897460	4755122	4695094	4694867
PR10_XXL_293-B9-5_S2_L002	cell_26_PR10_XXL_293-B9-5_S2_L002	2333753	3230548	3127629	3076460	3076325
PR10_XXL_293-B9-5_S2_L002	cell_27_PR10_XXL_293-B9-5_S2_L002	1126754	1480062	1439434	1417822	1417762
PR10_XXL_293-B9-5_S2_L002	cell_28_PR10_XXL_293-B9-5_S2_L002	1745656	2461183	2417631	2386440	2386339
PR10_XXL_293-B9-5_S2_L002	cell_29_PR10_XXL_293-B9-5_S2_L002	112980	193709	192589	190232	190223
PR10_XXL_293-B9-5_S2_L002	cell_30_PR10_XXL_293-B9-5_S2_L002	1765180	2406054	2347943	2318746	2318632
PR10_XXL_293-B9-5_S2_L002	cell_31_PR10_XXL_293-B9-5_S2_L002	203485	296770	295333	290297	290292
PR10_XXL_293-B9-5_S2_L002	cell_32_PR10_XXL_293-B9-5_S2_L002	2034240	2875993	2798008	2765189	2765072
PR10_XXL_293-B9-5_S2_L002	cell_33_PR10_XXL_293-B9-5_S2_L002	3144847	4801161	4797389	4695736	4695555
PR10_XXL_293-B9-5_S2_L002	cell_34_PR10_XXL_293-B9-5_S2_L002	2643851	3790130	3786371	3690011	3689843
PR10_XXL_293-B9-5_S2_L002	cell_35_PR10_XXL_293-B9-5_S2_L002	1992999	3176404	3173935	3101230	3101136
PR10_XXL_293-B9-5_S2_L002	cell_36_PR10_XXL_293-B9-5_S2_L002	1681596	2636961	2634930	2582478	2582390
PR10_XXL_293-B9-5_S2_L002	cell_37_PR10_XXL_293-B9-5_S2_L002	143867	242279	242232	235621	235609
PR10_XXL_293-B9-5_S2_L002	cell_38_PR10_XXL_293-B9-5_S2_L002	1418525	2490716	2489077	2430910	2430828
PR10_XXL_293-B9-5_S2_L002	cell_39_PR10_XXL_293-B9-5_S2_L002	1801554	2925887	2923561	2850947	2850852
PR10_XXL_293-B9-5_S2_L002	cell_40_PR10_XXL_293-B9-5_S2_L002	1438464	2340723	2338939	2293462	2293379
PR10_XXL_293-B9-5_S2_L002	cell_41_PR10_XXL_293-B9-5_S2_L002	2726265	3701642	3577872	3518074	3517902
PR10_XXL_293-B9-5_S2_L002	cell_42_PR10_XXL_293-B9-5_S2_L002	1925120	2583157	2501294	2453082	2452955
PR10_XXL_293-B9-5_S2_L002	cell_43_PR10_XXL_293-B9-5_S2_L002	670860	971176	948174	930172	930133
PR10_XXL_293-B9-5_S2_L002	cell_44_PR10_XXL_293-B9-5_S2_L002	1647627	2216559	2145049	2106506	2106408
PR10_XXL_293-B9-5_S2_L002	cell_45_PR10_XXL_293-B9-5_S2_L002	140592	219246	217411	212948	212944
PR10_XXL_293-B9-5_S2_L002	cell_46_PR10_XXL_293-B9-5_S2_L002	1097721	1643582	1594917	1571201	1571142
PR10_XXL_293-B9-5_S2_L002	cell_47_PR10_XXL_293-B9-5_S2_L002	2010535	2834235	2750920	2696805	2696669
PR10_XXL_293-B9-5_S2_L002	cell_48_PR10_XXL_293-B9-5_S2_L002	1371201	1995030	1937023	1906805	1906720
PR10_XXL_293-B9-5_S2_L002	cell_49_PR10_XXL_293-B9-5_S2_L002	3128549	4053463	3971251	3919000	3918823
PR10_XXL_293-B9-5_S2_L002	cell_50_PR10_XXL_293-B9-5_S2_L002	1708356	2336026	2273931	2239636	2239519
PR10_XXL_293-B9-5_S2_L002	cell_51_PR10_XXL_293-B9-5_S2_L002	1393068	1813831	1775942	1748398	1748317
PR10_XXL_293-B9-5_S2_L002	cell_52_PR10_XXL_293-B9-5_S2_L002	1422193	1987495	1943429	1921564	1921485
PR10_XXL_293-B9-5_S2_L002	cell_53_PR10_XXL_293-B9-5_S2_L002	1703992	2388771	2326130	2295267	2295140
PR10_XXL_293-B9-5_S2_L002	cell_54_PR10_XXL_293-B9-5_S2_L002	441341	612955	602200	595121	595092
PR10_XXL_293-B9-5_S2_L002	cell_55_PR10_XXL_293-B9-5_S2_L002	2224364	2795340	2734170	2693879	2693748
PR10_XXL_293-B9-5_S2_L002	cell_56_PR10_XXL_293-B9-5_S2_L002	1210109	1718907	1687210	1666846	1666765
PR10_XXL_293-B9-5_S2_L002	cell_57_PR10_XXL_293-B9-5_S2_L002	2997377	3817285	3704134	3662167	3662001
PR10_XXL_293-B9-5_S2_L002	cell_58_PR10_XXL_293-B9-5_S2_L002	1707521	2257326	2181038	2146353	2146245
PR10_XXL_293-B9-5_S2_L002	cell_59_PR10_XXL_293-B9-5_S2_L002	149164	219601	218406	215786	215771
PR10_XXL_293-B9-5_S2_L002	cell_60_PR10_XXL_293-B9-5_S2_L002	645280	882466	862548	850963	850924
PR10_XXL_293-B9-5_S2_L002	cell_61_PR10_XXL_293-B9-5_S2_L002	2121350	2848160	2755707	2717024	2716909
PR10_XXL_293-B9-5_S2_L002	cell_62_PR10_XXL_293-B9-5_S2_L002	998365	1368021	1338571	1322644	1322576
PR10_XXL_293-B9-5_S2_L002	cell_63_PR10_XXL_293-B9-5_S2_L002	2422057	3095989	3005399	2960803	2960657
PR10_XXL_293-B9-5_S2_L002	cell_64_PR10_XXL_293-B9-5_S2_L002	1309590	1893667	1840384	1818635	1818552
PR10_XXL_293-B9-5_S2_L002	cell_65_PR10_XXL_293-B9-5_S2_L002	2412488	3270806	3178397	3118230	3118093
PR10_XXL_293-B9-5_S2_L002	cell_66_PR10_XXL_293-B9-5_S2_L002	2240425	2852794	2776684	2714186	2714060
PR10_XXL_293-B9-5_S2_L002	cell_67_PR10_XXL_293-B9-5_S2_L002	1033589	1496503	1480495	1447965	1447909
PR10_XXL_293-B9-5_S2_L002	cell_68_PR10_XXL_293-B9-5_S2_L002	1607393	2257430	2216798	2173591	2173508
PR10_XXL_293-B9-5_S2_L002	cell_69_PR10_XXL_293-B9-5_S2_L002	1773098	2339901	2271752	2223413	2223307
PR10_XXL_293-B9-5_S2_L002	cell_70_PR10_XXL_293-B9-5_S2_L002	85485	148554	147792	145129	145126
PR10_XXL_293-B9-5_S2_L002	cell_71_PR10_XXL_293-B9-5_S2_L002	153426	252362	250568	244905	244893
PR10_XXL_293-B9-5_S2_L002	cell_72_PR10_XXL_293-B9-5_S2_L002	530567	769341	751809	737597	737567
PR10_XXL_293-B9-5_S2_L002	cell_73_PR10_XXL_293-B9-5_S2_L002	2168003	2793884	2706863	2672143	2672009
PR10_XXL_293-B9-5_S2_L002	cell_74_PR10_XXL_293-B9-5_S2_L002	1812263	2451225	2360959	2319936	2319835
PR10_XXL_293-B9-5_S2_L002	cell_75_PR10_XXL_293-B9-5_S2_L002	2170325	2796270	2724964	2687189	2687072
PR10_XXL_293-B9-5_S2_L002	cell_76_PR10_XXL_293-B9-5_S2_L002	151297	257103	256228	252681	252667
PR10_XXL_293-B9-5_S2_L002	cell_77_PR10_XXL_293-B9-5_S2_L002	210418	310626	300827	296754	296743
PR10_XXL_293-B9-5_S2_L002	cell_78_PR10_XXL_293-B9-5_S2_L002	824934	1146039	1117567	1101621	1101573
PR10_XXL_293-B9-5_S2_L002	cell_79_PR10_XXL_293-B9-5_S2_L002	1242865	1569468	1525243	1500693	1500622
PR10_XXL_293-B9-5_S2_L002	cell_80_PR10_XXL_293-B9-5_S2_L002	1177126	1674733	1633140	1613202	1613105
PR10_XXL_293-B9-5_S2_L002	cell_81_PR10_XXL_293-B9-5_S2_L002	978039	1294918	1271522	1253352	1253293
PR10_XXL_293-B9-5_S2_L002	cell_82_PR10_XXL_293-B9-5_S2_L002	1867536	2522567	2448287	2409761	2409657
PR10_XXL_293-B9-5_S2_L002	cell_83_PR10_XXL_293-B9-5_S2_L002	103186	157615	157287	155449	155440
PR10_XXL_293-B9-5_S2_L002	cell_84_PR10_XXL_293-B9-5_S2_L002	1071249	1495149	1464923	1444606	1444547
PR10_XXL_293-B9-5_S2_L002	cell_85_PR10_XXL_293-B9-5_S2_L002	2222321	3159625	3102511	3051636	3051478
PR10_XXL_293-B9-5_S2_L002	cell_86_PR10_XXL_293-B9-5_S2_L002	1831788	2537609	2487092	2457568	2457475
PR10_XXL_293-B9-5_S2_L002	cell_87_PR10_XXL_293-B9-5_S2_L002	1917118	2497329	2434779	2398497	2398388
PR10_XXL_293-B9-5_S2_L002	cell_88_PR10_XXL_293-B9-5_S2_L002	1249295	1853242	1806313	1784460	1784393
PR10_XXL_293-B9-5_S2_L002	cell_89_PR10_XXL_293-B9-5_S2_L002	1988104	2772492	2679960	2636352	2636229
PR10_XXL_293-B9-5_S2_L002	cell_90_PR10_XXL_293-B9-5_S2_L002	1812249	2513741	2442596	2394661	2394562
PR10_XXL_293-B9-5_S2_L002	cell_91_PR10_XXL_293-B9-5_S2_L002	730134	1068236	1033814	1013654	1013596
PR10_XXL_293-B9-5_S2_L002	cell_92_PR10_XXL_293-B9-5_S2_L002	933548	1305110	1273170	1250942	1250890
PR10_XXL_293-B9-5_S2_L002	cell_93_PR10_XXL_293-B9-5_S2_L002	1345515	1914703	1858864	1823261	1823161
PR10_XXL_293-B9-5_S2_L002	cell_94_PR10_XXL_293-B9-5_S2_L002	1039949	1591901	1548135	1520187	1520110
PR10_XXL_293-B9-5_S2_L002	cell_95_PR10_XXL_293-B9-5_S2_L002	1181828	1716334	1673669	1641676	1641584
PR10_XXL_293-B9-5_S2_L002	cell_96_PR10_XXL_293-B9-5_S2_L002	1065643	1616621	1582149	1555770	1555704
PR10_XXL_293-B9-6_S18_L003	cell_1_PR10_XXL_293-B9-6_S18_L003	35594	60976	59387	58399	58399
PR10_XXL_293-B9-6_S18_L003	cell_2_PR10_XXL_293-B9-6_S18_L003	315149	455168	453348	438828	438827
PR10_XXL_293-B9-6_S18_L003	cell_3_PR10_XXL_293-B9-6_S18_L003	1425592	1985820	1931993	1888432	1888422
PR10_XXL_293-B9-6_S18_L003	cell_4_PR10_XXL_293-B9-6_S18_L003	279034	447554	446335	434272	434272
PR10_XXL_293-B9-6_S18_L003	cell_5_PR10_XXL_293-B9-6_S18_L003	231148	353385	351528	340473	340471
PR10_XXL_293-B9-6_S18_L003	cell_6_PR10_XXL_293-B9-6_S18_L003	2030218	3278689	3210486	3152871	3152856
PR10_XXL_293-B9-6_S18_L003	cell_7_PR10_XXL_293-B9-6_S18_L003	314594	480871	479317	469322	469321
PR10_XXL_293-B9-6_S18_L003	cell_8_PR10_XXL_293-B9-6_S18_L003	24077	37341	36372	35781	35781
PR10_XXL_293-B9-6_S18_L003	cell_9_PR10_XXL_293-B9-6_S18_L003	3114269	4095430	3987991	3935206	3935188
PR10_XXL_293-B9-6_S18_L003	cell_10_PR10_XXL_293-B9-6_S18_L003	2556136	3384784	3302490	3252401	3252375
PR10_XXL_293-B9-6_S18_L003	cell_11_PR10_XXL_293-B9-6_S18_L003	816220	1122731	1099348	1084233	1084225
PR10_XXL_293-B9-6_S18_L003	cell_12_PR10_XXL_293-B9-6_S18_L003	1907127	2704358	2639248	2604777	2604759
PR10_XXL_293-B9-6_S18_L003	cell_13_PR10_XXL_293-B9-6_S18_L003	2315454	3127485	3049274	3003532	3003515
PR10_XXL_293-B9-6_S18_L003	cell_14_PR10_XXL_293-B9-6_S18_L003	1931410	2738713	2685268	2649755	2649744
PR10_XXL_293-B9-6_S18_L003	cell_15_PR10_XXL_293-B9-6_S18_L003	2912475	3833362	3738835	3676888	3676862
PR10_XXL_293-B9-6_S18_L003	cell_16_PR10_XXL_293-B9-6_S18_L003	2290002	3342117	3257880	3216514	3216500
PR10_XXL_293-B9-6_S18_L003	cell_17_PR10_XXL_293-B9-6_S18_L003	3656732	5360595	5347109	5234998	5234980
PR10_XXL_293-B9-6_S18_L003	cell_18_PR10_XXL_293-B9-6_S18_L003	2967422	4093130	4080606	3981056	3981043
PR10_XXL_293-B9-6_S18_L003	cell_19_PR10_XXL_293-B9-6_S18_L003	160945	282793	282605	276929	276929
PR10_XXL_293-B9-6_S18_L003	cell_20_PR10_XXL_293-B9-6_S18_L003	1300405	1981979	1978423	1937679	1937674
PR10_XXL_293-B9-6_S18_L003	cell_21_PR10_XXL_293-B9-6_S18_L003	3020376	4308820	4294494	4201589	4201573
PR10_XXL_293-B9-6_S18_L003	cell_22_PR10_XXL_293-B9-6_S18_L003	1696368	3136378	3131001	3061807	3061801
PR10_XXL_293-B9-6_S18_L003	cell_23_PR10_XXL_293-B9-6_S18_L003	308603	535747	535543	520678	520677
PR10_XXL_293-B9-6_S18_L003	cell_24_PR10_XXL_293-B9-6_S18_L003	1937252	3028366	3020444	2957722	2957715
PR10_XXL_293-B9-6_S18_L003	cell_25_PR10_XXL_293-B9-6_S18_L003	3287897	4315998	4208550	4148701	4148678
PR10_XXL_293-B9-6_S18_L003	cell_26_PR10_XXL_293-B9-6_S18_L003	2290365	3036464	2955755	2906985	2906966
PR10_XXL_293-B9-6_S18_L003	cell_27_PR10_XXL_293-B9-6_S18_L003	2183417	2912163	2839085	2801725	2801698
PR10_XXL_293-B9-6_S18_L003	cell_28_PR10_XXL_293-B9-6_S18_L003	202433	357266	356169	350229	350227
PR10_XXL_293-B9-6_S18_L003	cell_29_PR10_XXL_293-B9-6_S18_L003	1945375	2683605	2622313	2583286	2583269
PR10_XXL_293-B9-6_S18_L003	cell_30_PR10_XXL_293-B9-6_S18_L003	2127381	2983647	2938568	2900130	2900111
PR10_XXL_293-B9-6_S18_L003	cell_31_PR10_XXL_293-B9-6_S18_L003	1715225	2239675	2203167	2170700	2170685
PR10_XXL_293-B9-6_S18_L003	cell_32_PR10_XXL_293-B9-6_S18_L003	1594612	2224707	2181921	2156356	2156348
PR10_XXL_293-B9-6_S18_L003	cell_33_PR10_XXL_293-B9-6_S18_L003	260604	463546	463508	451072	451072
PR10_XXL_293-B9-6_S18_L003	cell_34_PR10_XXL_293-B9-6_S18_L003	2135056	3112294	3109576	3034512	3034500
PR10_XXL_293-B9-6_S18_L003	cell_35_PR10_XXL_293-B9-6_S18_L003	1855963	3050555	3047934	2976097	2976089
PR10_XXL_293-B9-6_S18_L003	cell_36_PR10_XXL_293-B9-6_S18_L003	1704487	2748731	2746878	2691455	2691451
PR10_XXL_293-B9-6_S18_L003	cell_37_PR10_XXL_293-B9-6_S18_L003	1948747	2956462	2954517	2881772	2881767
PR10_XXL_293-B9-6_S18_L003	cell_38_PR10_XXL_293-B9-6_S18_L003	1038597	2104732	2103703	2055583	2055582
PR10_XXL_293-B9-6_S18_L003	cell_39_PR10_XXL_293-B9-6_S18_L003	217433	395263	395236	387684	387682
PR10_XXL_293-B9-6_S18_L003	cell_40_PR10_XXL_293-B9-6_S18_L003	802714	1336130	1335267	1306850	1306848
PR10_XXL_293-B9-6_S18_L003	cell_41_PR10_XXL_293-B9-6_S18_L003	292122	443997	441772	430083	430081
PR10_XXL_293-B9-6_S18_L003	cell_42_PR10_XXL_293-B9-6_S18_L003	987365	1261487	1226348	1199476	1199467
PR10_XXL_293-B9-6_S18_L003	cell_43_PR10_XXL_293-B9-6_S18_L003	1493853	2124648	2075868	2032973	2032964
PR10_XXL_293-B9-6_S18_L003	cell_44_PR10_XXL_293-B9-6_S18_L003	2271327	3064103	3006142	2950688	2950673
PR10_XXL_293-B9-6_S18_L003	cell_45_PR10_XXL_293-B9-6_S18_L003	187899	279849	277919	271650	271650
PR10_XXL_293-B9-6_S18_L003	cell_46_PR10_XXL_293-B9-6_S18_L003	111768	205164	203949	200588	200587
PR10_XXL_293-B9-6_S18_L003	cell_47_PR10_XXL_293-B9-6_S18_L003	585118	803192	783457	765961	765956
PR10_XXL_293-B9-6_S18_L003	cell_48_PR10_XXL_293-B9-6_S18_L003	1234746	1743649	1705783	1674441	1674433
PR10_XXL_293-B9-6_S18_L003	cell_49_PR10_XXL_293-B9-6_S18_L003	1996866	2606265	2566288	2537102	2537090
PR10_XXL_293-B9-6_S18_L003	cell_50_PR10_XXL_293-B9-6_S18_L003	1920475	2530780	2484968	2441884	2441861
PR10_XXL_293-B9-6_S18_L003	cell_51_PR10_XXL_293-B9-6_S18_L003	2558710	3418354	3362940	3318194	3318166
PR10_XXL_293-B9-6_S18_L003	cell_52_PR10_XXL_293-B9-6_S18_L003	181017	318676	318200	310857	310856
PR10_XXL_293-B9-6_S18_L003	cell_53_PR10_XXL_293-B9-6_S18_L003	1746721	2375024	2326317	2290583	2290561
PR10_XXL_293-B9-6_S18_L003	cell_54_PR10_XXL_293-B9-6_S18_L003	1664871	2332549	2303440	2276028	2276013
PR10_XXL_293-B9-6_S18_L003	cell_55_PR10_XXL_293-B9-6_S18_L003	210934	314447	313990	308898	308895
PR10_XXL_293-B9-6_S18_L003	cell_56_PR10_XXL_293-B9-6_S18_L003	557396	775339	761627	752826	752824
PR10_XXL_293-B9-6_S18_L003	cell_57_PR10_XXL_293-B9-6_S18_L003	320896	464476	462607	455057	455055
PR10_XXL_293-B9-6_S18_L003	cell_58_PR10_XXL_293-B9-6_S18_L003	401527	519262	502761	495236	495235
PR10_XXL_293-B9-6_S18_L003	cell_59_PR10_XXL_293-B9-6_S18_L003	1589748	2135864	2080431	2051293	2051278
PR10_XXL_293-B9-6_S18_L003	cell_60_PR10_XXL_293-B9-6_S18_L003	1762982	2425614	2373221	2344143	2344130
PR10_XXL_293-B9-6_S18_L003	cell_61_PR10_XXL_293-B9-6_S18_L003	1797813	2393346	2341756	2304978	2304970
PR10_XXL_293-B9-6_S18_L003	cell_62_PR10_XXL_293-B9-6_S18_L003	997066	1383587	1360235	1343270	1343265
PR10_XXL_293-B9-6_S18_L003	cell_63_PR10_XXL_293-B9-6_S18_L003	2816223	3662332	3590781	3533716	3533695
PR10_XXL_293-B9-6_S18_L003	cell_64_PR10_XXL_293-B9-6_S18_L003	1286837	1837203	1792751	1770270	1770262
PR10_XXL_293-B9-6_S18_L003	cell_65_PR10_XXL_293-B9-6_S18_L003	2460230	3358251	3281091	3207779	3207775
PR10_XXL_293-B9-6_S18_L003	cell_66_PR10_XXL_293-B9-6_S18_L003	2415708	3092579	3019701	2945375	2945366
PR10_XXL_293-B9-6_S18_L003	cell_67_PR10_XXL_293-B9-6_S18_L003	144341	234668	233345	228334	228334
PR10_XXL_293-B9-6_S18_L003	cell_68_PR10_XXL_293-B9-6_S18_L003	793887	1138146	1116736	1093258	1093254
PR10_XXL_293-B9-6_S18_L003	cell_69_PR10_XXL_293-B9-6_S18_L003	2113339	2825268	2769416	2700099	2700092
PR10_XXL_293-B9-6_S18_L003	cell_70_PR10_XXL_293-B9-6_S18_L003	1350091	2287137	2249922	2193273	2193268
PR10_XXL_293-B9-6_S18_L003	cell_71_PR10_XXL_293-B9-6_S18_L003	1859294	2609991	2558279	2500216	2500211
PR10_XXL_293-B9-6_S18_L003	cell_72_PR10_XXL_293-B9-6_S18_L003	1382293	1995902	1957729	1915867	1915858
PR10_XXL_293-B9-6_S18_L003	cell_73_PR10_XXL_293-B9-6_S18_L003	1879854	2451356	2388389	2356619	2356602
PR10_XXL_293-B9-6_S18_L003	cell_74_PR10_XXL_293-B9-6_S18_L003	2065696	2727705	2654314	2610667	2610644
PR10_XXL_293-B9-6_S18_L003	cell_75_PR10_XXL_293-B9-6_S18_L003	1616168	2142084	2088186	2056640	2056623
PR10_XXL_293-B9-6_S18_L003	cell_76_PR10_XXL_293-B9-6_S18_L003	1636212	2297509	2247432	2217859	2217848
PR10_XXL_293-B9-6_S18_L003	cell_77_PR10_XXL_293-B9-6_S18_L003	2061026	2784696	2714550	2676288	2676268
PR10_XXL_293-B9-6_S18_L003	cell_78_PR10_XXL_293-B9-6_S18_L003	1735503	2410053	2366022	2333325	2333311
PR10_XXL_293-B9-6_S18_L003	cell_79_PR10_XXL_293-B9-6_S18_L003	2341837	2998083	2928664	2885058	2885047
PR10_XXL_293-B9-6_S18_L003	cell_80_PR10_XXL_293-B9-6_S18_L003	1281255	1797389	1761990	1738566	1738558
PR10_XXL_293-B9-6_S18_L003	cell_81_PR10_XXL_293-B9-6_S18_L003	264067	396040	395421	388916	388916
PR10_XXL_293-B9-6_S18_L003	cell_82_PR10_XXL_293-B9-6_S18_L003	203541	268595	261587	257175	257173
PR10_XXL_293-B9-6_S18_L003	cell_83_PR10_XXL_293-B9-6_S18_L003	984073	1340351	1308917	1289782	1289773
PR10_XXL_293-B9-6_S18_L003	cell_84_PR10_XXL_293-B9-6_S18_L003	1840403	2571026	2517672	2485430	2485421
PR10_XXL_293-B9-6_S18_L003	cell_85_PR10_XXL_293-B9-6_S18_L003	118564	181612	181133	178750	178749
PR10_XXL_293-B9-6_S18_L003	cell_86_PR10_XXL_293-B9-6_S18_L003	1130230	1625090	1608011	1586649	1586645
PR10_XXL_293-B9-6_S18_L003	cell_87_PR10_XXL_293-B9-6_S18_L003	772527	1018231	996168	980843	980833
PR10_XXL_293-B9-6_S18_L003	cell_88_PR10_XXL_293-B9-6_S18_L003	963238	1387463	1353622	1337448	1337440
PR10_XXL_293-B9-6_S18_L003	cell_89_PR10_XXL_293-B9-6_S18_L003	1690798	2305823	2242853	2203818	2203805
PR10_XXL_293-B9-6_S18_L003	cell_90_PR10_XXL_293-B9-6_S18_L003	952062	1250795	1219488	1198171	1198167
PR10_XXL_293-B9-6_S18_L003	cell_91_PR10_XXL_293-B9-6_S18_L003	1773287	2541842	2496216	2442874	2442863
PR10_XXL_293-B9-6_S18_L003	cell_92_PR10_XXL_293-B9-6_S18_L003	127333	206545	206248	202476	202476
PR10_XXL_293-B9-6_S18_L003	cell_93_PR10_XXL_293-B9-6_S18_L003	175778	238861	231536	226948	226948
PR10_XXL_293-B9-6_S18_L003	cell_94_PR10_XXL_293-B9-6_S18_L003	45834	85849	85568	83925	83924
PR10_XXL_293-B9-6_S18_L003	cell_95_PR10_XXL_293-B9-6_S18_L003	1871757	2601011	2551805	2495971	2495962
PR10_XXL_293-B9-6_S18_L003	cell_96_PR10_XXL_293-B9-6_S18_L003	1122287	1598493	1560154	1531663	1531653
PR10_XXL_293-B9-7_S3_L003	cell_1_PR10_XXL_293-B9-7_S3_L003	2155841	2938245	2842294	2792068	2791861
PR10_XXL_293-B9-7_S3_L003	cell_2_PR10_XXL_293-B9-7_S3_L003	2449281	3215821	3106671	3046916	3046642
PR10_XXL_293-B9-7_S3_L003	cell_3_PR10_XXL_293-B9-7_S3_L003	2489786	3511475	3396455	3332125	3331842
PR10_XXL_293-B9-7_S3_L003	cell_4_PR10_XXL_293-B9-7_S3_L003	2100645	2829545	2761091	2716992	2716718
PR10_XXL_293-B9-7_S3_L003	cell_5_PR10_XXL_293-B9-7_S3_L003	2964563	4068367	3982893	3911158	3910739
PR10_XXL_293-B9-7_S3_L003	cell_6_PR10_XXL_293-B9-7_S3_L003	1608408	2532507	2466374	2425217	2425021
PR10_XXL_293-B9-7_S3_L003	cell_7_PR10_XXL_293-B9-7_S3_L003	223497	347227	345775	338957	338924
PR10_XXL_293-B9-7_S3_L003	cell_8_PR10_XXL_293-B9-7_S3_L003	2895284	4117257	3995067	3921755	3921394
PR10_XXL_293-B9-7_S3_L003	cell_9_PR10_XXL_293-B9-7_S3_L003	2779882	3675884	3557970	3505929	3505613
PR10_XXL_293-B9-7_S3_L003	cell_10_PR10_XXL_293-B9-7_S3_L003	1808234	2431037	2386248	2349039	2348787
PR10_XXL_293-B9-7_S3_L003	cell_11_PR10_XXL_293-B9-7_S3_L003	118816	193854	193173	190216	190200
PR10_XXL_293-B9-7_S3_L003	cell_12_PR10_XXL_293-B9-7_S3_L003	1367916	1943610	1907283	1882650	1882480
PR10_XXL_293-B9-7_S3_L003	cell_13_PR10_XXL_293-B9-7_S3_L003	1691204	2282925	2208512	2172320	2172099
PR10_XXL_293-B9-7_S3_L003	cell_14_PR10_XXL_293-B9-7_S3_L003	1759497	2470511	2409555	2381983	2381792
PR10_XXL_293-B9-7_S3_L003	cell_15_PR10_XXL_293-B9-7_S3_L003	2840382	3741310	3631314	3571693	3571343
PR10_XXL_293-B9-7_S3_L003	cell_16_PR10_XXL_293-B9-7_S3_L003	695709	1024208	1001750	988062	987961
PR10_XXL_293-B9-7_S3_L003	cell_17_PR10_XXL_293-B9-7_S3_L003	2981484	4394357	4381215	4290207	4289876
PR10_XXL_293-B9-7_S3_L003	cell_18_PR10_XXL_293-B9-7_S3_L003	3106275	4226460	4210458	4113257	4112942
PR10_XXL_293-B9-7_S3_L003	cell_19_PR10_XXL_293-B9-7_S3_L003	2426748	3707319	3697589	3621264	3621055
PR10_XXL_293-B9-7_S3_L003	cell_20_PR10_XXL_293-B9-7_S3_L003	2176603	3226457	3217551	3159043	3158785
PR10_XXL_293-B9-7_S3_L003	cell_21_PR10_XXL_293-B9-7_S3_L003	2588213	3617950	3604518	3525623	3525324
PR10_XXL_293-B9-7_S3_L003	cell_22_PR10_XXL_293-B9-7_S3_L003	2037790	3473717	3465102	3392731	3392482
PR10_XXL_293-B9-7_S3_L003	cell_23_PR10_XXL_293-B9-7_S3_L003	3214606	4823617	4812063	4697654	4697296
PR10_XXL_293-B9-7_S3_L003	cell_24_PR10_XXL_293-B9-7_S3_L003	2254972	3423826	3413235	3346336	3346086
PR10_XXL_293-B9-7_S3_L003	cell_25_PR10_XXL_293-B9-7_S3_L003	2002162	2653540	2592924	2563702	2563490
PR10_XXL_293-B9-7_S3_L003	cell_26_PR10_XXL_293-B9-7_S3_L003	205842	306612	305219	300397	300369
PR10_XXL_293-B9-7_S3_L003	cell_27_PR10_XXL_293-B9-7_S3_L003	275643	374696	364757	359390	359352
PR10_XXL_293-B9-7_S3_L003	cell_28_PR10_XXL_293-B9-7_S3_L003	2122018	2944523	2885618	2847019	2846749
PR10_XXL_293-B9-7_S3_L003	cell_29_PR10_XXL_293-B9-7_S3_L003	2283614	3097727	3021589	2978316	2978016
PR10_XXL_293-B9-7_S3_L003	cell_30_PR10_XXL_293-B9-7_S3_L003	2002961	2773208	2711758	2675480	2675251
PR10_XXL_293-B9-7_S3_L003	cell_31_PR10_XXL_293-B9-7_S3_L003	2991134	3847914	3791379	3725709	3725394
PR10_XXL_293-B9-7_S3_L003	cell_32_PR10_XXL_293-B9-7_S3_L003	1594850	2196823	2140049	2110485	2110317
PR10_XXL_293-B9-7_S3_L003	cell_33_PR10_XXL_293-B9-7_S3_L003	2214310	3408500	3406370	3331336	3331132
PR10_XXL_293-B9-7_S3_L003	cell_34_PR10_XXL_293-B9-7_S3_L003	2032636	2960685	2957945	2876851	2876642
PR10_XXL_293-B9-7_S3_L003	cell_35_PR10_XXL_293-B9-7_S3_L003	1635898	2625243	2623852	2564114	2563948
PR10_XXL_293-B9-7_S3_L003	cell_36_PR10_XXL_293-B9-7_S3_L003	218148	382645	382609	374488	374450
PR10_XXL_293-B9-7_S3_L003	cell_37_PR10_XXL_293-B9-7_S3_L003	1271930	1890454	1888844	1846027	1845890
PR10_XXL_293-B9-7_S3_L003	cell_38_PR10_XXL_293-B9-7_S3_L003	1030327	1884423	1883326	1840929	1840821
PR10_XXL_293-B9-7_S3_L003	cell_39_PR10_XXL_293-B9-7_S3_L003	199730	354461	354423	345580	345539
PR10_XXL_293-B9-7_S3_L003	cell_40_PR10_XXL_293-B9-7_S3_L003	779510	1244011	1243184	1216455	1216379
PR10_XXL_293-B9-7_S3_L003	cell_41_PR10_XXL_293-B9-7_S3_L003	2198259	3016422	2926789	2875250	2875001
PR10_XXL_293-B9-7_S3_L003	cell_42_PR10_XXL_293-B9-7_S3_L003	881369	1171539	1132459	1111410	1111318
PR10_XXL_293-B9-7_S3_L003	cell_43_PR10_XXL_293-B9-7_S3_L003	730141	1054700	1023428	1004047	1003973
PR10_XXL_293-B9-7_S3_L003	cell_44_PR10_XXL_293-B9-7_S3_L003	1352738	1859963	1806233	1778662	1778500
PR10_XXL_293-B9-7_S3_L003	cell_45_PR10_XXL_293-B9-7_S3_L003	172631	260726	258211	252832	252807
PR10_XXL_293-B9-7_S3_L003	cell_46_PR10_XXL_293-B9-7_S3_L003	1478119	2347737	2287443	2250047	2249855
PR10_XXL_293-B9-7_S3_L003	cell_47_PR10_XXL_293-B9-7_S3_L003	2216818	3021458	2926621	2867632	2867355
PR10_XXL_293-B9-7_S3_L003	cell_48_PR10_XXL_293-B9-7_S3_L003	1331860	1907618	1851360	1823491	1823314
PR10_XXL_293-B9-7_S3_L003	cell_49_PR10_XXL_293-B9-7_S3_L003	227092	338208	337380	332930	332896
PR10_XXL_293-B9-7_S3_L003	cell_50_PR10_XXL_293-B9-7_S3_L003	1235986	1635840	1595262	1570323	1570154
PR10_XXL_293-B9-7_S3_L003	cell_51_PR10_XXL_293-B9-7_S3_L003	131989	203908	203371	200574	200550
PR10_XXL_293-B9-7_S3_L003	cell_52_PR10_XXL_293-B9-7_S3_L003	299571	480673	477834	471004	470966
PR10_XXL_293-B9-7_S3_L003	cell_53_PR10_XXL_293-B9-7_S3_L003	1056868	1423571	1390537	1371248	1371134
PR10_XXL_293-B9-7_S3_L003	cell_54_PR10_XXL_293-B9-7_S3_L003	142532	235908	235513	232120	232096
PR10_XXL_293-B9-7_S3_L003	cell_55_PR10_XXL_293-B9-7_S3_L003	1598923	2028119	1988659	1958140	1957950
PR10_XXL_293-B9-7_S3_L003	cell_56_PR10_XXL_293-B9-7_S3_L003	1377789	1905679	1871285	1849488	1849308
PR10_XXL_293-B9-7_S3_L003	cell_57_PR10_XXL_293-B9-7_S3_L003	2747135	3606675	3524901	3475374	3475074
PR10_XXL_293-B9-7_S3_L003	cell_58_PR10_XXL_293-B9-7_S3_L003	1569511	2042727	1974550	1946757	1946538
PR10_XXL_293-B9-7_S3_L003	cell_59_PR10_XXL_293-B9-7_S3_L003	1990500	2662216	2583780	2547789	2547582
PR10_XXL_293-B9-7_S3_L003	cell_60_PR10_XXL_293-B9-7_S3_L003	214733	338350	336997	331411	331372
PR10_XXL_293-B9-7_S3_L003	cell_61_PR10_XXL_293-B9-7_S3_L003	522479	713301	701108	690915	690855
PR10_XXL_293-B9-7_S3_L003	cell_62_PR10_XXL_293-B9-7_S3_L003	1656250	2286305	2241315	2212787	2212579
PR10_XXL_293-B9-7_S3_L003	cell_63_PR10_XXL_293-B9-7_S3_L003	241783	340248	338452	330958	330930
PR10_XXL_293-B9-7_S3_L003	cell_64_PR10_XXL_293-B9-7_S3_L003	1335410	1882807	1831283	1805738	1805551
PR10_XXL_293-B9-7_S3_L003	cell_65_PR10_XXL_293-B9-7_S3_L003	2592925	3540658	3460776	3389757	3389511
PR10_XXL_293-B9-7_S3_L003	cell_66_PR10_XXL_293-B9-7_S3_L003	2019305	2585984	2516104	2453826	2453620
PR10_XXL_293-B9-7_S3_L003	cell_67_PR10_XXL_293-B9-7_S3_L003	1331010	1887049	1840839	1798392	1798272
PR10_XXL_293-B9-7_S3_L003	cell_68_PR10_XXL_293-B9-7_S3_L003	1508796	2087909	2047262	2007241	2007071
PR10_XXL_293-B9-7_S3_L003	cell_69_PR10_XXL_293-B9-7_S3_L003	1735613	2269188	2208598	2161926	2161716
PR10_XXL_293-B9-7_S3_L003	cell_70_PR10_XXL_293-B9-7_S3_L003	1419091	2219313	2169594	2119283	2119123
PR10_XXL_293-B9-7_S3_L003	cell_71_PR10_XXL_293-B9-7_S3_L003	1056143	1487158	1446639	1413823	1413701
PR10_XXL_293-B9-7_S3_L003	cell_72_PR10_XXL_293-B9-7_S3_L003	157943	266296	264877	258916	258884
PR10_XXL_293-B9-7_S3_L003	cell_73_PR10_XXL_293-B9-7_S3_L003	2856275	3648873	3552026	3506875	3506507
PR10_XXL_293-B9-7_S3_L003	cell_74_PR10_XXL_293-B9-7_S3_L003	207128	302310	300935	295580	295540
PR10_XXL_293-B9-7_S3_L003	cell_75_PR10_XXL_293-B9-7_S3_L003	1876142	2436294	2375568	2339988	2339790
PR10_XXL_293-B9-7_S3_L003	cell_76_PR10_XXL_293-B9-7_S3_L003	384493	543175	529233	522174	522128
PR10_XXL_293-B9-7_S3_L003	cell_77_PR10_XXL_293-B9-7_S3_L003	1954517	2586022	2515472	2477028	2476787
PR10_XXL_293-B9-7_S3_L003	cell_78_PR10_XXL_293-B9-7_S3_L003	1879615	2565097	2511758	2480981	2480798
PR10_XXL_293-B9-7_S3_L003	cell_79_PR10_XXL_293-B9-7_S3_L003	2520079	3137879	3057933	3008488	3008179
PR10_XXL_293-B9-7_S3_L003	cell_80_PR10_XXL_293-B9-7_S3_L003	1426752	1961763	1919906	1894337	1894177
PR10_XXL_293-B9-7_S3_L003	cell_81_PR10_XXL_293-B9-7_S3_L003	2594503	3393027	3307868	3268080	3267782
PR10_XXL_293-B9-7_S3_L003	cell_82_PR10_XXL_293-B9-7_S3_L003	1635596	2152811	2100029	2069959	2069783
PR10_XXL_293-B9-7_S3_L003	cell_83_PR10_XXL_293-B9-7_S3_L003	1803936	2432649	2372299	2341471	2341290
PR10_XXL_293-B9-7_S3_L003	cell_84_PR10_XXL_293-B9-7_S3_L003	1507430	2115964	2073292	2048713	2048523
PR10_XXL_293-B9-7_S3_L003	cell_85_PR10_XXL_293-B9-7_S3_L003	1524234	2061102	2013679	1983337	1983113
PR10_XXL_293-B9-7_S3_L003	cell_86_PR10_XXL_293-B9-7_S3_L003	723994	1018358	999050	986882	986787
PR10_XXL_293-B9-7_S3_L003	cell_87_PR10_XXL_293-B9-7_S3_L003	190422	274065	273498	268634	268604
PR10_XXL_293-B9-7_S3_L003	cell_88_PR10_XXL_293-B9-7_S3_L003	445601	641086	624475	616719	616677
PR10_XXL_293-B9-7_S3_L003	cell_89_PR10_XXL_293-B9-7_S3_L003	1283799	1827130	1783477	1754223	1754060
PR10_XXL_293-B9-7_S3_L003	cell_90_PR10_XXL_293-B9-7_S3_L003	1687343	2340270	2283553	2236871	2236658
PR10_XXL_293-B9-7_S3_L003	cell_91_PR10_XXL_293-B9-7_S3_L003	1241728	1817532	1761087	1731608	1731468
PR10_XXL_293-B9-7_S3_L003	cell_92_PR10_XXL_293-B9-7_S3_L003	1054773	1489994	1450273	1426946	1426809
PR10_XXL_293-B9-7_S3_L003	cell_93_PR10_XXL_293-B9-7_S3_L003	83073	127029	123781	121324	121311
PR10_XXL_293-B9-7_S3_L003	cell_94_PR10_XXL_293-B9-7_S3_L003	825677	1338094	1301979	1279469	1279352
PR10_XXL_293-B9-7_S3_L003	cell_95_PR10_XXL_293-B9-7_S3_L003	1731631	2420248	2349794	2303790	2303596
PR10_XXL_293-B9-7_S3_L003	cell_96_PR10_XXL_293-B9-7_S3_L003	861061	1278375	1242198	1221823	1221729
PR10_XXL_293-B9-8_S19_L004	cell_1_PR10_XXL_293-B9-8_S19_L004	82661	136991	134026	131957	131951
PR10_XXL_293-B9-8_S19_L004	cell_2_PR10_XXL_293-B9-8_S19_L004	3219254	4162280	4046025	3965801	3965617
PR10_XXL_293-B9-8_S19_L004	cell_3_PR10_XXL_293-B9-8_S19_L004	2393185	3407512	3321048	3253077	3252917
PR10_XXL_293-B9-8_S19_L004	cell_4_PR10_XXL_293-B9-8_S19_L004	2152824	2904162	2834042	2786065	2785949
PR10_XXL_293-B9-8_S19_L004	cell_5_PR10_XXL_293-B9-8_S19_L004	2979500	4115251	4031683	3957956	3957760
PR10_XXL_293-B9-8_S19_L004	cell_6_PR10_XXL_293-B9-8_S19_L004	1486548	2373391	2330080	2287900	2287779
PR10_XXL_293-B9-8_S19_L004	cell_7_PR10_XXL_293-B9-8_S19_L004	3448918	4683668	4565725	4465585	4465409
PR10_XXL_293-B9-8_S19_L004	cell_8_PR10_XXL_293-B9-8_S19_L004	26380	44872	44237	43433	43431
PR10_XXL_293-B9-8_S19_L004	cell_9_PR10_XXL_293-B9-8_S19_L004	3071083	4049886	3947221	3895541	3895438
PR10_XXL_293-B9-8_S19_L004	cell_10_PR10_XXL_293-B9-8_S19_L004	2096349	2803003	2722673	2681780	2681737
PR10_XXL_293-B9-8_S19_L004	cell_11_PR10_XXL_293-B9-8_S19_L004	115111	185177	184679	182148	182145
PR10_XXL_293-B9-8_S19_L004	cell_12_PR10_XXL_293-B9-8_S19_L004	1260180	1796300	1753558	1730533	1730500
PR10_XXL_293-B9-8_S19_L004	cell_13_PR10_XXL_293-B9-8_S19_L004	2006577	2738617	2666014	2629611	2629547
PR10_XXL_293-B9-8_S19_L004	cell_14_PR10_XXL_293-B9-8_S19_L004	1533270	2175943	2138069	2112000	2111949
PR10_XXL_293-B9-8_S19_L004	cell_15_PR10_XXL_293-B9-8_S19_L004	2415057	3187505	3110065	3059517	3059449
PR10_XXL_293-B9-8_S19_L004	cell_16_PR10_XXL_293-B9-8_S19_L004	1933035	2873976	2807011	2767771	2767711
PR10_XXL_293-B9-8_S19_L004	cell_17_PR10_XXL_293-B9-8_S19_L004	2882939	4224302	4211080	4130667	4130470
PR10_XXL_293-B9-8_S19_L004	cell_18_PR10_XXL_293-B9-8_S19_L004	2256849	3119649	3111134	3038145	3038010
PR10_XXL_293-B9-8_S19_L004	cell_19_PR10_XXL_293-B9-8_S19_L004	155095	265986	265845	259815	259800
PR10_XXL_293-B9-8_S19_L004	cell_20_PR10_XXL_293-B9-8_S19_L004	2694289	3983084	3973674	3898447	3898269
PR10_XXL_293-B9-8_S19_L004	cell_21_PR10_XXL_293-B9-8_S19_L004	2485175	3505263	3492461	3408606	3408425
PR10_XXL_293-B9-8_S19_L004	cell_22_PR10_XXL_293-B9-8_S19_L004	2193825	3670326	3661613	3577540	3577402
PR10_XXL_293-B9-8_S19_L004	cell_23_PR10_XXL_293-B9-8_S19_L004	2111328	3155830	3146645	3074256	3074099
PR10_XXL_293-B9-8_S19_L004	cell_24_PR10_XXL_293-B9-8_S19_L004	235026	415612	415471	408570	408554
PR10_XXL_293-B9-8_S19_L004	cell_25_PR10_XXL_293-B9-8_S19_L004	2397664	3151025	3076951	3034162	3034087
PR10_XXL_293-B9-8_S19_L004	cell_26_PR10_XXL_293-B9-8_S19_L004	2179504	2895148	2826738	2784649	2784584
PR10_XXL_293-B9-8_S19_L004	cell_27_PR10_XXL_293-B9-8_S19_L004	1345484	1788992	1757860	1731132	1731107
PR10_XXL_293-B9-8_S19_L004	cell_28_PR10_XXL_293-B9-8_S19_L004	1412769	2004285	1965891	1943051	1943010
PR10_XXL_293-B9-8_S19_L004	cell_29_PR10_XXL_293-B9-8_S19_L004	1763264	2422943	2361808	2325741	2325689
PR10_XXL_293-B9-8_S19_L004	cell_30_PR10_XXL_293-B9-8_S19_L004	1928299	2681258	2631047	2599899	2599850
PR10_XXL_293-B9-8_S19_L004	cell_31_PR10_XXL_293-B9-8_S19_L004	1718265	2227753	2179814	2147567	2147519
PR10_XXL_293-B9-8_S19_L004	cell_32_PR10_XXL_293-B9-8_S19_L004	1689606	2374746	2340117	2310381	2310343
PR10_XXL_293-B9-8_S19_L004	cell_33_PR10_XXL_293-B9-8_S19_L004	2602134	3994195	3990431	3901222	3901044
PR10_XXL_293-B9-8_S19_L004	cell_34_PR10_XXL_293-B9-8_S19_L004	1953890	2844023	2840955	2778427	2778297
PR10_XXL_293-B9-8_S19_L004	cell_35_PR10_XXL_293-B9-8_S19_L004	854907	1390606	1389337	1355361	1355306
PR10_XXL_293-B9-8_S19_L004	cell_36_PR10_XXL_293-B9-8_S19_L004	1418975	2228524	2227104	2179706	2179599
PR10_XXL_293-B9-8_S19_L004	cell_37_PR10_XXL_293-B9-8_S19_L004	1522130	2288520	2285802	2236344	2236246
PR10_XXL_293-B9-8_S19_L004	cell_38_PR10_XXL_293-B9-8_S19_L004	889458	1677606	1676758	1641541	1641466
PR10_XXL_293-B9-8_S19_L004	cell_39_PR10_XXL_293-B9-8_S19_L004	1815896	2875032	2872698	2807270	2807144
PR10_XXL_293-B9-8_S19_L004	cell_40_PR10_XXL_293-B9-8_S19_L004	441071	767910	767890	754000	753967
PR10_XXL_293-B9-8_S19_L004	cell_41_PR10_XXL_293-B9-8_S19_L004	1415166	1958414	1914377	1880637	1880556
PR10_XXL_293-B9-8_S19_L004	cell_42_PR10_XXL_293-B9-8_S19_L004	1524058	2057219	2015101	1973119	1973023
PR10_XXL_293-B9-8_S19_L004	cell_43_PR10_XXL_293-B9-8_S19_L004	1374029	1971187	1913266	1872695	1872611
PR10_XXL_293-B9-8_S19_L004	cell_44_PR10_XXL_293-B9-8_S19_L004	1704750	2323598	2270978	2233231	2233151
PR10_XXL_293-B9-8_S19_L004	cell_45_PR10_XXL_293-B9-8_S19_L004	154695	233770	231811	227145	227130
PR10_XXL_293-B9-8_S19_L004	cell_46_PR10_XXL_293-B9-8_S19_L004	660748	1073045	1053950	1036033	1035990
PR10_XXL_293-B9-8_S19_L004	cell_47_PR10_XXL_293-B9-8_S19_L004	2221237	3050739	2973745	2912585	2912438
PR10_XXL_293-B9-8_S19_L004	cell_48_PR10_XXL_293-B9-8_S19_L004	1030449	1485189	1451193	1425000	1424930
PR10_XXL_293-B9-8_S19_L004	cell_49_PR10_XXL_293-B9-8_S19_L004	235689	342425	341970	335621	335616
PR10_XXL_293-B9-8_S19_L004	cell_50_PR10_XXL_293-B9-8_S19_L004	1769924	2337679	2290280	2255115	2255071
PR10_XXL_293-B9-8_S19_L004	cell_51_PR10_XXL_293-B9-8_S19_L004	132295	200634	200346	197219	197215
PR10_XXL_293-B9-8_S19_L004	cell_52_PR10_XXL_293-B9-8_S19_L004	885791	1242405	1225627	1209496	1209478
PR10_XXL_293-B9-8_S19_L004	cell_53_PR10_XXL_293-B9-8_S19_L004	1127083	1532539	1505202	1484656	1484628
PR10_XXL_293-B9-8_S19_L004	cell_54_PR10_XXL_293-B9-8_S19_L004	152235	252520	252199	249140	249136
PR10_XXL_293-B9-8_S19_L004	cell_55_PR10_XXL_293-B9-8_S19_L004	2256123	2862562	2814652	2773859	2773789
PR10_XXL_293-B9-8_S19_L004	cell_56_PR10_XXL_293-B9-8_S19_L004	1570205	2189884	2167561	2140789	2140735
PR10_XXL_293-B9-8_S19_L004	cell_57_PR10_XXL_293-B9-8_S19_L004	1176758	1527814	1505520	1485160	1485125
PR10_XXL_293-B9-8_S19_L004	cell_58_PR10_XXL_293-B9-8_S19_L004	107484	144888	143542	141330	141328
PR10_XXL_293-B9-8_S19_L004	cell_59_PR10_XXL_293-B9-8_S19_L004	112469	161044	160373	158278	158276
PR10_XXL_293-B9-8_S19_L004	cell_60_PR10_XXL_293-B9-8_S19_L004	990226	1316484	1295078	1279108	1279070
PR10_XXL_293-B9-8_S19_L004	cell_61_PR10_XXL_293-B9-8_S19_L004	1911963	2477060	2429850	2396151	2396094
PR10_XXL_293-B9-8_S19_L004	cell_62_PR10_XXL_293-B9-8_S19_L004	1899456	2536051	2498644	2466966	2466918
PR10_XXL_293-B9-8_S19_L004	cell_63_PR10_XXL_293-B9-8_S19_L004	1909635	2448314	2406358	2369056	2368992
PR10_XXL_293-B9-8_S19_L004	cell_64_PR10_XXL_293-B9-8_S19_L004	1009726	1368412	1347208	1330603	1330568
PR10_XXL_293-B9-8_S19_L004	cell_65_PR10_XXL_293-B9-8_S19_L004	2789868	3896970	3835511	3749734	3749546
PR10_XXL_293-B9-8_S19_L004	cell_66_PR10_XXL_293-B9-8_S19_L004	2099392	2731138	2671632	2603765	2603643
PR10_XXL_293-B9-8_S19_L004	cell_67_PR10_XXL_293-B9-8_S19_L004	1639914	2369513	2322850	2270314	2270205
PR10_XXL_293-B9-8_S19_L004	cell_68_PR10_XXL_293-B9-8_S19_L004	291840	481997	479952	470275	470248
PR10_XXL_293-B9-8_S19_L004	cell_69_PR10_XXL_293-B9-8_S19_L004	432850	570711	555414	542585	542559
PR10_XXL_293-B9-8_S19_L004	cell_70_PR10_XXL_293-B9-8_S19_L004	1422930	2266609	2230228	2177035	2176945
PR10_XXL_293-B9-8_S19_L004	cell_71_PR10_XXL_293-B9-8_S19_L004	2003559	2832984	2775707	2712059	2711925
PR10_XXL_293-B9-8_S19_L004	cell_72_PR10_XXL_293-B9-8_S19_L004	1400729	2043833	2007224	1965695	1965599
PR10_XXL_293-B9-8_S19_L004	cell_73_PR10_XXL_293-B9-8_S19_L004	2159606	2841819	2785195	2749525	2749471
PR10_XXL_293-B9-8_S19_L004	cell_74_PR10_XXL_293-B9-8_S19_L004	920258	1229569	1199358	1179907	1179884
PR10_XXL_293-B9-8_S19_L004	cell_75_PR10_XXL_293-B9-8_S19_L004	2170175	2872450	2818540	2779332	2779270
PR10_XXL_293-B9-8_S19_L004	cell_76_PR10_XXL_293-B9-8_S19_L004	1499799	2106309	2060797	2037645	2037594
PR10_XXL_293-B9-8_S19_L004	cell_77_PR10_XXL_293-B9-8_S19_L004	1470175	1995338	1944214	1915732	1915695
PR10_XXL_293-B9-8_S19_L004	cell_78_PR10_XXL_293-B9-8_S19_L004	159125	272100	271601	269049	269043
PR10_XXL_293-B9-8_S19_L004	cell_79_PR10_XXL_293-B9-8_S19_L004	522906	684286	670598	659849	659839
PR10_XXL_293-B9-8_S19_L004	cell_80_PR10_XXL_293-B9-8_S19_L004	603982	849991	834334	824710	824692
PR10_XXL_293-B9-8_S19_L004	cell_81_PR10_XXL_293-B9-8_S19_L004	1094031	1456182	1416402	1394889	1394861
PR10_XXL_293-B9-8_S19_L004	cell_82_PR10_XXL_293-B9-8_S19_L004	1853150	2424146	2358400	2315646	2315590
PR10_XXL_293-B9-8_S19_L004	cell_83_PR10_XXL_293-B9-8_S19_L004	1304609	1774058	1735982	1708940	1708887
PR10_XXL_293-B9-8_S19_L004	cell_84_PR10_XXL_293-B9-8_S19_L004	921783	1310316	1286827	1269181	1269164
PR10_XXL_293-B9-8_S19_L004	cell_85_PR10_XXL_293-B9-8_S19_L004	1503464	2042201	1997529	1968594	1968555
PR10_XXL_293-B9-8_S19_L004	cell_86_PR10_XXL_293-B9-8_S19_L004	1571960	2207189	2172964	2143878	2143839
PR10_XXL_293-B9-8_S19_L004	cell_87_PR10_XXL_293-B9-8_S19_L004	2199700	2855030	2796466	2757522	2757466
PR10_XXL_293-B9-8_S19_L004	cell_88_PR10_XXL_293-B9-8_S19_L004	1243433	1819203	1782551	1762268	1762232
PR10_XXL_293-B9-8_S19_L004	cell_89_PR10_XXL_293-B9-8_S19_L004	1919125	2681431	2616145	2574968	2574837
PR10_XXL_293-B9-8_S19_L004	cell_90_PR10_XXL_293-B9-8_S19_L004	1492434	2018802	1971696	1934611	1934515
PR10_XXL_293-B9-8_S19_L004	cell_91_PR10_XXL_293-B9-8_S19_L004	1125944	1648407	1610483	1579641	1579586
PR10_XXL_293-B9-8_S19_L004	cell_92_PR10_XXL_293-B9-8_S19_L004	1104405	1554966	1521445	1497810	1497735
PR10_XXL_293-B9-8_S19_L004	cell_93_PR10_XXL_293-B9-8_S19_L004	1229079	1725005	1683861	1650805	1650739
PR10_XXL_293-B9-8_S19_L004	cell_94_PR10_XXL_293-B9-8_S19_L004	1072300	1714994	1682659	1652773	1652691
PR10_XXL_293-B9-8_S19_L004	cell_95_PR10_XXL_293-B9-8_S19_L004	149231	236083	235558	230314	230305
PR10_XXL_293-B9-8_S19_L004	cell_96_PR10_XXL_293-B9-8_S19_L004	415862	608934	596843	585320	585292
PR10_XXL_293-B9-9_S20_L005	cell_1_PR10_XXL_293-B9-9_S20_L005	3807603	5206938	5063281	4969498	4969429
PR10_XXL_293-B9-9_S20_L005	cell_2_PR10_XXL_293-B9-9_S20_L005	3046290	4067779	3967445	3888820	3888755
PR10_XXL_293-B9-9_S20_L005	cell_3_PR10_XXL_293-B9-9_S20_L005	89991	152333	151698	149082	149080
PR10_XXL_293-B9-9_S20_L005	cell_4_PR10_XXL_293-B9-9_S20_L005	1458666	2016185	1986715	1950243	1950215
PR10_XXL_293-B9-9_S20_L005	cell_5_PR10_XXL_293-B9-9_S20_L005	2211608	2998209	2920805	2860784	2860743
PR10_XXL_293-B9-9_S20_L005	cell_6_PR10_XXL_293-B9-9_S20_L005	1683126	2603961	2554039	2512342	2512308
PR10_XXL_293-B9-9_S20_L005	cell_7_PR10_XXL_293-B9-9_S20_L005	1100695	1534716	1508458	1474554	1474529
PR10_XXL_293-B9-9_S20_L005	cell_8_PR10_XXL_293-B9-9_S20_L005	17673	26984	26532	26085	26085
PR10_XXL_293-B9-9_S20_L005	cell_9_PR10_XXL_293-B9-9_S20_L005	3067670	4043632	3979166	3924620	3924617
PR10_XXL_293-B9-9_S20_L005	cell_10_PR10_XXL_293-B9-9_S20_L005	2802045	3749957	3664957	3605197	3605195
PR10_XXL_293-B9-9_S20_L005	cell_11_PR10_XXL_293-B9-9_S20_L005	1218963	1710155	1684503	1660050	1660048
PR10_XXL_293-B9-9_S20_L005	cell_12_PR10_XXL_293-B9-9_S20_L005	1648010	2298439	2256248	2226896	2226895
PR10_XXL_293-B9-9_S20_L005	cell_13_PR10_XXL_293-B9-9_S20_L005	83152	134551	134171	132201	132201
PR10_XXL_293-B9-9_S20_L005	cell_14_PR10_XXL_293-B9-9_S20_L005	1614803	2315099	2280969	2248707	2248701
PR10_XXL_293-B9-9_S20_L005	cell_15_PR10_XXL_293-B9-9_S20_L005	2703908	3564906	3507520	3447657	3447651
PR10_XXL_293-B9-9_S20_L005	cell_16_PR10_XXL_293-B9-9_S20_L005	1801741	2664519	2624049	2586546	2586543
PR10_XXL_293-B9-9_S20_L005	cell_17_PR10_XXL_293-B9-9_S20_L005	3339167	4918229	4907834	4801295	4801217
PR10_XXL_293-B9-9_S20_L005	cell_18_PR10_XXL_293-B9-9_S20_L005	2355309	3226871	3220203	3142302	3142254
PR10_XXL_293-B9-9_S20_L005	cell_19_PR10_XXL_293-B9-9_S20_L005	767878	1199180	1197127	1171011	1170981
PR10_XXL_293-B9-9_S20_L005	cell_20_PR10_XXL_293-B9-9_S20_L005	1288853	1920878	1918006	1878954	1878922
PR10_XXL_293-B9-9_S20_L005	cell_21_PR10_XXL_293-B9-9_S20_L005	2729444	3875527	3866307	3779707	3779649
PR10_XXL_293-B9-9_S20_L005	cell_22_PR10_XXL_293-B9-9_S20_L005	103271	204649	204617	198994	198991
PR10_XXL_293-B9-9_S20_L005	cell_23_PR10_XXL_293-B9-9_S20_L005	2540717	3861634	3854870	3757779	3757707
PR10_XXL_293-B9-9_S20_L005	cell_24_PR10_XXL_293-B9-9_S20_L005	169008	325010	324909	316883	316876
PR10_XXL_293-B9-9_S20_L005	cell_25_PR10_XXL_293-B9-9_S20_L005	3293837	4274978	4182887	4130672	4130668
PR10_XXL_293-B9-9_S20_L005	cell_26_PR10_XXL_293-B9-9_S20_L005	1568158	2152162	2117337	2084815	2084812
PR10_XXL_293-B9-9_S20_L005	cell_27_PR10_XXL_293-B9-9_S20_L005	106599	170551	169951	167811	167810
PR10_XXL_293-B9-9_S20_L005	cell_28_PR10_XXL_293-B9-9_S20_L005	1502253	2136904	2104313	2080406	2080404
PR10_XXL_293-B9-9_S20_L005	cell_29_PR10_XXL_293-B9-9_S20_L005	309338	446988	437445	431390	431389
PR10_XXL_293-B9-9_S20_L005	cell_30_PR10_XXL_293-B9-9_S20_L005	78133	131257	130226	128593	128593
PR10_XXL_293-B9-9_S20_L005	cell_31_PR10_XXL_293-B9-9_S20_L005	1914277	2475527	2428617	2394596	2394593
PR10_XXL_293-B9-9_S20_L005	cell_32_PR10_XXL_293-B9-9_S20_L005	2091094	2942384	2899382	2862585	2862578
PR10_XXL_293-B9-9_S20_L005	cell_33_PR10_XXL_293-B9-9_S20_L005	2794516	4258851	4256170	4166209	4166145
PR10_XXL_293-B9-9_S20_L005	cell_34_PR10_XXL_293-B9-9_S20_L005	2528304	3610555	3608536	3520535	3520477
PR10_XXL_293-B9-9_S20_L005	cell_35_PR10_XXL_293-B9-9_S20_L005	1204778	1941577	1940305	1890675	1890641
PR10_XXL_293-B9-9_S20_L005	cell_36_PR10_XXL_293-B9-9_S20_L005	1580268	2459159	2458060	2405481	2405441
PR10_XXL_293-B9-9_S20_L005	cell_37_PR10_XXL_293-B9-9_S20_L005	1067991	1595527	1594569	1559222	1559197
PR10_XXL_293-B9-9_S20_L005	cell_38_PR10_XXL_293-B9-9_S20_L005	87942	187097	187086	182990	182989
PR10_XXL_293-B9-9_S20_L005	cell_39_PR10_XXL_293-B9-9_S20_L005	1814567	2890262	2889169	2822768	2822732
PR10_XXL_293-B9-9_S20_L005	cell_40_PR10_XXL_293-B9-9_S20_L005	1530974	2449223	2447961	2393298	2393257
PR10_XXL_293-B9-9_S20_L005	cell_41_PR10_XXL_293-B9-9_S20_L005	1560952	2197831	2165996	2128145	2128118
PR10_XXL_293-B9-9_S20_L005	cell_42_PR10_XXL_293-B9-9_S20_L005	2186030	2998682	2955068	2892128	2892079
PR10_XXL_293-B9-9_S20_L005	cell_43_PR10_XXL_293-B9-9_S20_L005	89185	146868	146178	142873	142871
PR10_XXL_293-B9-9_S20_L005	cell_44_PR10_XXL_293-B9-9_S20_L005	1794797	2479203	2444055	2399427	2399391
PR10_XXL_293-B9-9_S20_L005	cell_45_PR10_XXL_293-B9-9_S20_L005	108798	170476	169785	165219	165217
PR10_XXL_293-B9-9_S20_L005	cell_46_PR10_XXL_293-B9-9_S20_L005	77155	139944	139431	136980	136979
PR10_XXL_293-B9-9_S20_L005	cell_47_PR10_XXL_293-B9-9_S20_L005	1289791	1833861	1807077	1769766	1769741
PR10_XXL_293-B9-9_S20_L005	cell_48_PR10_XXL_293-B9-9_S20_L005	1420779	2107445	2074150	2034769	2034745
PR10_XXL_293-B9-9_S20_L005	cell_49_PR10_XXL_293-B9-9_S20_L005	2534141	3314241	3271863	3230597	3230595
PR10_XXL_293-B9-9_S20_L005	cell_50_PR10_XXL_293-B9-9_S20_L005	2098197	2865345	2832865	2789600	2789599
PR10_XXL_293-B9-9_S20_L005	cell_51_PR10_XXL_293-B9-9_S20_L005	1781832	2370659	2335731	2302747	2302744
PR10_XXL_293-B9-9_S20_L005	cell_52_PR10_XXL_293-B9-9_S20_L005	106255	183611	183268	181093	181091
PR10_XXL_293-B9-9_S20_L005	cell_53_PR10_XXL_293-B9-9_S20_L005	50600	76442	75547	74446	74446
PR10_XXL_293-B9-9_S20_L005	cell_54_PR10_XXL_293-B9-9_S20_L005	1563923	2189723	2166914	2137923	2137922
PR10_XXL_293-B9-9_S20_L005	cell_55_PR10_XXL_293-B9-9_S20_L005	263114	354438	349005	343818	343817
PR10_XXL_293-B9-9_S20_L005	cell_56_PR10_XXL_293-B9-9_S20_L005	1342790	1887823	1866243	1844385	1844384
PR10_XXL_293-B9-9_S20_L005	cell_57_PR10_XXL_293-B9-9_S20_L005	1866365	2440589	2393622	2363977	2363972
PR10_XXL_293-B9-9_S20_L005	cell_58_PR10_XXL_293-B9-9_S20_L005	2188804	2904760	2856463	2805362	2805360
PR10_XXL_293-B9-9_S20_L005	cell_59_PR10_XXL_293-B9-9_S20_L005	1647654	2241923	2207796	2177156	2177153
PR10_XXL_293-B9-9_S20_L005	cell_60_PR10_XXL_293-B9-9_S20_L005	1805784	2435522	2394615	2365722	2365718
PR10_XXL_293-B9-9_S20_L005	cell_61_PR10_XXL_293-B9-9_S20_L005	67132	100288	99699	98293	98293
PR10_XXL_293-B9-9_S20_L005	cell_62_PR10_XXL_293-B9-9_S20_L005	1575332	2192616	2162474	2135649	2135646
PR10_XXL_293-B9-9_S20_L005	cell_63_PR10_XXL_293-B9-9_S20_L005	2321248	2991733	2941404	2892608	2892603
PR10_XXL_293-B9-9_S20_L005	cell_64_PR10_XXL_293-B9-9_S20_L005	1320047	1894823	1862152	1838046	1838044
PR10_XXL_293-B9-9_S20_L005	cell_65_PR10_XXL_293-B9-9_S20_L005	2207290	3062279	3010488	2948223	2948176
PR10_XXL_293-B9-9_S20_L005	cell_66_PR10_XXL_293-B9-9_S20_L005	1935503	2527492	2490805	2431983	2431935
PR10_XXL_293-B9-9_S20_L005	cell_67_PR10_XXL_293-B9-9_S20_L005	1069751	1582649	1554305	1515715	1515692
PR10_XXL_293-B9-9_S20_L005	cell_68_PR10_XXL_293-B9-9_S20_L005	1674720	2359896	2326335	2282100	2282063
PR10_XXL_293-B9-9_S20_L005	cell_69_PR10_XXL_293-B9-9_S20_L005	1740129	2322509	2278835	2228062	2228021
PR10_XXL_293-B9-9_S20_L005	cell_70_PR10_XXL_293-B9-9_S20_L005	1057518	1712508	1691306	1654714	1654687
PR10_XXL_293-B9-9_S20_L005	cell_71_PR10_XXL_293-B9-9_S20_L005	1022388	1508869	1498082	1459183	1459162
PR10_XXL_293-B9-9_S20_L005	cell_72_PR10_XXL_293-B9-9_S20_L005	117350	205648	204935	199722	199717
PR10_XXL_293-B9-9_S20_L005	cell_73_PR10_XXL_293-B9-9_S20_L005	2513804	3301238	3248052	3207457	3207455
PR10_XXL_293-B9-9_S20_L005	cell_74_PR10_XXL_293-B9-9_S20_L005	1894946	2588136	2549737	2513201	2513196
PR10_XXL_293-B9-9_S20_L005	cell_75_PR10_XXL_293-B9-9_S20_L005	1782927	2389717	2359567	2326361	2326360
PR10_XXL_293-B9-9_S20_L005	cell_76_PR10_XXL_293-B9-9_S20_L005	1665378	2384515	2344379	2318324	2318322
PR10_XXL_293-B9-9_S20_L005	cell_77_PR10_XXL_293-B9-9_S20_L005	1443303	1978536	1939165	1911055	1911049
PR10_XXL_293-B9-9_S20_L005	cell_78_PR10_XXL_293-B9-9_S20_L005	1519265	2131280	2099405	2070451	2070444
PR10_XXL_293-B9-9_S20_L005	cell_79_PR10_XXL_293-B9-9_S20_L005	2663991	3379628	3308689	3256912	3256900
PR10_XXL_293-B9-9_S20_L005	cell_80_PR10_XXL_293-B9-9_S20_L005	1213575	1735566	1711759	1689076	1689075
PR10_XXL_293-B9-9_S20_L005	cell_81_PR10_XXL_293-B9-9_S20_L005	2541959	3351919	3291023	3254146	3254143
PR10_XXL_293-B9-9_S20_L005	cell_82_PR10_XXL_293-B9-9_S20_L005	2428066	3301713	3256597	3202505	3202501
PR10_XXL_293-B9-9_S20_L005	cell_83_PR10_XXL_293-B9-9_S20_L005	1211051	1685631	1664138	1642407	1642403
PR10_XXL_293-B9-9_S20_L005	cell_84_PR10_XXL_293-B9-9_S20_L005	1370424	1895545	1870610	1844554	1844553
PR10_XXL_293-B9-9_S20_L005	cell_85_PR10_XXL_293-B9-9_S20_L005	40813	62746	62387	61469	61469
PR10_XXL_293-B9-9_S20_L005	cell_86_PR10_XXL_293-B9-9_S20_L005	587815	845436	830292	816828	816827
PR10_XXL_293-B9-9_S20_L005	cell_87_PR10_XXL_293-B9-9_S20_L005	2474643	3223288	3163336	3116749	3116747
PR10_XXL_293-B9-9_S20_L005	cell_88_PR10_XXL_293-B9-9_S20_L005	1404789	2069757	2039500	2014672	2014670
PR10_XXL_293-B9-9_S20_L005	cell_89_PR10_XXL_293-B9-9_S20_L005	2257191	3239916	3177905	3120674	3120634
PR10_XXL_293-B9-9_S20_L005	cell_90_PR10_XXL_293-B9-9_S20_L005	1471162	2028589	1986901	1948533	1948505
PR10_XXL_293-B9-9_S20_L005	cell_91_PR10_XXL_293-B9-9_S20_L005	1063764	1588981	1557949	1527725	1527704
PR10_XXL_293-B9-9_S20_L005	cell_92_PR10_XXL_293-B9-9_S20_L005	1107877	1551921	1522929	1494295	1494277
PR10_XXL_293-B9-9_S20_L005	cell_93_PR10_XXL_293-B9-9_S20_L005	547782	784989	773687	757160	757151
PR10_XXL_293-B9-9_S20_L005	cell_94_PR10_XXL_293-B9-9_S20_L005	56246	103345	103120	101322	101322
PR10_XXL_293-B9-9_S20_L005	cell_95_PR10_XXL_293-B9-9_S20_L005	1488501	2128262	2087229	2044772	2044744
PR10_XXL_293-B9-9_S20_L005	cell_96_PR10_XXL_293-B9-9_S20_L005	1389195	2052553	2016699	1981055	1981027
PR10_XXL_293-B9-10_S4_L004	cell_1_PR10_XXL_293-B9-10_S4_L004	4019433	5637909	5469852	5372465	5372432
PR10_XXL_293-B9-10_S4_L004	cell_2_PR10_XXL_293-B9-10_S4_L004	2436012	3260870	3161498	3097632	3097616
PR10_XXL_293-B9-10_S4_L004	cell_3_PR10_XXL_293-B9-10_S4_L004	2104773	3115090	3019672	2957690	2957666
PR10_XXL_293-B9-10_S4_L004	cell_4_PR10_XXL_293-B9-10_S4_L004	1999462	2751423	2675129	2632162	2632148
PR10_XXL_293-B9-10_S4_L004	cell_5_PR10_XXL_293-B9-10_S4_L004	1569922	2167507	2122875	2080567	2080552
PR10_XXL_293-B9-10_S4_L004	cell_6_PR10_XXL_293-B9-10_S4_L004	1747222	2721911	2654508	2607801	2607786
PR10_XXL_293-B9-10_S4_L004	cell_7_PR10_XXL_293-B9-10_S4_L004	3210432	4364033	4242175	4157992	4157966
PR10_XXL_293-B9-10_S4_L004	cell_8_PR10_XXL_293-B9-10_S4_L004	1612096	2320345	2260634	2220466	2220454
PR10_XXL_293-B9-10_S4_L004	cell_9_PR10_XXL_293-B9-10_S4_L004	2297987	2992422	2903969	2863819	2863806
PR10_XXL_293-B9-10_S4_L004	cell_10_PR10_XXL_293-B9-10_S4_L004	2527967	3325151	3233377	3179578	3179561
PR10_XXL_293-B9-10_S4_L004	cell_11_PR10_XXL_293-B9-10_S4_L004	2071037	2807439	2737515	2703489	2703474
PR10_XXL_293-B9-10_S4_L004	cell_12_PR10_XXL_293-B9-10_S4_L004	145420	241450	239339	236400	236397
PR10_XXL_293-B9-10_S4_L004	cell_13_PR10_XXL_293-B9-10_S4_L004	415687	560512	544034	535703	535701
PR10_XXL_293-B9-10_S4_L004	cell_14_PR10_XXL_293-B9-10_S4_L004	1664305	2332572	2288534	2257895	2257881
PR10_XXL_293-B9-10_S4_L004	cell_15_PR10_XXL_293-B9-10_S4_L004	3050487	3943523	3864104	3807035	3807012
PR10_XXL_293-B9-10_S4_L004	cell_16_PR10_XXL_293-B9-10_S4_L004	1992143	2880757	2820659	2785935	2785925
PR10_XXL_293-B9-10_S4_L004	cell_17_PR10_XXL_293-B9-10_S4_L004	286402	488850	488171	474017	474014
PR10_XXL_293-B9-10_S4_L004	cell_18_PR10_XXL_293-B9-10_S4_L004	2818725	3920747	3907760	3812190	3812165
PR10_XXL_293-B9-10_S4_L004	cell_19_PR10_XXL_293-B9-10_S4_L004	2087605	3328662	3319226	3247430	3247413
PR10_XXL_293-B9-10_S4_L004	cell_20_PR10_XXL_293-B9-10_S4_L004	1842477	2757041	2750264	2698373	2698352
PR10_XXL_293-B9-10_S4_L004	cell_21_PR10_XXL_293-B9-10_S4_L004	2993290	4271039	4257960	4167341	4167311
PR10_XXL_293-B9-10_S4_L004	cell_22_PR10_XXL_293-B9-10_S4_L004	129960	255411	255320	250605	250604
PR10_XXL_293-B9-10_S4_L004	cell_23_PR10_XXL_293-B9-10_S4_L004	2673668	4138974	4127682	4034390	4034357
PR10_XXL_293-B9-10_S4_L004	cell_24_PR10_XXL_293-B9-10_S4_L004	2240077	3511068	3502221	3430124	3430102
PR10_XXL_293-B9-10_S4_L004	cell_25_PR10_XXL_293-B9-10_S4_L004	3027813	3968530	3900723	3848458	3848430
PR10_XXL_293-B9-10_S4_L004	cell_26_PR10_XXL_293-B9-10_S4_L004	2407837	3196408	3110317	3056992	3056976
PR10_XXL_293-B9-10_S4_L004	cell_27_PR10_XXL_293-B9-10_S4_L004	2253388	2998513	2930492	2891870	2891851
PR10_XXL_293-B9-10_S4_L004	cell_28_PR10_XXL_293-B9-10_S4_L004	1829622	2551459	2496904	2468190	2468179
PR10_XXL_293-B9-10_S4_L004	cell_29_PR10_XXL_293-B9-10_S4_L004	2514899	3441793	3366436	3312766	3312749
PR10_XXL_293-B9-10_S4_L004	cell_30_PR10_XXL_293-B9-10_S4_L004	1558406	2163811	2124834	2099288	2099274
PR10_XXL_293-B9-10_S4_L004	cell_31_PR10_XXL_293-B9-10_S4_L004	2903674	3732892	3643079	3586491	3586471
PR10_XXL_293-B9-10_S4_L004	cell_32_PR10_XXL_293-B9-10_S4_L004	1803732	2506456	2453603	2420703	2420688
PR10_XXL_293-B9-10_S4_L004	cell_33_PR10_XXL_293-B9-10_S4_L004	2254725	3587240	3584687	3511335	3511309
PR10_XXL_293-B9-10_S4_L004	cell_34_PR10_XXL_293-B9-10_S4_L004	1790209	2640923	2639016	2574421	2574411
PR10_XXL_293-B9-10_S4_L004	cell_35_PR10_XXL_293-B9-10_S4_L004	1108895	1876524	1875251	1833049	1833037
PR10_XXL_293-B9-10_S4_L004	cell_36_PR10_XXL_293-B9-10_S4_L004	162016	297389	297368	285415	285414
PR10_XXL_293-B9-10_S4_L004	cell_37_PR10_XXL_293-B9-10_S4_L004	1073659	1619110	1617526	1580125	1580118
PR10_XXL_293-B9-10_S4_L004	cell_38_PR10_XXL_293-B9-10_S4_L004	825088	1535832	1535129	1503316	1503305
PR10_XXL_293-B9-10_S4_L004	cell_39_PR10_XXL_293-B9-10_S4_L004	1831151	2984432	2982135	2907910	2907888
PR10_XXL_293-B9-10_S4_L004	cell_40_PR10_XXL_293-B9-10_S4_L004	1514098	2501745	2500071	2447106	2447084
PR10_XXL_293-B9-10_S4_L004	cell_41_PR10_XXL_293-B9-10_S4_L004	174188	288140	286240	280715	280713
PR10_XXL_293-B9-10_S4_L004	cell_42_PR10_XXL_293-B9-10_S4_L004	2628313	3513107	3400334	3331810	3331786
PR10_XXL_293-B9-10_S4_L004	cell_43_PR10_XXL_293-B9-10_S4_L004	1153324	1728721	1680636	1647863	1647855
PR10_XXL_293-B9-10_S4_L004	cell_44_PR10_XXL_293-B9-10_S4_L004	1752081	2424690	2365758	2324252	2324239
PR10_XXL_293-B9-10_S4_L004	cell_45_PR10_XXL_293-B9-10_S4_L004	126653	193973	192509	188619	188616
PR10_XXL_293-B9-10_S4_L004	cell_46_PR10_XXL_293-B9-10_S4_L004	1455563	2315200	2263127	2225547	2225530
PR10_XXL_293-B9-10_S4_L004	cell_47_PR10_XXL_293-B9-10_S4_L004	1635477	2299187	2249187	2204509	2204500
PR10_XXL_293-B9-10_S4_L004	cell_48_PR10_XXL_293-B9-10_S4_L004	1070155	1594647	1570989	1545458	1545447
PR10_XXL_293-B9-10_S4_L004	cell_49_PR10_XXL_293-B9-10_S4_L004	2832912	3635031	3555053	3510451	3510429
PR10_XXL_293-B9-10_S4_L004	cell_50_PR10_XXL_293-B9-10_S4_L004	1438062	1911455	1876140	1845002	1844992
PR10_XXL_293-B9-10_S4_L004	cell_51_PR10_XXL_293-B9-10_S4_L004	2229816	2973189	2931121	2891252	2891239
PR10_XXL_293-B9-10_S4_L004	cell_52_PR10_XXL_293-B9-10_S4_L004	126626	216499	216032	213260	213258
PR10_XXL_293-B9-10_S4_L004	cell_53_PR10_XXL_293-B9-10_S4_L004	590054	826472	815062	802510	802507
PR10_XXL_293-B9-10_S4_L004	cell_54_PR10_XXL_293-B9-10_S4_L004	1318287	1819793	1783895	1762861	1762849
PR10_XXL_293-B9-10_S4_L004	cell_55_PR10_XXL_293-B9-10_S4_L004	2660956	3393987	3330543	3281317	3281296
PR10_XXL_293-B9-10_S4_L004	cell_56_PR10_XXL_293-B9-10_S4_L004	1486192	2046685	2015488	1990092	1990087
PR10_XXL_293-B9-10_S4_L004	cell_57_PR10_XXL_293-B9-10_S4_L004	2200508	2839387	2780225	2741428	2741405
PR10_XXL_293-B9-10_S4_L004	cell_58_PR10_XXL_293-B9-10_S4_L004	2333084	2988729	2929493	2884931	2884915
PR10_XXL_293-B9-10_S4_L004	cell_59_PR10_XXL_293-B9-10_S4_L004	1926254	2547554	2494249	2457896	2457879
PR10_XXL_293-B9-10_S4_L004	cell_60_PR10_XXL_293-B9-10_S4_L004	1777126	2336034	2295123	2264873	2264859
PR10_XXL_293-B9-10_S4_L004	cell_61_PR10_XXL_293-B9-10_S4_L004	151886	213026	212189	208226	208224
PR10_XXL_293-B9-10_S4_L004	cell_62_PR10_XXL_293-B9-10_S4_L004	1922679	2578320	2537517	2507314	2507297
PR10_XXL_293-B9-10_S4_L004	cell_63_PR10_XXL_293-B9-10_S4_L004	683878	864586	847883	834570	834569
PR10_XXL_293-B9-10_S4_L004	cell_64_PR10_XXL_293-B9-10_S4_L004	1315467	1771867	1727961	1704696	1704686
PR10_XXL_293-B9-10_S4_L004	cell_65_PR10_XXL_293-B9-10_S4_L004	704116	1022955	1000560	980821	980815
PR10_XXL_293-B9-10_S4_L004	cell_66_PR10_XXL_293-B9-10_S4_L004	2227850	2943897	2870904	2799991	2799968
PR10_XXL_293-B9-10_S4_L004	cell_67_PR10_XXL_293-B9-10_S4_L004	1382811	2063263	2011470	1966165	1966151
PR10_XXL_293-B9-10_S4_L004	cell_68_PR10_XXL_293-B9-10_S4_L004	1818068	2603880	2555456	2500936	2500909
PR10_XXL_293-B9-10_S4_L004	cell_69_PR10_XXL_293-B9-10_S4_L004	842488	1138245	1115206	1088780	1088771
PR10_XXL_293-B9-10_S4_L004	cell_70_PR10_XXL_293-B9-10_S4_L004	868133	1403141	1378255	1346896	1346885
PR10_XXL_293-B9-10_S4_L004	cell_71_PR10_XXL_293-B9-10_S4_L004	158891	265381	264019	254724	254724
PR10_XXL_293-B9-10_S4_L004	cell_72_PR10_XXL_293-B9-10_S4_L004	1416520	2089983	2047845	2006915	2006896
PR10_XXL_293-B9-10_S4_L004	cell_73_PR10_XXL_293-B9-10_S4_L004	2867112	3689403	3601189	3558874	3558854
PR10_XXL_293-B9-10_S4_L004	cell_74_PR10_XXL_293-B9-10_S4_L004	1652927	2184839	2132579	2098820	2098809
PR10_XXL_293-B9-10_S4_L004	cell_75_PR10_XXL_293-B9-10_S4_L004	2433044	3228499	3167789	3124259	3124241
PR10_XXL_293-B9-10_S4_L004	cell_76_PR10_XXL_293-B9-10_S4_L004	1328401	1858193	1825750	1805393	1805384
PR10_XXL_293-B9-10_S4_L004	cell_77_PR10_XXL_293-B9-10_S4_L004	2188608	2912742	2837414	2795914	2795897
PR10_XXL_293-B9-10_S4_L004	cell_78_PR10_XXL_293-B9-10_S4_L004	1704538	2373554	2334045	2301909	2301895
PR10_XXL_293-B9-10_S4_L004	cell_79_PR10_XXL_293-B9-10_S4_L004	2164006	2762342	2709220	2669469	2669458
PR10_XXL_293-B9-10_S4_L004	cell_80_PR10_XXL_293-B9-10_S4_L004	163640	278682	277885	273990	273986
PR10_XXL_293-B9-10_S4_L004	cell_81_PR10_XXL_293-B9-10_S4_L004	2126556	2777728	2732220	2695851	2695836
PR10_XXL_293-B9-10_S4_L004	cell_82_PR10_XXL_293-B9-10_S4_L004	2019544	2661486	2608587	2568117	2568104
PR10_XXL_293-B9-10_S4_L004	cell_83_PR10_XXL_293-B9-10_S4_L004	1864465	2511279	2461999	2424620	2424600
PR10_XXL_293-B9-10_S4_L004	cell_84_PR10_XXL_293-B9-10_S4_L004	1427838	1971603	1936028	1912665	1912651
PR10_XXL_293-B9-10_S4_L004	cell_85_PR10_XXL_293-B9-10_S4_L004	1581366	2137419	2101802	2068323	2068311
PR10_XXL_293-B9-10_S4_L004	cell_86_PR10_XXL_293-B9-10_S4_L004	1356913	1908822	1886153	1861210	1861200
PR10_XXL_293-B9-10_S4_L004	cell_87_PR10_XXL_293-B9-10_S4_L004	2341990	3022143	2954168	2909044	2909024
PR10_XXL_293-B9-10_S4_L004	cell_88_PR10_XXL_293-B9-10_S4_L004	259525	408306	400360	394193	394192
PR10_XXL_293-B9-10_S4_L004	cell_89_PR10_XXL_293-B9-10_S4_L004	813294	1199263	1172860	1150924	1150915
PR10_XXL_293-B9-10_S4_L004	cell_90_PR10_XXL_293-B9-10_S4_L004	233832	332399	324979	318833	318833
PR10_XXL_293-B9-10_S4_L004	cell_91_PR10_XXL_293-B9-10_S4_L004	86815	141918	138787	135747	135746
PR10_XXL_293-B9-10_S4_L004	cell_92_PR10_XXL_293-B9-10_S4_L004	1198365	1709744	1670165	1640162	1640150
PR10_XXL_293-B9-10_S4_L004	cell_93_PR10_XXL_293-B9-10_S4_L004	1454730	2049596	1984556	1948365	1948351
PR10_XXL_293-B9-10_S4_L004	cell_94_PR10_XXL_293-B9-10_S4_L004	1006007	1643078	1607964	1580142	1580130
PR10_XXL_293-B9-10_S4_L004	cell_95_PR10_XXL_293-B9-10_S4_L004	130315	213244	212635	206395	206394
PR10_XXL_293-B9-10_S4_L004	cell_96_PR10_XXL_293-B9-10_S4_L004	1250550	1846729	1799083	1768682	1768676
