human	PD10293B91S32L007cell1	1356415	176417	26719	8441	1144838	228500	1670	226830	30	10494	6.7333
human	PD10293B91S32L007cell2	1273243	122598	28475	12159	1110011	217360	1918	215442	32	9871	6.4166
human	PD10293B91S32L007cell3	1102273	199074	20191	13593	869415	145528	1652	143876	30	10302	5.7000
human	PD10293B91S32L007cell4	1015326	95296	23274	10394	886362	172996	1696	171300	29	9354	5.9000
human	PD10293B91S32L007cell5	877800	73874	21135	9164	773627	149743	1519	148224	28	9438	5.5000
human	PD10293B91S32L007cell6	1095822	106662	22740	14478	951942	139680	1500	138180	28	9100	5.7666
human	PD10293B91S32L007cell7	881825	86868	19284	4531	771142	207449	1322	206127	25	10000	5.6333
human	PD10293B91S32L007cell8	1787463	134891	43112	7932	1601528	301832	1327	300505	23	10664	7.8666
human	PD10293B91S32L007cell9	1404754	144792	29588	15853	1214521	217753	2111	215642	30	10151	6.5500
human	PD10293B91S32L007cell10	1097428	115342	26055	13648	942383	154280	1682	152598	29	9882	5.7500
human	PD10293B91S32L007cell11	1123524	96296	22871	14111	990246	162223	1706	160517	26	9688	5.7833
human	PD10293B91S32L007cell12	789816	79069	17610	5507	687630	213421	1429	211992	28	9985	5.5333
human	PD10293B91S32L007cell13	1054273	119637	24191	8262	902183	169165	1395	167770	26	10112	5.7500
human	PD10293B91S32L007cell14	852600	97003	18869	7800	728928	158008	1304	156704	28	9627	5.3500
human	PD10293B91S32L007cell15	1294408	175329	29743	17558	1071778	145930	1717	144213	29	9616	6.3333
human	PD10293B91S32L007cell16	1212373	97800	28175	13014	1073384	157718	1354	156364	30	9182	5.8666
human	PD10293B91S32L007cell17	416675	53888	7275	2189	353323	100308	883	99425	27	8262	4.4500
human	PD10293B91S32L007cell18	356416	137525	3178	1017	214696	76253	599	75654	25	8499	4.4166
human	PD10293B91S32L007cell19	371440	53631	7250	3419	307140	71899	902	70997	22	7422	4.2833
human	PD10293B91S32L007cell20	286604	37507	5180	2501	241416	73637	802	72835	28	7882	4.0666
human	PD10293B91S32L007cell21	407191	48537	6831	4828	346995	71245	1141	70104	26	7780	4.3833
human	PD10293B91S32L007cell22	336089	40910	5634	4040	285505	58402	922	57480	25	7626	4.1833
human	PD10293B91S32L007cell23	412601	67072	7517	2933	335079	76800	911	75889	27	7898	4.4333
human	PD10293B91S32L007cell24	318080	30045	5995	1980	280060	74359	687	73672	23	7855	4.1166
human	PD10293B91S32L007cell25	1695502	217016	35553	29940	1412993	185216	2631	182585	33	10033	6.9000
human	PD10293B91S32L007cell26	980661	109405	22111	9499	839646	183503	1733	181770	27	10516	5.6500
human	PD10293B91S32L007cell27	1231016	229361	26697	8298	966660	231882	1668	230214	29	10726	6.3833
human	PD10293B91S32L007cell28	1219018	143340	25151	15106	1035421	170082	1996	168086	33	9918	6.0666
human	PD10293B91S32L007cell29	987008	85468	25233	6230	870077	210510	1619	208891	31	10092	5.7666
human	PD10293B91S32L007cell30	1200392	164031	27263	16308	992790	167836	1788	166048	34	10266	6.1833
human	PD10293B91S32L007cell31	1270328	134039	29018	13674	1093597	183790	1965	181825	32	10346	6.2000
human	PD10293B91S32L007cell32	1097237	85909	19344	8396	983588	168945	1425	167520	29	9763	6.8666
human	PD10293B91S32L007cell33	35618	1973	126	25665	7854	8747	2020	6727	25	2455	3.6500
human	PD10293B91S32L007cell34	334402	44433	6430	3399	280140	68520	943	67577	23	7737	4.1833
human	PD10293B91S32L007cell35	331813	38483	5793	3143	284394	63460	814	62646	22	7537	4.2500
human	PD10293B91S32L007cell36	264392	34651	4420	2403	222918	56227	766	55461	26	7109	4.0333
human	PD10293B91S32L007cell37	405406	65919	7293	4352	327842	60533	967	59566	21	7214	4.3833
human	PD10293B91S32L007cell38	116444	48957	1234	223	66030	40909	184	40725	16	6909	3.7833
human	PD10293B91S32L007cell39	218767	32725	3619	1012	181411	61159	498	60661	22	7265	4.0000
human	PD10293B91S32L007cell40	168592	15055	2902	586	150049	60502	356	60146	19	7073	3.9000
human	PD10293B91S32L007cell41	807204	198442	13007	9023	586732	142577	2028	140549	30	10226	5.1833
human	PD10293B91S32L007cell42	1086944	144779	19640	16836	905689	153847	2066	151781	29	9733	5.6666
human	PD10293B91S32L007cell43	1173286	188957	23362	15755	945212	157746	1937	155809	32	10245	5.9166
human	PD10293B91S32L007cell44	1073313	100947	23495	15392	933479	155359	1964	153395	34	9832	5.7000
human	PD10293B91S32L007cell45	185805	6157	1340	132000	46308	44853	4070	40783	34	6191	4.0000
human	PD10293B91S32L007cell46	752297	77350	16973	5966	652008	170754	1425	169329	28	9926	5.2666
human	PD10293B91S32L007cell47	605493	107838	11076	5236	481343	137738	1619	136119	28	9638	4.8833
human	PD10293B91S32L007cell48	610859	64684	11789	6328	528058	129023	1337	127686	33	9331	4.7666
human	PD10293B91S32L007cell49	1786979	193473	39188	32395	1521923	174980	2378	172602	31	9618	7.2000
human	PD10293B91S32L007cell50	921597	88973	22106	8245	802273	183837	1487	182350	29	10149	5.5500
human	PD10293B91S32L007cell51	730334	61921	17241	6995	644177	159324	1419	157905	28	9442	5.1666
human	PD10293B91S32L007cell52	1325446	144184	29159	16319	1135784	171851	1780	170071	34	9666	6.2833
human	PD10293B91S32L007cell53	870106	78466	20298	4087	767255	215287	1220	214067	30	10696	5.5666
human	PD10293B91S32L007cell54	1088962	124128	26310	12955	925569	168234	1594	166640	31	10003	5.8166
human	PD10293B91S32L007cell55	1011354	128486	24281	9225	849362	176601	1535	175066	35	10170	5.7500
human	PD10293B91S32L007cell56	1192573	164861	25838	20132	981742	132285	1646	130639	31	9500	5.8333
human	PD10293B91S32L007cell57	1443217	179090	33901	18084	1212142	300160	3287	296873	33	10579	6.9333
human	PD10293B91S32L007cell58	1025499	124935	22044	10082	868438	212963	2147	210816	32	10682	5.8000
human	PD10293B91S32L007cell59	1288455	156682	29426	24267	1078080	156812	2263	154549	28	9876	6.1666
human	PD10293B91S32L007cell60	1509390	118214	29944	25989	1335243	187249	2498	184751	31	10255	6.5500
human	PD10293B91S32L007cell61	1209643	121163	28844	12431	1047205	200852	2246	198606	31	10338	6.1333
human	PD10293B91S32L007cell62	1102766	193194	21520	14027	874025	158020	1906	156114	32	10062	5.7166
human	PD10293B91S32L007cell63	734057	108539	14535	76432	534551	86372	3343	83029	28	8090	4.9500
human	PD10293B91S32L007cell64	1147607	124858	27823	8551	986375	330390	2279	328111	27	10542	6.7666
human	PD10293B91S32L007cell65	844578	103914	15248	9577	715839	135867	1846	134021	26	9360	5.2333
human	PD10293B91S32L007cell66	770847	67820	14823	6153	682051	152587	1512	151075	27	9419	5.3666
human	PD10293B91S32L007cell67	662399	86584	12193	10972	552650	104712	1665	103047	25	8804	4.8166
human	PD10293B91S32L007cell68	795914	75285	15795	11506	693328	121664	1697	119967	31	9324	5.0833
human	PD10293B91S32L007cell69	396230	46825	8221	3300	337884	116280	1314	114966	26	8998	4.4166
human	PD10293B91S32L007cell70	496425	47068	8577	5222	435558	99338	1252	98086	30	8628	4.7333
human	PD10293B91S32L007cell71	806585	115939	15850	7799	666997	146113	1614	144499	37	9697	5.3500
human	PD10293B91S32L007cell72	452872	70223	8269	5639	368741	144935	1695	143240	31	9212	4.5500
human	PD10293B91S32L007cell73	1288135	123047	29304	7763	1128021	289581	1911	287670	25	10660	6.7333
human	PD10293B91S32L007cell74	1535672	146359	35591	27532	1326190	236031	3080	232951	37	10218	6.9500
human	PD10293B91S32L007cell75	1360438	213830	26943	18878	1100787	181892	2031	179861	31	10107	6.5166
human	PD10293B91S32L007cell76	1461746	159163	29363	22330	1250890	220097	2620	217477	28	10254	6.6500
human	PD10293B91S32L007cell77	1255153	135834	31442	15837	1072040	204144	2271	201873	30	10630	6.1500
human	PD10293B91S32L007cell78	1154674	127170	26376	17307	983821	176990	1980	175010	30	9743	5.9500
human	PD10293B91S32L007cell79	1558369	185771	31978	22152	1318468	167999	2142	165857	32	10033	6.7333
human	PD10293B91S32L007cell80	1312220	145463	33552	15969	1117236	310083	2908	307175	28	10335	6.7333
human	PD10293B91S32L007cell81	1662519	206437	38712	40651	1376719	135259	2400	132859	31	9004	6.7000
human	PD10293B91S32L007cell82	845392	86166	16911	9270	733045	152270	1524	150746	29	9606	5.3333
human	PD10293B91S32L007cell83	1034241	108081	20700	19831	885629	120080	1810	118270	34	9158	5.5333
human	PD10293B91S32L007cell84	729330	74771	13555	9387	631617	126881	1480	125401	30	9472	5.0166
human	PD10293B91S32L007cell85	933960	109036	19626	9238	796060	152843	1544	151299	35	9659	5.4333
human	PD10293B91S32L007cell86	784946	99433	16592	8659	660262	123354	1378	121976	26	9087	5.1833
human	PD10293B91S32L007cell87	1229229	141391	27690	11838	1048310	162142	1654	160488	33	10056	6.1166
human	PD10293B91S32L007cell88	776295	125712	14086	6590	629907	128359	1199	127160	28	9455	5.0833
human	PD10293B91S32L007cell89	1150760	121066	22276	22069	985349	135190	2084	133106	30	8192	5.9666
human	PD10293B91S32L007cell90	591945	75112	12928	5056	498849	122988	1162	121826	26	9019	4.7500
human	PD10293B91S32L007cell91	457777	59210	10032	3776	384759	112522	1003	111519	27	8714	4.5333
human	PD10293B91S32L007cell92	424155	49044	8901	3517	362693	105975	997	104978	26	8389	4.4166
human	PD10293B91S32L007cell93	358806	34740	8796	2026	313244	119727	863	118864	24	8862	4.3500
human	PD10293B91S32L007cell94	608060	70600	13601	6424	517435	140866	1436	139430	26	9314	4.8166
human	PD10293B91S32L007cell95	510602	59871	12638	3146	434947	163531	1153	162378	28	8618	4.8500
human	PD10293B91S32L007cell96	1114308	107153	25181	8306	973668	413540	2842	410698	26	9679	7.7333
human	PD10293B92S33L008cell1	1738528	217749	35933	12298	1472548	331013	2465	328548	28	10785	9.2000
human	PD10293B92S33L008cell2	620886	212278	10002	2845	395761	171753	1392	170361	23	10209	5.1000
human	PD10293B92S33L008cell3	1293588	178586	25808	14520	1074674	216319	2336	213983	28	10012	6.5666
human	PD10293B92S33L008cell4	952501	195758	17775	7171	731797	203807	1812	201995	32	10234	5.9500
human	PD10293B92S33L008cell5	2000491	414654	34451	24499	1526887	230542	2942	227600	29	10569	8.1000
human	PD10293B92S33L008cell6	66139	5416	506	40805	19412	16930	2975	13955	32	3782	3.8000
human	PD10293B92S33L008cell7	1217067	146382	27767	7026	1035892	287543	1840	285703	26	10419	7.2666
human	PD10293B92S33L008cell8	2028361	305973	42384	17715	1662289	279558	2273	277285	29	10271	8.2166
human	PD10293B92S33L008cell9	1557838	279973	28797	19187	1229881	191455	2171	189284	28	10224	7.2333
human	PD10293B92S33L008cell10	1164855	163814	21541	11579	967921	173076	1825	171251	29	10156	6.5000
human	PD10293B92S33L008cell11	864759	188040	15174	9947	651598	132343	1600	130743	33	9520	5.5666
human	PD10293B92S33L008cell12	735048	107593	15025	6079	606351	150536	1324	149212	26	9848	5.4500
human	PD10293B92S33L008cell13	1142053	201909	23614	10033	906497	153273	1640	151633	29	9751	6.0500
human	PD10293B92S33L008cell14	1374790	150933	31634	14735	1177488	205481	1846	203635	29	10353	7.2333
human	PD10293B92S33L008cell15	1675908	218787	30962	14138	1412021	188777	1748	187029	34	10379	8.3833
human	PD10293B92S33L008cell16	1517142	181086	30322	13133	1292601	233267	1779	231488	34	9955	7.7166
human	PD10293B92S33L008cell17	484780	82212	8978	2294	391296	140971	1103	139868	29	8650	4.9500
human	PD10293B92S33L008cell18	482714	78013	7974	3800	392927	88870	1161	87709	28	8063	4.6000
human	PD10293B92S33L008cell19	356461	40579	6926	1849	307107	94196	780	93416	24	8280	4.3833
human	PD10293B92S33L008cell20	228176	43043	4135	855	180143	75765	453	75312	22	7847	4.0500
human	PD10293B92S33L008cell21	318357	40204	6002	1261	270890	89170	667	88503	26	8192	4.4666
human	PD10293B92S33L008cell22	219506	31294	3562	1513	183137	53871	632	53239	21	6947	3.9833
human	PD10293B92S33L008cell23	310242	51323	5792	1039	252088	85129	570	84559	22	8346	4.4000
human	PD10293B92S33L008cell24	401233	123793	4786	1554	271100	75678	679	74999	26	7864	4.4500
human	PD10293B92S33L008cell25	1754701	191768	35856	18876	1508201	253649	2456	251193	30	10850	7.8500
human	PD10293B92S33L008cell26	1097417	121840	24466	13285	937826	199560	2446	197114	30	10279	6.1166
human	PD10293B92S33L008cell27	1486358	159381	32102	17216	1277659	218025	2286	215739	30	10245	7.2333
human	PD10293B92S33L008cell28	1206933	149338	25568	14311	1017716	184853	1912	182941	30	10442	6.1833
human	PD10293B92S33L008cell29	1341471	214014	30179	14948	1082330	188177	2065	186112	32	10417	6.8833
human	PD10293B92S33L008cell30	419132	83446	7474	3966	324246	115024	1357	113667	29	9414	4.4666
human	PD10293B92S33L008cell31	1550958	226973	31296	19857	1272832	214188	2451	211737	29	10294	7.0166
human	PD10293B92S33L008cell32	1709093	218370	42736	10141	1437846	332128	1791	330337	24	10947	8.3000
human	PD10293B92S33L008cell33	287775	50882	4798	1600	230495	63989	684	63305	21	6988	4.2166
human	PD10293B92S33L008cell34	278814	49223	4526	1158	223907	69113	592	68521	24	7655	4.2000
human	PD10293B92S33L008cell35	213221	28393	4047	799	179982	65549	461	65088	20	7407	3.9666
human	PD10293B92S33L008cell36	260001	36390	3714	2219	217678	55422	732	54690	25	7276	4.0666
human	PD10293B92S33L008cell37	258146	37351	4905	1410	214480	61660	632	61028	23	7763	4.0333
human	PD10293B92S33L008cell38	187967	44466	2261	3105	138135	29955	816	29139	25	5485	3.9166
human	PD10293B92S33L008cell39	247473	53310	3685	1132	189346	59564	521	59043	21	7355	4.2166
human	PD10293B92S33L008cell40	188859	26140	3173	526	159020	62472	296	62176	18	7164	4.0166
human	PD10293B92S33L008cell41	1284277	139182	24481	12564	1108050	246306	2380	243926	31	10235	6.9833
human	PD10293B92S33L008cell42	822383	92228	16910	5420	707825	217980	1860	216120	29	10329	5.7500
human	PD10293B92S33L008cell43	368045	86299	6676	2723	272347	112788	1303	111485	27	9372	4.3166
human	PD10293B92S33L008cell44	684729	78540	14725	4590	586874	173458	1403	172055	30	9768	5.1833
human	PD10293B92S33L008cell45	159395	11199	1316	94856	52024	48437	3831	44606	36	6656	3.9000
human	PD10293B92S33L008cell46	677171	124056	11846	5892	535377	145981	1574	144407	30	9364	5.0666
human	PD10293B92S33L008cell47	905715	117976	19473	5917	762349	198451	1740	196711	29	10295	5.7666
human	PD10293B92S33L008cell48	766335	83639	16163	3275	663258	236849	1365	235484	31	10171	5.6833
human	PD10293B92S33L008cell49	1227612	165819	25196	4720	1031877	393727	1775	391952	30	11578	7.8500
human	PD10293B92S33L008cell50	1010925	162039	22503	14324	812059	197048	2558	194490	28	10511	6.1000
human	PD10293B92S33L008cell51	1414421	147346	33536	17934	1215605	219836	2224	217612	32	10083	6.7833
human	PD10293B92S33L008cell52	1038839	129400	21818	10704	876917	207394	1911	205483	29	10310	6.1333
human	PD10293B92S33L008cell53	1407219	160580	30211	28655	1187773	138119	2224	135895	30	9196	6.3833
human	PD10293B92S33L008cell54	1084358	137862	25028	10963	910505	259108	2257	256851	29	10088	6.5000
human	PD10293B92S33L008cell55	1418432	369194	24673	20063	1004502	159114	2166	156948	32	10624	7.0333
human	PD10293B92S33L008cell56	1158954	162236	27632	10403	958683	271309	2109	269200	29	10874	6.5166
human	PD10293B92S33L008cell57	869891	196741	15195	9098	648857	187302	2389	184913	32	10054	5.7666
human	PD10293B92S33L008cell58	203891	11822	1361	139488	51220	49761	5487	44274	36	6500	4.0833
human	PD10293B92S33L008cell59	108786	9140	899	61738	37009	37106	4580	32526	32	5812	3.8000
human	PD10293B92S33L008cell60	618033	78649	12562	3827	522995	183312	1403	181909	23	9556	5.0833
human	PD10293B92S33L008cell61	956138	139154	19768	7135	790081	184566	1977	182589	29	10342	6.0166
human	PD10293B92S33L008cell62	676367	136991	12858	4029	522489	158233	1384	156849	28	9983	5.2833
human	PD10293B92S33L008cell63	1068323	151934	21762	7404	887223	264227	2165	262062	29	10588	6.6500
human	PD10293B92S33L008cell64	1429190	183338	31358	15949	1198545	282256	2947	279309	28	10161	7.0833
human	PD10293B92S33L008cell65	755022	96702	14114	4878	639328	202516	1703	200813	27	9786	5.7333
human	PD10293B92S33L008cell66	400522	65200	7337	2711	325274	133559	1350	132209	27	9337	4.5500
human	PD10293B92S33L008cell67	653765	87811	12890	8533	544531	122557	1761	120796	27	9409	4.8333
human	PD10293B92S33L008cell68	411878	43610	8194	2510	357564	129592	1013	128579	22	8944	4.6666
human	PD10293B92S33L008cell69	673761	145736	12163	6807	509055	116137	1624	114513	29	9633	4.9666
human	PD10293B92S33L008cell70	364651	37158	7287	2344	317862	124673	1075	123598	25	8867	4.5000
human	PD10293B92S33L008cell71	863095	117893	16900	8013	720289	178734	1891	176843	31	9611	5.9333
human	PD10293B92S33L008cell72	549578	69220	11320	2519	466519	205701	1201	204500	30	10056	5.1333
human	PD10293B92S33L008cell73	1859658	231853	44361	15394	1568050	392231	2853	389378	28	11047	9.2833
human	PD10293B92S33L008cell74	1127670	112662	21028	8540	985440	255129	2210	252919	29	10162	10.2666
human	PD10293B92S33L008cell75	1229725	125026	28285	10851	1065563	284455	2198	282257	25	10725	6.7666
human	PD10293B92S33L008cell76	743554	85785	17879	5295	634595	221451	1620	219831	28	10094	5.5000
human	PD10293B92S33L008cell77	1398083	285061	22056	34826	1056140	137389	2971	134418	35	9530	6.6166
human	PD10293B92S33L008cell78	1066050	131884	24028	8193	901945	207628	1670	205958	27	10310	6.3500
human	PD10293B92S33L008cell79	1072065	188028	22549	10714	850774	202101	1999	200102	24	10737	6.3666
human	PD10293B92S33L008cell80	1488020	163194	32763	15340	1276723	307441	2577	304864	34	10625	7.9000
human	PD10293B92S33L008cell81	1485877	203662	30585	14560	1237070	197037	1899	195138	34	10071	7.0666
human	PD10293B92S33L008cell82	1377110	324218	23611	15075	1014206	192685	2369	190316	32	9689	6.9000
human	PD10293B92S33L008cell83	1344680	175157	28501	21104	1119918	190105	2668	187437	32	9851	6.5666
human	PD10293B92S33L008cell84	792802	108038	16509	6789	661466	144791	1367	143424	29	9729	5.4666
human	PD10293B92S33L008cell85	1097815	129047	24724	9245	934799	176429	1669	174760	27	10311	6.0666
human	PD10293B92S33L008cell86	908307	106717	19633	7079	774878	168222	1464	166758	29	9541	5.7500
human	PD10293B92S33L008cell87	1484163	242971	31404	28337	1181451	167851	2916	164935	31	9710	6.7500
human	PD10293B92S33L008cell88	1173523	169446	24074	10919	969084	220843	1947	218896	27	9808	6.5666
human	PD10293B92S33L008cell89	1907584	253657	36183	14807	1602937	267770	2089	265681	32	10514	8.6833
human	PD10293B92S33L008cell90	748754	113243	15108	7658	612745	165907	1874	164033	28	9437	5.2833
human	PD10293B92S33L008cell91	822889	98925	17652	7021	699291	190726	1773	188953	32	9900	5.4500
human	PD10293B92S33L008cell92	625417	138304	10968	5189	470956	131329	1422	129907	27	9572	4.8000
human	PD10293B92S33L008cell93	519067	64240	11095	2220	441512	150831	1003	149828	31	9321	4.9666
human	PD10293B92S33L008cell94	427962	59531	9220	2749	356462	127330	1053	126277	30	8326	4.6000
human	PD10293B92S33L008cell95	592364	92636	11500	3794	484434	151530	1213	150317	24	9565	4.6666
human	PD10293B92S33L008cell96	450721	47580	8193	2103	392845	127528	794	126734	23	8243	4.2500
human	PR10293B93S17L002cell1	144925	5819	702	112519	25885	26748	3659	23089	31	5072	3.5833
human	PR10293B93S17L002cell2	766653	119530	15700	3741	627682	207108	1364	205744	30	10475	5.2000
human	PR10293B93S17L002cell3	1001485	113772	21996	14510	851207	156157	1781	154376	33	9719	5.2000
human	PR10293B93S17L002cell4	1442341	200719	30996	29891	1180735	136658	2459	134199	34	9851	5.9500
human	PR10293B93S17L002cell5	1365862	177458	29830	14269	1144305	161783	1739	160044	28	10196	5.8333
human	PR10293B93S17L002cell6	1073286	136036	24126	24421	888703	112523	1948	110575	34	8993	5.1000
human	PR10293B93S17L002cell7	1559276	212485	29723	24314	1292754	156656	2347	154309	33	10000	6.8666
human	PR10293B93S17L002cell8	1650983	186854	31476	21671	1410982	182557	1865	180692	35	10106	6.6833
human	PR10293B93S17L002cell9	1989578	223722	42860	24881	1698115	232525	2418	230107	32	10707	8.5333
human	PR10293B93S17L002cell10	1705642	239168	29973	46537	1389964	129277	2583	126694	36	9421	6.8666
human	PR10293B93S17L002cell11	1257427	150395	25048	16763	1065221	173616	1822	171794	31	10010	6.3333
human	PR10293B93S17L002cell12	1251381	163173	26273	15879	1046056	169122	1908	167214	25	10152	6.3166
human	PR10293B93S17L002cell13	1136747	241578	21259	12417	861493	133607	1633	131974	33	9962	5.8666
human	PR10293B93S17L002cell14	1018142	172155	19263	19661	807063	114214	1776	112438	32	9563	5.6166
human	PR10293B93S17L002cell15	129930	3712	324	113571	12323	14585	3598	10987	31	3393	3.9000
human	PR10293B93S17L002cell16	1622278	255936	32201	18034	1316107	191158	1824	189334	31	10295	7.2166
human	PR10293B93S17L002cell17	802857	136349	12799	5442	648267	134282	1519	132763	27	9339	5.5166
human	PR10293B93S17L002cell18	608130	129328	11658	5634	461510	99479	1360	98119	24	8878	4.8833
human	PR10293B93S17L002cell19	798828	108013	15815	6502	668498	118719	1328	117391	26	8968	5.3000
human	PR10293B93S17L002cell20	696935	85817	13846	3882	593390	129612	1278	128334	28	9280	5.3000
human	PR10293B93S17L002cell21	1092191	178914	17003	10428	885846	110409	1581	108828	28	9129	5.6000
human	PR10293B93S17L002cell22	782387	78856	10468	3868	689195	105681	965	104716	28	9118	6.6166
human	PR10293B93S17L002cell23	961024	198485	18152	6232	738155	87794	1158	86636	31	8764	5.4500
human	PR10293B93S17L002cell24	41034	3878	355	20985	15816	16467	1889	14578	33	3958	3.7000
human	PR10293B93S17L002cell25	2141746	287603	48057	22761	1783325	260496	2543	257953	29	10895	9.4666
human	PR10293B93S17L002cell26	1427203	210427	32930	17939	1165907	189313	2242	187071	31	10464	6.6333
human	PR10293B93S17L002cell27	1533673	182686	34973	32663	1283351	179747	2607	177140	30	10196	6.9166
human	PR10293B93S17L002cell28	1287646	163898	24534	31283	1067931	143640	2775	140865	28	9947	6.2500
human	PR10293B93S17L002cell29	1308751	155521	29857	14401	1108972	184369	1962	182407	31	10539	6.5000
human	PR10293B93S17L002cell30	1208542	157778	24876	17369	1008519	157043	1830	155213	29	10544	6.2166
human	PR10293B93S17L002cell31	191795	6512	702	159038	25543	27058	5015	22043	37	4991	4.0666
human	PR10293B93S17L002cell32	1358437	206786	27776	19729	1104146	167796	2085	165711	31	10013	6.6166
human	PR10293B93S17L002cell33	883621	116138	14119	13343	740021	88270	1753	86517	30	8641	5.2666
human	PR10293B93S17L002cell34	556487	90956	10695	3387	451449	99706	1037	98669	22	8878	4.8333
human	PR10293B93S17L002cell35	409496	53045	7171	1316	347964	117727	671	117056	19	8822	4.7000
human	PR10293B93S17L002cell36	434990	47491	8285	3436	375778	80098	1014	79084	29	8328	4.3500
human	PR10293B93S17L002cell37	178762	28106	3204	1065	146387	61605	604	61001	21	7634	4.0000
human	PR10293B93S17L002cell38	294877	38158	5712	2228	248779	66892	689	66203	26	8081	4.2333
human	PR10293B93S17L002cell39	840823	141408	13687	10191	675537	76428	1397	75031	26	8017	5.3333
human	PR10293B93S17L002cell40	339949	55638	5445	1928	276938	72805	791	72014	24	7718	4.4833
human	PR10293B93S17L002cell41	1212373	182866	26038	13920	989549	191917	2458	189459	33	10395	6.6666
human	PR10293B93S17L002cell42	75952	20235	1344	2007	52366	43462	1192	42270	25	6646	3.8166
human	PR10293B93S17L002cell43	1055599	122304	21879	11929	899487	177231	1879	175352	27	10282	5.9166
human	PR10293B93S17L002cell44	1120973	174425	23211	17825	905512	140273	2339	137934	31	9732	6.2833
human	PR10293B93S17L002cell45	127058	7154	1101	76375	42428	40144	3080	37064	30	6369	3.9000
human	PR10293B93S17L002cell46	652800	96544	11550	4554	540152	144720	1322	143398	28	9828	5.3833
human	PR10293B93S17L002cell47	823578	106126	17802	5803	693847	180365	2025	178340	30	10357	5.7666
human	PR10293B93S17L002cell48	784377	91342	16913	10369	665753	132154	1819	130335	31	9660	5.2833
human	PR10293B93S17L002cell49	1876804	270623	35269	44354	1526558	162150	2736	159414	29	10551	7.4500
human	PR10293B93S17L002cell50	1617904	227208	30522	40231	1319943	146397	2663	143734	34	9900	6.8833
human	PR10293B93S17L002cell51	1317503	199744	25184	25414	1067161	146888	2197	144691	26	9896	6.3166
human	PR10293B93S17L002cell52	113382	5030	294	96458	11600	14583	4017	10566	33	3439	3.9166
human	PR10293B93S17L002cell53	1401607	175405	28341	18747	1179114	151100	1870	149230	28	10593	6.3166
human	PR10293B93S17L002cell54	1063559	112293	24092	18333	908841	140021	1849	138172	33	9598	5.9166
human	PR10293B93S17L002cell55	929129	165228	20009	9262	734630	151578	1719	149859	29	10131	5.7333
human	PR10293B93S17L002cell56	907680	130740	17068	13204	746668	133586	1663	131923	29	9613	5.5166
human	PR10293B93S17L002cell57	804615	98697	16886	7586	681446	188500	2165	186335	32	10198	5.9000
human	PR10293B93S17L002cell58	881105	79581	18509	6106	776909	197155	1834	195321	29	10448	6.0166
human	PR10293B93S17L002cell59	958518	142212	17570	21859	776877	129705	2271	127434	31	9740	5.5500
human	PR10293B93S17L002cell60	987020	187467	21096	12116	766341	152262	2197	150065	30	10072	5.9166
human	PR10293B93S17L002cell61	994487	96714	21931	9301	866541	177969	1940	176029	34	10363	5.7166
human	PR10293B93S17L002cell62	854302	95967	17799	8914	731622	164051	1598	162453	30	10094	5.6666
human	PR10293B93S17L002cell63	1198307	146420	25079	9781	1017027	207365	2385	204980	32	10423	6.6833
human	PR10293B93S17L002cell64	105804	5841	646	73134	26183	26453	3123	23330	35	5059	3.7666
human	PR10293B93S17L002cell65	797183	137734	15032	8035	636382	144582	1950	142632	31	10035	5.3333
human	PR10293B93S17L002cell66	956433	91971	16232	7477	840753	152129	1703	150426	32	9717	6.5500
human	PR10293B93S17L002cell67	751232	121263	13542	12072	604355	115510	1744	113766	26	8983	5.1500
human	PR10293B93S17L002cell68	713866	88812	13894	8440	602720	127731	1770	125961	34	9772	5.1000
human	PR10293B93S17L002cell69	1030503	152664	18503	28087	831249	95747	2193	93554	30	9292	5.3500
human	PR10293B93S17L002cell70	457741	48689	9607	2500	396945	134889	957	133932	29	9282	4.7500
human	PR10293B93S17L002cell71	620108	110509	10852	6213	492534	116989	1818	115171	25	9153	4.9166
human	PR10293B93S17L002cell72	534993	50495	9643	4477	470378	120935	1376	119559	29	9124	4.8000
human	PR10293B93S17L002cell73	1577673	187988	34253	18330	1337102	207559	2250	205309	33	10509	7.2000
human	PR10293B93S17L002cell74	1558009	210928	31899	31932	1283250	156119	2558	153561	28	10444	6.8666
human	PR10293B93S17L002cell75	1623889	164621	35280	25088	1398900	168261	2057	166204	28	10232	6.9166
human	PR10293B93S17L002cell76	1129945	111336	26958	11544	980107	181726	1914	179812	31	10400	5.9833
human	PR10293B93S17L002cell77	1130501	124380	24231	8972	972918	183646	1669	181977	32	10296	6.0333
human	PR10293B93S17L002cell78	1009396	137628	20569	9544	841655	160635	1531	159104	32	10028	6.0666
human	PR10293B93S17L002cell79	172136	4233	417	150845	16641	19192	4624	14568	33	4070	3.9333
human	PR10293B93S17L002cell80	494096	94190	10297	2287	387322	157536	1008	156528	26	10040	4.6500
human	PR10293B93S17L002cell81	1088935	167630	21479	18976	880850	131675	2103	129572	33	8886	6.0833
human	PR10293B93S17L002cell82	945001	105010	20717	7426	811848	189543	1574	187969	25	10428	5.8500
human	PR10293B93S17L002cell83	1292151	143335	28744	14550	1105522	174051	1608	172443	29	9798	6.4166
human	PR10293B93S17L002cell84	496019	339627	2359	51243	102790	20900	2843	18057	33	4519	4.6166
human	PR10293B93S17L002cell85	1073355	115338	24981	8877	924159	160790	1503	159287	30	9641	5.7833
human	PR10293B93S17L002cell86	772954	177203	12787	8237	574727	114720	1345	113375	26	9718	5.2333
human	PR10293B93S17L002cell87	1319636	159588	31380	13773	1114895	158666	1882	156784	29	10353	6.3333
human	PR10293B93S17L002cell88	691251	83842	15372	4301	587736	152281	1197	151084	25	9828	5.3000
human	PR10293B93S17L002cell89	1007181	134748	17986	14083	840364	136728	1780	134948	33	9765	5.5833
human	PR10293B93S17L002cell90	911286	349954	13687	9279	538366	94779	1428	93351	28	9422	5.6000
human	PR10293B93S17L002cell91	732222	83519	16974	6424	625305	140370	1263	139107	30	9382	5.0166
human	PR10293B93S17L002cell92	495275	65404	11031	7323	411517	96678	1368	95310	27	8700	4.6333
human	PR10293B93S17L002cell93	612496	65263	12845	4097	530291	134541	1122	133419	24	9463	4.9833
human	PR10293B93S17L002cell94	274355	41529	6038	1906	224882	84230	753	83477	27	8394	4.1333
human	PR10293B93S17L002cell95	1086321	150646	19262	15210	901203	104822	1707	103115	28	9269	5.9833
human	PR10293B93S17L002cell96	364653	64465	7092	953	292143	150556	554	150002	21	9615	4.6000
human	PR10293B94S1L001cell1	39097	5450	712	959	31976	27902	775	27127	21	5394	3.6833
human	PR10293B94S1L001cell2	1618322	262639	33895	22404	1299384	197183	2497	194686	29	10424	7.0666
human	PR10293B94S1L001cell3	266995	55542	4883	2548	204022	88224	1119	87105	27	8855	4.1333
human	PR10293B94S1L001cell4	116670	4936	585	89602	21547	22773	4200	18573	34	4503	3.8500
human	PR10293B94S1L001cell5	1053354	159547	21567	5738	866502	205612	1496	204116	31	10706	6.1333
human	PR10293B94S1L001cell6	1437534	210259	30068	19064	1178143	167549	2224	165325	32	9873	6.7333
human	PR10293B94S1L001cell7	2577421	443103	48354	32317	2053647	215957	2506	213451	34	10612	9.5000
human	PR10293B94S1L001cell8	1428469	183886	28731	19814	1196038	167668	2002	165666	35	10624	6.9333
human	PR10293B94S1L001cell9	2609002	393834	49002	47714	2118452	234383	2990	231393	31	10593	9.5000
human	PR10293B94S1L001cell10	1517915	218938	32735	19247	1246995	201476	2283	199193	31	10502	7.3666
human	PR10293B94S1L001cell11	1713240	200047	39181	32248	1441764	172013	2458	169555	33	10214	7.1333
human	PR10293B94S1L001cell12	133951	5674	243	118161	9873	13354	4781	8573	36	2973	3.9666
human	PR10293B94S1L001cell13	1037977	141528	21373	4521	870555	224270	1249	223021	31	11323	5.9000
human	PR10293B94S1L001cell14	1249778	302342	19888	14980	912568	135887	1918	133969	29	10103	6.2333
human	PR10293B94S1L001cell15	2637078	406149	52381	47514	2131034	189555	2763	186792	34	10151	9.6500
human	PR10293B94S1L001cell16	2003293	221278	31476	40956	1709583	160366	2576	157790	32	9592	9.6666
human	PR10293B94S1L001cell17	1452186	230401	23597	14864	1183324	149795	2181	147614	30	9843	6.9000
human	PR10293B94S1L001cell18	1225881	221251	19747	10160	974723	141728	1791	139937	31	9482	6.5166
human	PR10293B94S1L001cell19	772624	128106	12739	7937	623842	116206	1511	114695	33	9247	5.1833
human	PR10293B94S1L001cell20	789740	91192	15617	5546	677385	132615	1506	131109	34	9067	5.4500
human	PR10293B94S1L001cell21	781898	86995	15313	5209	674381	137336	1342	135994	28	9512	5.3166
human	PR10293B94S1L001cell22	50625	3561	305	32076	14683	15720	2488	13232	37	3749	3.6833
human	PR10293B94S1L001cell23	1502493	180811	28729	14361	1278592	142840	1746	141094	29	9423	7.0666
human	PR10293B94S1L001cell24	894568	111916	14775	6487	761390	131181	1331	129850	22	9409	5.6500
human	PR10293B94S1L001cell25	1840083	243971	38867	18146	1539099	245198	2681	242517	32	10732	8.7000
human	PR10293B94S1L001cell26	1171014	327090	20087	3901	819936	290720	1663	289057	31	12047	7.0166
human	PR10293B94S1L001cell27	1647062	149900	35228	14783	1447151	256495	2186	254309	34	10429	8.0000
human	PR10293B94S1L001cell28	1195094	150574	23452	15802	1005266	176187	2558	173629	32	9952	6.1833
human	PR10293B94S1L001cell29	1242053	137817	28760	9637	1065839	211778	1731	210047	33	10754	6.9500
human	PR10293B94S1L001cell30	1513625	174870	30593	14969	1293193	192264	2244	190020	33	10163	7.2166
human	PR10293B94S1L001cell31	2704914	611857	41637	76687	1974733	156998	3698	153300	34	9870	9.5833
human	PR10293B94S1L001cell32	1452758	194903	32937	13732	1211186	198417	1871	196546	29	10324	7.1000
human	PR10293B94S1L001cell33	834901	139088	15116	7592	673105	97798	1514	96284	29	8542	5.3666
human	PR10293B94S1L001cell34	860854	191431	11717	8408	649298	96000	1500	94500	31	8783	5.3833
human	PR10293B94S1L001cell35	745374	100249	13890	4490	626745	111239	1060	110179	23	8587	5.3333
human	PR10293B94S1L001cell36	505389	63717	9342	2734	429596	100387	968	99419	27	8774	4.6000
human	PR10293B94S1L001cell37	508526	59916	10101	2657	435852	109026	895	108131	25	8957	4.8333
human	PR10293B94S1L001cell38	378511	69538	5566	3073	300334	64472	845	63627	21	7637	4.4000
human	PR10293B94S1L001cell39	776168	125023	12073	5481	633591	108052	1095	106957	27	8864	5.4000
human	PR10293B94S1L001cell40	539262	91304	8871	6047	433040	69631	1196	68435	28	7876	4.5833
human	PR10293B94S1L001cell41	189182	9530	1197	131323	47132	44188	5091	39097	33	6221	4.0166
human	PR10293B94S1L001cell42	796180	158126	16603	5981	615470	192242	2033	190209	31	10592	5.5500
human	PR10293B94S1L001cell43	103013	6941	827	61735	33510	32259	3317	28942	29	5587	3.8333
human	PR10293B94S1L001cell44	807653	73628	17440	5759	710826	193951	2044	191907	33	10098	5.6833
human	PR10293B94S1L001cell45	173376	7808	1193	118827	45548	43210	4241	38969	33	6468	3.9666
human	PR10293B94S1L001cell46	1179135	152213	22820	22255	981847	128502	2469	126033	33	9644	5.9166
human	PR10293B94S1L001cell47	1092592	154098	19542	8974	909978	187495	1945	185550	28	10342	6.3500
human	PR10293B94S1L001cell48	1165940	152123	22827	20977	970013	125428	2107	123321	33	9919	5.9000
human	PR10293B94S1L001cell49	1856551	421302	32311	18062	1384876	217396	2442	214954	36	10688	8.2500
human	PR10293B94S1L001cell50	1429026	174961	30030	18943	1205092	189248	2428	186820	32	10458	6.5833
human	PR10293B94S1L001cell51	129688	3940	392	110204	15152	17305	4105	13200	35	3784	3.8833
human	PR10293B94S1L001cell52	1091845	146214	25763	10434	909434	183242	1806	181436	28	10310	6.1166
human	PR10293B94S1L001cell53	1446006	164966	33658	13787	1233595	173747	1650	172097	26	10522	6.6833
human	PR10293B94S1L001cell54	124236	3595	314	108080	12247	14631	4105	10526	35	3380	3.9166
human	PR10293B94S1L001cell55	418836	64297	8969	3662	341908	112912	1156	111756	27	9126	4.4333
human	PR10293B94S1L001cell56	482731	91748	9950	3008	378025	127880	999	126881	29	9907	4.6333
human	PR10293B94S1L001cell57	2271454	381041	45442	50336	1794635	183648	3831	179817	38	10735	8.2166
human	PR10293B94S1L001cell58	1649550	231362	34388	19326	1364474	220389	2774	217615	36	10998	7.1500
human	PR10293B94S1L001cell59	1542300	223745	32593	18532	1267430	199285	2480	196805	35	10233	7.0166
human	PR10293B94S1L001cell60	1425224	205742	30846	17717	1170919	178745	2689	176056	32	10225	6.6500
human	PR10293B94S1L001cell61	1989662	301178	45152	31773	1611559	180225	2659	177566	33	11004	7.5833
human	PR10293B94S1L001cell62	122579	6426	801	84103	31249	30468	4049	26419	33	5313	3.9333
human	PR10293B94S1L001cell63	619337	128927	11898	4687	473825	169527	1798	167729	30	10455	5.1000
human	PR10293B94S1L001cell64	755044	116247	13618	10553	614626	134520	1806	132714	30	9847	5.1833
human	PR10293B94S1L001cell65	1182904	163041	22006	11763	986094	182885	2465	180420	32	10076	6.3833
human	PR10293B94S1L001cell66	1097062	152753	20973	9804	913532	178900	2090	176810	32	10329	6.1833
human	PR10293B94S1L001cell67	959168	133197	17515	9592	798864	150910	1740	149170	30	9765	5.7833
human	PR10293B94S1L001cell68	879766	146063	18971	12848	701884	123037	2375	120662	27	9307	5.3500
human	PR10293B94S1L001cell69	711869	81477	14906	4181	611305	182390	1494	180896	28	10335	5.1500
human	PR10293B94S1L001cell70	776176	100092	16073	7068	652943	151004	1847	149157	31	9877	5.4333
human	PR10293B94S1L001cell71	1098285	205295	21134	10730	861126	162750	1864	160886	32	10519	5.8833
human	PR10293B94S1L001cell72	658988	64243	12112	2682	579951	184999	1143	183856	32	9922	5.6000
human	PR10293B94S1L001cell73	1534034	225006	30059	12729	1266240	234724	2344	232380	31	10658	7.7833
human	PR10293B94S1L001cell74	1531894	236784	31700	25792	1237618	175871	2623	173248	32	10192	6.8833
human	PR10293B94S1L001cell75	1898779	254873	42307	17711	1583888	232025	2070	229955	26	10994	8.2000
human	PR10293B94S1L001cell76	136749	4793	395	117063	14498	17732	5082	12650	36	3741	3.9000
human	PR10293B94S1L001cell77	440221	60093	10638	6202	363288	98520	1465	97055	28	9128	4.4500
human	PR10293B94S1L001cell78	1535994	241107	32131	16079	1246677	188155	2160	185995	29	10402	7.0666
human	PR10293B94S1L001cell79	1849401	311636	39585	17115	1481065	203830	2125	201705	34	10913	7.7000
human	PR10293B94S1L001cell80	1360139	275752	25268	21233	1037886	148456	2087	146369	35	10216	6.4000
human	PR10293B94S1L001cell81	205506	5400	397	183421	16288	19457	5326	14131	33	3920	4.0333
human	PR10293B94S1L001cell82	228234	6241	440	203814	17739	21468	5906	15562	39	4150	4.1500
human	PR10293B94S1L001cell83	1273578	168800	26308	9045	1069425	214800	1740	213060	33	11000	6.4666
human	PR10293B94S1L001cell84	1165135	122190	23954	9312	1009679	185280	1705	183575	27	9940	6.3000
human	PR10293B94S1L001cell85	1026706	184463	21265	9277	811701	153266	1561	151705	29	10258	5.8833
human	PR10293B94S1L001cell86	1303339	207791	26242	20502	1048804	139702	2114	137588	33	9699	6.2833
human	PR10293B94S1L001cell87	1544418	205794	35487	18570	1284567	171334	1926	169408	37	10668	6.6333
human	PR10293B94S1L001cell88	1056050	105188	20317	8528	922017	179860	1498	178362	28	10213	5.8500
human	PR10293B94S1L001cell89	1141316	150763	22390	15738	952425	156704	1924	154780	28	9739	6.1166
human	PR10293B94S1L001cell90	801999	110604	15489	7158	668748	139217	1365	137852	26	9655	5.2833
human	PR10293B94S1L001cell91	802908	190875	12461	14644	584928	88872	1606	87266	22	8592	5.2833
human	PR10293B94S1L001cell92	62071	2293	137	53545	6096	8556	3115	5441	35	2202	3.7833
human	PR10293B94S1L001cell93	1172447	157665	18966	16963	978853	110099	1712	108387	32	9192	6.3833
human	PR10293B94S1L001cell94	680374	96811	11681	12851	559031	91416	1626	89790	35	8736	4.8000
human	PR10293B94S1L001cell95	816561	108278	17785	6055	684443	142988	1225	141763	28	9568	5.5833
human	PR10293B94S1L001cell96	39557	4005	875	330	34347	26828	253	26575	13	4930	3.6166
human	PR10293B95S2L002cell1	32682	4570	588	495	27029	23493	428	23065	17	4482	3.6833
human	PR10293B95S2L002cell2	1590071	205483	33117	25902	1325569	151907	1913	149994	32	9509	6.8000
human	PR10293B95S2L002cell3	1315632	138244	23665	24097	1129626	121676	1668	120008	28	8841	6.3333
human	PR10293B95S2L002cell4	1010970	140347	17224	21208	832191	106124	1813	104311	27	8783	5.5333
human	PR10293B95S2L002cell5	1703975	155273	40111	16199	1492392	184845	1525	183320	28	9852	7.3666
human	PR10293B95S2L002cell6	69267	21010	332	32955	14970	11094	1818	9276	28	2921	3.7333
human	PR10293B95S2L002cell7	2905571	427860	63224	39939	2374548	185139	1931	183208	27	9448	9.4666
human	PR10293B95S2L002cell8	16647	2447	296	199	13705	12388	183	12205	11	3366	3.7500
human	PR10293B95S2L002cell9	1611659	402231	24490	30344	1154594	142103	1892	140211	27	9985	7.0166
human	PR10293B95S2L002cell10	1711715	221862	33273	37276	1419304	151805	2199	149606	30	9734	7.2000
human	PR10293B95S2L002cell11	1561921	203806	32316	24487	1301312	150089	1800	148289	31	9518	7.0666
human	PR10293B95S2L002cell12	1485978	153798	30486	16395	1285299	178609	1494	177115	27	9955	6.7000
human	PR10293B95S2L002cell13	1776852	175033	41289	24713	1535817	145203	1703	143500	30	9851	6.8833
human	PR10293B95S2L002cell14	971937	123553	18055	27595	802734	85491	1765	83726	26	8191	5.6500
human	PR10293B95S2L002cell15	2125384	294633	45512	26528	1758711	174828	1694	173134	33	9861	8.0833
human	PR10293B95S2L002cell16	578032	480060	667	37146	60159	13628	1818	11810	26	2837	4.8000
human	PR10293B95S2L002cell17	721102	169180	10467	4092	537363	132517	1323	131194	24	9419	5.5166
human	PR10293B95S2L002cell18	837926	122747	15703	4452	695024	133045	1051	131994	25	9064	5.6333
human	PR10293B95S2L002cell19	32539	11969	187	11156	9227	9541	1417	8124	24	2629	3.6166
human	PR10293B95S2L002cell20	620501	85937	8212	5507	520845	78698	1054	77644	30	7830	5.4833
human	PR10293B95S2L002cell21	684080	92670	14035	3677	573698	104574	937	103637	22	8665	4.9500
human	PR10293B95S2L002cell22	265570	45446	4510	2652	212962	52380	728	51652	26	7186	4.1166
human	PR10293B95S2L002cell23	1230491	179290	24377	8902	1017922	123826	1255	122571	28	9354	6.3000
human	PR10293B95S2L002cell24	1016971	118642	15429	5845	877055	129719	1029	128690	25	8920	6.2500
human	PR10293B95S2L002cell25	2868984	454313	49232	70178	2295261	201755	2844	198911	32	10309	10.0000
human	PR10293B95S2L002cell26	1933040	303910	42306	30136	1556688	180332	2207	178125	35	10255	7.6333
human	PR10293B95S2L002cell27	930174	137886	19939	12818	759531	132503	1496	131007	27	9231	5.7166
human	PR10293B95S2L002cell28	1537537	603476	17423	12084	904554	144005	1486	142519	27	10469	8.2333
human	PR10293B95S2L002cell29	93317	17553	424	56141	19199	18044	2318	15726	27	3784	3.8166
human	PR10293B95S2L002cell30	1469119	170720	33411	25138	1239850	156351	1828	154523	30	10060	6.6666
human	PR10293B95S2L002cell31	113804	29928	676	58043	25157	22925	2294	20631	28	4322	3.8333
human	PR10293B95S2L002cell32	1827806	208129	33767	23908	1562002	178573	1666	176907	31	10043	7.8333
human	PR10293B95S2L002cell33	1263296	153317	22294	8085	1079600	133599	1122	132477	24	9040	6.3000
human	PR10293B95S2L002cell34	991155	123182	17837	6208	843928	122981	1110	121871	20	8667	5.9500
human	PR10293B95S2L002cell35	595762	89987	9532	4316	491927	82595	911	81684	23	7890	5.0000
human	PR10293B95S2L002cell36	570138	91525	8512	4947	465154	73889	901	72988	29	7770	4.7333
human	PR10293B95S2L002cell37	28810	8991	146	13584	6089	6903	1288	5615	27	2109	3.6500
human	PR10293B95S2L002cell38	427715	79081	8557	3917	336160	59814	747	59067	20	7315	4.4833
human	PR10293B95S2L002cell39	717243	119597	10878	5648	581120	78457	883	77574	24	7803	5.0500
human	PR10293B95S2L002cell40	527730	75428	9476	3663	439163	78812	774	78038	25	7925	4.7000
human	PR10293B95S2L002cell41	1883626	234787	34469	30586	1583784	174914	2236	172678	35	9707	7.5500
human	PR10293B95S2L002cell42	1428500	230302	26830	9263	1162105	205689	1538	204151	22	10610	7.0166
human	PR10293B95S2L002cell43	400013	68091	7341	3163	321418	95452	1038	94414	24	8487	4.4166
human	PR10293B95S2L002cell44	1050792	121851	24010	8901	896030	158873	1390	157483	26	9687	5.6500
human	PR10293B95S2L002cell45	71900	12504	541	37425	21430	20347	2097	18250	30	4091	3.7166
human	PR10293B95S2L002cell46	768597	97877	13456	13631	643633	94601	1539	93062	27	8644	4.9500
human	PR10293B95S2L002cell47	1478992	202770	34041	14311	1227870	157897	1588	156309	27	10221	6.6000
human	PR10293B95S2L002cell48	980520	137515	17084	12628	813293	120486	1377	119109	28	9071	5.2000
human	PR10293B95S2L002cell49	2423260	319318	45284	49928	2008730	183967	2364	181603	35	10578	8.3666
human	PR10293B95S2L002cell50	1583457	252084	32281	30904	1268188	143732	2012	141720	24	9975	6.5666
human	PR10293B95S2L002cell51	1153306	191946	25987	16705	918668	128954	1503	127451	27	9189	5.8833
human	PR10293B95S2L002cell52	1186483	130436	25349	21052	1009646	139251	1714	137537	26	9241	5.8666
human	PR10293B95S2L002cell53	1596729	211282	38901	19649	1326897	140211	1541	138670	28	9328	6.7500
human	PR10293B95S2L002cell54	333834	45821	7434	2806	277773	91678	810	90868	23	8189	4.2166
human	PR10293B95S2L002cell55	1744610	222586	37459	15415	1469150	183238	1379	181859	29	9856	7.3666
human	PR10293B95S2L002cell56	1102741	166866	20868	9693	905314	133644	1128	132516	22	9556	5.8833
human	PR10293B95S2L002cell57	2275504	272067	46661	28726	1928050	210050	2150	207900	33	10581	8.2833
human	PR10293B95S2L002cell58	1425934	166385	30690	45122	1183737	123980	2544	121436	30	8955	6.2833
human	PR10293B95S2L002cell59	71304	20529	1108	35070	14597	14735	2144	12591	31	3451	3.6500
human	PR10293B95S2L002cell60	387118	59526	8100	3912	315580	94894	1077	93817	27	8538	4.3166
human	PR10293B95S2L002cell61	1832273	142834	27048	10736	1651655	177806	1493	176313	28	10132	12.9333
human	PR10293B95S2L002cell62	687059	97766	14164	15083	560046	81818	1509	80309	30	8288	4.8666
human	PR10293B95S2L002cell63	1799318	197083	40740	10733	1550762	234432	1453	232979	30	10777	8.1833
human	PR10293B95S2L002cell64	1103699	146617	21244	10813	925025	145713	1335	144378	27	9550	5.9166
human	PR10293B95S2L002cell65	1262599	151918	25120	14347	1071214	150749	1605	149144	28	9487	6.1666
human	PR10293B95S2L002cell66	1186619	129413	24690	8345	1024171	176451	1407	175044	28	9839	6.3500
human	PR10293B95S2L002cell67	562313	260594	5909	10358	285452	50040	1358	48682	25	6481	4.6833
human	PR10293B95S2L002cell68	658256	85229	13374	10813	548840	92078	1315	90763	28	8600	4.9333
human	PR10293B95S2L002cell69	937760	122214	19235	7969	788342	118016	1327	116689	25	9227	5.2500
human	PR10293B95S2L002cell70	19729	7482	226	2174	9847	9540	771	8769	22	2837	3.5500
human	PR10293B95S2L002cell71	58083	12617	582	21736	23148	21624	1707	19917	31	4306	3.6666
human	PR10293B95S2L002cell72	266331	28320	5364	1467	231180	89914	582	89332	20	8163	4.1166
human	PR10293B95S2L002cell73	1748837	222641	38323	24339	1463534	182524	1911	180613	29	9868	7.2333
human	PR10293B95S2L002cell74	1669342	245954	32945	38959	1351484	139172	2213	136959	29	9926	6.6833
human	PR10293B95S2L002cell75	1598101	181508	33883	22135	1360575	164973	1620	163353	28	9749	7.0333
human	PR10293B95S2L002cell76	87766	31271	310	43457	12728	12617	2157	10460	25	3174	3.7000
human	PR10293B95S2L002cell77	166801	26704	4186	16984	118927	25192	1602	23590	31	4844	3.8000
human	PR10293B95S2L002cell78	654958	108089	11548	29171	506150	58098	1811	56287	25	7519	4.7166
human	PR10293B95S2L002cell79	970032	185553	17593	18017	748869	94929	1633	93296	29	8735	5.5000
human	PR10293B95S2L002cell80	1066398	134616	20911	15001	895870	119995	1401	118594	27	9256	5.7166
human	PR10293B95S2L002cell81	705612	175558	9454	61297	459303	37130	2389	34741	31	5269	4.8666
human	PR10293B95S2L002cell82	1568661	260218	29925	23912	1254606	145484	1660	143824	25	9785	6.7166
human	PR10293B95S2L002cell83	54257	17296	147	31006	5808	6925	1874	5051	29	1956	3.6666
human	PR10293B95S2L002cell84	711559	138913	15260	19352	538034	69862	1535	68327	24	7934	4.7833
human	PR10293B95S2L002cell85	1174791	256195	23650	12622	882324	116607	1246	115361	30	9224	5.8666
human	PR10293B95S2L002cell86	1247999	135349	20801	12275	1079574	155090	1286	153804	25	9357	7.3833
human	PR10293B95S2L002cell87	1439302	195115	29922	11195	1203070	169272	1160	168112	26	9992	7.0000
human	PR10293B95S2L002cell88	1083192	158271	21421	13442	890058	117127	1266	115861	37	9083	5.5666
human	PR10293B95S2L002cell89	1421209	139053	30155	17905	1234096	162287	1486	160801	28	9460	6.4000
human	PR10293B95S2L002cell90	1181803	180430	23517	13800	964056	123451	1303	122148	29	9332	5.9333
human	PR10293B95S2L002cell91	524314	76311	9922	9017	429064	72781	991	71790	26	8432	4.4500
human	PR10293B95S2L002cell92	602667	73759	13585	4486	510837	110148	824	109324	28	8470	4.7833
human	PR10293B95S2L002cell93	993098	128677	21223	9251	833947	124232	1109	123123	28	9599	5.5000
human	PR10293B95S2L002cell94	762623	81544	13129	9326	658624	89113	1017	88096	22	8255	5.3000
human	PR10293B95S2L002cell95	773478	112494	14223	5792	640969	122501	877	121624	25	9101	5.1666
human	PR10293B95S2L002cell96	651887	110138	11607	6925	523217	90777	974	89803	21	8516	4.8166
human	PR10293B96S18L003cell1	25325	3383	492	780	20670	18193	651	17542	16	4040	3.5666
human	PR10293B96S18L003cell2	158611	38933	629	93711	25338	24590	3197	21393	33	4579	3.8500
human	PR10293B96S18L003cell3	1028762	118282	18333	11686	880461	126851	1524	125327	29	8750	6.2000
human	PR10293B96S18L003cell4	94388	33776	306	45587	14719	14931	2363	12568	23	3640	3.7166
human	PR10293B96S18L003cell5	106375	22671	505	61484	21715	20769	2384	18385	31	4188	3.7666
human	PR10293B96S18L003cell6	1235513	155749	22375	18172	1039217	123609	1516	122093	27	8850	6.2166
human	PR10293B96S18L003cell7	130074	37318	439	75348	16969	17294	2665	14629	29	3933	3.8000
human	PR10293B96S18L003cell8	18036	2315	421	201	15099	13733	181	13552	16	3597	3.5333
human	PR10293B96S18L003cell9	2334539	316558	44222	78316	1895443	140645	3028	137617	30	9264	8.0000
human	PR10293B96S18L003cell10	1950513	242938	38401	42508	1626666	142176	2383	139793	30	10055	7.6333
human	PR10293B96S18L003cell11	637886	90609	11622	9419	526236	93257	1291	91966	29	8522	4.5166
human	PR10293B96S18L003cell12	1492323	190284	31990	17884	1252165	155360	1659	153701	27	9501	6.9666
human	PR10293B96S18L003cell13	1945925	277144	41860	27893	1599028	149743	1824	147919	27	9572	7.6666
human	PR10293B96S18L003cell14	1412497	195667	28474	14891	1173465	153477	1407	152070	32	9733	6.7166
human	PR10293B96S18L003cell15	2246193	456027	44649	22341	1723176	173037	1919	171118	32	10160	8.3833
human	PR10293B96S18L003cell16	1974700	258712	42899	21161	1651928	180563	1490	179073	30	9985	8.2166
human	PR10293B96S18L003cell17	1525596	220745	23821	9028	1272002	150090	1505	148585	27	9326	7.4000
human	PR10293B96S18L003cell18	1338815	207070	23438	7065	1101242	142629	1348	141281	27	9427	7.1500
human	PR10293B96S18L003cell19	39767	14919	321	10424	14103	13808	1341	12467	29	3508	3.5500
human	PR10293B96S18L003cell20	416856	102646	7411	2057	304742	83785	794	82991	23	8358	4.5500
human	PR10293B96S18L003cell21	1394355	178745	25088	8283	1182239	152585	1368	151217	30	9493	7.3166
human	PR10293B96S18L003cell22	642084	91864	12475	4501	533244	93516	882	92634	23	8442	4.9166
human	PR10293B96S18L003cell23	70921	25338	338	30460	14785	15070	2011	13059	32	3662	3.6833
human	PR10293B96S18L003cell24	867448	145652	14479	7243	700074	93739	1020	92719	22	8264	5.5166
human	PR10293B96S18L003cell25	2806886	466978	56662	44283	2238963	199798	2966	196832	32	10590	9.3666
human	PR10293B96S18L003cell26	2085605	265820	48562	27627	1743596	196784	2239	194545	31	10369	8.2666
human	PR10293B96S18L003cell27	1893291	270983	40289	29108	1552911	181533	2054	179479	26	10627	7.3500
human	PR10293B96S18L003cell28	116442	42351	409	57054	16628	16386	2817	13569	34	3848	3.7666
human	PR10293B96S18L003cell29	1833293	232959	42135	39078	1519121	127311	2171	125140	32	9476	6.9833
human	PR10293B96S18L003cell30	1577964	197575	29819	16459	1334111	173400	1576	171824	28	9907	8.2500
human	PR10293B96S18L003cell31	1420583	616398	19575	5070	779540	177185	1335	175850	26	11196	7.1000
human	PR10293B96S18L003cell32	1442956	174667	27472	21791	1219026	133290	1603	131687	32	9284	6.4666
human	PR10293B96S18L003cell33	53454	20556	147	24883	7868	8857	1889	6968	29	2389	3.6666
human	PR10293B96S18L003cell34	910626	149629	15283	5946	739768	93521	1049	92472	26	8511	5.5500
human	PR10293B96S18L003cell35	753397	108806	14369	4692	625530	96712	968	95744	25	8392	5.0666
human	PR10293B96S18L003cell36	604954	98576	10128	4331	491919	72872	966	71906	24	7826	4.7833
human	PR10293B96S18L003cell37	617189	68537	10144	1713	536795	103449	645	102804	24	8512	5.6000
human	PR10293B96S18L003cell38	353054	50558	6315	2103	294078	65552	618	64934	25	7836	4.2833
human	PR10293B96S18L003cell39	40452	18733	115	15385	6219	7019	1403	5616	29	2224	3.5833
human	PR10293B96S18L003cell40	310837	50610	5624	1655	252948	60494	563	59931	21	7133	4.2833
human	PR10293B96S18L003cell41	130291	37401	636	65371	26883	25717	3316	22401	34	4591	3.8000
human	PR10293B96S18L003cell42	675477	99247	12406	4999	558825	133226	1436	131790	25	9443	5.1500
human	PR10293B96S18L003cell43	956017	193266	17970	14048	730733	114748	1759	112989	27	9477	5.5666
human	PR10293B96S18L003cell44	1210903	168537	24667	7815	1009884	168678	1528	167150	25	10038	6.2000
human	PR10293B96S18L003cell45	90873	17347	702	42349	30475	28070	2307	25763	31	5006	3.6666
human	PR10293B96S18L003cell46	39483	14923	471	3619	20470	19064	997	18067	25	4212	3.6000
human	PR10293B96S18L003cell47	364167	64012	7297	3332	289526	89255	1289	87966	23	8898	3.9833
human	PR10293B96S18L003cell48	864341	101418	18281	4661	739981	162314	1019	161295	28	9854	5.9666
human	PR10293B96S18L003cell49	1498476	207334	31886	17647	1241609	171566	2026	169540	34	9850	7.4666
human	PR10293B96S18L003cell50	1698223	278297	36619	19382	1363925	176950	1655	175295	28	10143	7.6666
human	PR10293B96S18L003cell51	2194641	394389	45599	26761	1727892	185612	1860	183752	29	10521	8.9333
human	PR10293B96S18L003cell52	95699	37233	246	47890	10330	10618	2377	8241	31	2910	3.7000
human	PR10293B96S18L003cell53	1592247	208067	30885	21836	1331459	147459	1757	145702	26	9781	6.9333
human	PR10293B96S18L003cell54	1341391	246078	27105	14670	1053538	142834	1351	141483	26	9705	6.6166
human	PR10293B96S18L003cell55	120398	35804	242	73484	10868	10778	2643	8135	31	2820	3.8000
human	PR10293B96S18L003cell56	486420	76040	10531	2645	397204	127673	767	126906	24	9299	4.7000
human	PR10293B96S18L003cell57	171395	46688	591	96449	27667	26527	3667	22860	34	4688	3.9166
human	PR10293B96S18L003cell58	308492	48634	6689	4406	248763	90215	1509	88706	28	8658	4.2000
human	PR10293B96S18L003cell59	1242782	161731	22070	19236	1039745	139825	1887	137938	29	9607	6.2000
human	PR10293B96S18L003cell60	1314569	207182	21961	14072	1071354	155319	1705	153614	26	10441	6.1500
human	PR10293B96S18L003cell61	1250276	237536	24917	13457	974366	132788	1806	130982	30	9545	6.0833
human	PR10293B96S18L003cell62	640254	93025	13024	4530	529675	139294	1113	138181	25	9334	5.2166
human	PR10293B96S18L003cell63	1823162	243394	39790	10497	1529481	216176	1736	214440	29	10819	7.6666
human	PR10293B96S18L003cell64	1019407	135249	20595	16276	847287	122270	1573	120697	26	9341	5.5666
human	PR10293B96S18L003cell65	1298349	158906	22932	12873	1103638	151121	1913	149208	32	9546	6.3500
human	PR10293B96S18L003cell66	1300180	173991	23453	11930	1090806	151578	1686	149892	27	9910	6.3833
human	PR10293B96S18L003cell67	47205	13678	398	15330	17799	17212	1590	15622	29	3952	3.5833
human	PR10293B96S18L003cell68	341519	45404	7011	2288	286816	95956	940	95016	28	8364	4.3500
human	PR10293B96S18L003cell69	1016741	131732	19257	6753	858999	147519	1399	146120	30	9994	5.7166
human	PR10293B96S18L003cell70	669661	106488	12415	7051	543707	103193	1141	102052	26	8854	4.9333
human	PR10293B96S18L003cell71	982018	127969	20178	6492	827379	137520	1442	136078	31	9714	5.6000
human	PR10293B96S18L003cell72	719108	108160	13769	3940	593239	128330	939	127391	27	9201	5.1833
human	PR10293B96S18L003cell73	1573498	225695	31255	16859	1299689	183051	2074	180977	30	10172	7.5000
human	PR10293B96S18L003cell74	1826669	262502	39361	19669	1505137	202561	1939	200622	28	10646	8.0833
human	PR10293B96S18L003cell75	1392203	203413	26616	38825	1123349	120087	2398	117689	31	9700	6.1333
human	PR10293B96S18L003cell76	1422158	165083	31032	13559	1212484	181391	1586	179805	30	10093	6.6500
human	PR10293B96S18L003cell77	1890808	273186	39464	17246	1560912	177368	1613	175755	29	9891	7.6333
human	PR10293B96S18L003cell78	1421778	164833	24244	17982	1214719	151736	1536	150200	29	9516	7.4166
human	PR10293B96S18L003cell79	1936017	292452	38852	23016	1581697	175058	1879	173179	27	10362	7.4833
human	PR10293B96S18L003cell80	1150454	212176	22721	17883	897674	117916	1591	116325	26	9201	5.9166
human	PR10293B96S18L003cell81	141741	42815	220	90060	8646	10144	2836	7308	31	2608	3.8500
human	PR10293B96S18L003cell82	148415	30570	2906	3867	111072	37320	1031	36289	26	6411	3.7666
human	PR10293B96S18L003cell83	742855	219151	14384	29098	480222	58890	1897	56993	27	7630	4.9500
human	PR10293B96S18L003cell84	1401810	277762	24482	13691	1085875	147488	1514	145974	29	10016	6.3333
human	PR10293B96S18L003cell85	59990	14320	233	36085	9352	10065	1797	8268	30	2739	3.6166
human	PR10293B96S18L003cell86	512586	78873	9750	5003	418960	102690	879	101811	21	9039	4.7166
human	PR10293B96S18L003cell87	565843	88050	10423	3562	463808	117975	1015	116960	27	9303	4.7500
human	PR10293B96S18L003cell88	831354	85706	14658	7069	723921	119735	1032	118703	27	8835	5.5333
human	PR10293B96S18L003cell89	1155276	129970	26274	14749	984283	125055	1490	123565	31	8965	5.9500
human	PR10293B96S18L003cell90	630108	217123	10469	22250	380266	48143	1619	46524	29	6897	4.7000
human	PR10293B96S18L003cell91	1002188	159789	20526	13348	808525	113405	1290	112115	29	9138	5.7000
human	PR10293B96S18L003cell92	40624	16907	115	18593	5009	5856	1533	4323	28	1862	3.5833
human	PR10293B96S18L003cell93	113788	21442	2235	652	89459	46156	387	45769	16	6795	3.7166
human	PR10293B96S18L003cell94	10994	4962	103	1559	4370	4595	533	4062	27	1740	3.5666
human	PR10293B96S18L003cell95	1047077	155998	21403	11539	858137	111796	1336	110460	29	9009	5.2333
human	PR10293B96S18L003cell96	780108	80726	14821	6756	677805	122026	975	121051	28	9091	5.1333
human	PR10293B97S3L003cell1	1510955	218513	32103	14926	1245413	168426	1666	166760	27	10282	6.8333
human	PR10293B97S3L003cell2	1807246	275190	36770	18314	1476972	170446	1926	168520	27	10394	7.1333
human	PR10293B97S3L003cell3	1882959	368875	37898	19905	1456281	276392	2407	273985	28	10644	6.9000
human	PR10293B97S3L003cell4	1427165	374748	27234	9314	1015869	260983	1957	259026	24	10505	6.9333
human	PR10293B97S3L003cell5	1437340	194451	31943	7968	1202978	179647	1188	178459	27	9961	7.3333
human	PR10293B97S3L003cell6	1076643	147448	23634	12140	893421	117804	1239	116565	27	8867	5.8500
human	PR10293B97S3L003cell7	92578	24607	388	52247	15336	14762	2211	12551	27	3463	3.7333
human	PR10293B97S3L003cell8	1945431	256524	39520	24641	1624746	152176	1615	150561	27	10055	7.3166
human	PR10293B97S3L003cell9	2225113	366078	41895	57086	1760054	143878	2490	141388	33	9698	7.6500
human	PR10293B97S3L003cell10	1322564	570788	16545	7699	727532	145310	1360	143950	25	10784	6.4333
human	PR10293B97S3L003cell11	63332	20170	227	34147	8788	9400	1807	7593	27	2625	3.6500
human	PR10293B97S3L003cell12	1059275	431833	15113	4308	608021	144160	972	143188	25	10406	6.0500
human	PR10293B97S3L003cell13	1414905	186962	30238	20673	1177032	123124	1498	121626	26	9902	6.1666
human	PR10293B97S3L003cell14	1322222	208146	26631	16219	1071226	130252	1374	128878	29	9640	6.1500
human	PR10293B97S3L003cell15	2143509	363472	41177	27231	1711629	150146	1814	148332	29	9806	8.7833
human	PR10293B97S3L003cell16	575948	160430	10205	3476	401837	90765	829	89936	24	8786	4.8333
human	PR10293B97S3L003cell17	1334141	193675	26938	7692	1105836	147841	1302	146539	26	9591	7.6333
human	PR10293B97S3L003cell18	1424367	241914	28189	13459	1140805	111531	1599	109932	27	8995	6.7833
human	PR10293B97S3L003cell19	777511	135439	10453	8157	623462	86536	1167	85369	26	8333	5.0666
human	PR10293B97S3L003cell20	850488	234940	11273	7243	597032	86134	1255	84879	27	8387	5.3333
human	PR10293B97S3L003cell21	1120223	189414	24588	5117	901104	135669	1024	134645	28	9408	6.8500
human	PR10293B97S3L003cell22	824622	104072	17341	4798	698411	111214	934	110280	24	8774	5.5000
human	PR10293B97S3L003cell23	1205999	251079	16892	9543	928485	98838	1265	97573	26	8699	6.0000
human	PR10293B97S3L003cell24	996530	125991	22290	3548	844701	143663	869	142794	23	9197	6.3500
human	PR10293B97S3L003cell25	1673774	299983	26711	79088	1267992	105422	3246	102176	31	8749	7.3166
human	PR10293B97S3L003cell26	168250	37975	562	108491	21222	20989	3739	17250	34	4282	3.9000
human	PR10293B97S3L003cell27	222474	45771	4803	2187	169713	77073	918	76155	22	8310	4.0000
human	PR10293B97S3L003cell28	1776457	475551	37524	24934	1238448	245220	3195	242025	30	10613	7.6000
human	PR10293B97S3L003cell29	1924629	292134	41392	18343	1572760	178310	1632	176678	26	10275	7.9333
human	PR10293B97S3L003cell30	1689039	266516	38324	22064	1362135	162680	1784	160896	32	9872	7.2500
human	PR10293B97S3L003cell31	1479291	260426	22871	15188	1180806	134758	1754	133004	27	9622	7.4000
human	PR10293B97S3L003cell32	1317527	189174	30360	13369	1084624	170730	1489	169241	30	9763	6.5500
human	PR10293B97S3L003cell33	864460	179010	14806	4327	666317	102139	900	101239	24	8362	6.1333
human	PR10293B97S3L003cell34	738505	131783	11392	10330	585000	65022	1384	63638	28	7805	4.8500
human	PR10293B97S3L003cell35	652508	280122	8779	1404	362203	93949	523	93426	23	8726	5.2833
human	PR10293B97S3L003cell36	29918	14901	101	10218	4698	5597	1381	4216	25	1869	3.5333
human	PR10293B97S3L003cell37	484762	83345	8038	2312	391067	69085	677	68408	23	7823	4.5500
human	PR10293B97S3L003cell38	327242	47961	6721	3011	269549	51877	702	51175	23	7013	4.1833
human	PR10293B97S3L003cell39	33182	12853	119	13635	6575	7208	1322	5886	25	2173	3.5833
human	PR10293B97S3L003cell40	271684	75477	4840	693	190674	77528	395	77133	20	7894	4.1000
human	PR10293B97S3L003cell41	1534181	184919	33578	8759	1306925	226909	1754	225155	30	10564	7.7333
human	PR10293B97S3L003cell42	630734	103270	13135	6900	507429	115488	1678	113810	27	9288	4.9666
human	PR10293B97S3L003cell43	534889	76698	11398	5102	441691	102854	1233	101621	29	9039	4.5666
human	PR10293B97S3L003cell44	886853	159761	14733	15965	696394	95751	1869	93882	27	9141	5.1833
human	PR10293B97S3L003cell45	90291	18470	867	40744	30210	27332	2109	25223	28	5072	3.6833
human	PR10293B97S3L003cell46	1076597	125683	23239	6562	921113	176602	1157	175445	24	10180	6.3833
human	PR10293B97S3L003cell47	1550212	179372	30481	11810	1328549	168718	1729	166989	30	9882	6.6333
human	PR10293B97S3L003cell48	982553	138654	20649	10921	812329	118867	1394	117473	27	9500	5.5000
human	PR10293B97S3L003cell49	155410	39963	427	98018	17002	16908	3259	13649	35	3570	3.8333
human	PR10293B97S3L003cell50	1081354	182370	22750	18084	858150	120051	1847	118204	28	8970	5.8500
human	PR10293B97S3L003cell51	82055	26699	263	44452	10641	10998	2137	8861	25	2863	3.6666
human	PR10293B97S3L003cell52	92409	38300	988	19622	33499	11924	1659	10265	30	3247	3.6833
human	PR10293B97S3L003cell53	935872	141345	21240	8277	765010	135153	1223	133930	31	9504	5.6166
human	PR10293B97S3L003cell54	66250	18149	249	38914	8938	9615	2019	7596	28	2667	3.7166
human	PR10293B97S3L003cell55	1278039	221215	24490	21722	1010612	107288	1761	105527	31	8952	6.1333
human	PR10293B97S3L003cell56	1205158	197719	26666	17586	963187	113456	1460	111996	31	9221	5.9000
human	PR10293B97S3L003cell57	1693541	272120	33456	37842	1350123	147712	2525	145187	26	9558	7.1333
human	PR10293B97S3L003cell58	1130983	169672	24721	48465	888125	96302	2921	93381	33	8397	5.6500
human	PR10293B97S3L003cell59	1575288	199864	34612	16390	1324422	184082	1674	182408	23	10220	7.0833
human	PR10293B97S3L003cell60	92662	34554	506	36961	20641	19386	2364	17022	35	4284	3.6833
human	PR10293B97S3L003cell61	239333	67435	5307	9435	157156	44019	1441	42578	27	6548	3.9833
human	PR10293B97S3L003cell62	1064044	169527	23788	18123	852606	119613	1656	117957	26	9338	5.7333
human	PR10293B97S3L003cell63	108189	32498	659	46249	28783	25501	2560	22941	30	4720	3.7666
human	PR10293B97S3L003cell64	1074862	160544	18505	13305	882508	125757	1557	124200	28	9408	5.7833
human	PR10293B97S3L003cell65	1305764	156661	23877	6733	1118493	192787	1415	191372	25	9963	7.5000
human	PR10293B97S3L003cell66	1099691	166490	26178	8608	898415	141791	1642	140149	27	9544	6.0333
human	PR10293B97S3L003cell67	663242	85358	13563	7165	557156	107854	1241	106613	26	8745	4.9666
human	PR10293B97S3L003cell68	589668	90458	11989	8293	478928	79784	1189	78595	27	8045	4.7166
human	PR10293B97S3L003cell69	939602	120434	20006	7480	791682	130992	1260	129732	24	9676	5.5000
human	PR10293B97S3L003cell70	712664	89623	15203	6015	601823	110874	1077	109797	23	8854	5.0666
human	PR10293B97S3L003cell71	567499	77724	11259	11795	466721	69950	1632	68318	24	7010	4.5666
human	PR10293B97S3L003cell72	45628	10414	457	17501	17256	16601	1469	15132	31	3816	3.6166
human	PR10293B97S3L003cell73	2440772	384793	35223	31390	1989366	186495	2256	184239	27	9960	8.8833
human	PR10293B97S3L003cell74	145923	34491	492	93712	17228	17657	3343	14314	34	3929	3.8666
human	PR10293B97S3L003cell75	1644169	153691	28326	11528	1450624	193552	1470	192082	25	10043	9.9833
human	PR10293B97S3L003cell76	304538	48631	7282	2432	246193	87721	862	86859	19	8489	4.1166
human	PR10293B97S3L003cell77	1725847	235063	40168	16954	1433662	166317	1583	164734	31	10325	6.9000
human	PR10293B97S3L003cell78	1563603	208661	37987	13430	1303525	182208	1470	180738	25	9920	7.2333
human	PR10293B97S3L003cell79	1877924	262488	40408	14878	1560150	201724	1668	200056	30	10081	7.7666
human	PR10293B97S3L003cell80	1169105	224548	21029	13527	910001	126745	1424	125321	31	9517	6.0833
human	PR10293B97S3L003cell81	2047606	239844	43174	19555	1745033	204261	1693	202568	29	10046	8.1000
human	PR10293B97S3L003cell82	1358449	203025	26533	24538	1104353	116166	1921	114245	28	9565	6.1500
human	PR10293B97S3L003cell83	1454128	158208	32580	17085	1246255	172235	1523	170712	30	9809	6.6333
human	PR10293B97S3L003cell84	1171853	252951	20602	18780	879520	115195	1653	113542	25	9156	6.1166
human	PR10293B97S3L003cell85	1271459	250904	22663	28274	969618	88642	1670	86972	26	8995	6.0166
human	PR10293B97S3L003cell86	508664	67657	11782	3586	425639	109476	846	108630	23	8813	4.8000
human	PR10293B97S3L003cell87	85511	24231	208	52446	8626	9567	2243	7324	25	2558	3.6833
human	PR10293B97S3L003cell88	362792	76953	7067	2119	276653	85484	722	84762	26	8610	4.3333
human	PR10293B97S3L003cell89	864367	177765	17848	8670	660084	105930	1301	104629	26	8900	5.3666
human	PR10293B97S3L003cell90	1112241	271698	20333	14164	806046	111999	1430	110569	27	9227	5.9000
human	PR10293B97S3L003cell91	951594	101471	17535	8604	823984	126793	1030	125763	26	9525	5.4166
human	PR10293B97S3L003cell92	703568	128095	12846	8570	554057	92116	1197	90919	26	8806	4.8166
human	PR10293B97S3L003cell93	40558	10389	709	5102	24358	10892	904	9988	27	3008	3.2666
human	PR10293B97S3L003cell94	595308	69762	9701	8797	507048	73506	1004	72502	26	6902	4.7166
human	PR10293B97S3L003cell95	1247613	176301	23736	9571	1038005	125849	1229	124620	26	9104	6.2666
human	PR10293B97S3L003cell96	607326	162893	12796	10223	421414	58039	1128	56911	25	7211	4.6333
human	PR10293B98S19L004cell1	53546	8625	990	574	43357	31016	484	30532	18	5262	3.6500
human	PR10293B98S19L004cell2	2331391	443909	49436	15588	1822458	475184	2902	472282	27	11076	12.7166
human	PR10293B98S19L004cell3	1512012	156054	31565	15150	1309243	179954	1510	178444	29	9742	6.7666
human	PR10293B98S19L004cell4	1312936	156590	22376	13904	1120066	145567	1548	144019	27	9674	6.1000
human	PR10293B98S19L004cell5	1520614	196426	31679	15961	1276548	148600	1526	147074	27	9742	6.5500
human	PR10293B98S19L004cell6	907447	149908	16407	20826	720306	92929	1615	91314	26	8767	5.3166
human	PR10293B98S19L004cell7	2152678	271626	43573	21882	1815597	177602	1746	175856	29	10030	8.2333
human	PR10293B98S19L004cell8	14380	2603	262	605	10910	10133	385	9748	21	3005	3.5500
human	PR10293B98S19L004cell9	2437548	307512	40622	28550	2060864	195712	1842	193870	28	9809	9.5833
human	PR10293B98S19L004cell10	1747294	302701	37747	38043	1368803	129584	2216	127368	30	9780	6.8666
human	PR10293B98S19L004cell11	64864	16881	165	40822	6996	7928	2145	5783	28	2208	3.3500
human	PR10293B98S19L004cell12	970840	154863	19807	21956	774214	93367	1770	91597	28	8744	5.2666
human	PR10293B98S19L004cell13	1715031	197153	33933	13200	1470745	169017	1333	167684	35	9939	7.4833
human	PR10293B98S19L004cell14	1169020	250968	18946	14782	884324	118584	1425	117159	24	9744	5.9000
human	PR10293B98S19L004cell15	1836448	301646	35549	18197	1481056	166045	1504	164541	28	9900	7.6000
human	PR10293B98S19L004cell16	1680701	209053	33143	17833	1420672	162889	1521	161368	29	9565	7.6166
human	PR10293B98S19L004cell17	1238587	211488	21426	9461	996212	130910	1325	129585	27	9223	6.9166
human	PR10293B98S19L004cell18	962242	291062	13839	6489	650852	102343	1180	101163	27	8965	5.6333
human	PR10293B98S19L004cell19	35083	12612	185	12931	9355	9780	1472	8308	29	2730	3.5666
human	PR10293B98S19L004cell20	805216	149660	15960	5527	634069	104147	1078	103069	21	8940	5.3000
human	PR10293B98S19L004cell21	1151892	173779	19745	12741	945627	90820	1333	89487	28	8748	6.0333
human	PR10293B98S19L004cell22	839192	113366	15703	4169	705954	102313	730	101583	22	8660	5.5166
human	PR10293B98S19L004cell23	920133	141921	17991	4049	756172	122224	936	121288	26	9182	6.1000
human	PR10293B98S19L004cell24	41494	14120	176	18570	8628	9371	1544	7827	30	2687	3.5833
human	PR10293B98S19L004cell25	2026805	354554	40618	34786	1596847	176433	2156	174277	26	10054	8.2500
human	PR10293B98S19L004cell26	1992361	246364	35461	23890	1686646	172882	2015	170867	32	9662	9.9333
human	PR10293B98S19L004cell27	1090291	208335	23043	25050	833863	97197	1945	95252	27	8621	5.5666
human	PR10293B98S19L004cell28	1222356	155594	26474	25181	1015107	120586	1801	118785	28	9720	5.9000
human	PR10293B98S19L004cell29	1626921	234627	33295	22205	1336794	156330	1748	154582	34	9712	6.8500
human	PR10293B98S19L004cell30	1545532	266917	30346	22206	1226063	158689	1644	157045	26	10034	6.7500
human	PR10293B98S19L004cell31	1379159	249957	26468	24375	1078359	114987	1746	113241	28	9417	6.2166
human	PR10293B98S19L004cell32	1099106	149521	25024	9478	915083	144922	1211	143711	27	9510	6.0166
human	PR10293B98S19L004cell33	1076084	172467	18099	8542	876976	97286	1082	96204	27	8319	5.9333
human	PR10293B98S19L004cell34	763307	148704	11921	12682	590000	69212	1374	67838	31	7895	5.1500
human	PR10293B98S19L004cell35	323049	51476	5857	2055	263661	59661	643	59018	23	6984	4.1833
human	PR10293B98S19L004cell36	409087	69089	7854	1513	330631	83936	553	83383	22	8138	4.5500
human	PR10293B98S19L004cell37	583448	71648	9314	9439	493047	60330	1080	59250	25	6780	4.7333
human	PR10293B98S19L004cell38	278059	51644	4498	1649	220268	56881	501	56380	23	7195	4.1166
human	PR10293B98S19L004cell39	707417	111717	11320	4313	580067	83595	834	82761	25	8224	5.0833
human	PR10293B98S19L004cell40	145397	130185	161	9550	5501	5463	1596	3867	30	1891	3.8166
human	PR10293B98S19L004cell41	965512	145541	18085	6541	795345	163232	1421	161811	26	9637	6.2333
human	PR10293B98S19L004cell42	1017792	216656	19672	10205	771259	131203	1603	129600	29	9494	5.7833
human	PR10293B98S19L004cell43	1005597	122104	19386	17215	846892	117487	1669	115818	27	9032	5.5166
human	PR10293B98S19L004cell44	1094650	130771	24820	9312	929747	158591	1385	157206	29	9513	6.0666
human	PR10293B98S19L004cell45	79995	14151	689	38052	27103	25186	1989	23197	29	4738	3.6666
human	PR10293B98S19L004cell46	442477	67250	10074	5100	360053	81349	1080	80269	28	8298	4.4333
human	PR10293B98S19L004cell47	1560134	230579	28834	12248	1288473	181312	1605	179707	27	10153	7.0666
human	PR10293B98S19L004cell48	718398	103575	13869	12390	588564	77482	1289	76193	28	8267	4.8500
human	PR10293B98S19L004cell49	156115	41321	283	102236	12275	12603	3006	9597	28	2981	3.8500
human	PR10293B98S19L004cell50	1549291	202197	33046	20421	1293627	161956	1719	160237	31	9960	6.7833
human	PR10293B98S19L004cell51	84039	22074	171	54557	7237	8309	2235	6074	27	2320	3.7666
human	PR10293B98S19L004cell52	650578	98073	14568	3804	534133	136154	885	135269	22	9893	4.8166
human	PR10293B98S19L004cell53	991505	133559	22632	8219	827095	125175	1175	124000	26	9078	5.5666
human	PR10293B98S19L004cell54	70551	18147	204	43065	9135	9767	2124	7643	29	2727	3.6500
human	PR10293B98S19L004cell55	1808389	301786	43062	23842	1439699	140109	1699	138410	29	9597	7.0333
human	PR10293B98S19L004cell56	1040797	152309	24344	6640	857504	163214	1118	162096	29	9667	6.0333
human	PR10293B98S19L004cell57	720596	96191	14625	4201	605579	163029	1281	161748	28	9958	5.4166
human	PR10293B98S19L004cell58	61242	22393	824	5321	32704	28842	1388	27454	27	5167	3.6333
human	PR10293B98S19L004cell59	46767	23175	402	6374	16816	15340	1291	14049	30	3693	3.6000
human	PR10293B98S19L004cell60	671256	74312	13247	3712	579985	139151	1062	138089	28	9107	5.6666
human	PR10293B98S19L004cell61	1470498	212903	27342	24228	1206025	116769	1764	115005	26	9405	6.3166
human	PR10293B98S19L004cell62	1218976	141490	27072	10828	1039586	150123	1379	148744	26	9669	6.1500
human	PR10293B98S19L004cell63	1316565	269902	23378	33880	989405	99879	2082	97797	30	8958	6.3000
human	PR10293B98S19L004cell64	746448	124134	16194	7362	598758	115877	1216	114661	25	9551	5.0166
human	PR10293B98S19L004cell65	1097345	155441	20788	9730	911386	127457	1449	126008	30	9280	6.0833
human	PR10293B98S19L004cell66	1002773	139025	21167	8460	834121	143045	1450	141595	27	9554	5.5833
human	PR10293B98S19L004cell67	769306	109609	16699	8131	634867	111609	1194	110415	26	8998	5.1666
human	PR10293B98S19L004cell68	46417	15243	422	13277	17475	16852	1403	15449	27	3942	3.6500
human	PR10293B98S19L004cell69	230252	24644	5093	1261	199254	83872	689	83183	23	8444	3.9333
human	PR10293B98S19L004cell70	690671	83879	14607	4462	587723	118333	971	117362	22	9089	5.1166
human	PR10293B98S19L004cell71	1019538	130087	17638	6809	865004	141100	1251	139849	24	9475	5.6333
human	PR10293B98S19L004cell72	750998	102353	13680	4321	630644	117572	965	116607	25	9157	5.1500
human	PR10293B98S19L004cell73	1833597	411163	32559	22061	1367814	166872	1804	165068	27	10076	7.8166
human	PR10293B98S19L004cell74	805704	161571	16224	8419	619490	137756	1380	136376	26	10138	5.2333
human	PR10293B98S19L004cell75	1581990	192825	36550	14275	1338340	206163	1449	204714	31	10578	7.4166
human	PR10293B98S19L004cell76	1288482	195932	26874	17416	1048260	143493	1584	141909	28	9657	6.1833
human	PR10293B98S19L004cell77	1318889	155163	32821	8229	1122676	196718	1232	195486	30	10397	6.9166
human	PR10293B98S19L004cell78	61246	20954	282	28197	11813	11784	1739	10045	29	3149	3.6500
human	PR10293B98S19L004cell79	356662	81232	7021	5076	263333	67879	1115	66764	28	8200	4.2166
human	PR10293B98S19L004cell80	530793	87933	11075	4796	426989	95380	978	94402	22	8654	4.6666
human	PR10293B98S19L004cell81	762694	151871	15881	33556	561386	62643	1944	60699	27	6958	4.9000
human	PR10293B98S19L004cell82	1507198	253107	28007	32358	1193726	117006	1960	115046	30	9160	6.2500
human	PR10293B98S19L004cell83	1010648	214058	17631	18106	760853	106502	1609	104893	25	9082	5.4166
human	PR10293B98S19L004cell84	671423	149881	13658	6334	501550	92624	1061	91563	25	8898	4.9333
human	PR10293B98S19L004cell85	1154284	123580	29234	10070	991400	147748	1158	146590	26	9673	5.6333
human	PR10293B98S19L004cell86	1022911	136170	20363	11464	854914	129423	1231	128192	27	9505	5.8000
human	PR10293B98S19L004cell87	1679412	274245	30426	22849	1351892	125822	1602	124220	31	9347	7.0000
human	PR10293B98S19L004cell88	1072633	134152	23028	5494	909959	167135	941	166194	27	9833	6.2166
human	PR10293B98S19L004cell89	1334717	167771	22563	22160	1122223	130178	1625	128553	28	9174	6.4500
human	PR10293B98S19L004cell90	1074463	161539	19135	8629	885160	134164	1227	132937	24	9261	5.9166
human	PR10293B98S19L004cell91	811695	111114	16889	7516	676176	120206	1101	119105	29	9057	5.3500
human	PR10293B98S19L004cell92	661360	90358	13685	9225	548092	88705	1137	87568	23	7886	4.8166
human	PR10293B98S19L004cell93	903506	123195	17845	9280	753186	107162	1179	105983	25	9172	5.3500
human	PR10293B98S19L004cell94	757309	97241	14731	7067	638270	109361	1008	108353	26	8678	5.3500
human	PR10293B98S19L004cell95	59336	17328	188	33947	7873	8683	1700	6983	31	2451	3.6000
human	PR10293B98S19L004cell96	251325	37904	5398	1265	206758	73029	514	72515	19	7801	4.0333
human	PR10293B99S20L005cell1	2790492	259401	46852	41921	2442318	190045	2125	187920	29	9921	8.7500
human	PR10293B99S20L005cell2	2089478	282882	42461	34140	1729995	150159	1966	148193	30	10108	7.4833
human	PR10293B99S20L005cell3	45698	4516	218	31158	9806	10504	1882	8622	28	2797	3.5666
human	PR10293B99S20L005cell4	907290	257897	15177	3888	630328	150497	961	149536	29	9942	5.9666
human	PR10293B99S20L005cell5	1559424	203987	35384	14372	1305681	156228	1479	154749	28	10197	6.6833
human	PR10293B99S20L005cell6	1146850	133525	23064	16728	973533	118941	1493	117448	27	9024	5.7666
human	PR10293B99S20L005cell7	553815	87190	10936	1975	453714	157925	781	157144	21	9808	5.0333
human	PR10293B99S20L005cell8	11668	1623	223	234	9588	8929	212	8717	14	2843	3.5000
human	PR10293B99S20L005cell9	2012599	237506	43526	12674	1718893	267455	1520	265935	28	10711	10.9500
human	PR10293B99S20L005cell10	2272589	311194	43490	37952	1879953	153598	2004	151594	29	9760	8.1333
human	PR10293B99S20L005cell11	946688	298638	22680	31152	594218	65199	1956	63243	30	6516	5.6666
human	PR10293B99S20L005cell12	1234817	166453	25592	15885	1026887	126973	1528	125445	27	9155	6.1833
human	PR10293B99S20L005cell13	56152	5077	186	44278	6611	7786	1936	5850	31	2280	3.5833
human	PR10293B99S20L005cell14	1196009	141439	24088	16045	1014437	119689	1408	118281	26	9603	5.8000
human	PR10293B99S20L005cell15	1753767	309037	29231	22633	1392866	140107	1498	138609	29	9700	7.2166
human	PR10293B99S20L005cell16	1417496	188386	28592	4536	1195982	235414	896	234518	23	10575	7.5666
human	PR10293B99S20L005cell17	1387918	234041	22830	11662	1119385	124273	1313	122960	27	8946	5.7666
human	PR10293B99S20L005cell18	919395	114701	16379	3797	784518	157528	996	156532	22	9804	5.9166
human	PR10293B99S20L005cell19	296535	51685	4741	1744	238365	60709	645	60064	26	7131	4.2333
human	PR10293B99S20L005cell20	452285	52232	9262	1933	388858	100132	645	99487	25	8231	4.8000
human	PR10293B99S20L005cell21	1092483	180257	19002	9044	884180	84925	1143	83782	30	8684	5.5500
human	PR10293B99S20L005cell22	18297	2364	94	10787	5052	5920	1319	4601	25	1957	3.5333
human	PR10293B99S20L005cell23	1045297	137359	18214	3685	886039	134797	779	134018	23	9148	6.4166
human	PR10293B99S20L005cell24	26426	5330	159	12452	8485	8902	1131	7771	28	2587	3.5166
human	PR10293B99S20L005cell25	2823969	310029	61450	58720	2393770	207676	2706	204970	30	10294	9.9833
human	PR10293B99S20L005cell26	1414511	391221	21996	27918	973376	119429	2110	117319	31	9468	6.5333
human	PR10293B99S20L005cell27	71523	26930	402	29777	14414	13276	2007	11269	29	3381	3.7000
human	PR10293B99S20L005cell28	1188190	149016	27241	11111	1000822	171215	1431	169784	24	9796	6.4500
human	PR10293B99S20L005cell29	209191	34746	3808	34764	135873	20802	1976	18826	30	4388	3.8666
human	PR10293B99S20L005cell30	40613	13283	795	2106	24429	15961	867	15094	26	4126	3.6000
human	PR10293B99S20L005cell31	1560057	185814	31724	15247	1327272	170875	1560	169315	28	9804	7.0166
human	PR10293B99S20L005cell32	1670159	197273	33399	21547	1417940	165686	1630	164056	28	10295	7.2000
human	PR10293B99S20L005cell33	972890	135055	15109	7374	815352	104706	986	103720	21	8465	5.8166
human	PR10293B99S20L005cell34	756959	122752	14757	4949	614501	92067	990	91077	31	8378	5.1166
human	PR10293B99S20L005cell35	436411	83709	6306	5423	340973	47495	917	46578	24	6557	4.3166
human	PR10293B99S20L005cell36	467029	58062	8607	2055	398305	86987	623	86364	20	7909	4.6000
human	PR10293B99S20L005cell37	357565	133164	5152	8391	210858	27161	1090	26071	22	5644	4.2166
human	PR10293B99S20L005cell38	10807	1977	44	5957	2829	3048	983	2065	23	1147	3.5000
human	PR10293B99S20L005cell39	502066	82413	8184	2626	408843	77149	700	76449	20	7899	5.0000
human	PR10293B99S20L005cell40	519186	79461	8664	3587	427474	63690	764	62926	27	7269	4.6333
human	PR10293B99S20L005cell41	943939	191518	17631	4395	730395	178561	1282	177279	31	10028	6.1000
human	PR10293B99S20L005cell42	1090242	157201	24764	8820	899457	158610	1424	157186	23	9818	6.0666
human	PR10293B99S20L005cell43	48862	5451	319	30929	12163	12993	2275	10718	31	3305	3.5833
human	PR10293B99S20L005cell44	879241	100707	18200	7955	752379	149456	1363	148093	28	9496	5.5333
human	PR10293B99S20L005cell45	59227	6101	304	41505	11317	12019	2201	9818	27	3157	3.5833
human	PR10293B99S20L005cell46	37028	3376	198	24233	9221	9901	1765	8136	29	2793	3.5500
human	PR10293B99S20L005cell47	870420	266168	14842	4161	585249	140386	1060	139326	27	10010	5.6333
human	PR10293B99S20L005cell48	793732	116629	17497	20562	639044	79733	1711	78022	30	8110	4.9833
human	PR10293B99S20L005cell49	1798162	290570	40237	42858	1424497	136395	2281	134114	32	9410	6.9333
human	PR10293B99S20L005cell50	1509609	229803	31660	18344	1229802	159639	1726	157913	34	9761	7.1833
human	PR10293B99S20L005cell51	1520246	188189	33741	21796	1276520	167024	1682	165342	28	9625	6.7666
human	PR10293B99S20L005cell52	65870	13273	232	42862	9503	10549	2215	8334	26	2652	3.6166
human	PR10293B99S20L005cell53	34864	8557	711	2978	22618	10156	818	9338	25	3155	3.5500
human	PR10293B99S20L005cell54	1286776	166539	25873	15460	1078904	142716	1513	141203	26	9638	6.4833
human	PR10293B99S20L005cell55	187879	35064	3130	6774	142911	41057	1168	39889	30	5894	3.9000
human	PR10293B99S20L005cell56	1202419	146659	27786	12710	1015264	136726	1269	135457	27	9353	6.1000
human	PR10293B99S20L005cell57	1398977	170029	27672	14879	1186397	184867	1871	182996	28	9972	6.9833
human	PR10293B99S20L005cell58	1380401	237231	28792	14398	1099980	169723	1813	167910	28	10074	6.9500
human	PR10293B99S20L005cell59	1286462	378547	23274	13582	871059	141620	1811	139809	32	9651	6.1166
human	PR10293B99S20L005cell60	1220147	146474	26769	13696	1033208	143652	1538	142114	25	9439	5.9000
human	PR10293B99S20L005cell61	33123	10594	341	10127	12061	11763	1416	10347	28	3338	3.5833
human	PR10293B99S20L005cell62	1091051	117257	21200	9176	943418	157284	1416	155868	23	9803	6.0833
human	PR10293B99S20L005cell63	1530383	218682	34534	12787	1264380	166468	1421	165047	26	10262	6.7666
human	PR10293B99S20L005cell64	1064773	160222	18040	11361	875150	131005	1399	129606	26	9397	5.8666
human	PR10293B99S20L005cell65	1118490	157186	21926	18138	921240	135969	2016	133953	29	9501	5.7333
human	PR10293B99S20L005cell66	859371	195865	15738	7343	640425	121070	1377	119693	27	9626	5.1666
human	PR10293B99S20L005cell67	483613	74801	8792	7868	392152	76721	1200	75521	30	7896	4.4166
human	PR10293B99S20L005cell68	754963	101510	15365	6272	631816	117471	1103	116368	27	8958	5.2000
human	PR10293B99S20L005cell69	867952	94120	17035	7244	749553	123721	1201	122520	24	8830	5.4833
human	PR10293B99S20L005cell70	486166	72977	7976	4405	400808	85906	975	84931	26	8142	4.5166
human	PR10293B99S20L005cell71	557037	259045	5874	15246	276872	41236	1423	39813	30	6795	4.5000
human	PR10293B99S20L005cell72	31960	3128	198	18065	10569	11211	1561	9650	26	2974	3.5333
human	PR10293B99S20L005cell73	1829623	229914	35167	33120	1531422	163676	2093	161583	30	9951	7.2666
human	PR10293B99S20L005cell74	1285056	198890	27056	16474	1042636	156643	1687	154956	29	10050	6.4833
human	PR10293B99S20L005cell75	1118532	194641	20771	14140	888980	138081	1556	136525	27	9363	6.1333
human	PR10293B99S20L005cell76	1416582	201651	27574	16775	1170582	155130	1575	153555	31	9708	7.1833
human	PR10293B99S20L005cell77	1301576	140530	31855	9089	1120102	164433	1391	163042	29	9709	6.4500
human	PR10293B99S20L005cell78	1227529	141758	25504	13296	1046971	142449	1453	140996	32	9513	6.2500
human	PR10293B99S20L005cell79	2170034	379412	45001	28338	1717283	162444	1720	160724	32	9968	7.7166
human	PR10293B99S20L005cell80	924101	128450	18244	6332	771075	138678	1122	137556	26	9276	5.3833
human	PR10293B99S20L005cell81	1948309	313442	34273	33169	1567425	144604	1980	142624	28	9291	7.9333
human	PR10293B99S20L005cell82	1323547	200677	17459	32096	1073315	104767	2008	102759	29	7717	5.9666
human	PR10293B99S20L005cell83	939729	221714	15377	13411	689227	97803	1399	96404	26	9083	5.4000
human	PR10293B99S20L005cell84	858103	126298	17981	5375	708449	149700	986	148714	24	9491	5.5833
human	PR10293B99S20L005cell85	18830	8184	177	3158	7311	5894	829	5065	22	2093	3.5000
human	PR10293B99S20L005cell86	383528	32502	9046	29229	312751	34088	1755	32333	27	5492	4.2000
human	PR10293B99S20L005cell87	1856401	276991	34268	33872	1511270	133840	1702	132138	28	9974	7.3166
human	PR10293B99S20L005cell88	1052111	210548	21295	11506	808762	113528	1176	112352	29	8993	5.4666
human	PR10293B99S20L005cell89	1560382	222547	28447	13853	1295535	182066	1339	180727	25	9476	7.6500
human	PR10293B99S20L005cell90	1066016	223831	22194	14495	805496	104028	1357	102671	27	9222	5.4000
human	PR10293B99S20L005cell91	771064	73955	16776	5786	674547	146094	1019	145075	25	9274	5.2000
human	PR10293B99S20L005cell92	699811	98751	14015	10585	576460	87009	1264	85745	31	8224	4.7833
human	PR10293B99S20L005cell93	385731	137371	7197	9632	231531	34485	1114	33371	25	6516	4.1666
human	PR10293B99S20L005cell94	24218	1940	67	19423	2788	4055	1469	2586	30	1278	3.5166
human	PR10293B99S20L005cell95	992935	195644	17316	10870	769105	105173	1104	104069	30	9018	5.6500
human	PR10293B99S20L005cell96	980918	208333	16497	11545	744543	102903	1054	101849	29	8860	5.5166
human	PR10293B910S4L004cell1	2812879	307614	56432	40573	2408260	234243	2406	231837	33	10334	9.9166
human	PR10293B910S4L004cell2	1783837	196895	41776	21321	1523845	197404	1872	195532	31	10073	7.6000
human	PR10293B910S4L004cell3	1554105	145135	34093	18979	1355898	186864	1583	185281	29	9651	6.9833
human	PR10293B910S4L004cell4	1295508	131836	28066	14028	1121578	165660	1677	163983	30	9648	6.4166
human	PR10293B910S4L004cell5	1150638	408104	18427	6594	717513	143685	1132	142553	26	10139	6.0833
human	PR10293B910S4L004cell6	1285009	139757	26456	13534	1105262	151999	1480	150519	27	9845	5.9333
human	PR10293B910S4L004cell7	2361433	258749	40979	32117	2029588	156724	2058	154666	32	9821	8.5166
human	PR10293B910S4L004cell8	1159639	180060	21750	13003	944826	123778	1437	122341	27	9487	5.7000
human	PR10293B910S4L004cell9	1728005	234525	39951	33121	1420408	157800	2019	155781	26	9523	7.1333
human	PR10293B910S4L004cell10	2041632	248579	42820	35629	1714604	160807	2132	158675	31	9640	7.6166
human	PR10293B910S4L004cell11	1648209	217443	32279	25971	1372516	155549	1795	153754	32	9728	7.2333
human	PR10293B910S4L004cell12	59671	22824	810	4939	31098	13640	1020	12620	23	3698	3.2833
human	PR10293B910S4L004cell13	320795	48289	6868	2666	262972	79260	781	78479	21	8311	4.1166
human	PR10293B910S4L004cell14	1258212	231052	22328	21814	983018	112538	1663	110875	26	9201	5.9333
human	PR10293B910S4L004cell15	1948799	229287	39899	34863	1644750	137074	2007	135067	27	9577	7.4000
human	PR10293B910S4L004cell16	1475962	184197	32344	10551	1248870	196937	1231	195706	29	10115	7.1166
human	PR10293B910S4L004cell17	69241	15428	430	29239	24144	15700	1969	13731	27	3510	3.6833
human	PR10293B910S4L004cell18	1162267	155836	20565	9464	976402	123526	1293	122233	30	9311	5.6000
human	PR10293B910S4L004cell19	831283	103841	14837	5458	707147	116454	1067	115387	23	8987	5.3333
human	PR10293B910S4L004cell20	680765	92236	13392	8468	566669	74010	1189	72821	29	7753	4.4333
human	PR10293B910S4L004cell21	1244713	180701	20840	9615	1033557	118616	1284	117332	28	9370	6.4500
human	PR10293B910S4L004cell22	25829	3753	158	13893	8025	8619	1391	7228	26	2536	3.5333
human	PR10293B910S4L004cell23	1144756	170013	15749	12826	946168	92334	1469	90865	26	8438	5.2166
human	PR10293B910S4L004cell24	964578	174901	15055	7893	766729	92698	1161	91537	24	8518	5.3166
human	PR10293B910S4L004cell25	1780827	219154	39413	18873	1503387	216116	1997	214119	28	10325	8.4666
human	PR10293B910S4L004cell26	2175513	319175	45747	37900	1772691	170143	2341	167802	28	9952	8.0833
human	PR10293B910S4L004cell27	1945060	204858	42368	22272	1675562	238934	1912	237022	29	10239	8.9000
human	PR10293B910S4L004cell28	1555233	191171	30538	20094	1313430	165337	1828	163509	27	9646	7.0000
human	PR10293B910S4L004cell29	2342217	518644	39825	41407	1742341	144631	2143	142488	32	10021	8.1666
human	PR10293B910S4L004cell30	1304787	198961	27941	10374	1067511	188644	1376	187268	27	10215	7.1833
human	PR10293B910S4L004cell31	2393855	351830	50687	36587	1954751	171429	2217	169212	30	10023	8.5000
human	PR10293B910S4L004cell32	1635289	226894	33025	23963	1351407	147386	1750	145636	33	9709	6.7500
human	PR10293B910S4L004cell33	813670	96343	17666	2782	696879	125575	735	124840	25	8183	6.3666
human	PR10293B910S4L004cell34	611560	94145	11078	2437	503900	95636	726	94910	26	8728	4.8666
human	PR10293B910S4L004cell35	404781	56877	6372	2538	338994	71388	716	70672	26	7635	4.3333
human	PR10293B910S4L004cell36	23804	8115	82	11430	4177	5177	1285	3892	26	1666	3.5000
human	PR10293B910S4L004cell37	407081	62129	7604	2933	334415	59449	711	58738	23	7371	4.2500
human	PR10293B910S4L004cell38	275587	49177	3982	2073	220355	50351	619	49732	21	6741	4.0166
human	PR10293B910S4L004cell39	710253	129475	10613	5291	564874	71334	930	70404	26	8078	4.4833
human	PR10293B910S4L004cell40	550441	68628	10075	2841	468897	82121	740	81381	26	7972	4.7666
human	PR10293B910S4L004cell41	100064	11752	605	63659	24048	23231	2764	20467	31	4351	3.5666
human	PR10293B910S4L004cell42	1949732	269820	35870	35122	1608920	163068	2465	160603	33	9831	7.0500
human	PR10293B910S4L004cell43	864646	85971	21372	15205	742098	118619	1642	116977	27	9452	5.0500
human	PR10293B910S4L004cell44	1148003	146731	23369	10163	967740	158105	1457	156648	27	9493	5.9666
human	PR10293B910S4L004cell45	72935	6999	469	47310	18157	17764	2180	15584	32	4004	3.5500
human	PR10293B910S4L004cell46	1044233	138499	19726	10751	875257	132122	1359	130763	34	9343	5.5666
human	PR10293B910S4L004cell47	1151886	193306	24304	9010	925266	152968	1572	151396	30	10302	6.1166
human	PR10293B910S4L004cell48	773724	300431	8863	9716	454714	79561	1384	78177	26	7476	4.9166
human	PR10293B910S4L004cell49	2469000	240822	43226	51059	2133893	156688	2381	154307	29	8867	9.5666
human	PR10293B910S4L004cell50	1265295	193517	30319	15466	1025993	155443	1579	153864	27	9692	6.2500
human	PR10293B910S4L004cell51	1420060	259547	26314	28983	1105216	131293	1900	129393	24	9751	6.2000
human	PR10293B910S4L004cell52	79218	13684	229	56293	9012	9965	2441	7524	28	2728	3.3166
human	PR10293B910S4L004cell53	317250	48887	6328	2602	259433	87170	775	86395	23	8537	4.1666
human	PR10293B910S4L004cell54	1100996	133163	20911	27602	919320	108120	1803	106317	33	8054	5.5333
human	PR10293B910S4L004cell55	2163261	330691	44407	33176	1754987	151001	2098	148903	32	9898	7.6000
human	PR10293B910S4L004cell56	1341175	195016	28333	22186	1095640	117838	1692	116146	34	9323	5.8833
human	PR10293B910S4L004cell57	1626287	222545	29058	27090	1347594	160670	2368	158302	32	9967	6.4833
human	PR10293B910S4L004cell58	1793117	471260	35100	30884	1255873	147989	2350	145639	28	10218	6.8500
human	PR10293B910S4L004cell59	1358353	140598	30559	15459	1171737	180946	1646	179300	26	9967	6.4166
human	PR10293B910S4L004cell60	1269456	254042	21666	13069	980679	152246	1761	150485	30	9432	6.1500
human	PR10293B910S4L004cell61	80882	24279	509	37595	18499	17797	2048	15749	30	4110	3.6166
human	PR10293B910S4L004cell62	1289012	158126	25011	19764	1086111	136561	1667	134894	29	9621	6.1333
human	PR10293B910S4L004cell63	460232	74459	10037	4465	371271	102945	1332	101613	26	8762	4.5000
human	PR10293B910S4L004cell64	986575	99170	23958	19558	843889	101096	1699	99397	28	8938	5.1166
human	PR10293B910S4L004cell65	374419	124433	5732	10385	233869	51770	1529	50241	27	7165	4.0833
human	PR10293B910S4L004cell66	1181466	132910	24751	20529	1003276	129231	1977	127254	28	9079	5.5500
human	PR10293B910S4L004cell67	751050	92241	15114	9893	633802	109636	1353	108283	27	8612	4.9166
human	PR10293B910S4L004cell68	771014	129828	14042	10124	617020	100043	1510	98533	28	8921	4.8500
human	PR10293B910S4L004cell69	445260	62481	9305	7139	366335	64672	1181	63491	26	7310	4.3000
human	PR10293B910S4L004cell70	434931	51110	8458	5012	370351	81119	993	80126	26	8185	4.2500
human	PR10293B910S4L004cell71	64075	8929	410	35396	19340	17911	2175	15736	27	3931	3.5000
human	PR10293B910S4L004cell72	764439	94010	12927	9533	647969	97851	1249	96602	31	8097	4.7833
human	PR10293B910S4L004cell73	2447043	284604	49932	40280	2072227	187995	2267	185728	28	10042	8.7500
human	PR10293B910S4L004cell74	1453296	249352	29351	14247	1160346	178786	1639	177147	24	10140	6.7166
human	PR10293B910S4L004cell75	1685633	212227	35032	23350	1415024	177096	1675	175421	26	9852	7.5500
human	PR10293B910S4L004cell76	1097566	278339	21084	5746	792397	164540	1205	163335	29	10357	5.9666
human	PR10293B910S4L004cell77	1984308	249743	50121	22347	1662097	165606	1636	163970	30	10132	7.0000
human	PR10293B910S4L004cell78	1455739	216859	28608	31155	1179117	107227	1875	105352	33	8478	6.0500
human	PR10293B910S4L004cell79	1485020	239561	28629	14743	1202087	157680	1648	156032	25	8769	6.6833
human	PR10293B910S4L004cell80	104804	13354	344	77217	13889	14353	2538	11815	33	3377	3.6333
human	PR10293B910S4L004cell81	1391336	295792	26103	10938	1058503	180229	1487	178742	30	10567	6.8000
human	PR10293B910S4L004cell82	1648329	316296	30665	20243	1281125	156890	1772	155118	29	10071	6.8333
human	PR10293B910S4L004cell83	1317119	179969	24734	21043	1091373	139906	1694	138212	28	9524	5.9833
human	PR10293B910S4L004cell84	1081120	262105	20053	12360	786602	114975	1438	113537	26	9423	5.2833
human	PR10293B910S4L004cell85	1068357	169889	23780	9476	865212	133922	1204	132718	29	9532	5.6166
human	PR10293B910S4L004cell86	813688	176189	15854	7035	614610	99492	951	98541	25	9206	4.9666
human	PR10293B910S4L004cell87	1645645	314096	24930	50635	1255984	94845	2323	92522	38	7504	6.4166
human	PR10293B910S4L004cell88	166154	39981	2725	32220	91228	16515	1817	14698	28	4084	3.6666
human	PR10293B910S4L004cell89	544176	128717	9102	15746	390611	58457	1544	56913	24	7094	4.4500
human	PR10293B910S4L004cell90	158672	68073	1564	11645	77390	19335	1310	18025	26	4727	3.6833
human	PR10293B910S4L004cell91	55003	3751	868	19302	31082	9984	1596	8388	28	2764	3.4166
human	PR10293B910S4L004cell92	794576	104819	14253	11156	664348	95890	1327	94563	25	8228	5.1000
human	PR10293B910S4L004cell93	1025210	134190	26783	13940	850297	102838	1282	101556	29	8545	5.2666
human	PR10293B910S4L004cell94	712749	93544	14373	5527	599305	120616	883	119733	22	9212	4.8666
human	PR10293B910S4L004cell95	60497	12962	149	38770	8616	8087	1994	6093	29	2257	3.3333
human	PR10293B910S4L004cell96	891666	110382	17301	8471	755512	113977	1008	112969	25	9076	5.0166
