cluster	gene	size	boundary	avgExpr	cvExpr	avgCor	cvCor	protein_coding	lncRNA	sncRNA	pseudogene	Ig/TcR	tf
M23	ATXN2	10	8937:8946	462.942499950204	1.11697181789768	0.0931282470607915	0.486859317293355	1	0	0	0	0	0.2
M23	SRRM2	10	8937:8946	462.942499950204	1.11697181789768	0.0931282470607915	0.486859317293355	1	0	0	0	0	0.2
M23	ZNF91	10	8937:8946	462.942499950204	1.11697181789768	0.0931282470607915	0.486859317293355	1	0	0	0	0	0.2
M23	DST	10	8937:8946	462.942499950204	1.11697181789768	0.0931282470607915	0.486859317293355	1	0	0	0	0	0.2
M23	TAOK1	10	8937:8946	462.942499950204	1.11697181789768	0.0931282470607915	0.486859317293355	1	0	0	0	0	0.2
M23	CHD4	10	8937:8946	462.942499950204	1.11697181789768	0.0931282470607915	0.486859317293355	1	0	0	0	0	0.2
M23	SRSF11	10	8937:8946	462.942499950204	1.11697181789768	0.0931282470607915	0.486859317293355	1	0	0	0	0	0.2
M23	NIPBL	10	8937:8946	462.942499950204	1.11697181789768	0.0931282470607915	0.486859317293355	1	0	0	0	0	0.2
M23	RRBP1	10	8937:8946	462.942499950204	1.11697181789768	0.0931282470607915	0.486859317293355	1	0	0	0	0	0.2
M23	ELF2	10	8937:8946	462.942499950204	1.11697181789768	0.0931282470607915	0.486859317293355	1	0	0	0	0	0.2
M13	ADD3	13	8947:8959	321.679699744368	1.31840542253281	0.0780488608422881	0.570898470164569	1	0	0	0	0	0.153846153846154
M13	TET1	13	8947:8959	321.679699744368	1.31840542253281	0.0780488608422881	0.570898470164569	1	0	0	0	0	0.153846153846154
M13	CYBRD1	13	8947:8959	321.679699744368	1.31840542253281	0.0780488608422881	0.570898470164569	1	0	0	0	0	0.153846153846154
M13	ZNF608	13	8947:8959	321.679699744368	1.31840542253281	0.0780488608422881	0.570898470164569	1	0	0	0	0	0.153846153846154
M13	LDB1	13	8947:8959	321.679699744368	1.31840542253281	0.0780488608422881	0.570898470164569	1	0	0	0	0	0.153846153846154
M13	U2SURP	13	8947:8959	321.679699744368	1.31840542253281	0.0780488608422881	0.570898470164569	1	0	0	0	0	0.153846153846154
M13	ERCC6L2	13	8947:8959	321.679699744368	1.31840542253281	0.0780488608422881	0.570898470164569	1	0	0	0	0	0.153846153846154
M13	STAG2	13	8947:8959	321.679699744368	1.31840542253281	0.0780488608422881	0.570898470164569	1	0	0	0	0	0.153846153846154
M13	BAZ2B	13	8947:8959	321.679699744368	1.31840542253281	0.0780488608422881	0.570898470164569	1	0	0	0	0	0.153846153846154
M13	USP1	13	8947:8959	321.679699744368	1.31840542253281	0.0780488608422881	0.570898470164569	1	0	0	0	0	0.153846153846154
M13	KDM3A	13	8947:8959	321.679699744368	1.31840542253281	0.0780488608422881	0.570898470164569	1	0	0	0	0	0.153846153846154
M13	KDM5A	13	8947:8959	321.679699744368	1.31840542253281	0.0780488608422881	0.570898470164569	1	0	0	0	0	0.153846153846154
M13	WSB1	13	8947:8959	321.679699744368	1.31840542253281	0.0780488608422881	0.570898470164569	1	0	0	0	0	0.153846153846154
M6	MT-ATP6	16	8960:8975	2032.29120449248	0.953152345528683	0.245780863797272	0.520289906955422	0.625	0	0.125	0.25	0	0
M6	MTRNR2L12	16	8960:8975	2032.29120449248	0.953152345528683	0.245780863797272	0.520289906955422	0.625	0	0.125	0.25	0	0
M6	MT-ND5	16	8960:8975	2032.29120449248	0.953152345528683	0.245780863797272	0.520289906955422	0.625	0	0.125	0.25	0	0
M6	MTATP6P1	16	8960:8975	2032.29120449248	0.953152345528683	0.245780863797272	0.520289906955422	0.625	0	0.125	0.25	0	0
M6	MT-ND1	16	8960:8975	2032.29120449248	0.953152345528683	0.245780863797272	0.520289906955422	0.625	0	0.125	0.25	0	0
M6	MT-ND2	16	8960:8975	2032.29120449248	0.953152345528683	0.245780863797272	0.520289906955422	0.625	0	0.125	0.25	0	0
M6	MT-CO2	16	8960:8975	2032.29120449248	0.953152345528683	0.245780863797272	0.520289906955422	0.625	0	0.125	0.25	0	0
M6	MT-RNR2	16	8960:8975	2032.29120449248	0.953152345528683	0.245780863797272	0.520289906955422	0.625	0	0.125	0.25	0	0
M6	MTND1P23	16	8960:8975	2032.29120449248	0.953152345528683	0.245780863797272	0.520289906955422	0.625	0	0.125	0.25	0	0
M6	MT-CYB	16	8960:8975	2032.29120449248	0.953152345528683	0.245780863797272	0.520289906955422	0.625	0	0.125	0.25	0	0
M6	MTND2P28	16	8960:8975	2032.29120449248	0.953152345528683	0.245780863797272	0.520289906955422	0.625	0	0.125	0.25	0	0
M6	MT-ND4	16	8960:8975	2032.29120449248	0.953152345528683	0.245780863797272	0.520289906955422	0.625	0	0.125	0.25	0	0
M6	MT-RNR1	16	8960:8975	2032.29120449248	0.953152345528683	0.245780863797272	0.520289906955422	0.625	0	0.125	0.25	0	0
M6	MT-CO1	16	8960:8975	2032.29120449248	0.953152345528683	0.245780863797272	0.520289906955422	0.625	0	0.125	0.25	0	0
M6	MT-CO3	16	8960:8975	2032.29120449248	0.953152345528683	0.245780863797272	0.520289906955422	0.625	0	0.125	0.25	0	0
M6	MTCO1P12	16	8960:8975	2032.29120449248	0.953152345528683	0.245780863797272	0.520289906955422	0.625	0	0.125	0.25	0	0
M4	RP11-715J22.6	18	8976:8993	531.241866231852	1.71851326788202	0.204785468313952	0.426433543187379	0.944444444444444	0.0555555555555556	0	0	0	0.0555555555555556
M4	ROBO2	18	8976:8993	531.241866231852	1.71851326788202	0.204785468313952	0.426433543187379	0.944444444444444	0.0555555555555556	0	0	0	0.0555555555555556
M4	PID1	18	8976:8993	531.241866231852	1.71851326788202	0.204785468313952	0.426433543187379	0.944444444444444	0.0555555555555556	0	0	0	0.0555555555555556
M4	COL21A1	18	8976:8993	531.241866231852	1.71851326788202	0.204785468313952	0.426433543187379	0.944444444444444	0.0555555555555556	0	0	0	0.0555555555555556
M4	ABI3BP	18	8976:8993	531.241866231852	1.71851326788202	0.204785468313952	0.426433543187379	0.944444444444444	0.0555555555555556	0	0	0	0.0555555555555556
M4	VIPR2	18	8976:8993	531.241866231852	1.71851326788202	0.204785468313952	0.426433543187379	0.944444444444444	0.0555555555555556	0	0	0	0.0555555555555556
M4	SRPX	18	8976:8993	531.241866231852	1.71851326788202	0.204785468313952	0.426433543187379	0.944444444444444	0.0555555555555556	0	0	0	0.0555555555555556
M4	FBLN1	18	8976:8993	531.241866231852	1.71851326788202	0.204785468313952	0.426433543187379	0.944444444444444	0.0555555555555556	0	0	0	0.0555555555555556
M4	TNC	18	8976:8993	531.241866231852	1.71851326788202	0.204785468313952	0.426433543187379	0.944444444444444	0.0555555555555556	0	0	0	0.0555555555555556
M4	VCAM1	18	8976:8993	531.241866231852	1.71851326788202	0.204785468313952	0.426433543187379	0.944444444444444	0.0555555555555556	0	0	0	0.0555555555555556
M4	C1QTNF7	18	8976:8993	531.241866231852	1.71851326788202	0.204785468313952	0.426433543187379	0.944444444444444	0.0555555555555556	0	0	0	0.0555555555555556
M4	PRSS12	18	8976:8993	531.241866231852	1.71851326788202	0.204785468313952	0.426433543187379	0.944444444444444	0.0555555555555556	0	0	0	0.0555555555555556
M4	FN1	18	8976:8993	531.241866231852	1.71851326788202	0.204785468313952	0.426433543187379	0.944444444444444	0.0555555555555556	0	0	0	0.0555555555555556
M4	GALNT10	18	8976:8993	531.241866231852	1.71851326788202	0.204785468313952	0.426433543187379	0.944444444444444	0.0555555555555556	0	0	0	0.0555555555555556
M4	NR2F1	18	8976:8993	531.241866231852	1.71851326788202	0.204785468313952	0.426433543187379	0.944444444444444	0.0555555555555556	0	0	0	0.0555555555555556
M4	SH3BP4	18	8976:8993	531.241866231852	1.71851326788202	0.204785468313952	0.426433543187379	0.944444444444444	0.0555555555555556	0	0	0	0.0555555555555556
M4	FBN2	18	8976:8993	531.241866231852	1.71851326788202	0.204785468313952	0.426433543187379	0.944444444444444	0.0555555555555556	0	0	0	0.0555555555555556
M4	SLIT3	18	8976:8993	531.241866231852	1.71851326788202	0.204785468313952	0.426433543187379	0.944444444444444	0.0555555555555556	0	0	0	0.0555555555555556
M18	NBPF20	11	8994:9004	123.305817851192	1.3112051006801	0.323248731270038	0.514930523449351	0.818181818181818	0	0	0.181818181818182	0	0
M18	NBPF14	11	8994:9004	123.305817851192	1.3112051006801	0.323248731270038	0.514930523449351	0.818181818181818	0	0	0.181818181818182	0	0
M18	NBPF8	11	8994:9004	123.305817851192	1.3112051006801	0.323248731270038	0.514930523449351	0.818181818181818	0	0	0.181818181818182	0	0
M18	NBPF11	11	8994:9004	123.305817851192	1.3112051006801	0.323248731270038	0.514930523449351	0.818181818181818	0	0	0.181818181818182	0	0
M18	NBPF26	11	8994:9004	123.305817851192	1.3112051006801	0.323248731270038	0.514930523449351	0.818181818181818	0	0	0.181818181818182	0	0
M18	NBPF15	11	8994:9004	123.305817851192	1.3112051006801	0.323248731270038	0.514930523449351	0.818181818181818	0	0	0.181818181818182	0	0
M18	NBPF25P	11	8994:9004	123.305817851192	1.3112051006801	0.323248731270038	0.514930523449351	0.818181818181818	0	0	0.181818181818182	0	0
M18	NBPF19	11	8994:9004	123.305817851192	1.3112051006801	0.323248731270038	0.514930523449351	0.818181818181818	0	0	0.181818181818182	0	0
M18	NBPF9	11	8994:9004	123.305817851192	1.3112051006801	0.323248731270038	0.514930523449351	0.818181818181818	0	0	0.181818181818182	0	0
M18	NBPF10	11	8994:9004	123.305817851192	1.3112051006801	0.323248731270038	0.514930523449351	0.818181818181818	0	0	0.181818181818182	0	0
M18	NBPF12	11	8994:9004	123.305817851192	1.3112051006801	0.323248731270038	0.514930523449351	0.818181818181818	0	0	0.181818181818182	0	0
M5	MCTP1	17	9005:9021	450.135381947867	1.70928840034339	0.173427717097718	0.387085281740846	1	0	0	0	0	0.0588235294117647
M5	AHR	17	9005:9021	450.135381947867	1.70928840034339	0.173427717097718	0.387085281740846	1	0	0	0	0	0.0588235294117647
M5	COL28A1	17	9005:9021	450.135381947867	1.70928840034339	0.173427717097718	0.387085281740846	1	0	0	0	0	0.0588235294117647
M5	FSTL1	17	9005:9021	450.135381947867	1.70928840034339	0.173427717097718	0.387085281740846	1	0	0	0	0	0.0588235294117647
M5	IGFBP7	17	9005:9021	450.135381947867	1.70928840034339	0.173427717097718	0.387085281740846	1	0	0	0	0	0.0588235294117647
M5	PMP22	17	9005:9021	450.135381947867	1.70928840034339	0.173427717097718	0.387085281740846	1	0	0	0	0	0.0588235294117647
M5	NCKAP5	17	9005:9021	450.135381947867	1.70928840034339	0.173427717097718	0.387085281740846	1	0	0	0	0	0.0588235294117647
M5	TACC1	17	9005:9021	450.135381947867	1.70928840034339	0.173427717097718	0.387085281740846	1	0	0	0	0	0.0588235294117647
M5	IFI6	17	9005:9021	450.135381947867	1.70928840034339	0.173427717097718	0.387085281740846	1	0	0	0	0	0.0588235294117647
M5	PDE1C	17	9005:9021	450.135381947867	1.70928840034339	0.173427717097718	0.387085281740846	1	0	0	0	0	0.0588235294117647
M5	DCN	17	9005:9021	450.135381947867	1.70928840034339	0.173427717097718	0.387085281740846	1	0	0	0	0	0.0588235294117647
M5	FBLN5	17	9005:9021	450.135381947867	1.70928840034339	0.173427717097718	0.387085281740846	1	0	0	0	0	0.0588235294117647
M5	LUM	17	9005:9021	450.135381947867	1.70928840034339	0.173427717097718	0.387085281740846	1	0	0	0	0	0.0588235294117647
M5	GPC4	17	9005:9021	450.135381947867	1.70928840034339	0.173427717097718	0.387085281740846	1	0	0	0	0	0.0588235294117647
M5	C1R	17	9005:9021	450.135381947867	1.70928840034339	0.173427717097718	0.387085281740846	1	0	0	0	0	0.0588235294117647
M5	C1S	17	9005:9021	450.135381947867	1.70928840034339	0.173427717097718	0.387085281740846	1	0	0	0	0	0.0588235294117647
M5	SPARC	17	9005:9021	450.135381947867	1.70928840034339	0.173427717097718	0.387085281740846	1	0	0	0	0	0.0588235294117647
M8	IL13RA1	15	9022:9036	891.605414803943	1.21599993407992	0.149577698632813	0.401566430312746	1	0	0	0	0	0
M8	TGFBI	15	9022:9036	891.605414803943	1.21599993407992	0.149577698632813	0.401566430312746	1	0	0	0	0	0
M8	RGS16	15	9022:9036	891.605414803943	1.21599993407992	0.149577698632813	0.401566430312746	1	0	0	0	0	0
M8	MYL6	15	9022:9036	891.605414803943	1.21599993407992	0.149577698632813	0.401566430312746	1	0	0	0	0	0
M8	SRP14	15	9022:9036	891.605414803943	1.21599993407992	0.149577698632813	0.401566430312746	1	0	0	0	0	0
M8	CD63	15	9022:9036	891.605414803943	1.21599993407992	0.149577698632813	0.401566430312746	1	0	0	0	0	0
M8	OLFML3	15	9022:9036	891.605414803943	1.21599993407992	0.149577698632813	0.401566430312746	1	0	0	0	0	0
M8	ILF2	15	9022:9036	891.605414803943	1.21599993407992	0.149577698632813	0.401566430312746	1	0	0	0	0	0
M8	GHITM	15	9022:9036	891.605414803943	1.21599993407992	0.149577698632813	0.401566430312746	1	0	0	0	0	0
M8	PSMA4	15	9022:9036	891.605414803943	1.21599993407992	0.149577698632813	0.401566430312746	1	0	0	0	0	0
M8	MAP4	15	9022:9036	891.605414803943	1.21599993407992	0.149577698632813	0.401566430312746	1	0	0	0	0	0
M8	THBS3	15	9022:9036	891.605414803943	1.21599993407992	0.149577698632813	0.401566430312746	1	0	0	0	0	0
M8	NEDD8	15	9022:9036	891.605414803943	1.21599993407992	0.149577698632813	0.401566430312746	1	0	0	0	0	0
M8	TMSB10	15	9022:9036	891.605414803943	1.21599993407992	0.149577698632813	0.401566430312746	1	0	0	0	0	0
M8	YIPF3	15	9022:9036	891.605414803943	1.21599993407992	0.149577698632813	0.401566430312746	1	0	0	0	0	0
M14	MCM3	13	9037:9049	116.390824346094	2.67601725800564	0.159076691376102	0.439954498797951	1	0	0	0	0	0
M14	MCM2	13	9037:9049	116.390824346094	2.67601725800564	0.159076691376102	0.439954498797951	1	0	0	0	0	0
M14	MSH6	13	9037:9049	116.390824346094	2.67601725800564	0.159076691376102	0.439954498797951	1	0	0	0	0	0
M14	CDCA7	13	9037:9049	116.390824346094	2.67601725800564	0.159076691376102	0.439954498797951	1	0	0	0	0	0
M14	TYMS	13	9037:9049	116.390824346094	2.67601725800564	0.159076691376102	0.439954498797951	1	0	0	0	0	0
M14	CDC7	13	9037:9049	116.390824346094	2.67601725800564	0.159076691376102	0.439954498797951	1	0	0	0	0	0
M14	GINS2	13	9037:9049	116.390824346094	2.67601725800564	0.159076691376102	0.439954498797951	1	0	0	0	0	0
M14	CKS1B	13	9037:9049	116.390824346094	2.67601725800564	0.159076691376102	0.439954498797951	1	0	0	0	0	0
M14	RFC2	13	9037:9049	116.390824346094	2.67601725800564	0.159076691376102	0.439954498797951	1	0	0	0	0	0
M14	MCM5	13	9037:9049	116.390824346094	2.67601725800564	0.159076691376102	0.439954498797951	1	0	0	0	0	0
M14	MCM4	13	9037:9049	116.390824346094	2.67601725800564	0.159076691376102	0.439954498797951	1	0	0	0	0	0
M14	TUBA1B	13	9037:9049	116.390824346094	2.67601725800564	0.159076691376102	0.439954498797951	1	0	0	0	0	0
M14	CHEK1	13	9037:9049	116.390824346094	2.67601725800564	0.159076691376102	0.439954498797951	1	0	0	0	0	0
M9	ABCC13	15	9050:9064	17.2862591212977	3.28520008976247	0.0796782429271562	0.562591594368453	0.466666666666667	0.2	0	0.333333333333333	0	0.0666666666666667
M9	ALOX12P2	15	9050:9064	17.2862591212977	3.28520008976247	0.0796782429271562	0.562591594368453	0.466666666666667	0.2	0	0.333333333333333	0	0.0666666666666667
M9	CSMD2	15	9050:9064	17.2862591212977	3.28520008976247	0.0796782429271562	0.562591594368453	0.466666666666667	0.2	0	0.333333333333333	0	0.0666666666666667
M9	CTD-2047H16.4	15	9050:9064	17.2862591212977	3.28520008976247	0.0796782429271562	0.562591594368453	0.466666666666667	0.2	0	0.333333333333333	0	0.0666666666666667
M9	LINC00824	15	9050:9064	17.2862591212977	3.28520008976247	0.0796782429271562	0.562591594368453	0.466666666666667	0.2	0	0.333333333333333	0	0.0666666666666667
M9	CTA-351J1.1	15	9050:9064	17.2862591212977	3.28520008976247	0.0796782429271562	0.562591594368453	0.466666666666667	0.2	0	0.333333333333333	0	0.0666666666666667
M9	TPT1P3	15	9050:9064	17.2862591212977	3.28520008976247	0.0796782429271562	0.562591594368453	0.466666666666667	0.2	0	0.333333333333333	0	0.0666666666666667
M9	MAPK13	15	9050:9064	17.2862591212977	3.28520008976247	0.0796782429271562	0.562591594368453	0.466666666666667	0.2	0	0.333333333333333	0	0.0666666666666667
M9	EMC3-AS1	15	9050:9064	17.2862591212977	3.28520008976247	0.0796782429271562	0.562591594368453	0.466666666666667	0.2	0	0.333333333333333	0	0.0666666666666667
M9	MED7	15	9050:9064	17.2862591212977	3.28520008976247	0.0796782429271562	0.562591594368453	0.466666666666667	0.2	0	0.333333333333333	0	0.0666666666666667
M9	ABCB9	15	9050:9064	17.2862591212977	3.28520008976247	0.0796782429271562	0.562591594368453	0.466666666666667	0.2	0	0.333333333333333	0	0.0666666666666667
M9	CTC-529P8.1	15	9050:9064	17.2862591212977	3.28520008976247	0.0796782429271562	0.562591594368453	0.466666666666667	0.2	0	0.333333333333333	0	0.0666666666666667
M9	TFAP2B	15	9050:9064	17.2862591212977	3.28520008976247	0.0796782429271562	0.562591594368453	0.466666666666667	0.2	0	0.333333333333333	0	0.0666666666666667
M9	FBXO18	15	9050:9064	17.2862591212977	3.28520008976247	0.0796782429271562	0.562591594368453	0.466666666666667	0.2	0	0.333333333333333	0	0.0666666666666667
M9	KANK1	15	9050:9064	17.2862591212977	3.28520008976247	0.0796782429271562	0.562591594368453	0.466666666666667	0.2	0	0.333333333333333	0	0.0666666666666667
M24	EFHC1	10	9065:9074	63.5079004753522	1.99354562990811	0.0704847998836716	0.493362533156665	1	0	0	0	0	0
M24	GPN1	10	9065:9074	63.5079004753522	1.99354562990811	0.0704847998836716	0.493362533156665	1	0	0	0	0	0
M24	STK36	10	9065:9074	63.5079004753522	1.99354562990811	0.0704847998836716	0.493362533156665	1	0	0	0	0	0
M24	WASF2	10	9065:9074	63.5079004753522	1.99354562990811	0.0704847998836716	0.493362533156665	1	0	0	0	0	0
M24	TACO1	10	9065:9074	63.5079004753522	1.99354562990811	0.0704847998836716	0.493362533156665	1	0	0	0	0	0
M24	MYO6	10	9065:9074	63.5079004753522	1.99354562990811	0.0704847998836716	0.493362533156665	1	0	0	0	0	0
M24	UBE2J1	10	9065:9074	63.5079004753522	1.99354562990811	0.0704847998836716	0.493362533156665	1	0	0	0	0	0
M24	AMOTL1	10	9065:9074	63.5079004753522	1.99354562990811	0.0704847998836716	0.493362533156665	1	0	0	0	0	0
M24	KARS	10	9065:9074	63.5079004753522	1.99354562990811	0.0704847998836716	0.493362533156665	1	0	0	0	0	0
M24	HIPK1	10	9065:9074	63.5079004753522	1.99354562990811	0.0704847998836716	0.493362533156665	1	0	0	0	0	0
M25	CENPF	10	9075:9084	47.2895982599624	3.06337631242674	0.165087736935894	0.438925095960903	0.8	0	0	0	0.2	0
M25	HIST1H4C	10	9075:9084	47.2895982599624	3.06337631242674	0.165087736935894	0.438925095960903	0.8	0	0	0	0.2	0
M25	BIRC5	10	9075:9084	47.2895982599624	3.06337631242674	0.165087736935894	0.438925095960903	0.8	0	0	0	0.2	0
M25	HLA-DPB1	10	9075:9084	47.2895982599624	3.06337631242674	0.165087736935894	0.438925095960903	0.8	0	0	0	0.2	0
M25	IGHM	10	9075:9084	47.2895982599624	3.06337631242674	0.165087736935894	0.438925095960903	0.8	0	0	0	0.2	0
M25	TPX2	10	9075:9084	47.2895982599624	3.06337631242674	0.165087736935894	0.438925095960903	0.8	0	0	0	0.2	0
M25	MKI67	10	9075:9084	47.2895982599624	3.06337631242674	0.165087736935894	0.438925095960903	0.8	0	0	0	0.2	0
M25	EIF4G1	10	9075:9084	47.2895982599624	3.06337631242674	0.165087736935894	0.438925095960903	0.8	0	0	0	0.2	0
M25	IGLC2	10	9075:9084	47.2895982599624	3.06337631242674	0.165087736935894	0.438925095960903	0.8	0	0	0	0.2	0
M25	NCF2	10	9075:9084	47.2895982599624	3.06337631242674	0.165087736935894	0.438925095960903	0.8	0	0	0	0.2	0
M16	CYB5RL	12	9085:9096	29.2881231470268	3.08449470905637	0.0745818994462689	0.571187381910321	0.666666666666667	0.333333333333333	0	0	0	0
M16	AC009404.2	12	9085:9096	29.2881231470268	3.08449470905637	0.0745818994462689	0.571187381910321	0.666666666666667	0.333333333333333	0	0	0	0
M16	POMT2	12	9085:9096	29.2881231470268	3.08449470905637	0.0745818994462689	0.571187381910321	0.666666666666667	0.333333333333333	0	0	0	0
M16	GGA2	12	9085:9096	29.2881231470268	3.08449470905637	0.0745818994462689	0.571187381910321	0.666666666666667	0.333333333333333	0	0	0	0
M16	FADS3	12	9085:9096	29.2881231470268	3.08449470905637	0.0745818994462689	0.571187381910321	0.666666666666667	0.333333333333333	0	0	0	0
M16	RAD51D	12	9085:9096	29.2881231470268	3.08449470905637	0.0745818994462689	0.571187381910321	0.666666666666667	0.333333333333333	0	0	0	0
M16	SLC16A1-AS1	12	9085:9096	29.2881231470268	3.08449470905637	0.0745818994462689	0.571187381910321	0.666666666666667	0.333333333333333	0	0	0	0
M16	COX11	12	9085:9096	29.2881231470268	3.08449470905637	0.0745818994462689	0.571187381910321	0.666666666666667	0.333333333333333	0	0	0	0
M16	LINC01550	12	9085:9096	29.2881231470268	3.08449470905637	0.0745818994462689	0.571187381910321	0.666666666666667	0.333333333333333	0	0	0	0
M16	RBM14	12	9085:9096	29.2881231470268	3.08449470905637	0.0745818994462689	0.571187381910321	0.666666666666667	0.333333333333333	0	0	0	0
M16	PABPC1L	12	9085:9096	29.2881231470268	3.08449470905637	0.0745818994462689	0.571187381910321	0.666666666666667	0.333333333333333	0	0	0	0
M16	AC002044.1	12	9085:9096	29.2881231470268	3.08449470905637	0.0745818994462689	0.571187381910321	0.666666666666667	0.333333333333333	0	0	0	0
M19	RPL17P41	11	9097:9107	22.592985907324	3.73655139039407	0.0950302522960878	0.535426540633938	0.545454545454545	0.272727272727273	0	0.181818181818182	0	0
M19	RFPL1S	11	9097:9107	22.592985907324	3.73655139039407	0.0950302522960878	0.535426540633938	0.545454545454545	0.272727272727273	0	0.181818181818182	0	0
M19	RPS12P31	11	9097:9107	22.592985907324	3.73655139039407	0.0950302522960878	0.535426540633938	0.545454545454545	0.272727272727273	0	0.181818181818182	0	0
M19	ANGPT2	11	9097:9107	22.592985907324	3.73655139039407	0.0950302522960878	0.535426540633938	0.545454545454545	0.272727272727273	0	0.181818181818182	0	0
M19	ACOT8	11	9097:9107	22.592985907324	3.73655139039407	0.0950302522960878	0.535426540633938	0.545454545454545	0.272727272727273	0	0.181818181818182	0	0
M19	LRRC74B	11	9097:9107	22.592985907324	3.73655139039407	0.0950302522960878	0.535426540633938	0.545454545454545	0.272727272727273	0	0.181818181818182	0	0
M19	SGIP1	11	9097:9107	22.592985907324	3.73655139039407	0.0950302522960878	0.535426540633938	0.545454545454545	0.272727272727273	0	0.181818181818182	0	0
M19	GRIN2B	11	9097:9107	22.592985907324	3.73655139039407	0.0950302522960878	0.535426540633938	0.545454545454545	0.272727272727273	0	0.181818181818182	0	0
M19	KCTD16	11	9097:9107	22.592985907324	3.73655139039407	0.0950302522960878	0.535426540633938	0.545454545454545	0.272727272727273	0	0.181818181818182	0	0
M19	CTB-47B11.3	11	9097:9107	22.592985907324	3.73655139039407	0.0950302522960878	0.535426540633938	0.545454545454545	0.272727272727273	0	0.181818181818182	0	0
M19	CTA-212A2.3	11	9097:9107	22.592985907324	3.73655139039407	0.0950302522960878	0.535426540633938	0.545454545454545	0.272727272727273	0	0.181818181818182	0	0
M26	MFSD14C	10	9108:9117	100.015715363287	2.07897432700484	0.0695967220295589	0.657852423627532	1	0	0	0	0	0
M26	NUDT9	10	9108:9117	100.015715363287	2.07897432700484	0.0695967220295589	0.657852423627532	1	0	0	0	0	0
M26	BASP1	10	9108:9117	100.015715363287	2.07897432700484	0.0695967220295589	0.657852423627532	1	0	0	0	0	0
M26	AHCYL1	10	9108:9117	100.015715363287	2.07897432700484	0.0695967220295589	0.657852423627532	1	0	0	0	0	0
M26	MDK	10	9108:9117	100.015715363287	2.07897432700484	0.0695967220295589	0.657852423627532	1	0	0	0	0	0
M26	PYM1	10	9108:9117	100.015715363287	2.07897432700484	0.0695967220295589	0.657852423627532	1	0	0	0	0	0
M26	C6orf106	10	9108:9117	100.015715363287	2.07897432700484	0.0695967220295589	0.657852423627532	1	0	0	0	0	0
M26	EP300	10	9108:9117	100.015715363287	2.07897432700484	0.0695967220295589	0.657852423627532	1	0	0	0	0	0
M26	CYB5B	10	9108:9117	100.015715363287	2.07897432700484	0.0695967220295589	0.657852423627532	1	0	0	0	0	0
M26	SLC36A1	10	9108:9117	100.015715363287	2.07897432700484	0.0695967220295589	0.657852423627532	1	0	0	0	0	0
M10	LAMB1	14	9118:9131	455.391330930634	2.01219910536075	0.128018680916181	0.45424843320664	1	0	0	0	0	0.0714285714285714
M10	SOX9	14	9118:9131	455.391330930634	2.01219910536075	0.128018680916181	0.45424843320664	1	0	0	0	0	0.0714285714285714
M10	PAMR1	14	9118:9131	455.391330930634	2.01219910536075	0.128018680916181	0.45424843320664	1	0	0	0	0	0.0714285714285714
M10	TM4SF1	14	9118:9131	455.391330930634	2.01219910536075	0.128018680916181	0.45424843320664	1	0	0	0	0	0.0714285714285714
M10	KHDRBS3	14	9118:9131	455.391330930634	2.01219910536075	0.128018680916181	0.45424843320664	1	0	0	0	0	0.0714285714285714
M10	CCL2	14	9118:9131	455.391330930634	2.01219910536075	0.128018680916181	0.45424843320664	1	0	0	0	0	0.0714285714285714
M10	FILIP1L	14	9118:9131	455.391330930634	2.01219910536075	0.128018680916181	0.45424843320664	1	0	0	0	0	0.0714285714285714
M10	CSMD3	14	9118:9131	455.391330930634	2.01219910536075	0.128018680916181	0.45424843320664	1	0	0	0	0	0.0714285714285714
M10	PTGS1	14	9118:9131	455.391330930634	2.01219910536075	0.128018680916181	0.45424843320664	1	0	0	0	0	0.0714285714285714
M10	PLAU	14	9118:9131	455.391330930634	2.01219910536075	0.128018680916181	0.45424843320664	1	0	0	0	0	0.0714285714285714
M10	RBP1	14	9118:9131	455.391330930634	2.01219910536075	0.128018680916181	0.45424843320664	1	0	0	0	0	0.0714285714285714
M10	EFEMP1	14	9118:9131	455.391330930634	2.01219910536075	0.128018680916181	0.45424843320664	1	0	0	0	0	0.0714285714285714
M10	LAMA4	14	9118:9131	455.391330930634	2.01219910536075	0.128018680916181	0.45424843320664	1	0	0	0	0	0.0714285714285714
M10	LAMC1	14	9118:9131	455.391330930634	2.01219910536075	0.128018680916181	0.45424843320664	1	0	0	0	0	0.0714285714285714
M2	EGR1	30	9132:9161	572.560840074436	1.76603437980546	0.253553456046297	0.487905004104653	1	0	0	0	0	0.266666666666667
M2	KLF4	30	9132:9161	572.560840074436	1.76603437980546	0.253553456046297	0.487905004104653	1	0	0	0	0	0.266666666666667
M2	JUN	30	9132:9161	572.560840074436	1.76603437980546	0.253553456046297	0.487905004104653	1	0	0	0	0	0.266666666666667
M2	DNAJA1	30	9132:9161	572.560840074436	1.76603437980546	0.253553456046297	0.487905004104653	1	0	0	0	0	0.266666666666667
M2	TRIB1	30	9132:9161	572.560840074436	1.76603437980546	0.253553456046297	0.487905004104653	1	0	0	0	0	0.266666666666667
M2	MAFF	30	9132:9161	572.560840074436	1.76603437980546	0.253553456046297	0.487905004104653	1	0	0	0	0	0.266666666666667
M2	FOS	30	9132:9161	572.560840074436	1.76603437980546	0.253553456046297	0.487905004104653	1	0	0	0	0	0.266666666666667
M2	EIF4A3	30	9132:9161	572.560840074436	1.76603437980546	0.253553456046297	0.487905004104653	1	0	0	0	0	0.266666666666667
M2	IFRD1	30	9132:9161	572.560840074436	1.76603437980546	0.253553456046297	0.487905004104653	1	0	0	0	0	0.266666666666667
M2	FOSB	30	9132:9161	572.560840074436	1.76603437980546	0.253553456046297	0.487905004104653	1	0	0	0	0	0.266666666666667
M2	CYR61	30	9132:9161	572.560840074436	1.76603437980546	0.253553456046297	0.487905004104653	1	0	0	0	0	0.266666666666667
M2	MORF4L2	30	9132:9161	572.560840074436	1.76603437980546	0.253553456046297	0.487905004104653	1	0	0	0	0	0.266666666666667
M2	CALM1	30	9132:9161	572.560840074436	1.76603437980546	0.253553456046297	0.487905004104653	1	0	0	0	0	0.266666666666667
M2	DUSP1	30	9132:9161	572.560840074436	1.76603437980546	0.253553456046297	0.487905004104653	1	0	0	0	0	0.266666666666667
M2	SLC2A3	30	9132:9161	572.560840074436	1.76603437980546	0.253553456046297	0.487905004104653	1	0	0	0	0	0.266666666666667
M2	ING1	30	9132:9161	572.560840074436	1.76603437980546	0.253553456046297	0.487905004104653	1	0	0	0	0	0.266666666666667
M2	DDX5	30	9132:9161	572.560840074436	1.76603437980546	0.253553456046297	0.487905004104653	1	0	0	0	0	0.266666666666667
M2	RHOB	30	9132:9161	572.560840074436	1.76603437980546	0.253553456046297	0.487905004104653	1	0	0	0	0	0.266666666666667
M2	BAG3	30	9132:9161	572.560840074436	1.76603437980546	0.253553456046297	0.487905004104653	1	0	0	0	0	0.266666666666667
M2	SRSF7	30	9132:9161	572.560840074436	1.76603437980546	0.253553456046297	0.487905004104653	1	0	0	0	0	0.266666666666667
M2	EGR3	30	9132:9161	572.560840074436	1.76603437980546	0.253553456046297	0.487905004104653	1	0	0	0	0	0.266666666666667
M2	DDX3X	30	9132:9161	572.560840074436	1.76603437980546	0.253553456046297	0.487905004104653	1	0	0	0	0	0.266666666666667
M2	ZFP36	30	9132:9161	572.560840074436	1.76603437980546	0.253553456046297	0.487905004104653	1	0	0	0	0	0.266666666666667
M2	KLF10	30	9132:9161	572.560840074436	1.76603437980546	0.253553456046297	0.487905004104653	1	0	0	0	0	0.266666666666667
M2	SOCS3	30	9132:9161	572.560840074436	1.76603437980546	0.253553456046297	0.487905004104653	1	0	0	0	0	0.266666666666667
M2	CDKN1A	30	9132:9161	572.560840074436	1.76603437980546	0.253553456046297	0.487905004104653	1	0	0	0	0	0.266666666666667
M2	SERTAD1	30	9132:9161	572.560840074436	1.76603437980546	0.253553456046297	0.487905004104653	1	0	0	0	0	0.266666666666667
M2	SRSF3	30	9132:9161	572.560840074436	1.76603437980546	0.253553456046297	0.487905004104653	1	0	0	0	0	0.266666666666667
M2	IER2	30	9132:9161	572.560840074436	1.76603437980546	0.253553456046297	0.487905004104653	1	0	0	0	0	0.266666666666667
M2	MCL1	30	9132:9161	572.560840074436	1.76603437980546	0.253553456046297	0.487905004104653	1	0	0	0	0	0.266666666666667
M1	SNAI1	35	9162:9196	447.861726557946	1.78424232754539	0.181844671318206	0.332502329206974	0.971428571428571	0.0285714285714286	0	0	0	0.142857142857143
M1	H2AFZ	35	9162:9196	447.861726557946	1.78424232754539	0.181844671318206	0.332502329206974	0.971428571428571	0.0285714285714286	0	0	0	0.142857142857143
M1	JUND	35	9162:9196	447.861726557946	1.78424232754539	0.181844671318206	0.332502329206974	0.971428571428571	0.0285714285714286	0	0	0	0.142857142857143
M1	TUBA1A	35	9162:9196	447.861726557946	1.78424232754539	0.181844671318206	0.332502329206974	0.971428571428571	0.0285714285714286	0	0	0	0.142857142857143
M1	CTD-3252C9.4	35	9162:9196	447.861726557946	1.78424232754539	0.181844671318206	0.332502329206974	0.971428571428571	0.0285714285714286	0	0	0	0.142857142857143
M1	JUNB	35	9162:9196	447.861726557946	1.78424232754539	0.181844671318206	0.332502329206974	0.971428571428571	0.0285714285714286	0	0	0	0.142857142857143
M1	ID3	35	9162:9196	447.861726557946	1.78424232754539	0.181844671318206	0.332502329206974	0.971428571428571	0.0285714285714286	0	0	0	0.142857142857143
M1	ADM	35	9162:9196	447.861726557946	1.78424232754539	0.181844671318206	0.332502329206974	0.971428571428571	0.0285714285714286	0	0	0	0.142857142857143
M1	HEXIM1	35	9162:9196	447.861726557946	1.78424232754539	0.181844671318206	0.332502329206974	0.971428571428571	0.0285714285714286	0	0	0	0.142857142857143
M1	NFKBIZ	35	9162:9196	447.861726557946	1.78424232754539	0.181844671318206	0.332502329206974	0.971428571428571	0.0285714285714286	0	0	0	0.142857142857143
M1	HSPA1A	35	9162:9196	447.861726557946	1.78424232754539	0.181844671318206	0.332502329206974	0.971428571428571	0.0285714285714286	0	0	0	0.142857142857143
M1	IER3	35	9162:9196	447.861726557946	1.78424232754539	0.181844671318206	0.332502329206974	0.971428571428571	0.0285714285714286	0	0	0	0.142857142857143
M1	NABP1	35	9162:9196	447.861726557946	1.78424232754539	0.181844671318206	0.332502329206974	0.971428571428571	0.0285714285714286	0	0	0	0.142857142857143
M1	TOB1	35	9162:9196	447.861726557946	1.78424232754539	0.181844671318206	0.332502329206974	0.971428571428571	0.0285714285714286	0	0	0	0.142857142857143
M1	EIF1	35	9162:9196	447.861726557946	1.78424232754539	0.181844671318206	0.332502329206974	0.971428571428571	0.0285714285714286	0	0	0	0.142857142857143
M1	CCNL1	35	9162:9196	447.861726557946	1.78424232754539	0.181844671318206	0.332502329206974	0.971428571428571	0.0285714285714286	0	0	0	0.142857142857143
M1	BRD2	35	9162:9196	447.861726557946	1.78424232754539	0.181844671318206	0.332502329206974	0.971428571428571	0.0285714285714286	0	0	0	0.142857142857143
M1	DUSP5	35	9162:9196	447.861726557946	1.78424232754539	0.181844671318206	0.332502329206974	0.971428571428571	0.0285714285714286	0	0	0	0.142857142857143
M1	H3F3B	35	9162:9196	447.861726557946	1.78424232754539	0.181844671318206	0.332502329206974	0.971428571428571	0.0285714285714286	0	0	0	0.142857142857143
M1	PLK2	35	9162:9196	447.861726557946	1.78424232754539	0.181844671318206	0.332502329206974	0.971428571428571	0.0285714285714286	0	0	0	0.142857142857143
M1	ADAMTS1	35	9162:9196	447.861726557946	1.78424232754539	0.181844671318206	0.332502329206974	0.971428571428571	0.0285714285714286	0	0	0	0.142857142857143
M1	HSPE1	35	9162:9196	447.861726557946	1.78424232754539	0.181844671318206	0.332502329206974	0.971428571428571	0.0285714285714286	0	0	0	0.142857142857143
M1	UBC	35	9162:9196	447.861726557946	1.78424232754539	0.181844671318206	0.332502329206974	0.971428571428571	0.0285714285714286	0	0	0	0.142857142857143
M1	HSPA1B	35	9162:9196	447.861726557946	1.78424232754539	0.181844671318206	0.332502329206974	0.971428571428571	0.0285714285714286	0	0	0	0.142857142857143
M1	RGS2	35	9162:9196	447.861726557946	1.78424232754539	0.181844671318206	0.332502329206974	0.971428571428571	0.0285714285714286	0	0	0	0.142857142857143
M1	SAT1	35	9162:9196	447.861726557946	1.78424232754539	0.181844671318206	0.332502329206974	0.971428571428571	0.0285714285714286	0	0	0	0.142857142857143
M1	CLK1	35	9162:9196	447.861726557946	1.78424232754539	0.181844671318206	0.332502329206974	0.971428571428571	0.0285714285714286	0	0	0	0.142857142857143
M1	GADD45B	35	9162:9196	447.861726557946	1.78424232754539	0.181844671318206	0.332502329206974	0.971428571428571	0.0285714285714286	0	0	0	0.142857142857143
M1	SLC38A2	35	9162:9196	447.861726557946	1.78424232754539	0.181844671318206	0.332502329206974	0.971428571428571	0.0285714285714286	0	0	0	0.142857142857143
M1	ATF4	35	9162:9196	447.861726557946	1.78424232754539	0.181844671318206	0.332502329206974	0.971428571428571	0.0285714285714286	0	0	0	0.142857142857143
M1	UBB	35	9162:9196	447.861726557946	1.78424232754539	0.181844671318206	0.332502329206974	0.971428571428571	0.0285714285714286	0	0	0	0.142857142857143
M1	GADD45A	35	9162:9196	447.861726557946	1.78424232754539	0.181844671318206	0.332502329206974	0.971428571428571	0.0285714285714286	0	0	0	0.142857142857143
M1	IER5	35	9162:9196	447.861726557946	1.78424232754539	0.181844671318206	0.332502329206974	0.971428571428571	0.0285714285714286	0	0	0	0.142857142857143
M1	BTG2	35	9162:9196	447.861726557946	1.78424232754539	0.181844671318206	0.332502329206974	0.971428571428571	0.0285714285714286	0	0	0	0.142857142857143
M1	TUBB4B	35	9162:9196	447.861726557946	1.78424232754539	0.181844671318206	0.332502329206974	0.971428571428571	0.0285714285714286	0	0	0	0.142857142857143
M7	RPL30	16	9197:9212	791.885458911173	0.625649896309862	0.221301595802157	0.309413599644583	1	0	0	0	0	0
M7	NACA	16	9197:9212	791.885458911173	0.625649896309862	0.221301595802157	0.309413599644583	1	0	0	0	0	0
M7	RPL31	16	9197:9212	791.885458911173	0.625649896309862	0.221301595802157	0.309413599644583	1	0	0	0	0	0
M7	RPL32	16	9197:9212	791.885458911173	0.625649896309862	0.221301595802157	0.309413599644583	1	0	0	0	0	0
M7	RPL27A	16	9197:9212	791.885458911173	0.625649896309862	0.221301595802157	0.309413599644583	1	0	0	0	0	0
M7	RPS24	16	9197:9212	791.885458911173	0.625649896309862	0.221301595802157	0.309413599644583	1	0	0	0	0	0
M7	RPL36	16	9197:9212	791.885458911173	0.625649896309862	0.221301595802157	0.309413599644583	1	0	0	0	0	0
M7	RPL22	16	9197:9212	791.885458911173	0.625649896309862	0.221301595802157	0.309413599644583	1	0	0	0	0	0
M7	RPL37A	16	9197:9212	791.885458911173	0.625649896309862	0.221301595802157	0.309413599644583	1	0	0	0	0	0
M7	RPL8	16	9197:9212	791.885458911173	0.625649896309862	0.221301595802157	0.309413599644583	1	0	0	0	0	0
M7	RPLP2	16	9197:9212	791.885458911173	0.625649896309862	0.221301595802157	0.309413599644583	1	0	0	0	0	0
M7	RPS20	16	9197:9212	791.885458911173	0.625649896309862	0.221301595802157	0.309413599644583	1	0	0	0	0	0
M7	RPL23	16	9197:9212	791.885458911173	0.625649896309862	0.221301595802157	0.309413599644583	1	0	0	0	0	0
M7	RPS27A	16	9197:9212	791.885458911173	0.625649896309862	0.221301595802157	0.309413599644583	1	0	0	0	0	0
M7	RPL19	16	9197:9212	791.885458911173	0.625649896309862	0.221301595802157	0.309413599644583	1	0	0	0	0	0
M7	RPS16	16	9197:9212	791.885458911173	0.625649896309862	0.221301595802157	0.309413599644583	1	0	0	0	0	0
M17	RPL13AP7	12	9213:9224	274.28049324426	1.24117174666109	0.153841836755115	0.810654134434918	0.25	0	0	0.75	0	0
M17	RPL13A	12	9213:9224	274.28049324426	1.24117174666109	0.153841836755115	0.810654134434918	0.25	0	0	0.75	0	0
M17	RPL13AP25	12	9213:9224	274.28049324426	1.24117174666109	0.153841836755115	0.810654134434918	0.25	0	0	0.75	0	0
M17	RPL23AP2	12	9213:9224	274.28049324426	1.24117174666109	0.153841836755115	0.810654134434918	0.25	0	0	0.75	0	0
M17	RPL13AP5	12	9213:9224	274.28049324426	1.24117174666109	0.153841836755115	0.810654134434918	0.25	0	0	0.75	0	0
M17	SC22CB-1E7.1	12	9213:9224	274.28049324426	1.24117174666109	0.153841836755115	0.810654134434918	0.25	0	0	0.75	0	0
M17	RP11-478C6.4	12	9213:9224	274.28049324426	1.24117174666109	0.153841836755115	0.810654134434918	0.25	0	0	0.75	0	0
M17	RPS7P11	12	9213:9224	274.28049324426	1.24117174666109	0.153841836755115	0.810654134434918	0.25	0	0	0.75	0	0
M17	RPS7	12	9213:9224	274.28049324426	1.24117174666109	0.153841836755115	0.810654134434918	0.25	0	0	0.75	0	0
M17	RPS7P1	12	9213:9224	274.28049324426	1.24117174666109	0.153841836755115	0.810654134434918	0.25	0	0	0.75	0	0
M17	RPL23A	12	9213:9224	274.28049324426	1.24117174666109	0.153841836755115	0.810654134434918	0.25	0	0	0.75	0	0
M17	RPL23AP42	12	9213:9224	274.28049324426	1.24117174666109	0.153841836755115	0.810654134434918	0.25	0	0	0.75	0	0
M27	FTH1P8	10	9225:9234	278.769755180058	1.55570370159656	0.243463014141081	0.377066558371979	0.1	0	0	0.9	0	0
M27	FTH1P7	10	9225:9234	278.769755180058	1.55570370159656	0.243463014141081	0.377066558371979	0.1	0	0	0.9	0	0
M27	FTH1P12	10	9225:9234	278.769755180058	1.55570370159656	0.243463014141081	0.377066558371979	0.1	0	0	0.9	0	0
M27	FTH1P2	10	9225:9234	278.769755180058	1.55570370159656	0.243463014141081	0.377066558371979	0.1	0	0	0.9	0	0
M27	FTH1P20	10	9225:9234	278.769755180058	1.55570370159656	0.243463014141081	0.377066558371979	0.1	0	0	0.9	0	0
M27	FTH1P10	10	9225:9234	278.769755180058	1.55570370159656	0.243463014141081	0.377066558371979	0.1	0	0	0.9	0	0
M27	FTH1P16	10	9225:9234	278.769755180058	1.55570370159656	0.243463014141081	0.377066558371979	0.1	0	0	0.9	0	0
M27	FTH1	10	9225:9234	278.769755180058	1.55570370159656	0.243463014141081	0.377066558371979	0.1	0	0	0.9	0	0
M27	FTH1P5	10	9225:9234	278.769755180058	1.55570370159656	0.243463014141081	0.377066558371979	0.1	0	0	0.9	0	0
M27	FTH1P11	10	9225:9234	278.769755180058	1.55570370159656	0.243463014141081	0.377066558371979	0.1	0	0	0.9	0	0
M28	RPL5	10	9235:9244	1912.22140599185	0.465689897929	0.312782992073139	0.357502047433723	0.7	0	0	0.3	0	0
M28	RPL9	10	9235:9244	1912.22140599185	0.465689897929	0.312782992073139	0.357502047433723	0.7	0	0	0.3	0	0
M28	TPT1	10	9235:9244	1912.22140599185	0.465689897929	0.312782992073139	0.357502047433723	0.7	0	0	0.3	0	0
M28	RPL9P9	10	9235:9244	1912.22140599185	0.465689897929	0.312782992073139	0.357502047433723	0.7	0	0	0.3	0	0
M28	RPS6	10	9235:9244	1912.22140599185	0.465689897929	0.312782992073139	0.357502047433723	0.7	0	0	0.3	0	0
M28	RPL3P4	10	9235:9244	1912.22140599185	0.465689897929	0.312782992073139	0.357502047433723	0.7	0	0	0.3	0	0
M28	HNRNPA1	10	9235:9244	1912.22140599185	0.465689897929	0.312782992073139	0.357502047433723	0.7	0	0	0.3	0	0
M28	RPL26	10	9235:9244	1912.22140599185	0.465689897929	0.312782992073139	0.357502047433723	0.7	0	0	0.3	0	0
M28	HNRNPA1P48	10	9235:9244	1912.22140599185	0.465689897929	0.312782992073139	0.357502047433723	0.7	0	0	0.3	0	0
M28	RPL3	10	9235:9244	1912.22140599185	0.465689897929	0.312782992073139	0.357502047433723	0.7	0	0	0.3	0	0
M29	RPS3A	10	9245:9254	418.274488330065	1.16493790787856	0.140881895510367	0.861572916501465	0.4	0	0	0.6	0	0
M29	RPS3AP47	10	9245:9254	418.274488330065	1.16493790787856	0.140881895510367	0.861572916501465	0.4	0	0	0.6	0	0
M29	RPS3AP6	10	9245:9254	418.274488330065	1.16493790787856	0.140881895510367	0.861572916501465	0.4	0	0	0.6	0	0
M29	NPM1	10	9245:9254	418.274488330065	1.16493790787856	0.140881895510367	0.861572916501465	0.4	0	0	0.6	0	0
M29	NPM1P27	10	9245:9254	418.274488330065	1.16493790787856	0.140881895510367	0.861572916501465	0.4	0	0	0.6	0	0
M29	RPS3AP49	10	9245:9254	418.274488330065	1.16493790787856	0.140881895510367	0.861572916501465	0.4	0	0	0.6	0	0
M29	RPS3AP26	10	9245:9254	418.274488330065	1.16493790787856	0.140881895510367	0.861572916501465	0.4	0	0	0.6	0	0
M29	CTD-2287O16.1	10	9245:9254	418.274488330065	1.16493790787856	0.140881895510367	0.861572916501465	0.4	0	0	0.6	0	0
M29	RPS25	10	9245:9254	418.274488330065	1.16493790787856	0.140881895510367	0.861572916501465	0.4	0	0	0.6	0	0
M29	DPYSL2	10	9245:9254	418.274488330065	1.16493790787856	0.140881895510367	0.861572916501465	0.4	0	0	0.6	0	0
M15	PMEPA1	13	9255:9267	380.546864777415	1.46807744185368	0.184036943978035	0.342134164902813	1	0	0	0	0	0
M15	CPED1	13	9255:9267	380.546864777415	1.46807744185368	0.184036943978035	0.342134164902813	1	0	0	0	0	0
M15	COL4A6	13	9255:9267	380.546864777415	1.46807744185368	0.184036943978035	0.342134164902813	1	0	0	0	0	0
M15	NRG1	13	9255:9267	380.546864777415	1.46807744185368	0.184036943978035	0.342134164902813	1	0	0	0	0	0
M15	BMP5	13	9255:9267	380.546864777415	1.46807744185368	0.184036943978035	0.342134164902813	1	0	0	0	0	0
M15	VCAN	13	9255:9267	380.546864777415	1.46807744185368	0.184036943978035	0.342134164902813	1	0	0	0	0	0
M15	EPS8	13	9255:9267	380.546864777415	1.46807744185368	0.184036943978035	0.342134164902813	1	0	0	0	0	0
M15	ISLR	13	9255:9267	380.546864777415	1.46807744185368	0.184036943978035	0.342134164902813	1	0	0	0	0	0
M15	ENPP2	13	9255:9267	380.546864777415	1.46807744185368	0.184036943978035	0.342134164902813	1	0	0	0	0	0
M15	NDST4	13	9255:9267	380.546864777415	1.46807744185368	0.184036943978035	0.342134164902813	1	0	0	0	0	0
M15	PDGFRA	13	9255:9267	380.546864777415	1.46807744185368	0.184036943978035	0.342134164902813	1	0	0	0	0	0
M15	COL4A5	13	9255:9267	380.546864777415	1.46807744185368	0.184036943978035	0.342134164902813	1	0	0	0	0	0
M15	MATN2	13	9255:9267	380.546864777415	1.46807744185368	0.184036943978035	0.342134164902813	1	0	0	0	0	0
M20	NNAT	11	9268:9278	169.462846653909	1.53164841225217	0.117012071858551	0.399661329224888	1	0	0	0	0	0.0909090909090909
M20	EDNRB	11	9268:9278	169.462846653909	1.53164841225217	0.117012071858551	0.399661329224888	1	0	0	0	0	0.0909090909090909
M20	MLXIP	11	9268:9278	169.462846653909	1.53164841225217	0.117012071858551	0.399661329224888	1	0	0	0	0	0.0909090909090909
M20	PRICKLE2	11	9268:9278	169.462846653909	1.53164841225217	0.117012071858551	0.399661329224888	1	0	0	0	0	0.0909090909090909
M20	MGLL	11	9268:9278	169.462846653909	1.53164841225217	0.117012071858551	0.399661329224888	1	0	0	0	0	0.0909090909090909
M20	PLAT	11	9268:9278	169.462846653909	1.53164841225217	0.117012071858551	0.399661329224888	1	0	0	0	0	0.0909090909090909
M20	SPRY2	11	9268:9278	169.462846653909	1.53164841225217	0.117012071858551	0.399661329224888	1	0	0	0	0	0.0909090909090909
M20	KREMEN1	11	9268:9278	169.462846653909	1.53164841225217	0.117012071858551	0.399661329224888	1	0	0	0	0	0.0909090909090909
M20	LTBP2	11	9268:9278	169.462846653909	1.53164841225217	0.117012071858551	0.399661329224888	1	0	0	0	0	0.0909090909090909
M20	MTPN	11	9268:9278	169.462846653909	1.53164841225217	0.117012071858551	0.399661329224888	1	0	0	0	0	0.0909090909090909
M20	TNFRSF19	11	9268:9278	169.462846653909	1.53164841225217	0.117012071858551	0.399661329224888	1	0	0	0	0	0.0909090909090909
M30	RP5-1014D13.2	10	9279:9288	24.0249143659006	3.10879803253147	0.0831567628401698	0.664986241616063	0.6	0.4	0	0	0	0
M30	METTL12	10	9279:9288	24.0249143659006	3.10879803253147	0.0831567628401698	0.664986241616063	0.6	0.4	0	0	0	0
M30	VWA3B	10	9279:9288	24.0249143659006	3.10879803253147	0.0831567628401698	0.664986241616063	0.6	0.4	0	0	0	0
M30	WDR31	10	9279:9288	24.0249143659006	3.10879803253147	0.0831567628401698	0.664986241616063	0.6	0.4	0	0	0	0
M30	USE1	10	9279:9288	24.0249143659006	3.10879803253147	0.0831567628401698	0.664986241616063	0.6	0.4	0	0	0	0
M30	RP4-635A23.6	10	9279:9288	24.0249143659006	3.10879803253147	0.0831567628401698	0.664986241616063	0.6	0.4	0	0	0	0
M30	RP11-360N9.2	10	9279:9288	24.0249143659006	3.10879803253147	0.0831567628401698	0.664986241616063	0.6	0.4	0	0	0	0
M30	DPF3	10	9279:9288	24.0249143659006	3.10879803253147	0.0831567628401698	0.664986241616063	0.6	0.4	0	0	0	0
M30	ZNRF3-AS1	10	9279:9288	24.0249143659006	3.10879803253147	0.0831567628401698	0.664986241616063	0.6	0.4	0	0	0	0
M30	ARSG	10	9279:9288	24.0249143659006	3.10879803253147	0.0831567628401698	0.664986241616063	0.6	0.4	0	0	0	0
M31	PA2G4P1	10	9289:9298	24.6965509533063	3.52589697722233	0.0905738513041773	0.543843636949122	0.8	0.1	0	0.1	0	0
M31	SLAMF1	10	9289:9298	24.6965509533063	3.52589697722233	0.0905738513041773	0.543843636949122	0.8	0.1	0	0.1	0	0
M31	GRM7	10	9289:9298	24.6965509533063	3.52589697722233	0.0905738513041773	0.543843636949122	0.8	0.1	0	0.1	0	0
M31	PTPRT	10	9289:9298	24.6965509533063	3.52589697722233	0.0905738513041773	0.543843636949122	0.8	0.1	0	0.1	0	0
M31	RP4-671O14.7	10	9289:9298	24.6965509533063	3.52589697722233	0.0905738513041773	0.543843636949122	0.8	0.1	0	0.1	0	0
M31	KCNMB1	10	9289:9298	24.6965509533063	3.52589697722233	0.0905738513041773	0.543843636949122	0.8	0.1	0	0.1	0	0
M31	SLC2A11	10	9289:9298	24.6965509533063	3.52589697722233	0.0905738513041773	0.543843636949122	0.8	0.1	0	0.1	0	0
M31	TIMM50	10	9289:9298	24.6965509533063	3.52589697722233	0.0905738513041773	0.543843636949122	0.8	0.1	0	0.1	0	0
M31	TMEM132D	10	9289:9298	24.6965509533063	3.52589697722233	0.0905738513041773	0.543843636949122	0.8	0.1	0	0.1	0	0
M31	CDH3	10	9289:9298	24.6965509533063	3.52589697722233	0.0905738513041773	0.543843636949122	0.8	0.1	0	0.1	0	0
M11	KSR2	14	9299:9312	18.9306931387559	3.43197822740284	0.088375603844179	0.48667868223801	0.642857142857143	0.285714285714286	0	0.0714285714285714	0	0.0714285714285714
M11	CRX	14	9299:9312	18.9306931387559	3.43197822740284	0.088375603844179	0.48667868223801	0.642857142857143	0.285714285714286	0	0.0714285714285714	0	0.0714285714285714
M11	WASF3-AS1	14	9299:9312	18.9306931387559	3.43197822740284	0.088375603844179	0.48667868223801	0.642857142857143	0.285714285714286	0	0.0714285714285714	0	0.0714285714285714
M11	AC006547.15	14	9299:9312	18.9306931387559	3.43197822740284	0.088375603844179	0.48667868223801	0.642857142857143	0.285714285714286	0	0.0714285714285714	0	0.0714285714285714
M11	MYH11	14	9299:9312	18.9306931387559	3.43197822740284	0.088375603844179	0.48667868223801	0.642857142857143	0.285714285714286	0	0.0714285714285714	0	0.0714285714285714
M11	CD40LG	14	9299:9312	18.9306931387559	3.43197822740284	0.088375603844179	0.48667868223801	0.642857142857143	0.285714285714286	0	0.0714285714285714	0	0.0714285714285714
M11	CTA-228A9.4	14	9299:9312	18.9306931387559	3.43197822740284	0.088375603844179	0.48667868223801	0.642857142857143	0.285714285714286	0	0.0714285714285714	0	0.0714285714285714
M11	GINS4	14	9299:9312	18.9306931387559	3.43197822740284	0.088375603844179	0.48667868223801	0.642857142857143	0.285714285714286	0	0.0714285714285714	0	0.0714285714285714
M11	MCF2L2	14	9299:9312	18.9306931387559	3.43197822740284	0.088375603844179	0.48667868223801	0.642857142857143	0.285714285714286	0	0.0714285714285714	0	0.0714285714285714
M11	TRIM29	14	9299:9312	18.9306931387559	3.43197822740284	0.088375603844179	0.48667868223801	0.642857142857143	0.285714285714286	0	0.0714285714285714	0	0.0714285714285714
M11	FAM32BP	14	9299:9312	18.9306931387559	3.43197822740284	0.088375603844179	0.48667868223801	0.642857142857143	0.285714285714286	0	0.0714285714285714	0	0.0714285714285714
M11	C2orf48	14	9299:9312	18.9306931387559	3.43197822740284	0.088375603844179	0.48667868223801	0.642857142857143	0.285714285714286	0	0.0714285714285714	0	0.0714285714285714
M11	HPS4	14	9299:9312	18.9306931387559	3.43197822740284	0.088375603844179	0.48667868223801	0.642857142857143	0.285714285714286	0	0.0714285714285714	0	0.0714285714285714
M11	GPX2	14	9299:9312	18.9306931387559	3.43197822740284	0.088375603844179	0.48667868223801	0.642857142857143	0.285714285714286	0	0.0714285714285714	0	0.0714285714285714
M32	RRP15	10	9313:9322	208.41039624307	1.47795964557487	0.156457782316272	0.96022071661405	0.6	0	0	0.4	0	0.1
M32	TXN2	10	9313:9322	208.41039624307	1.47795964557487	0.156457782316272	0.96022071661405	0.6	0	0	0.4	0	0.1
M32	EIF4BP3	10	9313:9322	208.41039624307	1.47795964557487	0.156457782316272	0.96022071661405	0.6	0	0	0.4	0	0.1
M32	EIF4BP7	10	9313:9322	208.41039624307	1.47795964557487	0.156457782316272	0.96022071661405	0.6	0	0	0.4	0	0.1
M32	ZNF354C	10	9313:9322	208.41039624307	1.47795964557487	0.156457782316272	0.96022071661405	0.6	0	0	0.4	0	0.1
M32	MORF4L1	10	9313:9322	208.41039624307	1.47795964557487	0.156457782316272	0.96022071661405	0.6	0	0	0.4	0	0.1
M32	MORF4L1P1	10	9313:9322	208.41039624307	1.47795964557487	0.156457782316272	0.96022071661405	0.6	0	0	0.4	0	0.1
M32	EIF4BP6	10	9313:9322	208.41039624307	1.47795964557487	0.156457782316272	0.96022071661405	0.6	0	0	0.4	0	0.1
M32	EIF4B	10	9313:9322	208.41039624307	1.47795964557487	0.156457782316272	0.96022071661405	0.6	0	0	0.4	0	0.1
M32	CREBBP	10	9313:9322	208.41039624307	1.47795964557487	0.156457782316272	0.96022071661405	0.6	0	0	0.4	0	0.1
M21	RPL15P3	11	9323:9333	760.464785141976	1.03478488480254	0.186893578832949	0.558187575661252	0.272727272727273	0	0	0.727272727272727	0	0
M21	RP11-371A22.1	11	9323:9333	760.464785141976	1.03478488480254	0.186893578832949	0.558187575661252	0.272727272727273	0	0	0.727272727272727	0	0
M21	EEF1A1	11	9323:9333	760.464785141976	1.03478488480254	0.186893578832949	0.558187575661252	0.272727272727273	0	0	0.727272727272727	0	0
M21	EEF1A1P11	11	9323:9333	760.464785141976	1.03478488480254	0.186893578832949	0.558187575661252	0.272727272727273	0	0	0.727272727272727	0	0
M21	RPL4P4	11	9323:9333	760.464785141976	1.03478488480254	0.186893578832949	0.558187575661252	0.272727272727273	0	0	0.727272727272727	0	0
M21	RPL15	11	9323:9333	760.464785141976	1.03478488480254	0.186893578832949	0.558187575661252	0.272727272727273	0	0	0.727272727272727	0	0
M21	EEF1A1P5	11	9323:9333	760.464785141976	1.03478488480254	0.186893578832949	0.558187575661252	0.272727272727273	0	0	0.727272727272727	0	0
M21	RPL4	11	9323:9333	760.464785141976	1.03478488480254	0.186893578832949	0.558187575661252	0.272727272727273	0	0	0.727272727272727	0	0
M21	NPM1P6	11	9323:9333	760.464785141976	1.03478488480254	0.186893578832949	0.558187575661252	0.272727272727273	0	0	0.727272727272727	0	0
M21	EEF1A1P6	11	9323:9333	760.464785141976	1.03478488480254	0.186893578832949	0.558187575661252	0.272727272727273	0	0	0.727272727272727	0	0
M21	RPL5P34	11	9323:9333	760.464785141976	1.03478488480254	0.186893578832949	0.558187575661252	0.272727272727273	0	0	0.727272727272727	0	0
M12	DLL1	14	9334:9347	423.499870299906	1.12536265566473	0.162311684568066	0.346056347820807	0.928571428571429	0.0714285714285714	0	0	0	0
M12	TMEM100	14	9334:9347	423.499870299906	1.12536265566473	0.162311684568066	0.346056347820807	0.928571428571429	0.0714285714285714	0	0	0	0
M12	NID1	14	9334:9347	423.499870299906	1.12536265566473	0.162311684568066	0.346056347820807	0.928571428571429	0.0714285714285714	0	0	0	0
M12	CXCR4	14	9334:9347	423.499870299906	1.12536265566473	0.162311684568066	0.346056347820807	0.928571428571429	0.0714285714285714	0	0	0	0
M12	MAMDC2	14	9334:9347	423.499870299906	1.12536265566473	0.162311684568066	0.346056347820807	0.928571428571429	0.0714285714285714	0	0	0	0
M12	SLC26A2	14	9334:9347	423.499870299906	1.12536265566473	0.162311684568066	0.346056347820807	0.928571428571429	0.0714285714285714	0	0	0	0
M12	VEGFA	14	9334:9347	423.499870299906	1.12536265566473	0.162311684568066	0.346056347820807	0.928571428571429	0.0714285714285714	0	0	0	0
M12	PTCH1	14	9334:9347	423.499870299906	1.12536265566473	0.162311684568066	0.346056347820807	0.928571428571429	0.0714285714285714	0	0	0	0
M12	VSTM4	14	9334:9347	423.499870299906	1.12536265566473	0.162311684568066	0.346056347820807	0.928571428571429	0.0714285714285714	0	0	0	0
M12	WNT4	14	9334:9347	423.499870299906	1.12536265566473	0.162311684568066	0.346056347820807	0.928571428571429	0.0714285714285714	0	0	0	0
M12	COLEC12	14	9334:9347	423.499870299906	1.12536265566473	0.162311684568066	0.346056347820807	0.928571428571429	0.0714285714285714	0	0	0	0
M12	ATP2B4	14	9334:9347	423.499870299906	1.12536265566473	0.162311684568066	0.346056347820807	0.928571428571429	0.0714285714285714	0	0	0	0
M12	LTBP1	14	9334:9347	423.499870299906	1.12536265566473	0.162311684568066	0.346056347820807	0.928571428571429	0.0714285714285714	0	0	0	0
M12	FENDRR	14	9334:9347	423.499870299906	1.12536265566473	0.162311684568066	0.346056347820807	0.928571428571429	0.0714285714285714	0	0	0	0
M33	UBE2O	10	9348:9357	82.4568231480733	2.36021239587847	0.0681960932441924	0.639264104804817	0.9	0	0	0.1	0	0.1
M33	DENND1B	10	9348:9357	82.4568231480733	2.36021239587847	0.0681960932441924	0.639264104804817	0.9	0	0	0.1	0	0.1
M33	UBAP2	10	9348:9357	82.4568231480733	2.36021239587847	0.0681960932441924	0.639264104804817	0.9	0	0	0.1	0	0.1
M33	CRYBB2P1	10	9348:9357	82.4568231480733	2.36021239587847	0.0681960932441924	0.639264104804817	0.9	0	0	0.1	0	0.1
M33	TTC21A	10	9348:9357	82.4568231480733	2.36021239587847	0.0681960932441924	0.639264104804817	0.9	0	0	0.1	0	0.1
M33	MID1	10	9348:9357	82.4568231480733	2.36021239587847	0.0681960932441924	0.639264104804817	0.9	0	0	0.1	0	0.1
M33	DEK	10	9348:9357	82.4568231480733	2.36021239587847	0.0681960932441924	0.639264104804817	0.9	0	0	0.1	0	0.1
M33	RIDA	10	9348:9357	82.4568231480733	2.36021239587847	0.0681960932441924	0.639264104804817	0.9	0	0	0.1	0	0.1
M33	ZNF217	10	9348:9357	82.4568231480733	2.36021239587847	0.0681960932441924	0.639264104804817	0.9	0	0	0.1	0	0.1
M33	FBLIM1	10	9348:9357	82.4568231480733	2.36021239587847	0.0681960932441924	0.639264104804817	0.9	0	0	0.1	0	0.1
M22	CNN2	11	9358:9368	226.552682399181	1.58458116499369	0.17821425440539	0.327639257464325	1	0	0	0	0	0
M22	LMOD1	11	9358:9368	226.552682399181	1.58458116499369	0.17821425440539	0.327639257464325	1	0	0	0	0	0
M22	ACTA2	11	9358:9368	226.552682399181	1.58458116499369	0.17821425440539	0.327639257464325	1	0	0	0	0	0
M22	TPM1	11	9358:9368	226.552682399181	1.58458116499369	0.17821425440539	0.327639257464325	1	0	0	0	0	0
M22	CORO1C	11	9358:9368	226.552682399181	1.58458116499369	0.17821425440539	0.327639257464325	1	0	0	0	0	0
M22	VCL	11	9358:9368	226.552682399181	1.58458116499369	0.17821425440539	0.327639257464325	1	0	0	0	0	0
M22	CLMP	11	9358:9368	226.552682399181	1.58458116499369	0.17821425440539	0.327639257464325	1	0	0	0	0	0
M22	PLS3	11	9358:9368	226.552682399181	1.58458116499369	0.17821425440539	0.327639257464325	1	0	0	0	0	0
M22	PDLIM3	11	9358:9368	226.552682399181	1.58458116499369	0.17821425440539	0.327639257464325	1	0	0	0	0	0
M22	MYOCD	11	9358:9368	226.552682399181	1.58458116499369	0.17821425440539	0.327639257464325	1	0	0	0	0	0
M22	MYLK	11	9358:9368	226.552682399181	1.58458116499369	0.17821425440539	0.327639257464325	1	0	0	0	0	0
M3	HSP90AA2P	23	9369:9391	262.747283545467	2.10357829640819	0.152219137324118	0.482989579077989	0.869565217391304	0.0869565217391304	0	0.0434782608695652	0	0.304347826086957
M3	HSP90AA1	23	9369:9391	262.747283545467	2.10357829640819	0.152219137324118	0.482989579077989	0.869565217391304	0.0869565217391304	0	0.0434782608695652	0	0.304347826086957
M3	EGR2	23	9369:9391	262.747283545467	2.10357829640819	0.152219137324118	0.482989579077989	0.869565217391304	0.0869565217391304	0	0.0434782608695652	0	0.304347826086957
M3	ARL4D	23	9369:9391	262.747283545467	2.10357829640819	0.152219137324118	0.482989579077989	0.869565217391304	0.0869565217391304	0	0.0434782608695652	0	0.304347826086957
M3	PHLDA1	23	9369:9391	262.747283545467	2.10357829640819	0.152219137324118	0.482989579077989	0.869565217391304	0.0869565217391304	0	0.0434782608695652	0	0.304347826086957
M3	HSPH1	23	9369:9391	262.747283545467	2.10357829640819	0.152219137324118	0.482989579077989	0.869565217391304	0.0869565217391304	0	0.0434782608695652	0	0.304347826086957
M3	DNAJB4	23	9369:9391	262.747283545467	2.10357829640819	0.152219137324118	0.482989579077989	0.869565217391304	0.0869565217391304	0	0.0434782608695652	0	0.304347826086957
M3	DNAJB1	23	9369:9391	262.747283545467	2.10357829640819	0.152219137324118	0.482989579077989	0.869565217391304	0.0869565217391304	0	0.0434782608695652	0	0.304347826086957
M3	PPP1R15A	23	9369:9391	262.747283545467	2.10357829640819	0.152219137324118	0.482989579077989	0.869565217391304	0.0869565217391304	0	0.0434782608695652	0	0.304347826086957
M3	KLF2	23	9369:9391	262.747283545467	2.10357829640819	0.152219137324118	0.482989579077989	0.869565217391304	0.0869565217391304	0	0.0434782608695652	0	0.304347826086957
M3	UBE2S	23	9369:9391	262.747283545467	2.10357829640819	0.152219137324118	0.482989579077989	0.869565217391304	0.0869565217391304	0	0.0434782608695652	0	0.304347826086957
M3	RP11-326I11.3	23	9369:9391	262.747283545467	2.10357829640819	0.152219137324118	0.482989579077989	0.869565217391304	0.0869565217391304	0	0.0434782608695652	0	0.304347826086957
M3	XBP1	23	9369:9391	262.747283545467	2.10357829640819	0.152219137324118	0.482989579077989	0.869565217391304	0.0869565217391304	0	0.0434782608695652	0	0.304347826086957
M3	FAM53C	23	9369:9391	262.747283545467	2.10357829640819	0.152219137324118	0.482989579077989	0.869565217391304	0.0869565217391304	0	0.0434782608695652	0	0.304347826086957
M3	AC116366.6	23	9369:9391	262.747283545467	2.10357829640819	0.152219137324118	0.482989579077989	0.869565217391304	0.0869565217391304	0	0.0434782608695652	0	0.304347826086957
M3	IRF1	23	9369:9391	262.747283545467	2.10357829640819	0.152219137324118	0.482989579077989	0.869565217391304	0.0869565217391304	0	0.0434782608695652	0	0.304347826086957
M3	CCNG2	23	9369:9391	262.747283545467	2.10357829640819	0.152219137324118	0.482989579077989	0.869565217391304	0.0869565217391304	0	0.0434782608695652	0	0.304347826086957
M3	BTG1	23	9369:9391	262.747283545467	2.10357829640819	0.152219137324118	0.482989579077989	0.869565217391304	0.0869565217391304	0	0.0434782608695652	0	0.304347826086957
M3	PNRC1	23	9369:9391	262.747283545467	2.10357829640819	0.152219137324118	0.482989579077989	0.869565217391304	0.0869565217391304	0	0.0434782608695652	0	0.304347826086957
M3	TSC22D1	23	9369:9391	262.747283545467	2.10357829640819	0.152219137324118	0.482989579077989	0.869565217391304	0.0869565217391304	0	0.0434782608695652	0	0.304347826086957
M3	CSRNP1	23	9369:9391	262.747283545467	2.10357829640819	0.152219137324118	0.482989579077989	0.869565217391304	0.0869565217391304	0	0.0434782608695652	0	0.304347826086957
M3	ATF3	23	9369:9391	262.747283545467	2.10357829640819	0.152219137324118	0.482989579077989	0.869565217391304	0.0869565217391304	0	0.0434782608695652	0	0.304347826086957
M3	HSPA5	23	9369:9391	262.747283545467	2.10357829640819	0.152219137324118	0.482989579077989	0.869565217391304	0.0869565217391304	0	0.0434782608695652	0	0.304347826086957
