orig.ident	nCount_ATAC	nFeature_ATAC	nCount_ACTIVITY	nFeature_ACTIVITY	tech	predicted.id	prediction.score.max	tSNE_1	tSNE_2	EPCAM	VIM	PTPRC	HBG1
PG_2_1-1	PG	91594	34016	34770.1236497014	13902	atac	Fibro	0.995097249719547	3.49659617430627	1.52938881216772	-1.16755975969159	0.581012382528173	-0.183673748062475	-0.145132059478249
PG_2_1-2	PG	87091	33203	33717.7641833983	13830	atac	Fibro	0.992987652503359	-0.13215250853209	-3.23426048499995	0.201124373886057	-0.948264866255149	-0.183673748062475	-0.145132059478249
PG_2_1-3	PG	85331	31850	32845.2474010014	13511	atac	Fibro	1	2.71928892149089	-6.29870574982089	-1.16755975969159	-0.745514245117846	-0.183673748062475	-0.145132059478249
PG_2_1-4	PG	117839	43117	43611.5866986283	15076	atac	Fibro	1	-2.64681517896358	-1.96654355180378	0.821588945798612	1.02341187581606	-0.183673748062475	-0.145132059478249
PG_2_1-5	PG	86948	32679	33678.3150386687	13727	atac	Fibro	1	-0.527452723416322	-1.70120508996186	0.202536107458465	1.02069781664001	-0.183673748062475	-0.145132059478249
PG_2_1-6	PG	110817	40081	40568.9381047193	14521	atac	Fibro	0.990843995663179	2.41625658035176	0.978701505167451	-0.00647280147580573	0.75748141259957	-0.183673748062475	-0.145132059478249
PG_2_1-7	PG	136778	47031	46767.2089844507	15213	atac	Fibro	0.975205067531337	1.42179797354	-1.99971819899411	-0.146425468171725	1.5530115623834	-0.183673748062475	9.48025642138454
PG_2_1-8	PG	125821	38536	39406.0115742318	14464	atac	Fibro	1	-1.32872329308496	2.61724943350645	0.0241908178259826	-0.948264866255149	-0.183673748062475	-0.145132059478249
PG_2_2-1	PG	178927	54173	54453.1150760258	16288	atac	Fibro	0.998214901966653	-1.35367223462505	-1.457280162532	1.73477022374509	0.312150300039852	-0.183673748062475	-0.145132059478249
PG_2_2-2	PG	95908	34149	34725.4545195421	13711	atac	Fibro	1	4.48725728393299	-3.81121643368062	0.166029134582144	-0.948264866255149	-0.183673748062475	-0.145132059478249
PG_2_2-3	PG	117393	42853	42632.8837664345	15313	atac	Immune	0.588645659320059	8.41790797426627	-1.7609237363353	0.85948717830576	-0.948264866255149	-0.183673748062475	-0.145132059478249
PG_2_2-4	PG	79439	30962	31258.3263909922	13329	atac	Fibro	1	0.808147135940659	-9.6556401342471	0.295121524355512	0.148298703441393	-0.183673748062475	-0.145132059478249
PG_2_2-5	PG	69494	26722	27396.0938841362	12449	atac	Fibro	1	-2.792637080001	-5.55934223585475	-1.16755975969159	-0.948264866255149	-0.183673748062475	-0.145132059478249
PG_2_2-6	PG	67812	26202	26739.9791130455	12673	atac	Fibro	0.905752720651033	-5.85442590719711	-6.71738610661208	0.506637623817765	-0.948264866255149	-0.183673748062475	-0.145132059478249
PG_2_2-7	PG	84533	32365	32579.0875707149	13610	atac	Fibro	1	1.1805600790929	-7.82029820764331	0.243086249044063	-0.948264866255149	-0.183673748062475	-0.145132059478249
PG_2_2-8	PG	128624	45479	45836.6596625072	15538	atac	Fibro	0.945737480281716	3.94759248243541	-2.16845816053388	-0.127613462641542	-0.948264866255149	-0.183673748062475	-0.145132059478249
PG_2_3-1	PG	112537	39512	39553.4466536425	14340	atac	Fibro	0.992239055365235	4.03007713194159	-0.229355461576513	0.0202135741198768	-0.779051698151684	-0.183673748062475	-0.145132059478249
PG_2_3-3	PG	117166	36123	36009.9709440474	14034	atac	Endo-ENTPD1	0.48272505208853	-1.21935220809605	8.51169089702529	-1.16755975969159	0.811626037022413	-0.183673748062475	-0.145132059478249
PG_2_3-4	PG	79392	30846	31358.714178914	13249	atac	Fibro	1	7.56016292926827	3.2264849930747	0.291031167530985	-0.948264866255149	-0.183673748062475	-0.145132059478249
PG_2_3-5	PG	57509	24248	24982.1165845244	11872	atac	Fibro	0.978312169938224	8.99044392176646	-4.05262075827085	0.606608242257554	-0.948264866255149	-0.183673748062475	-0.145132059478249
PG_2_3-6	PG	87817	32777	33384.223834132	13638	atac	Fibro	0.563573447186247	-4.6949507727823	0.492571833258719	0.21315352539532	-0.0664390140088882	-0.183673748062475	-0.145132059478249
PG_2_3-7	PG	92567	36519	36152.3101266383	14218	atac	Fibro	0.924173530608583	7.10789116756211	-2.31298347485105	1.15280848109177	-0.948264866255149	-0.183673748062475	-0.145132059478249
PG_2_3-8	PG	123693	43565	43495.5413878036	15209	atac	Immune	0.55693397715507	9.72657816539376	-1.43860648003863	1.59672014258493	-0.794042035992449	-0.183673748062475	-0.145132059478249
PG_2_4-1	PG	105131	37540	37995.6467253952	14474	atac	SM	0.605984327725744	-4.56695614009242	-2.99633578533687	1.06095527742695	-0.772292363579269	-0.183673748062475	-0.145132059478249
PG_2_4-2	PG	117021	40503	40305.7723605918	14507	atac	Endo-PODXL	0.467675624624806	-1.13168763579694	8.86611101703421	0.955756105055412	0.662294789361644	-0.183673748062475	-0.145132059478249
PG_2_4-3	PG	82747	30967	31374.2198445032	13413	atac	Fibro	0.996929286457503	2.6073944622981	-4.33787386154428	0.29040143225366	-0.736301273352257	-0.183673748062475	-0.145132059478249
PG_2_4-4	PG	82102	30942	30973.9209903096	13379	atac	Endo-ENTPD1	0.414647787968096	-1.17364454315899	9.86970350673899	0.306836161828504	1.14839601118456	-0.183673748062475	-0.145132059478249
PG_2_4-5	PG	83097	30741	31715.6565799935	13090	atac	Fibro	1	5.39783383429022	4.41843190183061	-1.16755975969159	0.99225540560426	-0.183673748062475	-0.145132059478249
PG_2_4-6	PG	117647	41691	41559.6407023285	14911	atac	Fibro	0.986747702264424	-5.68474973946177	4.39546096652409	1.69597612619492	-0.948264866255149	-0.183673748062475	-0.145132059478249
PG_2_4-7	PG	82257	31863	31424.0668438165	13500	atac	Fibro	0.895834289420869	-8.6768736807267	2.23739430427501	0.288380686371094	-0.948264866255149	-0.183673748062475	-0.145132059478249
PG_2_4-8	PG	82899	30589	30804.7002997056	13327	atac	Fibro	0.964640833917191	3.01380555371842	-2.39484908659051	0.313896404171244	-0.948264866255149	-0.183673748062475	-0.145132059478249
PG_2_5-1	PG	81059	31355	31145.046534891	13298	atac	Fibro	0.999610579345402	2.38695655757964	3.2339897561555	0.299764991351783	-0.948264866255149	-0.183673748062475	-0.145132059478249
PG_2_5-2	PG	74131	29043	29291.4252431939	12782	atac	Fibro	0.659390828169978	-3.56177534792626	-0.184379225785739	1.57505666835765	-0.948264866255149	-0.183673748062475	-0.145132059478249
PG_2_5-3	PG	67728	25970	26930.0624904046	12436	atac	Fibro	1	-7.84842369377904	4.6605517945213	-1.16755975969159	2.86762525544786	-0.183673748062475	-0.145132059478249
PG_2_5-4	PG	147048	52185	51627.807272207	16154	atac	Fibro	0.821400034301817	7.50701024889003	-0.752919515998557	-0.234554012588236	0.24819661426848	-0.183673748062475	-0.145132059478249
PG_2_5-6	PG	120059	37902	38420.0572055914	14585	atac	Endo-PODXL	0.332715157401473	-2.28957488098049	7.93201602508675	1.04084246308757	-0.948264866255149	-0.183673748062475	-0.145132059478249
PG_2_5-7	PG	113448	42787	42247.5380008077	15073	atac	Fibro	0.580340295856374	10.3114115516466	-1.82843953397861	-0.0480404382899571	-0.948264866255149	-0.183673748062475	-0.145132059478249
PG_2_5-8	PG	77552	28882	29195.6851553223	13066	atac	Endo-PODXL	0.42633951317309	-2.08868380372159	8.88608304669673	0.384592664729954	-0.721007457208584	-0.183673748062475	-0.145132059478249
PG_2_6-1	PG	94002	35440	36377.7170987525	14009	atac	Fibro	0.997443906827785	5.00858648176111	1.90305463269401	0.112241177383461	-0.948264866255149	-0.183673748062475	-0.145132059478249
PG_2_6-2	PG	101235	36975	37165.1892701884	14287	atac	Fibro	0.800402423780327	-6.20135087309871	4.50335674224011	-1.16755975969159	1.71103035573909	-0.183673748062475	-0.145132059478249
PG_2_6-3	PG	75284	30469	30166.0716588669	13222	atac	Immune	0.914147064985407	-1.06532803327493	-7.48142289260337	0.341165885789062	-0.948264866255149	-0.183673748062475	-0.145132059478249
PG_2_6-4	PG	112297	37693	37637.0876252406	14141	atac	Endo-PODXL	0.435573744212616	-1.38519144381667	9.16089108656718	0.0740835651862352	0.751849841746303	-0.183673748062475	-0.145132059478249
PG_2_6-5	PG	85198	32406	32611.5479338063	13595	atac	Fibro	0.951593859770491	-7.310045146118	-3.51463633982914	0.241854228356802	0.661392138485519	-0.183673748062475	-0.145132059478249
PG_2_6-6	PG	115351	41477	41630.6572988163	14777	atac	Fibro	1	4.06734641829703	-0.299424458286211	-0.0331163233813202	1.09367551517514	-0.183673748062475	-0.145132059478249
PG_2_6-7	PG	100223	35932	36737.5613024796	14192	atac	Fibro	1	1.29799398226256	-1.99364199577495	0.101099887744849	-0.948264866255149	-0.183673748062475	-0.145132059478249
PG_2_6-8	PG	99157	37288	37572.7222550592	14414	atac	Fibro	0.990289944959347	-1.62438675884918	2.80236463676343	-1.16755975969159	0.754135582266496	-0.183673748062475	-0.145132059478249
PG_2_7-1	PG	88592	33652	34164.6583169312	13864	atac	Fibro	0.847416277268744	1.32592553616989	1.89349231986594	-1.16755975969159	0.999410807926977	-0.183673748062475	6.79573775547876
PG_2_7-2	PG	105888	37791	38326.0595917159	14085	atac	Fibro	0.986002929421312	4.77036753738923	-1.37023933757972	0.0541601157246226	0.727769930113038	5.85016722768277	-0.145132059478249
PG_2_7-3	PG	86775	33081	32735.3367855219	13582	atac	Fibro	0.983055199615311	6.57109286507265	-4.17573420657065	0.237175672598285	-0.744853663282102	-0.183673748062475	-0.145132059478249
PG_2_7-4	PG	70777	27289	27562.9780266807	12887	atac	Fibro	0.769233150804378	-5.54857514817675	-2.10570682989145	0.463635825405396	1.02924366209441	-0.183673748062475	-0.145132059478249
PG_2_7-5	PG	86236	31689	31804.396107	13149	atac	Fibro	0.93249410194521	-6.20372988054335	5.11742488664738	0.273146155019494	0.132192147866032	-0.183673748062475	-0.145132059478249
PG_2_7-6	PG	74152	28630	29008.1132716026	12948	atac	Fibro	0.983664199479873	0.696685944027294	2.66556946177148	-1.16755975969159	-0.948264866255149	-0.183673748062475	-0.145132059478249
PG_2_7-7	PG	62429	25172	25807.7423730493	12241	atac	Fibro	0.820835516171124	-4.09207499945134	7.27788637884213	-1.16755975969159	-0.948264866255149	-0.183673748062475	-0.145132059478249
PG_2_8-2	PG	71148	29272	29254.25599239	12907	atac	Fibro	0.962711070167438	4.20846136968154	-5.39881996469019	-1.16755975969159	-0.948264866255149	-0.183673748062475	-0.145132059478249
PG_2_8-3	PG	84527	31891	31675.3786329745	13672	atac	Fibro	0.828279093214222	2.99736960299873	6.21361386497744	0.278278016236095	-0.948264866255149	-0.183673748062475	-0.145132059478249
PG_2_8-4	PG	96644	37094	37309.8846767207	14239	atac	Fibro	1	-2.38430176257221	1.21258905029265	0.083775941486815	1.23193943544445	-0.183673748062475	-0.145132059478249
PG_2_8-5	PG	78714	31600	32321.6834166721	13470	atac	Fibro	0.740856200256871	-9.22770251990963	-0.249492036586905	0.25293318299971	-0.948264866255149	-0.183673748062475	-0.145132059478249
PG_2_8-6	PG	85245	32467	32473.9731724207	13701	atac	Fibro	0.984735713128685	-6.21118236154943	3.65407752604232	0.247090737354438	-0.04476419478179	-0.183673748062475	-0.145132059478249
PG_2_8-7	PG	55683	23525	23842.5233045645	11601	atac	Fibro	0.999866646412364	-7.09846622806196	7.25350020457383	0.678120919629724	-0.948264866255149	-0.183673748062475	-0.145132059478249
PG_2_8-8	PG	80437	31230	31242.3749184054	13300	atac	Immune	0.875966009351945	-2.9324224496644	3.02087952614301	1.43981728444346	-0.820658881604811	-0.183673748062475	-0.145132059478249
PG_2_9-1	PG	99217	36410	36868.4511377808	14042	atac	Fibro	0.999723801963857	3.48504510903702	-1.02345174160685	0.0970955416946921	-0.76705458708924	-0.183673748062475	-0.145132059478249
PG_2_9-2	PG	60931	25109	25375.2143709934	12063	atac	Fibro	1	-6.79174356238211	-5.18436468372775	-1.16755975969159	-0.688082964858691	-0.183673748062475	-0.145132059478249
PG_2_9-3	PG	67725	26715	27147.6772449949	12506	atac	Fibro	0.960496144718164	-1.37279630358306	3.4790749725283	-1.16755975969159	-0.948264866255149	-0.183673748062475	-0.145132059478249
PG_2_9-4	PG	79168	31224	31751.1941837595	13246	atac	Fibro	0.875189900216615	2.62726646465388	9.5782876647972	0.27525789244281	1.64086538742846	-0.183673748062475	-0.145132059478249
PG_2_9-5	PG	77702	30108	30232.6229050977	12963	atac	Fibro	0.996730332555204	6.87980771617601	-6.36110836730135	-1.16755975969159	1.88856011331375	-0.183673748062475	-0.145132059478249
PG_2_9-6	PG	71993	28528	29179.9276093545	12747	atac	Fibro	0.990038366451275	2.00111132123667	4.93460026048441	-1.16755975969159	-0.948264866255149	-0.183673748062475	-0.145132059478249
PG_2_9-7	PG	60796	23364	23891.2446570871	11934	atac	Fibro	0.641043644117134	-8.61105921235136	-3.35227609184408	0.674944555156366	0.228494968865827	-0.183673748062475	-0.145132059478249
PG_2_9-8	PG	73134	28585	28812.3907944501	12913	atac	Fibro	0.494345541261421	-3.02568961193957	4.7074036238472	-1.16755975969159	-0.948264866255149	-0.183673748062475	-0.145132059478249
PG_2_10-1	PG	137156	49172	48385.9525703094	15756	atac	Immune	0.63876954551278	9.40939241752701	-1.73665349319179	1.37470402711646	-0.948264866255149	-0.183673748062475	-0.145132059478249
PG_2_10-2	PG	69460	27745	28303.6796227099	12692	atac	Fibro	0.996584247425257	4.52422250314069	-7.04014971628965	-1.16755975969159	-0.948264866255149	-0.183673748062475	-0.145132059478249
PG_2_10-3	PG	121683	41138	41292.420029258	14626	atac	Fibro	0.609900475596964	-4.77702909693783	-3.94137835017978	-1.16755975969159	-0.948264866255149	-0.183673748062475	-0.145132059478249
PG_2_10-4	PG	126708	46406	45970.3921448977	15439	atac	Fibro	0.594732152330089	-4.74554522772864	-4.64842895374043	-1.16755975969159	-0.165375987994479	-0.183673748062475	-0.145132059478249
PG_2_10-5	PG	87988	33619	34347.9632050574	13586	atac	Fibro	0.579952602890514	-3.45061234515494	-1.62958093859594	-1.16755975969159	-0.088276160872928	-0.183673748062475	-0.145132059478249
PG_2_10-6	PG	89895	32868	33837.7319923824	13817	atac	Fibro	0.978718280426756	-4.71720700615087	-7.96639133132242	-1.16755975969159	-0.75129043650673	-0.183673748062475	-0.145132059478249
PG_2_10-7	PG	75808	29520	30181.5382487103	13259	atac	Fibro	1	3.63702945675163	-8.57048866034493	1.51161778446714	-0.948264866255149	-0.183673748062475	-0.145132059478249
PG_2_11-1	PG	50318	22323	22514.6575033364	11346	atac	Fibro	0.849206074532531	6.97647035327196	6.16916070853005	-1.16755975969159	-0.948264866255149	-0.183673748062475	-0.145132059478249
PG_2_11-2	PG	107369	38711	39067.3533791483	14691	atac	Fibro	0.992704011159094	-2.82882219912342	-5.29171330767545	-1.16755975969159	0.808524457339201	-0.183673748062475	-0.145132059478249
PG_2_11-3	PG	95119	35477	35935.3756986785	14103	atac	SM	0.506624212583583	-5.04316022797225	-3.7926024226465	0.126209104157539	-0.121968166356574	-0.183673748062475	-0.145132059478249
PG_2_11-4	PG	138135	47756	47587.5376013347	15769	atac	Immune	0.614778017377887	9.27558399349043	-1.40174937195015	0.68131053965847	-0.306328530964045	-0.183673748062475	-0.145132059478249
PG_2_11-5	PG	80808	31801	32453.1708708119	13456	atac	Fibro	1	5.6309600947484	4.43737287103809	0.247885944400075	-0.743137914834357	-0.183673748062475	-0.145132059478249
PG_2_11-6	PG	66077	28705	28510.1824451626	12750	atac	Fibro	0.977741050682965	-7.28946018216028	-7.43609034225696	2.6209984694311	-0.948264866255149	-0.183673748062475	-0.145132059478249
PG_2_11-7	PG	113409	44074	42808.9519024198	15134	atac	Immune	0.548828518537067	9.73348585147242	0.591261308724017	-1.16755975969159	-0.241715261950915	-0.183673748062475	-0.145132059478249
PG_2_11-8	PG	89079	35392	35093.6184613253	13946	atac	Fibro	0.984798117141357	4.27000341996718	-3.47786531313305	-1.16755975969159	-0.948264866255149	-0.183673748062475	-0.145132059478249
PG_2_12-1	PG	80427	32305	32085.4774937817	13471	atac	Fibro	0.981037760369194	-4.43876441031183	3.48969870302888	-1.16755975969159	-0.0351834901360479	-0.183673748062475	-0.145132059478249
PG_2_12-2	PG	81712	30655	31402.8058434287	13415	atac	Fibro	0.942287450051421	-1.94965049019815	2.78381848851572	-1.16755975969159	-0.948264866255149	-0.183673748062475	-0.145132059478249
PG_2_12-3	PG	82080	30316	30901.9108026707	13174	atac	Fibro	0.930852319586176	-7.66606611597853	-1.16001564230321	-1.16755975969159	-0.948264866255149	-0.183673748062475	-0.145132059478249
PG_2_12-4	PG	81541	32411	32543.9299746033	13511	atac	Fibro	0.664317094236108	-4.48858269568336	-6.36638618615977	-1.16755975969159	-0.948264866255149	-0.183673748062475	-0.145132059478249
PG_2_12-5	PG	103211	38685	39103.7798518579	14321	atac	Fibro	0.98459487395775	-2.38281035031236	-0.173747810988354	0.032428094551367	2.234363852171	-0.183673748062475	-0.145132059478249
PG_2_12-6	PG	164559	55146	54111.0715483196	16410	atac	Immune	0.605299229897863	8.88305496461074	-0.610133708028217	1.15687885862764	-0.948264866255149	-0.183673748062475	-0.145132059478249
PG_2_12-7	PG	124562	46542	45857.53046332	15487	atac	Immune	0.620017728522717	9.75015216671828	-1.49114307653259	2.13729945064483	-0.948264866255149	-0.183673748062475	-0.145132059478249
PG_2_12-8	PG	116462	40595	40894.2987484151	14819	atac	Fibro	0.923481699259273	-6.19210108209755	-4.2036725714149	0.930544854986196	-0.948264866255149	-0.183673748062475	-0.145132059478249
PG_3_1-1	PG	122640	42604	42828.1885795721	15087	atac	Fibro	0.970883788032746	3.3292865839216	1.59834652674188	-0.0617323797689534	1.53621740597778	-0.183673748062475	-0.145132059478249
PG_3_1-2	PG	129570	45397	45719.1180356343	15261	atac	Fibro	0.992805905261698	-0.453034447484562	-3.46157093593232	-1.16755975969159	1.42526240776518	-0.183673748062475	-0.145132059478249
PG_3_1-3	PG	122793	41800	42646.4567381909	14902	atac	Fibro	1	2.46018544640295	-5.97681379886832	-0.0574833587856287	-0.948264866255149	-0.183673748062475	-0.145132059478249
PG_3_1-4	PG	147692	49567	49288.2856532465	16072	atac	SM	0.470365742397778	-4.17064914158725	-0.836975707070114	-0.194122394646695	1.20104715922995	-0.183673748062475	-0.145132059478249
PG_3_1-5	PG	106039	38858	39236.8355026423	14733	atac	Fibro	1	-2.29776718827192	-8.04014787525528	-1.16755975969159	1.18580070574395	-0.183673748062475	-0.145132059478249
PG_3_1-6	PG	159384	52691	52507.3715281843	16215	atac	Immune	0.675195346689424	8.7618231723245	-0.419737083269166	1.21397381216701	-0.948264866255149	-0.183673748062475	-0.145132059478249
PG_3_1-7	PG	167388	53054	53171.1733275384	16343	atac	Fibro	0.901389530680934	-1.16583657642729	-0.0875288709382721	0.514960616549379	-0.821585287062462	4.30139368325303	-0.145132059478249
PG_3_1-8	PG	132760	44398	44054.945273813	15340	atac	Immune	0.937595997177152	-0.884139759545546	4.68659180261001	0.804888662933372	-0.948264866255149	-0.183673748062475	-0.145132059478249
PG_3_2-1	PG	97014	38646	38379.6118415839	14655	atac	Fibro	0.925329403617024	-4.08479460026297	0.918627777025999	0.0526383770189707	-0.774008067893739	-0.183673748062475	-0.145132059478249
PG_3_2-2	PG	113484	41916	42010.4800133582	15028	atac	Fibro	1	-0.284132580388318	-4.25813775710825	0.884358478626697	-0.100170964351046	-0.183673748062475	-0.145132059478249
PG_3_2-3	PG	95486	36699	36476.3204201065	14479	atac	Fibro	0.994610473555889	0.18402893827459	-6.49791161811096	0.109168765912056	-0.765158574868635	-0.183673748062475	-0.145132059478249
PG_3_2-4	PG	90313	35304	35154.9110285975	14279	atac	Fibro	0.937125781628633	0.803156012133957	-9.61305613654032	1.20579212517753	-0.948264866255149	-0.183673748062475	-0.145132059478249
PG_3_2-5	PG	80192	28484	29026.2534428108	13009	atac	Fibro	1	-5.79438464744436	2.92892483612	-1.16755975969159	0.0480631772536909	-0.183673748062475	-0.145132059478249
PG_3_2-6	PG	111646	41614	41705.4127441787	15005	atac	Fibro	0.98280592102605	-1.82173247945625	-3.79977123758768	0.896776085956318	-0.224893830297783	-0.183673748062475	-0.145132059478249
PG_3_2-7	PG	133383	45348	45361.706959858	15459	atac	Endo-PODXL	0.411625898839656	-1.10179610212576	7.93573509251032	1.50747698315801	0.613043550752768	-0.183673748062475	-0.145132059478249
PG_3_2-8	PG	167745	55204	55162.2398481636	16558	atac	Fibro	0.979012377453755	4.08198315308056	-2.40678045450453	0.462712976832363	-0.948264866255149	-0.183673748062475	-0.145132059478249
PG_3_3-1	PG	113022	40617	40905.7318852938	14850	atac	Fibro	1	2.92113811622722	-0.388857562299994	-0.0150596039969181	0.749199068505477	-0.183673748062475	-0.145132059478249
PG_3_3-2	PG	135800	50743	49143.8377329139	15883	atac	Immune	0.820061755963543	9.10177181960839	0.697795137846609	-1.16755975969159	-0.948264866255149	-0.183673748062475	-0.145132059478249
PG_3_3-3	PG	89256	34955	35225.1458043895	14039	atac	Fibro	0.701170861768093	-4.76666773118398	-8.95846834829173	0.149288748192107	-0.948264866255149	-0.183673748062475	-0.145132059478249
PG_3_3-4	PG	92831	35194	35300.6664052974	14155	atac	Fibro	0.997566554873586	7.52062760175453	3.28878816762287	-1.16755975969159	-0.759228546065112	-0.183673748062475	-0.145132059478249
PG_3_3-5	PG	76828	30533	31486.4303490506	13346	atac	Fibro	1	8.14427823359138	-3.30283924100721	-1.16755975969159	0.141512136333051	-0.183673748062475	-0.145132059478249
PG_3_3-6	PG	150073	51542	51668.6838845616	16053	atac	Fibro	0.896996616539062	-1.17544769255311	0.475861942311906	0.556679758613471	0.456993501141299	-0.183673748062475	-0.145132059478249
PG_3_3-7	PG	108732	39226	39350.670101641	14606	atac	Fibro	0.841919884640745	-2.49689006060159	-6.96394142978814	-1.16755975969159	-0.778201396488309	-0.183673748062475	-0.145132059478249
PG_3_3-8	PG	113696	40410	39819.6714011463	14836	atac	Endo-ENTPD1	0.45038401869376	0.201927584147649	9.44460368354489	0.977047488878242	-0.194208692083806	-0.183673748062475	-0.145132059478249
PG_3_4-1	PG	115251	40359	39966.4630383111	14835	atac	Endo-PODXL	0.445286377901798	-1.65047869587683	9.36804426977776	-1.16755975969159	-0.948264866255149	-0.183673748062475	-0.145132059478249
PG_3_4-3	PG	122961	42793	42916.2171815815	15116	atac	Fibro	0.982783887666467	2.54198725888172	-4.13053397668089	0.84836618043485	1.7077708636298	-0.183673748062475	-0.145132059478249
PG_3_4-4	PG	139957	49034	49139.5789906796	15666	atac	Fibro	0.960854317000601	3.78571248265439	0.582195161292161	1.34368222554418	-0.948264866255149	-0.183673748062475	-0.145132059478249
PG_3_4-5	PG	109460	39293	40173.0588568556	14491	atac	Fibro	1	5.08823640256412	3.9340222100588	-1.16755975969159	2.28235878329156	-0.183673748062475	-0.145132059478249
PG_3_4-6	PG	115865	41202	41250.8301505542	15006	atac	Fibro	0.986595286882858	-3.02706527556254	-5.14091447080949	-0.0237268700071231	-0.785849180220065	-0.183673748062475	-0.145132059478249
PG_3_4-7	PG	107015	37757	38230.4950588261	14513	atac	Fibro	0.791908943598054	-8.58492743954932	2.16358086015374	-1.16755975969159	2.18616319127496	-0.183673748062475	-0.145132059478249
PG_3_4-8	PG	131432	45658	45942.564409656	15270	atac	Fibro	1	3.23426203876958	-2.59899785942587	-1.16755975969159	-0.285467805681394	-0.183673748062475	-0.145132059478249
PG_3_5-1	PG	107690	41481	41055.4209587458	14737	atac	Fibro	1	2.3052852075975	3.02960016197326	0.923748126340806	0.497986106983171	5.48965711694782	-0.145132059478249
PG_3_5-2	PG	81970	32335	32366.5589173534	13750	atac	Fibro	0.673312089868702	5.57236727325537	-0.17946029342473	1.36789164690112	0.318475191437271	-0.183673748062475	-0.145132059478249
PG_3_5-3	PG	83063	30928	31910.6419042768	13274	atac	Fibro	1	4.74934441749207	4.66818799379212	1.39656811292558	3.17635080405242	-0.183673748062475	-0.145132059478249
PG_3_5-4	PG	91983	36330	36431.719996321	14164	atac	Fibro	0.823566695341967	5.62563048467197	-1.08569409737965	0.110556646191175	-0.948264866255149	6.12869891343686	-0.145132059478249
PG_3_5-5	PG	117392	42730	42636.7558327056	15095	atac	Immune	0.637213613543796	9.65744613438697	-0.650475987865491	1.63986839726315	-0.239142340865452	-0.183673748062475	-0.145132059478249
PG_3_5-6	PG	102674	39423	39132.2783294357	14774	atac	Fibro	0.523352879404896	-5.36182284701132	-0.409269384071082	0.0316464929627997	-0.948264866255149	-0.183673748062475	-0.145132059478249
PG_3_5-7	PG	91989	35380	36250.2380431901	14160	atac	Fibro	0.972637897013358	1.49642497489226	-3.54660331291726	-1.16755975969159	2.49991403790395	-0.183673748062475	-0.145132059478249
PG_3_6-1	PG	122828	43255	43304.1729096763	15213	atac	Fibro	0.88432173121641	4.90821217809741	1.98808032541134	1.60621724524917	0.729367965054393	-0.183673748062475	-0.145132059478249
PG_3_6-2	PG	127092	44805	45058.3716122769	15421	atac	Fibro	0.389187906507178	0.320966091348285	7.98402361467681	-0.111337143722365	0.288003423233505	-0.183673748062475	-0.145132059478249
PG_3_6-3	PG	157637	53924	53596.5748390884	16314	atac	Fibro	1	-1.25603396740596	-7.0655143455159	-1.16755975969159	1.71733204687584	-0.183673748062475	-0.145132059478249
PG_3_6-6	PG	123109	45735	45692.040266379	15468	atac	Fibro	0.93447545440567	-2.03874628093557	-3.46825369191057	-0.124627219763535	1.03905545003549	-0.183673748062475	-0.145132059478249
PG_3_6-7	PG	105515	38895	39347.9306262621	14563	atac	Fibro	0.927516760438541	3.94929606060776	1.70920225009116	0.99812795259129	2.05784861282908	-0.183673748062475	-0.145132059478249
PG_3_6-8	PG	136701	49377	48943.4304034128	16058	atac	Fibro	1	-1.27996435865365	-7.2850452378851	-0.187863505913501	1.23871503884758	-0.183673748062475	-0.145132059478249
PG_3_7-2	PG	146553	48699	48895.900961234	15547	atac	Fibro	1	4.38871409499957	-1.21489918719758	-0.186994544137728	-0.2074299005538	-0.183673748062475	-0.145132059478249
PG_3_7-3	PG	96895	36576	36188.982163785	14020	atac	Fibro	0.942394162383035	5.86718941112106	-4.56125468904382	0.118163664333263	-0.763743860907097	-0.183673748062475	-0.145132059478249
PG_3_7-4	PG	109229	39374	38699.3217731831	14475	atac	Immune	0.958938115234284	-0.903541262937577	4.97484987074003	-1.16755975969159	-0.844873801513152	-0.183673748062475	-0.145132059478249
PG_3_7-5	PG	81364	32348	32231.4489654343	13462	atac	Fibro	0.639519528489675	-2.32155249490746	-8.93374237204681	-1.16755975969159	-0.0388071766832806	-0.183673748062475	-0.145132059478249
PG_3_7-6	PG	119985	40817	41086.2637632808	14909	atac	Fibro	0.971346637483483	0.464500915211999	2.7525915866771	0.922452147222769	-0.948264866255149	-0.183673748062475	-0.145132059478249
PG_3_7-7	PG	97221	35606	35796.6984121455	14061	atac	Immune	0.711562341840716	-1.9987353438927	6.71060291734756	-1.16755975969159	-0.11913094665459	-0.183673748062475	-0.145132059478249
PG_3_7-8	PG	115992	42693	42667.9943978428	15283	atac	Fibro	1	1.79017244754025	-0.793194747363375	-0.0579886358416442	0.690999675165341	-0.183673748062475	-0.145132059478249
PG_3_8-1	PG	142425	48039	48010.2093530504	15834	atac	Endo-PODXL	0.425832998032974	-0.505232705682079	7.57451024101277	-0.170514202927812	1.34102977846052	-0.183673748062475	-0.145132059478249
PG_3_8-2	PG	155475	53553	53349.260821623	16257	atac	Fibro	1	4.12471609055541	-5.03848067076116	1.18364986919517	-0.263401146922784	-0.183673748062475	-0.145132059478249
PG_3_8-3	PG	84199	31656	32063.8067208484	13529	atac	Fibro	0.809542605436086	2.75638431904157	6.58896520166626	0.262937866976435	-0.948264866255149	-0.183673748062475	-0.145132059478249
PG_3_8-4	PG	111328	42758	41853.2202112872	14840	atac	Fibro	0.872641120432886	-6.60026794981324	3.36465037204712	-1.16755975969159	-0.948264866255149	-0.183673748062475	-0.145132059478249
PG_3_8-5	PG	87665	34240	34479.8284295432	14035	atac	Fibro	0.939344788780584	-8.58978497022202	-0.39607604942743	-1.16755975969159	-0.948264866255149	-0.183673748062475	-0.145132059478249
PG_3_8-6	PG	92032	36484	36293.8603139557	14388	atac	Immune	0.702212688272776	-0.153006765967384	3.4482001481852	1.14548322023426	0.911521058022936	-0.183673748062475	-0.145132059478249
PG_3_8-7	PG	107027	39811	40312.7111543328	14741	atac	Fibro	0.951473497280843	-2.10665025368186	-1.10361113844661	0.000146433560823479	0.366383905604594	-0.183673748062475	-0.145132059478249
PG_3_8-8	PG	105075	40325	40382.6666411623	14701	atac	Fibro	0.904175950768793	-3.37118723084478	2.42209300491878	-1.16755975969159	-0.948264866255149	-0.183673748062475	-0.145132059478249
PG_3_9-1	PG	108368	40893	40765.8677695402	14716	atac	Fibro	0.87603138256383	-6.95677677981102	-2.06090272798918	-0.0115091961869412	-0.0773602810955833	-0.183673748062475	-0.145132059478249
PG_3_9-2	PG	111286	41039	41187.7590940564	14886	atac	Fibro	0.983123211634241	-6.57094508097032	-4.77840484390469	1.71588517952905	1.60547499528658	-0.183673748062475	-0.145132059478249
PG_3_9-3	PG	66796	27226	27940.1670476094	12588	atac	Fibro	0.785675227400032	-6.20086374513869	-0.178712164675821	-1.16755975969159	-0.948264866255149	-0.183673748062475	-0.145132059478249
PG_3_9-4	PG	76691	30480	31162.579544632	13058	atac	Fibro	0.811341743851549	-6.059777195089	1.81037122341888	-1.16755975969159	-0.948264866255149	-0.183673748062475	-0.145132059478249
PG_3_9-5	PG	104560	38098	38082.8876980386	14143	atac	Endo-PODXL	0.477078787055759	-1.41291027609556	8.76817634104857	0.0611183169545561	-0.948264866255149	-0.183673748062475	-0.145132059478249
PG_3_9-6	PG	103326	39443	39387.7170336422	14688	atac	Fibro	0.68959795990626	1.77790020503926	5.03828802337569	2.52588208830313	-0.948264866255149	-0.183673748062475	-0.145132059478249
PG_3_9-7	PG	120561	42412	42264.897974658	15002	atac	Fibro	0.665847438389908	-8.04603577956531	-3.33245198003329	-0.0484547260539765	-0.233521435667784	-0.183673748062475	-0.145132059478249
PG_3_9-8	PG	90304	35437	35691.9223833197	14012	atac	Immune	0.534959240806739	-2.8554430208413	4.47768590996841	-1.16755975969159	2.22512426733813	-0.183673748062475	-0.145132059478249
PG_3_10-2	PG	71645	29319	29285.6500925401	12984	atac	Fibro	0.967507989452129	4.53537213165535	0.361124714214053	2.54896319272867	0.210753829536935	-0.183673748062475	-0.145132059478249
PG_3_10-3	PG	108049	39127	39498.9049081739	14532	atac	Fibro	0.563682587962232	-4.88318964456739	-4.58245123272534	-1.16755975969159	-0.948264866255149	-0.183673748062475	-0.145132059478249
PG_3_10-4	PG	144501	51684	50826.9359095375	15879	atac	Endo-PODXL	0.505159975237413	-3.37260621491587	7.31642424388683	-0.221097914693455	-0.343784173486619	-0.183673748062475	4.71058558848824
PG_3_10-5	PG	143008	51801	50833.2190954963	16013	atac	Immune	0.667891409732408	9.78315108601212	-1.11903968462115	0.58079372667984	-0.343852564922238	-0.183673748062475	-0.145132059478249
PG_3_10-6	PG	78737	30944	30962.6411302393	13384	atac	Fibro	0.918434376111762	-4.73822807641038	-8.22146209461371	-1.16755975969159	-0.819527789726303	-0.183673748062475	7.42149653197366
PG_3_10-7	PG	124707	43630	43993.3804699331	15338	atac	Fibro	0.703019847060232	-3.94148077154533	-3.95959016994751	-1.16755975969159	1.09651260030744	-0.183673748062475	-0.145132059478249
PG_3_11-1	PG	119637	43113	43208.1646786889	15216	atac	Fibro	0.964952880769674	1.04062037753252	-3.80721939579625	-0.0705118455708283	0.917809626924948	-0.183673748062475	-0.145132059478249
PG_3_11-2	PG	150742	49899	50478.0273832652	15888	atac	Fibro	0.999409206481538	-0.104515131614673	-0.210797945453019	-0.215113133839595	1.1875061266475	-0.183673748062475	-0.145132059478249
PG_3_11-3	PG	107776	39493	39603.3372761593	14711	atac	Fibro	0.993596935196295	2.08073642853765	-6.01581756780422	-1.16755975969159	-0.384238328089521	-0.183673748062475	-0.145132059478249
PG_3_11-5	PG	102581	38521	38850.7940391599	14629	atac	Fibro	0.648730497131418	-3.51749525170053	2.10558742223338	1.02080294546256	-0.0397464595914395	-0.183673748062475	-0.145132059478249
PG_3_11-6	PG	163018	55950	54875.837672326	16439	atac	Endo-PODXL	0.460236248790477	-0.350367190148045	8.30001003756063	0.470026146787559	1.5026019325805	-0.183673748062475	-0.145132059478249
PG_3_11-7	PG	117889	41275	41433.6744871671	15085	atac	Fibro	0.494768526662368	-5.04792327997753	-0.377372305132965	-0.0282662425252611	0.592524773871184	-0.183673748062475	-0.145132059478249
PG_3_11-8	PG	164353	55931	55120.561106956	16568	atac	Fibro	1	4.02234383959946	-3.25716908731171	-1.16755975969159	-0.387162346396456	-0.183673748062475	-0.145132059478249
PG_3_12-2	PG	152614	49520	50144.147910083	15969	atac	Fibro	0.677067906090007	-1.69370177278917	-0.314340738598717	-0.20931464922254	0.491740150326516	-0.183673748062475	-0.145132059478249
PG_3_12-3	PG	89282	34853	34926.6110904145	13877	atac	Fibro	0.905434366115313	-8.09927416958188	-0.799310388008099	0.159238905717779	-0.315412095500933	-0.183673748062475	-0.145132059478249
PG_3_12-4	PG	111147	41142	41132.1977266242	14848	atac	Fibro	0.68331944515218	-4.26639883512545	-6.09774726592454	-0.0207621749015261	0.636478963993817	-0.183673748062475	-0.145132059478249
PG_3_12-5	PG	131697	43711	43972.0747472465	15262	atac	SM	0.543708425669577	-4.10155200741327	-0.943239643003883	0.80798861051087	1.09725501709406	-0.183673748062475	-0.145132059478249
PG_3_12-7	PG	142663	48686	48436.3876450206	15923	atac	Fibro	0.594161340414148	-3.63651018444402	7.13242177347653	-0.178513030530632	-0.948264866255149	-0.183673748062475	-0.145132059478249
PG_3_12-8	PG	179613	55871	56484.9819100846	16590	atac	Fibro	0.999109163834074	0.479948245132704	-1.30051083845902	0.429773955435515	0.27411905973184	-0.183673748062475	-0.145132059478249
PG_4_1-1	PG	148822	46989	46767.5695419373	15541	atac	Endo-PODXL	0.521602305349196	-1.90400568079943	8.45580023818852	-0.146432624892836	-0.804605097557414	-0.183673748062475	-0.145132059478249
PG_4_1-2	PG	115029	44323	44111.8091312586	15240	atac	SM	0.713903974896756	-0.932025441170987	-3.9579103626095	-1.16755975969159	0.552710854708827	-0.183673748062475	-0.145132059478249
PG_4_1-3	PG	85852	32560	33186.2119921833	13493	atac	Fibro	0.976651252540784	2.21300806762715	-6.85126649276067	-1.16755975969159	0.639164180321433	-0.183673748062475	-0.145132059478249
PG_4_1-4	PG	109198	40856	40481.5219303312	14906	atac	Fibro	0.944734006124591	1.86133281050615	-7.21591289593362	-1.16755975969159	-0.948264866255149	-0.183673748062475	-0.145132059478249
PG_4_1-5	PG	123129	45317	45715.3222881146	15263	atac	Fibro	0.801131933184516	-3.09290308650495	-2.7625201800357	-0.12510913122788	-0.948264866255149	-0.183673748062475	-0.145132059478249
PG_4_1-6	PG	148503	50362	51013.8331158661	15940	atac	Fibro	1	-0.716435104720012	-0.616579969429493	-1.16755975969159	1.24179088785483	-0.183673748062475	-0.145132059478249
PG_4_1-7	PG	136626	46095	45819.5100517277	15529	atac	Fibro	0.968029930578525	-5.52358608295457	4.44402329719036	-0.12726023761539	-0.283852476981674	-0.183673748062475	-0.145132059478249
PG_4_1-8	PG	159019	50689	50439.6168966293	16132	atac	Fibro	0.502069945898375	0.28027013002591	4.40218520232641	-0.214449643359545	0.815101606978509	-0.183673748062475	-0.145132059478249
PG_4_2-1	PG	118767	44232	43778.9987709015	15251	atac	Fibro	0.968803331452553	-3.94704482418489	0.992382265501917	2.25259023161982	-0.948264866255149	-0.183673748062475	-0.145132059478249
PG_4_2-2	PG	112701	42688	42265.9080840174	15012	atac	Fibro	0.875951510748029	0.0257440015963945	-6.46062668199801	2.34189935577384	-0.104704576710012	-0.183673748062475	-0.145132059478249
PG_4_2-3	PG	113012	43828	43644.4977572038	15345	atac	Fibro	0.979830083984404	0.261471262423471	-6.31362060563534	0.820339437254959	1.30351971623745	-0.183673748062475	-0.145132059478249
PG_4_2-4	PG	118083	44824	43887.9897682179	15475	atac	Fibro	0.765848716975529	1.19148028943965	4.00457087916509	-0.0858752609752646	0.556165457953458	-0.183673748062475	-0.145132059478249
PG_4_2-5	PG	117042	41212	42053.4093541002	14880	atac	Fibro	1	-1.08169658848995	-1.82626462373876	0.882623192722048	-0.230284546914705	5.36840270143242	-0.145132059478249
PG_4_2-6	PG	146875	51150	51084.2748953459	16047	atac	Fibro	0.578786706681973	8.94220573616879	-0.821013864363948	-0.225463916729578	-0.948264866255149	-0.183673748062475	-0.145132059478249
PG_4_2-7	PG	142268	49386	49375.1719861814	15906	atac	Fibro	1	-0.419880120969724	-0.340895957588445	0.624549290559309	-0.213890736001624	-0.183673748062475	-0.145132059478249
PG_4_2-8	PG	173909	57461	56688.2006455917	16726	atac	Immune	0.965860910443106	-0.653652367414467	4.83673929027833	-0.311442446656936	0.706468611003141	-0.183673748062475	-0.145132059478249
PG_4_3-1	PG	133100	48403	48137.068240578	15738	atac	Immune	0.567888315502629	7.91670853120223	-0.757879843643202	-1.16755975969159	-0.948264866255149	-0.183673748062475	-0.145132059478249
PG_4_3-2	PG	121442	42756	42335.1043238738	14839	atac	Endo-PODXL	0.468078871710928	-0.798938925794057	8.55346695057566	-1.16755975969159	0.759473975734501	-0.183673748062475	-0.145132059478249
PG_4_3-3	PG	115480	37608	38788.1978835691	14551	atac	Fibro	0.994645936325099	-0.648759133050534	0.743227928912665	0.0411521764442304	0.564769959072247	-0.183673748062475	-0.145132059478249
PG_4_3-4	PG	85117	34746	34854.3302456212	13765	atac	Fibro	0.982959857846563	7.52165396184332	3.30273629727208	-1.16755975969159	1.3788724407863	-0.183673748062475	-0.145132059478249
PG_4_3-5	PG	137913	50451	49797.8319206083	15826	atac	Immune	0.678524553847068	8.71181990751605	-2.40250007185487	1.93936888549785	0.18806365159951	-0.183673748062475	-0.145132059478249
PG_4_3-6	PG	169184	57210	56436.038487017	16503	atac	Fibro	0.506329501187079	-1.26931832365978	-3.33859167540328	-0.307912967927739	-0.948264866255149	4.06195746510378	-0.145132059478249
PG_4_3-7	PG	96099	36415	36435.1565863781	14393	atac	Fibro	0.975928443707897	-2.52356276672034	-7.4800765447188	0.110449598241831	0.795594823074469	6.12817022407351	-0.145132059478249
PG_4_3-8	PG	119580	40690	41087.8816639239	14895	atac	Fibro	1	1.45320402947332	-0.542973942967431	-0.0196507278430927	1.20316822033085	-0.183673748062475	-0.145132059478249
PG_4_4-1	PG	102735	34780	34655.4001991318	14007	atac	Fibro	0.973991262805487	-7.96296394152871	2.36013532279947	0.168410317408375	-0.75580754659799	-0.183673748062475	-0.145132059478249
PG_4_4-2	PG	106278	40026	40310.4314242724	14555	atac	Fibro	0.934879649821677	0.950050135236364	6.64407751771985	-1.16755975969159	0.662146847708464	-0.183673748062475	-0.145132059478249
PG_4_4-3	PG	83429	32835	32740.3401065806	13657	atac	Fibro	0.994668034095113	2.73578838287763	-4.29459371098549	2.25980185674126	-0.948264866255149	-0.183673748062475	-0.145132059478249
PG_4_4-4	PG	130589	46121	46144.8893834969	15421	atac	Fibro	0.546318265346922	1.01146383091714	-5.30345301741226	0.72983722731499	0.591774332330157	-0.183673748062475	-0.145132059478249
PG_4_4-5	PG	101986	37372	38283.3595430517	14389	atac	Fibro	1	-1.53958431341847	-3.88345399658049	0.0553762133872727	-0.167207301045297	5.85617330162415	-0.145132059478249
PG_4_4-6	PG	101698	37226	37273.5192980032	14340	atac	Fibro	0.656106138869293	-0.652778019882804	7.04672264105519	-1.16755975969159	-0.948264866255149	-0.183673748062475	-0.145132059478249
PG_4_4-7	PG	84677	31538	31721.1525379017	13667	atac	Fibro	0.924209953104402	-8.43867547679195	2.26137583602027	-1.16755975969159	-0.948264866255149	-0.183673748062475	-0.145132059478249
PG_4_4-8	PG	123313	42371	43096.1913207624	15033	atac	Fibro	0.986518799671613	2.86805091899931	-2.81975700739746	-0.0679392403738669	-0.855277915402548	-0.183673748062475	-0.145132059478249
PG_4_5-1	PG	133510	47288	47277.3532771875	15476	atac	Fibro	0.998047634358032	2.19848767204737	2.99913348796853	0.691531470325035	0.239088602433876	-0.183673748062475	-0.145132059478249
PG_4_5-2	PG	91018	37159	36682.939708601	14213	atac	Fibro	0.724236181823314	6.7660424183193	0.723637134417696	2.71810738943968	-0.948264866255149	-0.183673748062475	-0.145132059478249
PG_4_5-3	PG	70304	27915	28526.9461257409	12450	atac	Fibro	0.84574301247612	4.34259974965589	5.54867340434508	-1.16755975969159	2.22618445771034	-0.183673748062475	-0.145132059478249
PG_4_5-4	PG	106933	42765	42407.4929525097	15010	atac	Fibro	0.615769861056588	3.42256441570758	3.58632506504863	-1.16755975969159	0.199011366699722	-0.183673748062475	-0.145132059478249
PG_4_5-5	PG	73129	28784	28869.7551853657	12899	atac	Immune	0.843171673074445	-1.13162047830726	5.45232127065949	1.60619434320194	1.26025018083135	-0.183673748062475	-0.145132059478249
PG_4_5-6	PG	119679	44571	44339.6568957523	15149	atac	SM	0.639908999694507	-5.04458469730418	-0.303149779153864	-1.16755975969159	0.13474294876846	-0.183673748062475	-0.145132059478249
PG_4_5-7	PG	125455	43380	44304.3569799555	15273	atac	Fibro	0.791052106805808	1.86749092961837	-3.17735154996799	-0.0950733730785674	1.19807956281975	-0.183673748062475	-0.145132059478249
PG_4_5-8	PG	108719	40135	40318.4291266632	14950	atac	Fibro	0.517491530269321	-4.53172156310559	5.65960273857382	-2.10816691099682e-06	1.1431349047489	-0.183673748062475	-0.145132059478249
PG_4_6-1	PG	85807	33290	33237.9621401973	13632	atac	Fibro	0.930764821797815	5.13236285651342	1.98724276252763	2.22194187578331	-0.948264866255149	-0.183673748062475	-0.145132059478249
PG_4_6-2	PG	178214	56519	56436.8448096589	16434	atac	Fibro	1	-0.801607000975119	-2.87369914355743	-0.307924300395499	2.51660219368605	-0.183673748062475	-0.145132059478249
PG_4_6-3	PG	131177	48714	47883.6940468209	15716	atac	Fibro	0.97676546536658	-2.04224852523708	-6.92505310836034	0.671657229461551	1.09545225660775	-0.183673748062475	-0.145132059478249
PG_4_6-4	PG	129921	45853	46283.7549852783	15344	atac	Fibro	1	1.02264750411264	-2.02434221710652	-0.136737975261598	0.260498873978192	-0.183673748062475	-0.145132059478249
PG_4_6-5	PG	70047	29266	29264.7745312365	12925	atac	Fibro	0.993693486876105	4.4716091232617	7.90682734599134	1.57700347873133	-0.948264866255149	-0.183673748062475	-0.145132059478249
PG_4_6-6	PG	143458	48666	48337.9012627839	15872	atac	Fibro	0.610018859506472	0.555043419347712	6.82449188484401	-1.16755975969159	0.442589327159522	-0.183673748062475	-0.145132059478249
PG_4_6-8	PG	156691	54692	54787.0438941508	16364	atac	Fibro	1	-0.111911860581666	-2.17040710431264	-0.284093209922337	1.10136075401588	-0.183673748062475	-0.145132059478249
PG_4_7-1	PG	141029	47542	47864.1815907664	15781	atac	Fibro	0.98642143549606	1.12729399435105	1.46018679413784	-1.16755975969159	0.42219292666404	4.75422761075168	-0.145132059478249
PG_4_7-2	PG	119897	40674	41181.8333585819	14808	atac	Fibro	1	0.824420931373637	0.207248183156902	0.918446735470542	1.49786009334388	-0.183673748062475	-0.145132059478249
PG_4_7-3	PG	175140	59104	58086.8989950183	16741	atac	Immune	0.578312395202026	8.74309690602636	-1.83689727677645	1.02663569239067	-0.413659162344074	-0.183673748062475	-0.145132059478249
PG_4_7-4	PG	165151	50011	50166.9708131295	16070	atac	Fibro	0.976295761339619	-0.60503480030602	1.40254460346027	-0.209713267933563	-0.948264866255149	-0.183673748062475	-0.145132059478249
PG_4_7-5	PG	198484	61113	61094.1327646409	16663	atac	Fibro	0.997668138616284	-1.12069211533059	-1.48696052707428	-0.368739174152748	1.32058719148706	-0.183673748062475	-0.145132059478249
PG_4_7-6	PG	139223	46783	47461.8810148679	15711	atac	Fibro	1	1.62159323193537	1.14590733917605	-0.1600298692405	-0.948264866255149	-0.183673748062475	-0.145132059478249
PG_4_7-7	PG	116742	43498	43560.7104997854	15015	atac	Fibro	0.984968393922542	2.12918170040702	0.524096036671587	-0.0785333247727592	-0.794267562518491	-0.183673748062475	-0.145132059478249
PG_4_7-8	PG	112409	41301	41518.1721157518	15010	atac	Fibro	1	1.80019045450302	-0.738867864107962	-0.0303518198942002	0.624708440020419	-0.183673748062475	-0.145132059478249
PG_4_8-1	PG	130975	44689	44542.3531914318	15334	atac	Endo-ENTPD1	0.43381237927154	-0.784858075986219	7.75329304643891	-0.100260866742392	0.261422099192718	-0.183673748062475	-0.145132059478249
PG_4_8-2	PG	128852	45671	45624.646892037	15454	atac	Fibro	0.990510454790109	2.6638502515563	-5.88671411355175	1.49537357068332	-0.948264866255149	-0.183673748062475	-0.145132059478249
PG_4_8-3	PG	104938	39758	40453.9978855174	14618	atac	Fibro	0.989154042955368	3.27010552280105	6.06037240498254	-1.16755975969159	-0.782727451860794	-0.183673748062475	-0.145132059478249
PG_4_8-4	PG	128367	47382	47062.7666667014	15499	atac	Fibro	1	-2.29533299962682	1.21585948587167	1.43110438734647	1.27533760606887	-0.183673748062475	-0.145132059478249
PG_4_8-5	PG	112890	42079	41619.8822414722	14768	atac	Endo-PODXL	0.464536822209882	-3.47853419755503	8.98592650204919	-1.16755975969159	-0.948264866255149	-0.183673748062475	-0.145132059478249
PG_4_8-6	PG	124433	43984	44240.2957486789	15446	atac	Fibro	1	0.306059148808071	0.923803845968115	-0.0936684054677344	1.98647783740303	-0.183673748062475	-0.145132059478249
PG_4_8-7	PG	113742	40945	41630.4314439481	14826	atac	Fibro	1	0.576098120469916	-0.803298367987038	-1.16755975969159	-0.0933340445084534	-0.183673748062475	5.67503272648905
PG_4_8-8	PG	188797	56466	56903.2931417614	16600	atac	Fibro	1	0.841223677952825	0.19499833296309	0.419634483726281	0.397831158073415	-0.183673748062475	4.23175467844354
PG_4_9-1	PG	114515	40354	40776.2278459351	14838	atac	Fibro	0.986492564905999	-0.546605091519018	1.61496968298534	0.93555400908345	1.54416140992501	-0.183673748062475	-0.145132059478249
PG_4_9-2	PG	113784	41495	42383.7325332183	15231	atac	Fibro	1	-0.424684965620219	-0.910415837356816	0.869369654113773	-0.235327407252642	-0.183673748062475	-0.145132059478249
PG_4_9-3	PG	68023	27937	27757.7371503502	12329	atac	Fibro	0.552445242076906	-3.90478996644979	9.27955535295754	-1.16755975969159	0.489340183974391	-0.183673748062475	-0.145132059478249
PG_4_9-4	PG	79187	31384	31480.7182912712	13186	atac	Fibro	0.880248820011493	2.58349269098331	9.62412553574337	-1.16755975969159	-0.821607045815274	-0.183673748062475	-0.145132059478249
PG_4_9-5	PG	120748	41841	41852.7707393419	14924	atac	Fibro	0.993206495556537	-0.696001887522686	1.95219831417189	0.890759006161442	-0.788130402818816	-0.183673748062475	-0.145132059478249
PG_4_9-6	PG	138270	46814	47042.3963015309	15327	atac	Fibro	0.952727275162591	-1.17892754223195	-5.37008009044517	0.699349897835051	2.68862967888372	-0.183673748062475	-0.145132059478249
PG_4_9-7	PG	93724	35111	35660.9823333215	14097	atac	Fibro	0.724877901366881	-8.50169718957833	-3.31895801501485	-1.16755975969159	-0.948264866255149	-0.183673748062475	-0.145132059478249
PG_4_9-8	PG	113176	41274	41335.2304676898	14865	atac	Fibro	0.787555661957761	-2.62486769485744	4.27599223696909	-0.0258267330063983	1.10459903537636	-0.183673748062475	-0.145132059478249
PG_4_10-2	PG	81496	32577	32670.4018271747	13605	atac	Fibro	0.939215144685909	3.71320876287665	-6.96377357714521	-1.16755975969159	-0.948264866255149	-0.183673748062475	-0.145132059478249
PG_4_10-3	PG	136765	45890	45942.6714377684	15230	atac	SM	0.712906510991527	-4.61261916571784	-3.82183471041354	-1.16755975969159	-0.948264866255149	-0.183673748062475	-0.145132059478249
PG_4_10-4	PG	148352	54035	53173.4256378867	16239	atac	Fibro	0.691234312785005	-4.44675106608147	5.83407686865297	-0.259467742800288	-0.948264866255149	-0.183673748062475	-0.145132059478249
PG_4_10-5	PG	107906	42379	42615.9677491277	14959	atac	Fibro	0.943385232153302	-2.99372483281315	-1.72580240339522	1.64092995786991	0.171991495887514	-0.183673748062475	-0.145132059478249
PG_4_10-6	PG	113332	41113	41341.7507170055	14762	atac	Fibro	0.971006621122719	-4.58781002672355	-7.96486709051638	-1.16755975969159	-0.948264866255149	-0.183673748062475	-0.145132059478249
PG_4_10-7	PG	177996	56906	56762.8344641026	16642	atac	Immune	0.613976203834866	8.96185541877629	-0.867578944312484	2.63324269302235	0.0676001958620992	-0.183673748062475	-0.145132059478249
PG_4_11-1	PG	125544	44462	44667.1118913121	15413	atac	Fibro	1	0.967976967008584	-3.9510300960378	-1.16755975969159	1.87864668152873	-0.183673748062475	-0.145132059478249
PG_4_11-2	PG	128854	44702	45606.6606647676	15370	atac	Fibro	1	-0.329216986978768	-0.693155704594552	-1.16755975969159	0.378573199311072	-0.183673748062475	-0.145132059478249
PG_4_11-3	PG	125550	46333	45817.9333709938	15491	atac	Fibro	0.527123533924435	-4.6189387316815	-3.65900306515552	-0.127227751144917	-0.163052534570572	-0.183673748062475	-0.145132059478249
PG_4_11-4	PG	91443	35034	35043.1619715674	14095	atac	Fibro	0.989600480788331	-5.97501181890629	1.83445629818749	-1.16755975969159	1.23716259241864	-0.183673748062475	-0.145132059478249
PG_4_11-5	PG	127480	45235	45609.2297495542	15535	atac	Fibro	0.978978479407238	-0.790459255316248	0.180342657603443	-0.122909507292918	1.77324664913347	-0.183673748062475	-0.145132059478249
PG_4_11-6	PG	140804	51167	50846.0384538994	16009	atac	Fibro	1	-1.39052159934312	-5.45214597325145	0.580418581589532	0.168123675201672	-0.183673748062475	-0.145132059478249
PG_4_11-7	PG	132462	49575	48853.1658734082	15759	atac	Immune	0.719265550089198	9.24953845253097	0.537588677743946	0.64075702739904	-0.948264866255149	-0.183673748062475	-0.145132059478249
PG_4_11-8	PG	187504	61111	59690.2943091378	17094	atac	Endo-PODXL	0.444126607228714	-0.261956480618913	8.55317008302878	-1.16755975969159	1.4480164378596	-0.183673748062475	-0.145132059478249
PG_4_12-1	PG	176224	53217	52891.9942128078	16242	atac	Fibro	0.992581089420504	-4.73636921933885	3.72807247726517	-0.255031176119388	0.224043871064535	-0.183673748062475	-0.145132059478249
PG_4_12-2	PG	125730	43251	43254.3377094923	15201	atac	Fibro	0.893509690627966	-5.58169707761375	4.37837235254222	0.835255324735953	-0.121798607022722	-0.183673748062475	-0.145132059478249
PG_4_12-3	PG	98790	37383	37216.9283207304	14146	atac	Fibro	0.968579266610357	-7.78116434130348	-1.11130035052414	1.0988426049583	-0.948264866255149	-0.183673748062475	-0.145132059478249
PG_4_12-4	PG	119540	44339	44300.2604619828	15110	atac	Fibro	0.987794244501017	-4.47766348854958	-5.50775802310557	-1.16755975969159	-0.948264866255149	-0.183673748062475	-0.145132059478249
PG_4_12-5	PG	119562	43535	43371.3172600401	15281	atac	Fibro	0.482233475468563	0.49730235499652	4.55462872336324	-0.0742387499298013	-0.793610306498454	-0.183673748062475	-0.145132059478249
PG_4_12-6	PG	192997	59048	58772.5016785231	16808	atac	Immune	0.65515659539239	8.89039679965539	-0.720327520722944	1.56815258366281	-0.948264866255149	-0.183673748062475	-0.145132059478249
PG_4_12-7	PG	147864	52426	51687.9834698891	16254	atac	Fibro	1	2.00498502037951	0.306196385510136	-0.235549603873975	0.592102766519268	-0.183673748062475	-0.145132059478249
PG_4_12-8	PG	106488	40478	40379.8785660171	14870	atac	Fibro	0.926257478589442	1.3316258459854	5.83596058149028	0.952547808529159	-0.782430964093928	-0.183673748062475	-0.145132059478249
